0
-6.15502e-07
-1.19041e-06
-1.73086e-06
-2.23915e-06
-2.71724e-06
-3.16697e-06
-3.59001e-06
-3.98794e-06
-4.36219e-06
-4.7141e-06
-5.04493e-06
-5.35583e-06
-5.6479e-06
-5.92219e-06
-6.17967e-06
-6.42125e-06
-6.64779e-06
-6.86013e-06
-7.05902e-06
-7.2452e-06
-7.41937e-06
-7.58216e-06
-7.7342e-06
-7.87608e-06
-8.00834e-06
-8.13153e-06
-8.24614e-06
-8.35265e-06
-8.45152e-06
-8.54318e-06
-8.62804e-06
-8.7065e-06
-8.77892e-06
-8.84565e-06
-8.90702e-06
-8.96335e-06
-9.01493e-06
-9.06204e-06
-9.10496e-06
-9.14393e-06
-9.17919e-06
-9.21097e-06
-9.23949e-06
-9.26494e-06
-9.28751e-06
-9.30739e-06
-9.32474e-06
-9.33974e-06
-9.35252e-06
-9.36323e-06
-9.37201e-06
-9.37898e-06
-9.38426e-06
-9.38798e-06
-9.39022e-06
-9.39111e-06
-9.39072e-06
-9.38915e-06
-9.3865e-06
-9.38282e-06
-9.37821e-06
-9.37273e-06
-9.36645e-06
-9.35943e-06
-9.35173e-06
-9.3434e-06
-9.3345e-06
-9.32508e-06
-9.31517e-06
-9.30483e-06
-9.2941e-06
-9.283e-06
-9.27158e-06
-9.25987e-06
-9.2479e-06
-9.2357e-06
-9.2233e-06
-9.21071e-06
-9.19797e-06
-9.18509e-06
-9.1721e-06
-9.15901e-06
-9.14584e-06
-9.13261e-06
-9.11933e-06
-9.10602e-06
-9.09269e-06
-9.07934e-06
-9.06601e-06
-9.05268e-06
-9.03937e-06
-9.0261e-06
-9.01286e-06
-8.99966e-06
-8.98652e-06
-8.97344e-06
-8.96041e-06
-8.94746e-06
-8.93458e-06
-8.92177e-06
-8.90904e-06
-8.8964e-06
-8.88384e-06
-8.87137e-06
-8.85899e-06
-8.8467e-06
-8.8345e-06
-8.8224e-06
-8.8104e-06
-8.79849e-06
-8.78668e-06
-8.77496e-06
-8.76335e-06
-8.75183e-06
-8.74042e-06
-8.7291e-06
-8.71788e-06
-8.70675e-06
-8.69573e-06
-8.6848e-06
-8.67397e-06
-8.66323e-06
-8.65259e-06
-8.64204e-06
-8.63159e-06
-8.62122e-06
-8.61095e-06
-8.60077e-06
-8.59068e-06
-8.58068e-06
-8.57076e-06
-8.56093e-06
-8.55118e-06
-8.54152e-06
-8.53194e-06
-8.52244e-06
-8.51302e-06
-8.50369e-06
-8.49442e-06
-8.48524e-06
-8.47613e-06
-8.4671e-06
-8.45814e-06
-8.44925e-06
-8.44043e-06
-8.43168e-06
-8.423e-06
-8.41439e-06
-8.40585e-06
-8.39737e-06
-8.38895e-06
-8.3806e-06
-8.37231e-06
-8.36408e-06
-8.35592e-06
-8.34781e-06
-8.33976e-06
-8.33177e-06
-8.32384e-06
-8.31596e-06
-8.30813e-06
-8.30036e-06
-8.29265e-06
-8.28498e-06
-8.27736e-06
-8.2698e-06
-8.26228e-06
-8.25481e-06
-8.24739e-06
-8.24001e-06
-8.23268e-06
-8.2254e-06
-8.21816e-06
-8.21096e-06
-8.20381e-06
-8.1967e-06
-8.18963e-06
-8.1826e-06
-8.17562e-06
-8.16867e-06
-8.16177e-06
-8.15491e-06
-8.14808e-06
-8.1413e-06
-8.13455e-06
-8.12785e-06
-8.12118e-06
-8.11455e-06
-8.10795e-06
-8.1014e-06
-8.09488e-06
-8.08839e-06
-8.08194e-06
-8.07553e-06
-8.06915e-06
-8.06281e-06
-8.0565e-06
-8.05023e-06
-8.04399e-06
-8.03779e-06
-8.03162e-06
-8.02548e-06
-8.01938e-06
-8.0133e-06
-8.00727e-06
-8.00126e-06
-7.99529e-06
-7.98934e-06
-7.98343e-06
-7.97756e-06
-7.97171e-06
-7.96589e-06
-7.96011e-06
-7.95436e-06
-7.94864e-06
-7.94294e-06
-7.93728e-06
-7.93165e-06
-7.92605e-06
-7.92048e-06
-7.91494e-06
-7.90943e-06
-7.90395e-06
-7.8985e-06
-7.89307e-06
-7.88768e-06
-7.88231e-06
-7.87698e-06
-7.87167e-06
-7.86639e-06
-7.86114e-06
-7.85592e-06
-7.85073e-06
-7.84556e-06
-7.84043e-06
-7.83532e-06
-7.83024e-06
-7.82518e-06
-7.82016e-06
-7.81516e-06
-7.81019e-06
-7.80525e-06
-7.80033e-06
-7.79544e-06
-7.79058e-06
-7.78574e-06
-7.78094e-06
-7.77616e-06
-7.7714e-06
-7.76667e-06
-7.76197e-06
-7.7573e-06
-7.75265e-06
-7.74803e-06
-7.74343e-06
-7.73886e-06
-7.73432e-06
-7.7298e-06
-7.72531e-06
-7.72084e-06
-7.7164e-06
-7.71198e-06
-7.70759e-06
-7.70323e-06
-7.69889e-06
-7.69458e-06
-7.69029e-06
-7.68603e-06
-7.68179e-06
-7.67757e-06
-7.67338e-06
-7.66922e-06
-7.66508e-06
-7.66097e-06
-7.65688e-06
-7.65281e-06
-7.64877e-06
-7.64475e-06
-7.64076e-06
-7.63679e-06
-7.63285e-06
-7.62893e-06
-7.62503e-06
-7.62116e-06
-7.61731e-06
-7.61348e-06
-7.60968e-06
-7.6059e-06
-7.60214e-06
-7.59841e-06
-7.5947e-06
-7.59101e-06
-7.58735e-06
-7.58371e-06
-7.58009e-06
-7.5765e-06
-7.57293e-06
-7.56938e-06
-7.56585e-06
-7.56234e-06
-7.55886e-06
-7.5554e-06
-7.55196e-06
-7.54855e-06
-7.54515e-06
-7.54178e-06
-7.53843e-06
-7.5351e-06
-7.53179e-06
-7.52851e-06
-7.52524e-06
-7.522e-06
-7.51878e-06
-7.51558e-06
-7.5124e-06
-7.50924e-06
-7.5061e-06
-7.50298e-06
-7.49988e-06
-7.49681e-06
-7.49375e-06
-7.49072e-06
-7.4877e-06
-7.48471e-06
-7.48173e-06
-7.47878e-06
-7.47584e-06
-7.47293e-06
-7.47003e-06
-7.46715e-06
-7.4643e-06
-7.46146e-06
-7.45864e-06
-7.45584e-06
-7.45306e-06
-7.4503e-06
-7.44756e-06
-7.44484e-06
-7.44213e-06
-7.43945e-06
-7.43678e-06
-7.43413e-06
-7.4315e-06
-7.42889e-06
-7.4263e-06
-7.42372e-06
-7.42116e-06
-7.41863e-06
-7.4161e-06
-7.4136e-06
-7.41111e-06
-7.40864e-06
-7.40619e-06
-7.40376e-06
-7.40134e-06
-7.39894e-06
-7.39655e-06
-7.39419e-06
-7.39184e-06
-7.38951e-06
-7.38719e-06
-7.38489e-06
-7.38261e-06
-7.38034e-06
-7.37809e-06
-7.37585e-06
-7.37363e-06
-7.37143e-06
-7.36925e-06
-7.36707e-06
-7.36492e-06
-7.36278e-06
-7.36065e-06
-7.35855e-06
-7.35645e-06
-7.35437e-06
-7.35231e-06
-7.35026e-06
-7.34823e-06
-7.34621e-06
-7.34421e-06
-7.34222e-06
-7.34024e-06
-7.33828e-06
-7.33634e-06
-7.33441e-06
-7.33249e-06
-7.33058e-06
-7.3287e-06
-7.32682e-06
-7.32496e-06
-7.32311e-06
-7.32128e-06
-7.31946e-06
-7.31765e-06
-7.31586e-06
-7.31408e-06
-7.31231e-06
-7.31056e-06
-7.30881e-06
-7.30709e-06
-7.30537e-06
-7.30367e-06
-7.30198e-06
-7.3003e-06
-7.29864e-06
-7.29699e-06
-7.29535e-06
-7.29372e-06
-7.2921e-06
-7.2905e-06
-7.28891e-06
-7.28733e-06
-7.28576e-06
-7.28421e-06
-7.28267e-06
-7.28113e-06
-7.27961e-06
-7.2781e-06
-7.27661e-06
-7.27512e-06
-7.27364e-06
-7.27218e-06
-7.27073e-06
-7.26929e-06
-7.26785e-06
-7.26643e-06
-7.26503e-06
-7.26363e-06
-7.26224e-06
-7.26086e-06
-7.25949e-06
-7.25814e-06
-7.25679e-06
-7.25545e-06
-7.25413e-06
-7.25281e-06
-7.25151e-06
-7.25021e-06
-7.24892e-06
-7.24765e-06
-7.24638e-06
-7.24512e-06
-7.24388e-06
-7.24264e-06
-7.24141e-06
-7.24019e-06
-7.23898e-06
-7.23778e-06
-7.23659e-06
-7.23541e-06
-7.23424e-06
-7.23307e-06
-7.23192e-06
-7.23077e-06
-7.22963e-06
-7.2285e-06
-7.22738e-06
-7.22627e-06
-7.22517e-06
-7.22407e-06
-7.22299e-06
-7.22191e-06
-7.22084e-06
-7.21978e-06
-7.21872e-06
-7.21768e-06
-7.21664e-06
-7.21561e-06
-7.21459e-06
-7.21358e-06
-7.21257e-06
-7.21157e-06
-7.21058e-06
-7.2096e-06
-7.20862e-06
-7.20765e-06
-7.20669e-06
-7.20574e-06
-7.20479e-06
-7.20386e-06
-7.20292e-06
-7.202e-06
-7.20108e-06
-7.20017e-06
-7.19927e-06
-7.19837e-06
-7.19748e-06
-7.1966e-06
-7.19573e-06
-7.19486e-06
-7.19399e-06
-7.19314e-06
-7.19229e-06
-7.19145e-06
-7.19061e-06
-7.18978e-06
-7.18896e-06
-7.18814e-06
-7.18733e-06
-7.18652e-06
-7.18572e-06
-7.18493e-06
-7.18415e-06
-7.18337e-06
-7.18259e-06
-7.18182e-06
-7.18106e-06
-7.1803e-06
-7.17955e-06
-7.17881e-06
-7.17807e-06
-7.17733e-06
-7.1766e-06
-7.17588e-06
-7.17516e-06
-7.17445e-06
-7.17375e-06
-7.17304e-06
-7.17235e-06
-7.17166e-06
-7.17097e-06
-7.17029e-06
-7.16962e-06
-7.16895e-06
-7.16828e-06
-7.16762e-06
-7.16697e-06
-7.16632e-06
-7.16568e-06
-7.16504e-06
-7.1644e-06
-7.16377e-06
-7.16315e-06
-7.16253e-06
-7.16191e-06
-7.1613e-06
-7.16069e-06
-7.16009e-06
-7.15949e-06
-7.1589e-06
-7.15831e-06
-7.15773e-06
-7.15715e-06
-7.15657e-06
-7.156e-06
-7.15543e-06
-7.15487e-06
-7.15431e-06
-7.15376e-06
-7.15321e-06
-7.15266e-06
-7.15212e-06
-7.15159e-06
-7.15105e-06
-7.15052e-06
-7.15e-06
-7.14948e-06
-7.14896e-06
-7.14845e-06
-7.14794e-06
-7.14743e-06
-7.14693e-06
-7.14643e-06
-7.14593e-06
-7.14544e-06
-7.14495e-06
-7.14447e-06
-7.14399e-06
-7.14351e-06
-7.14304e-06
-7.14257e-06
-7.14211e-06
-7.14164e-06
-7.14118e-06
-7.14073e-06
-7.14028e-06
-7.13983e-06
-7.13938e-06
-7.13894e-06
-7.1385e-06
-7.13806e-06
-7.13763e-06
-7.1372e-06
-7.13677e-06
-7.13635e-06
-7.13593e-06
-7.13551e-06
-7.1351e-06
-7.13469e-06
-7.13428e-06
-7.13388e-06
-7.13347e-06
-7.13308e-06
-7.13268e-06
-7.13229e-06
-7.1319e-06
-7.13151e-06
-7.13112e-06
-7.13074e-06
-7.13036e-06
-7.12999e-06
-7.12961e-06
-7.12924e-06
-7.12887e-06
-7.12851e-06
-7.12815e-06
-7.12779e-06
-7.12743e-06
-7.12707e-06
-7.12672e-06
-7.12637e-06
-7.12602e-06
-7.12568e-06
-7.12534e-06
-7.125e-06
-7.12466e-06
-7.12432e-06
-7.12399e-06
-7.12366e-06
-7.12333e-06
-7.12301e-06
-7.12269e-06
-7.12236e-06
-7.12205e-06
-7.12173e-06
-7.12142e-06
-7.1211e-06
-7.12079e-06
-7.12049e-06
-7.12018e-06
-7.11988e-06
-7.11958e-06
-7.11928e-06
-7.11898e-06
-7.11869e-06
-7.1184e-06
-7.11811e-06
-7.11782e-06
-7.11753e-06
-7.11725e-06
-7.11696e-06
-7.11668e-06
-7.11641e-06
-7.11613e-06
-7.11586e-06
-7.11558e-06
-7.11531e-06
-7.11504e-06
-7.11478e-06
-7.11451e-06
-7.11425e-06
-7.11399e-06
-7.11373e-06
-7.11347e-06
-7.11322e-06
-7.11296e-06
-7.11271e-06
-7.11246e-06
-7.11221e-06
-7.11196e-06
-7.11172e-06
-7.11148e-06
-7.11123e-06
-7.11099e-06
-7.11075e-06
-7.11052e-06
-7.11028e-06
-7.11005e-06
-7.10982e-06
-7.10959e-06
-7.10936e-06
-7.10913e-06
-7.1089e-06
-7.10868e-06
-7.10846e-06
-7.10824e-06
-7.10802e-06
-7.1078e-06
-7.10758e-06
-7.10737e-06
-7.10715e-06
-7.10694e-06
-7.10673e-06
-7.10652e-06
-7.10631e-06
-7.10611e-06
-7.1059e-06
-7.1057e-06
-7.1055e-06
-7.10529e-06
-7.10509e-06
-7.1049e-06
-7.1047e-06
-7.1045e-06
-7.10431e-06
-7.10412e-06
-7.10392e-06
-7.10373e-06
-7.10355e-06
-7.10336e-06
-7.10317e-06
-7.10299e-06
-7.1028e-06
-7.10262e-06
-7.10244e-06
-7.10226e-06
-7.10208e-06
-7.1019e-06
-7.10172e-06
-7.10155e-06
-7.10137e-06
-7.1012e-06
-7.10103e-06
-7.10085e-06
-7.10068e-06
-7.10052e-06
-7.10035e-06
-7.10018e-06
-7.10002e-06
-7.09985e-06
-7.09969e-06
-7.09953e-06
-7.09936e-06
-7.0992e-06
-7.09905e-06
-7.09889e-06
-7.09873e-06
-7.09857e-06
-7.09842e-06
-7.09826e-06
-7.09811e-06
-7.09796e-06
-7.09781e-06
-7.09766e-06
-7.09751e-06
-7.09736e-06
-7.09721e-06
-7.09707e-06
-7.09692e-06
-7.09678e-06
-7.09664e-06
-7.09649e-06
-7.09635e-06
-7.09621e-06
-7.09607e-06
-7.09593e-06
-7.09579e-06
-7.09566e-06
-7.09552e-06
-7.09539e-06
-7.09525e-06
-7.09512e-06
-7.09498e-06
-7.09485e-06
-7.09472e-06
-7.09459e-06
-7.09446e-06
-7.09433e-06
-7.09421e-06
-7.09408e-06
-7.09395e-06
-7.09383e-06
-7.0937e-06
-7.09358e-06
-7.09346e-06
-7.09333e-06
-7.09321e-06
-7.09309e-06
-7.09297e-06
-7.09285e-06
-7.09273e-06
-7.09262e-06
-7.0925e-06
-7.09238e-06
-7.09227e-06
-7.09215e-06
-7.09204e-06
-7.09193e-06
-7.09181e-06
-7.0917e-06
-7.09159e-06
-7.09148e-06
-7.09137e-06
-7.09126e-06
-7.09115e-06
-7.09104e-06
-7.09094e-06
-7.09083e-06
-7.09073e-06
-7.09062e-06
-7.09052e-06
-7.09041e-06
-7.09031e-06
-7.09021e-06
-7.0901e-06
-7.09e-06
-7.0899e-06
-7.0898e-06
-7.0897e-06
-7.0896e-06
-7.08951e-06
-7.08941e-06
-7.08931e-06
-7.08922e-06
-7.08912e-06
-7.08902e-06
-7.08893e-06
-7.08884e-06
-7.08874e-06
-7.08865e-06
-7.08856e-06
-7.08846e-06
-7.08837e-06
-7.08828e-06
-7.08819e-06
-7.0881e-06
-7.08801e-06
-7.08793e-06
-7.08784e-06
-7.08775e-06
-7.08766e-06
-7.08758e-06
-7.08749e-06
-7.08741e-06
-7.08732e-06
-7.08724e-06
-7.08715e-06
-7.08707e-06
-7.08699e-06
-7.08691e-06
-7.08682e-06
-7.08674e-06
-7.08666e-06
-7.08658e-06
-7.0865e-06
-7.08642e-06
-7.08634e-06
-7.08626e-06
-7.08619e-06
-7.08611e-06
-7.08603e-06
-7.08596e-06
-7.08588e-06
-7.0858e-06
-7.08573e-06
-7.08565e-06
-7.08558e-06
-7.08551e-06
-7.08543e-06
-7.08536e-06
-7.08529e-06
-7.08522e-06
-7.08514e-06
-7.08507e-06
-7.085e-06
-7.08493e-06
-7.08486e-06
-7.08479e-06
-7.08472e-06
-7.08465e-06
-7.08459e-06
-7.08452e-06
-7.08445e-06
-7.08438e-06
-7.08432e-06
-7.08425e-06
-7.08418e-06
-7.08412e-06
-7.08405e-06
-7.08399e-06
-7.08392e-06
-7.08386e-06
-7.0838e-06
-7.08373e-06
-7.08367e-06
-7.08361e-06
-7.08355e-06
-7.08348e-06
-7.08342e-06
-7.08336e-06
-7.0833e-06
-7.08324e-06
-7.08318e-06
-7.08312e-06
-7.08306e-06
-7.083e-06
-7.08294e-06
-7.08289e-06
-7.08283e-06
-7.08277e-06
-7.08271e-06
-7.08266e-06
-7.0826e-06
-7.08254e-06
-7.08249e-06
-7.08243e-06
-7.08238e-06
-7.08232e-06
-7.08227e-06
-7.08221e-06
-7.08216e-06
-7.08211e-06
-7.08205e-06
-7.082e-06
-7.08195e-06
-7.08189e-06
-7.08184e-06
-7.08179e-06
-7.08174e-06
-7.08169e-06
-7.08164e-06
-7.08159e-06
-7.08154e-06
-7.08149e-06
-7.08144e-06
-7.08139e-06
-7.08134e-06
-7.08129e-06
-7.08124e-06
-7.08119e-06
-7.08114e-06
-7.0811e-06
-7.08105e-06
-7.081e-06
-7.08095e-06
-7.08091e-06
-7.08086e-06
-7.08082e-06
-7.08077e-06
-7.08072e-06
-7.08068e-06
-7.08063e-06
-7.08059e-06
-7.08054e-06
-7.0805e-06
-7.08046e-06
-7.08041e-06
-7.08037e-06
-7.08033e-06
-7.08028e-06
-7.08024e-06
-7.0802e-06
-7.08016e-06
-7.08011e-06
-7.08007e-06
-7.08003e-06
-7.07999e-06
-7.07995e-06
-7.07991e-06
-7.07987e-06
-7.07983e-06
-7.07979e-06
-7.07975e-06
-7.07971e-06
-7.07967e-06
-7.07963e-06
-7.07959e-06
-7.07955e-06
-7.07951e-06
-7.07947e-06
-7.07944e-06
-7.0794e-06
-7.07936e-06
-7.07932e-06
-7.07929e-06
-7.07925e-06
-7.07921e-06
-7.07918e-06
-7.07914e-06
-7.0791e-06
-7.07907e-06
-7.07903e-06
-7.079e-06
-7.07896e-06
-7.07893e-06
-7.07889e-06
-7.07886e-06
-7.07882e-06
-7.07879e-06
-7.07875e-06
-7.07872e-06
-7.07869e-06
-7.07865e-06
-7.07862e-06
-7.07859e-06
-7.07855e-06
-7.07852e-06
-7.07849e-06
-7.07846e-06
-7.07842e-06
-7.07839e-06
-7.07836e-06
-7.07833e-06
-7.0783e-06
-7.07827e-06
-7.07823e-06
-7.0782e-06
-7.07817e-06
-7.07814e-06
-7.07811e-06
-7.07808e-06
-7.07805e-06
-7.07802e-06
-7.07799e-06
-7.07796e-06
-7.07793e-06
-7.0779e-06
-7.07788e-06
-7.07785e-06
-7.07782e-06
-7.07779e-06
-7.07776e-06
-7.07773e-06
-7.07771e-06
-7.07768e-06
-7.07765e-06
-7.07762e-06
-7.0776e-06
-7.07757e-06
-7.07754e-06
-7.07752e-06
-7.07749e-06
-7.07746e-06
-7.07744e-06
-7.07741e-06
-7.07738e-06
-7.07736e-06
-7.07733e-06
-7.07731e-06
-7.07728e-06
-7.07726e-06
-7.07723e-06
-7.07721e-06
-7.07718e-06
-7.07716e-06
-7.07713e-06
-7.07711e-06
-7.07708e-06
-7.07706e-06
-7.07704e-06
-7.07701e-06
-7.07699e-06
-7.07696e-06
-7.07694e-06
-7.07692e-06
-7.07689e-06
-7.07687e-06
-7.07685e-06
-7.07683e-06
-7.0768e-06
-7.07678e-06
-7.07676e-06
-7.07674e-06
-7.07671e-06
-7.07669e-06
-7.07667e-06
-7.07665e-06
-7.07663e-06
-7.07661e-06
-7.07659e-06
-7.07656e-06
-7.07654e-06
-7.07652e-06
-7.0765e-06
-7.07648e-06
-7.07646e-06
-7.07644e-06
-7.07642e-06
-7.0764e-06
-7.07638e-06
-7.07636e-06
-7.07634e-06
-7.07632e-06
-7.0763e-06
-7.07628e-06
-7.07626e-06
-7.07624e-06
-7.07623e-06
-7.07621e-06
-7.07619e-06
-7.07617e-06
-7.07615e-06
-7.07613e-06
-7.07611e-06
-7.0761e-06
-7.07608e-06
-7.07606e-06
-7.07604e-06
-7.07602e-06
-7.07601e-06
-7.07599e-06
-7.07597e-06
-7.07595e-06
-7.07594e-06
-7.07592e-06
-7.0759e-06
-7.07589e-06
-7.07587e-06
-7.07585e-06
-7.07584e-06
-7.07582e-06
-7.0758e-06
-7.07579e-06
-7.07577e-06
-7.07575e-06
-7.07574e-06
-7.07572e-06
-7.07571e-06
-7.07569e-06
-7.07568e-06
-7.07566e-06
-7.07564e-06
-7.07563e-06
-7.07561e-06
-7.0756e-06
-7.07558e-06
-7.07557e-06
-7.07555e-06
-7.07554e-06
-7.07552e-06
-7.07551e-06
-7.0755e-06
-7.07548e-06
-7.07547e-06
-7.07545e-06
-7.07544e-06
-7.07543e-06
-7.07541e-06
-7.0754e-06
-7.07538e-06
-7.07537e-06
-7.07536e-06
-7.07534e-06
-7.07533e-06
-7.07532e-06
-7.0753e-06
-7.07529e-06
-7.07528e-06
-7.07526e-06
-7.07525e-06
-7.07524e-06
-7.07523e-06
-7.07521e-06
-7.0752e-06
-7.07519e-06
-7.07518e-06
-7.07516e-06
-7.07515e-06
-7.07514e-06
-7.07513e-06
-7.07512e-06
-7.0751e-06
-7.07509e-06
-7.07508e-06
-7.07507e-06
-7.07506e-06
-7.07505e-06
-7.07504e-06
-7.07502e-06
-7.07501e-06
-7.075e-06
-7.07499e-06
-7.07498e-06
-7.07497e-06
-7.07496e-06
-7.07495e-06
-7.07494e-06
-7.07493e-06
-7.07492e-06
-7.07491e-06
-7.07489e-06
-7.07488e-06
-7.07487e-06
-7.07486e-06
-7.07485e-06
-7.07484e-06
-7.07483e-06
-7.07482e-06
-7.07481e-06
-7.0748e-06
-7.0748e-06
-7.07479e-06
-7.07478e-06
-7.07477e-06
-7.07476e-06
-7.07475e-06
-7.07474e-06
-7.07473e-06
-7.07472e-06
-7.07471e-06
-7.0747e-06
-7.07469e-06
-7.07468e-06
-7.07468e-06
-7.07467e-06
-7.07466e-06
-7.07465e-06
-7.07464e-06
-7.07463e-06
-7.07462e-06
-7.07462e-06
-7.07461e-06
-7.0746e-06
-7.07459e-06
-7.07458e-06
-7.07458e-06
-7.07457e-06
-7.07456e-06
-7.07455e-06
-7.07454e-06
-7.07454e-06
-7.07453e-06
-7.07452e-06
-7.07451e-06
-7.07451e-06
-7.0745e-06
-7.07449e-06
-7.07448e-06
-7.07448e-06
-7.07447e-06
-7.07446e-06
-7.07446e-06
-7.07445e-06
-7.07444e-06
-7.07443e-06
-7.07443e-06
-7.07442e-06
-7.07441e-06
-7.07441e-06
-7.0744e-06
-7.07439e-06
-7.07439e-06
-7.07438e-06
-7.07437e-06
-7.07437e-06
-7.07436e-06
-7.07436e-06
-7.07435e-06
-7.07434e-06
-7.07434e-06
-7.07433e-06
-7.07433e-06
-7.07432e-06
-7.07431e-06
-7.07431e-06
-7.0743e-06
-7.0743e-06
-7.07429e-06
-7.07428e-06
-7.07428e-06
-7.07427e-06
-7.07427e-06
-7.07426e-06
-7.07426e-06
-7.07425e-06
-7.07425e-06
-7.07424e-06
-7.07424e-06
-7.07423e-06
-7.07423e-06
-7.07422e-06
-7.07422e-06
-7.07421e-06
-7.07421e-06
-7.0742e-06
-7.0742e-06
-7.07419e-06
-7.07419e-06
-7.07418e-06
-7.07418e-06
-7.07417e-06
-7.07417e-06
-7.07416e-06
-7.07416e-06
-7.07416e-06
-7.07415e-06
-7.07415e-06
-7.07414e-06
-7.07414e-06
-7.07413e-06
-7.07413e-06
-7.07413e-06
-7.07412e-06
-7.07412e-06
-7.07411e-06
-7.07411e-06
-7.07411e-06
-7.0741e-06
-7.0741e-06
-7.07409e-06
-7.07409e-06
-7.07409e-06
-7.07408e-06
-7.07408e-06
-7.07408e-06
-7.07407e-06
-7.07407e-06
-7.07407e-06
-7.07406e-06
-7.07406e-06
-7.07406e-06
-7.07405e-06
-7.07405e-06
-7.07405e-06
-7.07404e-06
-7.07404e-06
-7.07404e-06
-7.07403e-06
-7.07403e-06
-7.07403e-06
-7.07402e-06
-7.07402e-06
-7.07402e-06
-7.07402e-06
-7.07401e-06
-7.07401e-06
-7.07401e-06
-7.074e-06
-7.074e-06
-7.074e-06
-7.074e-06
-7.07399e-06
-7.07399e-06
-7.07399e-06
-7.07399e-06
-7.07398e-06
-7.07398e-06
-7.07398e-06
-7.07398e-06
-7.07397e-06
-7.07397e-06
-7.07397e-06
-7.07397e-06
-7.07397e-06
-7.07396e-06
-7.07396e-06
-7.07396e-06
-7.07396e-06
-7.07396e-06
-7.07395e-06
-7.07395e-06
-7.07395e-06
-7.07395e-06
-7.07395e-06
-7.07394e-06
-7.07394e-06
-7.07394e-06
-7.07394e-06
-7.07394e-06
-7.07394e-06
-7.07393e-06
-7.07393e-06
-7.07393e-06
-7.07393e-06
-7.07393e-06
-7.07393e-06
-7.07393e-06
-7.07392e-06
-7.07392e-06
-7.07392e-06
-7.07392e-06
-7.07392e-06
-7.07392e-06
-7.07392e-06
-7.07391e-06
-7.07391e-06
-7.07391e-06
-7.07391e-06
-7.07391e-06
-7.07391e-06
-7.07391e-06
-7.07391e-06
-7.07391e-06
-7.07391e-06
-7.0739e-06
-7.0739e-06
-7.0739e-06
-7.0739e-06
-7.0739e-06
-7.0739e-06
-7.0739e-06
-7.0739e-06
-7.0739e-06
-7.0739e-06
-7.0739e-06
-7.0739e-06
-7.0739e-06
-7.0739e-06
-7.07389e-06
-7.07389e-06
-7.07389e-06
-7.07389e-06
-7.07389e-06
-7.07389e-06
-7.07389e-06
-7.07389e-06
-7.07389e-06
-7.07389e-06
-7.07389e-06
-7.07389e-06
-1.22031e-05
-1.83875e-05
-2.41852e-05
-2.92378e-05
-3.35353e-05
-3.71656e-05
-4.02351e-05
-4.28443e-05
-4.50822e-05
-4.70266e-05
-4.87451e-05
-5.0298e-05
-5.17398e-05
-5.31213e-05
-5.44922e-05
-5.59027e-05
-5.74075e-05
-5.90686e-05
-6.0963e-05
-6.31919e-05
-6.58996e-05
-6.93086e-05
-7.37983e-05
-8.00985e-05
-8.9868e-05
-0.000107819
-0.000149192
-0.000229342
-0.000314105
-0.000352204
-0.000364621
-0.000366287
-0.000363742
-0.000359617
-0.000354869
-0.000349821
-0.000344585
-0.000339209
-0.00033372
-0.000328136
-0.000322471
-0.00031673
-0.000310914
-0.000305022
-0.000299042
-0.00029296
-0.000286755
-0.000280398
-0.000273854
-0.000267078
-0.000260012
-0.000252585
-0.000244709
-0.000236269
-0.00022712
-0.000217076
-0.00020589
-0.000193245
-0.000178723
-0.000161792
-0.000141801
-0.000118024
-8.98551e-05
-5.7248e-05
-2.14369e-05
1.45378e-05
4.65299e-05
7.13598e-05
8.8398e-05
9.91226e-05
0.000105604
0.000109488
0.000111785
0.00011304
0.000113538
0.000113434
0.000112825
0.000111778
0.000110347
0.000108579
0.000106517
0.000104203
0.000101675
9.8969e-05
9.61205e-05
9.31612e-05
9.01205e-05
8.70255e-05
8.39005e-05
8.07671e-05
7.76446e-05
7.45499e-05
7.1498e-05
6.85016e-05
6.55722e-05
6.27197e-05
5.99532e-05
5.72812e-05
5.47114e-05
5.22514e-05
4.99092e-05
4.76934e-05
4.56122e-05
4.36757e-05
4.18942e-05
4.02788e-05
3.88417e-05
3.75933e-05
3.6545e-05
3.57038e-05
3.5074e-05
3.46493e-05
3.4417e-05
3.43518e-05
3.44216e-05
3.45885e-05
3.4818e-05
3.51153e-05
3.54919e-05
3.5952e-05
3.64948e-05
3.71043e-05
3.77476e-05
3.83683e-05
3.88837e-05
3.91837e-05
3.91337e-05
3.85823e-05
3.73793e-05
3.5404e-05
3.25976e-05
2.8994e-05
2.47502e-05
2.01308e-05
1.54787e-05
1.1146e-05
7.41387e-06
4.43822e-06
2.23657e-06
7.20821e-07
-2.50664e-07
-8.2742e-07
-1.13768e-06
-1.27907e-06
-1.3197e-06
-1.30416e-06
-1.26024e-06
-1.2045e-06
-1.14636e-06
-1.0909e-06
-1.04058e-06
-9.96377e-07
-9.58467e-07
-9.26579e-07
-9.00239e-07
-8.78899e-07
-8.62001e-07
-8.49016e-07
-8.39457e-07
-8.32887e-07
-8.28921e-07
-8.27219e-07
-8.27485e-07
-8.29462e-07
-8.32928e-07
-8.37687e-07
-8.43575e-07
-8.50446e-07
-8.58175e-07
-8.66655e-07
-8.75792e-07
-8.85506e-07
-8.95728e-07
-9.06396e-07
-9.17459e-07
-9.28871e-07
-9.40592e-07
-9.5259e-07
-9.64833e-07
-9.77295e-07
-9.89954e-07
-1.00279e-06
-1.01579e-06
-1.02892e-06
-1.04219e-06
-1.05558e-06
-1.06907e-06
-1.08267e-06
-1.09635e-06
-1.11011e-06
-1.12394e-06
-1.13784e-06
-1.15181e-06
-1.16582e-06
-1.17989e-06
-1.19401e-06
-1.20817e-06
-1.22236e-06
-1.23659e-06
-1.25084e-06
-1.26513e-06
-1.27943e-06
-1.29376e-06
-1.3081e-06
-1.32246e-06
-1.33682e-06
-1.3512e-06
-1.36557e-06
-1.37995e-06
-1.39433e-06
-1.40871e-06
-1.42308e-06
-1.43745e-06
-1.4518e-06
-1.46614e-06
-1.48047e-06
-1.49478e-06
-1.50907e-06
-1.52333e-06
-1.53758e-06
-1.5518e-06
-1.56599e-06
-1.58015e-06
-1.59428e-06
-1.60837e-06
-1.62243e-06
-1.63645e-06
-1.65044e-06
-1.66438e-06
-1.67828e-06
-1.69213e-06
-1.70594e-06
-1.7197e-06
-1.73342e-06
-1.74708e-06
-1.76069e-06
-1.77424e-06
-1.78774e-06
-1.80118e-06
-1.81457e-06
-1.82789e-06
-1.84116e-06
-1.85436e-06
-1.8675e-06
-1.88057e-06
-1.89358e-06
-1.90653e-06
-1.9194e-06
-1.93221e-06
-1.94494e-06
-1.95761e-06
-1.9702e-06
-1.98272e-06
-1.99517e-06
-2.00754e-06
-2.01984e-06
-2.03206e-06
-2.04421e-06
-2.05627e-06
-2.06826e-06
-2.08017e-06
-2.092e-06
-2.10374e-06
-2.11541e-06
-2.127e-06
-2.1385e-06
-2.14992e-06
-2.16125e-06
-2.17251e-06
-2.18368e-06
-2.19476e-06
-2.20576e-06
-2.21667e-06
-2.22749e-06
-2.23823e-06
-2.24889e-06
-2.25945e-06
-2.26993e-06
-2.28032e-06
-2.29062e-06
-2.30084e-06
-2.31096e-06
-2.321e-06
-2.33095e-06
-2.34081e-06
-2.35058e-06
-2.36026e-06
-2.36985e-06
-2.37935e-06
-2.38877e-06
-2.39809e-06
-2.40732e-06
-2.41647e-06
-2.42552e-06
-2.43448e-06
-2.44336e-06
-2.45214e-06
-2.46083e-06
-2.46944e-06
-2.47795e-06
-2.48637e-06
-2.49471e-06
-2.50295e-06
-2.5111e-06
-2.51917e-06
-2.52714e-06
-2.53502e-06
-2.54282e-06
-2.55052e-06
-2.55814e-06
-2.56566e-06
-2.5731e-06
-2.58045e-06
-2.5877e-06
-2.59487e-06
-2.60195e-06
-2.60895e-06
-2.61585e-06
-2.62267e-06
-2.62939e-06
-2.63603e-06
-2.64259e-06
-2.64905e-06
-2.65543e-06
-2.66172e-06
-2.66792e-06
-2.67404e-06
-2.68007e-06
-2.68602e-06
-2.69188e-06
-2.69765e-06
-2.70334e-06
-2.70895e-06
-2.71446e-06
-2.7199e-06
-2.72525e-06
-2.73052e-06
-2.7357e-06
-2.7408e-06
-2.74581e-06
-2.75075e-06
-2.7556e-06
-2.76037e-06
-2.76505e-06
-2.76966e-06
-2.77418e-06
-2.77863e-06
-2.78299e-06
-2.78727e-06
-2.79148e-06
-2.7956e-06
-2.79964e-06
-2.80361e-06
-2.8075e-06
-2.8113e-06
-2.81504e-06
-2.81869e-06
-2.82227e-06
-2.82577e-06
-2.82919e-06
-2.83254e-06
-2.83581e-06
-2.83901e-06
-2.84213e-06
-2.84518e-06
-2.84815e-06
-2.85105e-06
-2.85388e-06
-2.85664e-06
-2.85932e-06
-2.86193e-06
-2.86447e-06
-2.86694e-06
-2.86934e-06
-2.87166e-06
-2.87392e-06
-2.87611e-06
-2.87823e-06
-2.88028e-06
-2.88227e-06
-2.88418e-06
-2.88603e-06
-2.88781e-06
-2.88953e-06
-2.89118e-06
-2.89277e-06
-2.89429e-06
-2.89575e-06
-2.89714e-06
-2.89847e-06
-2.89974e-06
-2.90094e-06
-2.90208e-06
-2.90316e-06
-2.90418e-06
-2.90515e-06
-2.90605e-06
-2.90689e-06
-2.90767e-06
-2.90839e-06
-2.90906e-06
-2.90967e-06
-2.91022e-06
-2.91072e-06
-2.91116e-06
-2.91154e-06
-2.91187e-06
-2.91215e-06
-2.91237e-06
-2.91254e-06
-2.91266e-06
-2.91272e-06
-2.91273e-06
-2.91269e-06
-2.91261e-06
-2.91247e-06
-2.91228e-06
-2.91204e-06
-2.91175e-06
-2.91142e-06
-2.91103e-06
-2.91061e-06
-2.91013e-06
-2.90961e-06
-2.90904e-06
-2.90843e-06
-2.90777e-06
-2.90707e-06
-2.90633e-06
-2.90555e-06
-2.90472e-06
-2.90385e-06
-2.90295e-06
-2.902e-06
-2.90101e-06
-2.89999e-06
-2.89893e-06
-2.89783e-06
-2.8967e-06
-2.89553e-06
-2.89433e-06
-2.89309e-06
-2.89182e-06
-2.89051e-06
-2.88917e-06
-2.88781e-06
-2.88641e-06
-2.88497e-06
-2.88351e-06
-2.88202e-06
-2.8805e-06
-2.87895e-06
-2.87738e-06
-2.87577e-06
-2.87414e-06
-2.87249e-06
-2.8708e-06
-2.8691e-06
-2.86736e-06
-2.86561e-06
-2.86383e-06
-2.86203e-06
-2.8602e-06
-2.85835e-06
-2.85649e-06
-2.8546e-06
-2.85269e-06
-2.85076e-06
-2.84881e-06
-2.84685e-06
-2.84487e-06
-2.84287e-06
-2.84085e-06
-2.83882e-06
-2.83677e-06
-2.83471e-06
-2.83263e-06
-2.83054e-06
-2.82844e-06
-2.82632e-06
-2.82419e-06
-2.82205e-06
-2.8199e-06
-2.81774e-06
-2.81557e-06
-2.81339e-06
-2.8112e-06
-2.809e-06
-2.8068e-06
-2.80458e-06
-2.80237e-06
-2.80014e-06
-2.79791e-06
-2.79568e-06
-2.79344e-06
-2.7912e-06
-2.78895e-06
-2.78671e-06
-2.78446e-06
-2.7822e-06
-2.77995e-06
-2.7777e-06
-2.77544e-06
-2.77319e-06
-2.77094e-06
-2.76869e-06
-2.76644e-06
-2.76419e-06
-2.76195e-06
-2.75971e-06
-2.75748e-06
-2.75525e-06
-2.75302e-06
-2.7508e-06
-2.74858e-06
-2.74638e-06
-2.74418e-06
-2.74198e-06
-2.7398e-06
-2.73762e-06
-2.73545e-06
-2.73329e-06
-2.73114e-06
-2.729e-06
-2.72688e-06
-2.72476e-06
-2.72265e-06
-2.72056e-06
-2.71848e-06
-2.71641e-06
-2.71435e-06
-2.71231e-06
-2.71029e-06
-2.70827e-06
-2.70628e-06
-2.70429e-06
-2.70232e-06
-2.70037e-06
-2.69843e-06
-2.69651e-06
-2.6946e-06
-2.69271e-06
-2.69084e-06
-2.68899e-06
-2.68715e-06
-2.68533e-06
-2.68353e-06
-2.68175e-06
-2.67999e-06
-2.67825e-06
-2.67653e-06
-2.67483e-06
-2.67315e-06
-2.6715e-06
-2.66986e-06
-2.66825e-06
-2.66666e-06
-2.6651e-06
-2.66356e-06
-2.66204e-06
-2.66056e-06
-2.65909e-06
-2.65766e-06
-2.65625e-06
-2.65487e-06
-2.65351e-06
-2.65219e-06
-2.65089e-06
-2.64962e-06
-2.64839e-06
-2.64718e-06
-2.646e-06
-2.64485e-06
-2.64373e-06
-2.64264e-06
-2.64159e-06
-2.64056e-06
-2.63957e-06
-2.6386e-06
-2.63767e-06
-2.63677e-06
-2.6359e-06
-2.63506e-06
-2.63426e-06
-2.63348e-06
-2.63274e-06
-2.63204e-06
-2.63136e-06
-2.63072e-06
-2.63011e-06
-2.62954e-06
-2.629e-06
-2.62849e-06
-2.62802e-06
-2.62758e-06
-2.62718e-06
-2.62681e-06
-2.62647e-06
-2.62617e-06
-2.62591e-06
-2.62568e-06
-2.62548e-06
-2.62532e-06
-2.6252e-06
-2.62511e-06
-2.62506e-06
-2.62504e-06
-2.62506e-06
-2.62512e-06
-2.62521e-06
-2.62534e-06
-2.6255e-06
-2.6257e-06
-2.62594e-06
-2.62622e-06
-2.62653e-06
-2.62688e-06
-2.62727e-06
-2.62769e-06
-2.62815e-06
-2.62865e-06
-2.62919e-06
-2.62976e-06
-2.63037e-06
-2.63102e-06
-2.63171e-06
-2.63243e-06
-2.6332e-06
-2.634e-06
-2.63484e-06
-2.63571e-06
-2.63663e-06
-2.63758e-06
-2.63857e-06
-2.6396e-06
-2.64067e-06
-2.64178e-06
-2.64292e-06
-2.64411e-06
-2.64533e-06
-2.64659e-06
-2.64789e-06
-2.64923e-06
-2.6506e-06
-2.65202e-06
-2.65347e-06
-2.65496e-06
-2.65649e-06
-2.65806e-06
-2.65967e-06
-2.66131e-06
-2.66299e-06
-2.66471e-06
-2.66647e-06
-2.66826e-06
-2.67009e-06
-2.67195e-06
-2.67385e-06
-2.67579e-06
-2.67777e-06
-2.67978e-06
-2.68183e-06
-2.68391e-06
-2.68603e-06
-2.68819e-06
-2.69039e-06
-2.69262e-06
-2.69489e-06
-2.69719e-06
-2.69953e-06
-2.70191e-06
-2.70433e-06
-2.70678e-06
-2.70927e-06
-2.71179e-06
-2.71436e-06
-2.71696e-06
-2.71959e-06
-2.72227e-06
-2.72499e-06
-2.72774e-06
-2.73054e-06
-2.73337e-06
-2.73624e-06
-2.73915e-06
-2.7421e-06
-2.7451e-06
-2.74813e-06
-2.75119e-06
-2.7543e-06
-2.75745e-06
-2.76063e-06
-2.76386e-06
-2.76712e-06
-2.77042e-06
-2.77376e-06
-2.77714e-06
-2.78055e-06
-2.784e-06
-2.78749e-06
-2.79101e-06
-2.79458e-06
-2.79818e-06
-2.80181e-06
-2.80548e-06
-2.80919e-06
-2.81293e-06
-2.81671e-06
-2.82053e-06
-2.82438e-06
-2.82826e-06
-2.83218e-06
-2.83614e-06
-2.84012e-06
-2.84415e-06
-2.84821e-06
-2.8523e-06
-2.85642e-06
-2.86058e-06
-2.86478e-06
-2.869e-06
-2.87326e-06
-2.87755e-06
-2.88188e-06
-2.88624e-06
-2.89063e-06
-2.89505e-06
-2.8995e-06
-2.90399e-06
-2.90851e-06
-2.91306e-06
-2.91764e-06
-2.92225e-06
-2.9269e-06
-2.93157e-06
-2.93627e-06
-2.94101e-06
-2.94577e-06
-2.95057e-06
-2.95539e-06
-2.96025e-06
-2.96513e-06
-2.97005e-06
-2.97499e-06
-2.97996e-06
-2.98496e-06
-2.98999e-06
-2.99505e-06
-3.00014e-06
-3.00525e-06
-3.01039e-06
-3.01556e-06
-3.02076e-06
-3.02599e-06
-3.03124e-06
-3.03652e-06
-3.04182e-06
-3.04715e-06
-3.05251e-06
-3.05789e-06
-3.0633e-06
-3.06874e-06
-3.0742e-06
-3.07969e-06
-3.0852e-06
-3.09074e-06
-3.0963e-06
-3.10188e-06
-3.10749e-06
-3.11313e-06
-3.11879e-06
-3.12447e-06
-3.13018e-06
-3.13591e-06
-3.14166e-06
-3.14743e-06
-3.15323e-06
-3.15905e-06
-3.1649e-06
-3.17076e-06
-3.17665e-06
-3.18256e-06
-3.18849e-06
-3.19444e-06
-3.20042e-06
-3.20641e-06
-3.21243e-06
-3.21846e-06
-3.22452e-06
-3.23059e-06
-3.23669e-06
-3.24281e-06
-3.24894e-06
-3.2551e-06
-3.26127e-06
-3.26747e-06
-3.27368e-06
-3.27991e-06
-3.28616e-06
-3.29242e-06
-3.29871e-06
-3.30501e-06
-3.31133e-06
-3.31767e-06
-3.32403e-06
-3.3304e-06
-3.33679e-06
-3.34319e-06
-3.34961e-06
-3.35605e-06
-3.3625e-06
-3.36897e-06
-3.37545e-06
-3.38194e-06
-3.38846e-06
-3.39498e-06
-3.40153e-06
-3.40809e-06
-3.41466e-06
-3.42125e-06
-3.42786e-06
-3.43448e-06
-3.44112e-06
-3.44778e-06
-3.45445e-06
-3.46113e-06
-3.46783e-06
-3.47455e-06
-3.48128e-06
-3.48802e-06
-3.49477e-06
-3.50155e-06
-3.50833e-06
-3.51513e-06
-3.52194e-06
-3.52876e-06
-3.5356e-06
-3.54244e-06
-3.5493e-06
-3.55618e-06
-3.56306e-06
-3.56995e-06
-3.57686e-06
-3.58378e-06
-3.59071e-06
-3.59764e-06
-3.60459e-06
-3.61155e-06
-3.61852e-06
-3.6255e-06
-3.63248e-06
-3.63948e-06
-3.64649e-06
-3.6535e-06
-3.66052e-06
-3.66755e-06
-3.67459e-06
-3.68164e-06
-3.6887e-06
-3.69576e-06
-3.70283e-06
-3.7099e-06
-3.71699e-06
-3.72408e-06
-3.73118e-06
-3.73828e-06
-3.74539e-06
-3.75251e-06
-3.75963e-06
-3.76676e-06
-3.77389e-06
-3.78103e-06
-3.78817e-06
-3.79532e-06
-3.80247e-06
-3.80963e-06
-3.81679e-06
-3.82396e-06
-3.83113e-06
-3.8383e-06
-3.84548e-06
-3.85266e-06
-3.85985e-06
-3.86704e-06
-3.87423e-06
-3.88142e-06
-3.88862e-06
-3.89582e-06
-3.90302e-06
-3.91023e-06
-3.91743e-06
-3.92464e-06
-3.93185e-06
-3.93906e-06
-3.94628e-06
-3.95349e-06
-3.9607e-06
-3.96792e-06
-3.97514e-06
-3.98236e-06
-3.98958e-06
-3.99679e-06
-4.00401e-06
-4.01123e-06
-4.01845e-06
-4.02567e-06
-4.03289e-06
-4.04011e-06
-4.04732e-06
-4.05454e-06
-4.06176e-06
-4.06897e-06
-4.07618e-06
-4.08339e-06
-4.0906e-06
-4.09781e-06
-4.10502e-06
-4.11222e-06
-4.11943e-06
-4.12663e-06
-4.13383e-06
-4.14102e-06
-4.14822e-06
-4.15541e-06
-4.16259e-06
-4.16978e-06
-4.17696e-06
-4.18414e-06
-4.19131e-06
-4.19848e-06
-4.20565e-06
-4.21281e-06
-4.21997e-06
-4.22713e-06
-4.23428e-06
-4.24143e-06
-4.24857e-06
-4.25571e-06
-4.26284e-06
-4.26997e-06
-4.2771e-06
-4.28422e-06
-4.29133e-06
-4.29844e-06
-4.30554e-06
-4.31264e-06
-4.31973e-06
-4.32682e-06
-4.3339e-06
-4.34098e-06
-4.34805e-06
-4.35511e-06
-4.36217e-06
-4.36922e-06
-4.37626e-06
-4.3833e-06
-4.39033e-06
-4.39736e-06
-4.40437e-06
-4.41138e-06
-4.41839e-06
-4.42538e-06
-4.43237e-06
-4.43936e-06
-4.44633e-06
-4.4533e-06
-4.46026e-06
-4.46721e-06
-4.47415e-06
-4.48109e-06
-4.48801e-06
-4.49493e-06
-4.50185e-06
-4.50875e-06
-4.51564e-06
-4.52253e-06
-4.52941e-06
-4.53628e-06
-4.54314e-06
-4.54999e-06
-4.55683e-06
-4.56367e-06
-4.57049e-06
-4.57731e-06
-4.58411e-06
-4.59091e-06
-4.5977e-06
-4.60448e-06
-4.61125e-06
-4.61801e-06
-4.62476e-06
-4.6315e-06
-4.63823e-06
-4.64495e-06
-4.65166e-06
-4.65836e-06
-4.66505e-06
-4.67173e-06
-4.6784e-06
-4.68506e-06
-4.6917e-06
-4.69834e-06
-4.70497e-06
-4.71159e-06
-4.71819e-06
-4.72479e-06
-4.73138e-06
-4.73795e-06
-4.74451e-06
-4.75107e-06
-4.75761e-06
-4.76414e-06
-4.77066e-06
-4.77717e-06
-4.78366e-06
-4.79015e-06
-4.79662e-06
-4.80309e-06
-4.80954e-06
-4.81598e-06
-4.82241e-06
-4.82882e-06
-4.83523e-06
-4.84162e-06
-4.848e-06
-4.85437e-06
-4.86073e-06
-4.86708e-06
-4.87341e-06
-4.87974e-06
-4.88606e-06
-4.89236e-06
-4.89866e-06
-4.90495e-06
-4.91123e-06
-4.91749e-06
-4.92375e-06
-4.93e-06
-4.93623e-06
-4.94246e-06
-4.94868e-06
-4.95488e-06
-4.96108e-06
-4.96727e-06
-4.97344e-06
-4.9796e-06
-4.98576e-06
-4.9919e-06
-4.99803e-06
-5.00415e-06
-5.01026e-06
-5.01635e-06
-5.02244e-06
-5.02851e-06
-5.03457e-06
-5.04062e-06
-5.04666e-06
-5.05269e-06
-5.0587e-06
-5.0647e-06
-5.07069e-06
-5.07667e-06
-5.08264e-06
-5.08859e-06
-5.09453e-06
-5.10045e-06
-5.10637e-06
-5.11227e-06
-5.11816e-06
-5.12403e-06
-5.1299e-06
-5.13575e-06
-5.14158e-06
-5.14741e-06
-5.15322e-06
-5.15901e-06
-5.1648e-06
-5.17057e-06
-5.17632e-06
-5.18207e-06
-5.1878e-06
-5.19351e-06
-5.19922e-06
-5.20491e-06
-5.21058e-06
-5.21625e-06
-5.2219e-06
-5.22753e-06
-5.23315e-06
-5.23876e-06
-5.24435e-06
-5.24993e-06
-5.2555e-06
-5.26105e-06
-5.26659e-06
-5.27212e-06
-5.27763e-06
-5.28313e-06
-5.28861e-06
-5.29408e-06
-5.29954e-06
-5.30498e-06
-5.31041e-06
-5.31582e-06
-5.32122e-06
-5.32661e-06
-5.33198e-06
-5.33734e-06
-5.34268e-06
-5.34801e-06
-5.35333e-06
-5.35863e-06
-5.36392e-06
-5.36919e-06
-5.37445e-06
-5.3797e-06
-5.38493e-06
-5.39015e-06
-5.39535e-06
-5.40054e-06
-5.40572e-06
-5.41088e-06
-5.41603e-06
-5.42117e-06
-5.42629e-06
-5.43139e-06
-5.43648e-06
-5.44156e-06
-5.44663e-06
-5.45168e-06
-5.45671e-06
-5.46173e-06
-5.46674e-06
-5.47174e-06
-5.47672e-06
-5.48168e-06
-5.48664e-06
-5.49157e-06
-5.4965e-06
-5.50141e-06
-5.50631e-06
-5.51119e-06
-5.51606e-06
-5.52091e-06
-5.52575e-06
-5.53058e-06
-5.53539e-06
-5.54019e-06
-5.54498e-06
-5.54975e-06
-5.55451e-06
-5.55925e-06
-5.56398e-06
-5.5687e-06
-5.5734e-06
-5.57809e-06
-5.58277e-06
-5.58743e-06
-5.59208e-06
-5.59671e-06
-5.60133e-06
-5.60594e-06
-5.61054e-06
-5.61512e-06
-5.61968e-06
-5.62423e-06
-5.62877e-06
-5.6333e-06
-5.63781e-06
-5.64231e-06
-5.64679e-06
-5.65127e-06
-5.65572e-06
-5.66017e-06
-5.6646e-06
-5.66902e-06
-5.67342e-06
-5.67781e-06
-5.68219e-06
-5.68656e-06
-5.69091e-06
-5.69525e-06
-5.69957e-06
-5.70388e-06
-5.70818e-06
-5.71246e-06
-5.71674e-06
-5.72099e-06
-5.72524e-06
-5.72947e-06
-5.73369e-06
-5.7379e-06
-5.74209e-06
-5.74627e-06
-5.75044e-06
-5.75459e-06
-5.75873e-06
-5.76286e-06
-5.76698e-06
-5.77108e-06
-1.09712e-05
-1.72307e-05
-2.30862e-05
-2.81739e-05
-3.2483e-05
-3.61021e-05
-3.91378e-05
-4.16902e-05
-4.38476e-05
-4.5686e-05
-4.72707e-05
-4.86586e-05
-4.98995e-05
-5.1038e-05
-5.21147e-05
-5.31678e-05
-5.42342e-05
-5.53512e-05
-5.65583e-05
-5.7899e-05
-5.94249e-05
-6.11993e-05
-6.33045e-05
-6.58549e-05
-6.90164e-05
-7.30473e-05
-7.83811e-05
-8.58177e-05
-9.70109e-05
-0.000115844
-0.000151875
-0.000220223
-0.000298816
-0.000340069
-0.00035641
-0.000360799
-0.000359791
-0.00035646
-0.000352117
-0.000347278
-0.000342146
-0.000336811
-0.000331319
-0.0003257
-0.000319974
-0.000314149
-0.000308231
-0.000302217
-0.000296097
-0.000289857
-0.000283473
-0.000276915
-0.000270143
-0.000263107
-0.000255744
-0.000247973
-0.000239694
-0.000230777
-0.000221056
-0.000210313
-0.000198266
-0.000184547
-0.000168676
-0.000150055
-0.000127977
-0.000101745
-7.09786e-05
-3.62291e-05
2.97726e-07
3.47577e-05
6.32372e-05
8.38656e-05
9.73285e-05
0.000105611
0.000110624
0.000113662
0.000115456
0.000116388
0.00011666
0.00011639
0.000115655
0.000114513
0.000113015
0.000111205
0.000109125
0.000106815
0.000104312
0.000101653
9.88712e-05
9.59971e-05
9.30594e-05
9.0084e-05
8.70945e-05
8.41116e-05
8.1154e-05
7.82383e-05
7.53791e-05
7.25897e-05
6.98817e-05
6.72662e-05
6.47536e-05
6.23541e-05
6.00779e-05
5.79354e-05
5.59376e-05
5.40966e-05
5.24239e-05
5.09328e-05
4.96353e-05
4.85427e-05
4.76634e-05
4.70023e-05
4.6557e-05
4.63142e-05
4.62544e-05
4.63475e-05
4.65632e-05
4.68727e-05
4.72888e-05
4.78328e-05
4.85221e-05
4.93673e-05
5.03671e-05
5.15009e-05
5.27247e-05
5.39625e-05
5.51055e-05
5.6008e-05
5.64911e-05
5.63552e-05
5.54029e-05
5.34706e-05
5.04653e-05
4.6392e-05
4.13702e-05
3.56405e-05
2.9534e-05
2.34411e-05
1.77488e-05
1.27731e-05
8.7025e-06
5.57824e-06
3.31682e-06
1.76278e-06
7.41441e-07
9.56757e-08
-2.99067e-07
-5.32882e-07
-6.66947e-07
-7.40975e-07
-7.79899e-07
-7.98975e-07
-8.07341e-07
-8.10366e-07
-8.11136e-07
-8.11379e-07
-8.12021e-07
-8.13525e-07
-8.16089e-07
-8.19763e-07
-8.24517e-07
-8.30284e-07
-8.36978e-07
-8.44509e-07
-8.5279e-07
-8.6174e-07
-8.71284e-07
-8.81356e-07
-8.91897e-07
-9.02855e-07
-9.14184e-07
-9.25844e-07
-9.37799e-07
-9.5002e-07
-9.62478e-07
-9.75151e-07
-9.88018e-07
-1.00106e-06
-1.01426e-06
-1.02761e-06
-1.04109e-06
-1.05469e-06
-1.0684e-06
-1.08221e-06
-1.09612e-06
-1.11012e-06
-1.12419e-06
-1.13834e-06
-1.15256e-06
-1.16684e-06
-1.18118e-06
-1.19557e-06
-1.21001e-06
-1.22449e-06
-1.23902e-06
-1.25358e-06
-1.26818e-06
-1.28281e-06
-1.29747e-06
-1.31215e-06
-1.32685e-06
-1.34157e-06
-1.3563e-06
-1.37105e-06
-1.38581e-06
-1.40058e-06
-1.41535e-06
-1.43012e-06
-1.44489e-06
-1.45966e-06
-1.47442e-06
-1.48918e-06
-1.50392e-06
-1.51866e-06
-1.53337e-06
-1.54807e-06
-1.56276e-06
-1.57742e-06
-1.59205e-06
-1.60666e-06
-1.62125e-06
-1.6358e-06
-1.65033e-06
-1.66482e-06
-1.67927e-06
-1.69369e-06
-1.70806e-06
-1.7224e-06
-1.7367e-06
-1.75095e-06
-1.76515e-06
-1.77931e-06
-1.79342e-06
-1.80747e-06
-1.82148e-06
-1.83543e-06
-1.84933e-06
-1.86317e-06
-1.87695e-06
-1.89067e-06
-1.90433e-06
-1.91793e-06
-1.93147e-06
-1.94494e-06
-1.95835e-06
-1.97169e-06
-1.98497e-06
-1.99817e-06
-2.01131e-06
-2.02437e-06
-2.03736e-06
-2.05028e-06
-2.06313e-06
-2.0759e-06
-2.0886e-06
-2.10122e-06
-2.11377e-06
-2.12623e-06
-2.13862e-06
-2.15093e-06
-2.16316e-06
-2.17531e-06
-2.18738e-06
-2.19936e-06
-2.21127e-06
-2.22309e-06
-2.23483e-06
-2.24648e-06
-2.25805e-06
-2.26954e-06
-2.28094e-06
-2.29225e-06
-2.30348e-06
-2.31463e-06
-2.32568e-06
-2.33665e-06
-2.34753e-06
-2.35833e-06
-2.36903e-06
-2.37965e-06
-2.39018e-06
-2.40062e-06
-2.41098e-06
-2.42124e-06
-2.43142e-06
-2.4415e-06
-2.4515e-06
-2.46141e-06
-2.47122e-06
-2.48095e-06
-2.49059e-06
-2.50014e-06
-2.5096e-06
-2.51897e-06
-2.52825e-06
-2.53744e-06
-2.54653e-06
-2.55554e-06
-2.56446e-06
-2.57329e-06
-2.58203e-06
-2.59068e-06
-2.59924e-06
-2.6077e-06
-2.61608e-06
-2.62437e-06
-2.63257e-06
-2.64068e-06
-2.6487e-06
-2.65663e-06
-2.66447e-06
-2.67222e-06
-2.67988e-06
-2.68745e-06
-2.69494e-06
-2.70233e-06
-2.70964e-06
-2.71685e-06
-2.72398e-06
-2.73102e-06
-2.73798e-06
-2.74484e-06
-2.75162e-06
-2.75831e-06
-2.76491e-06
-2.77143e-06
-2.77786e-06
-2.7842e-06
-2.79046e-06
-2.79663e-06
-2.80271e-06
-2.80871e-06
-2.81462e-06
-2.82045e-06
-2.82619e-06
-2.83185e-06
-2.83743e-06
-2.84292e-06
-2.84832e-06
-2.85364e-06
-2.85888e-06
-2.86404e-06
-2.86911e-06
-2.8741e-06
-2.87901e-06
-2.88384e-06
-2.88858e-06
-2.89325e-06
-2.89783e-06
-2.90233e-06
-2.90675e-06
-2.9111e-06
-2.91536e-06
-2.91954e-06
-2.92364e-06
-2.92767e-06
-2.93162e-06
-2.93549e-06
-2.93928e-06
-2.94299e-06
-2.94663e-06
-2.95019e-06
-2.95368e-06
-2.95708e-06
-2.96042e-06
-2.96368e-06
-2.96686e-06
-2.96997e-06
-2.97301e-06
-2.97597e-06
-2.97886e-06
-2.98167e-06
-2.98442e-06
-2.98709e-06
-2.98969e-06
-2.99222e-06
-2.99468e-06
-2.99707e-06
-2.99939e-06
-3.00164e-06
-3.00382e-06
-3.00593e-06
-3.00797e-06
-3.00995e-06
-3.01186e-06
-3.0137e-06
-3.01548e-06
-3.01719e-06
-3.01883e-06
-3.02041e-06
-3.02193e-06
-3.02338e-06
-3.02476e-06
-3.02609e-06
-3.02735e-06
-3.02855e-06
-3.02969e-06
-3.03076e-06
-3.03178e-06
-3.03274e-06
-3.03363e-06
-3.03447e-06
-3.03525e-06
-3.03597e-06
-3.03663e-06
-3.03723e-06
-3.03778e-06
-3.03827e-06
-3.03871e-06
-3.03909e-06
-3.03942e-06
-3.03969e-06
-3.03991e-06
-3.04007e-06
-3.04018e-06
-3.04024e-06
-3.04025e-06
-3.04021e-06
-3.04011e-06
-3.03997e-06
-3.03978e-06
-3.03953e-06
-3.03924e-06
-3.0389e-06
-3.03851e-06
-3.03807e-06
-3.03759e-06
-3.03706e-06
-3.03649e-06
-3.03587e-06
-3.03521e-06
-3.03451e-06
-3.03376e-06
-3.03297e-06
-3.03214e-06
-3.03127e-06
-3.03036e-06
-3.02941e-06
-3.02842e-06
-3.02739e-06
-3.02633e-06
-3.02523e-06
-3.02409e-06
-3.02292e-06
-3.02171e-06
-3.02047e-06
-3.01919e-06
-3.01788e-06
-3.01654e-06
-3.01517e-06
-3.01376e-06
-3.01232e-06
-3.01085e-06
-3.00935e-06
-3.00782e-06
-3.00627e-06
-3.00468e-06
-3.00306e-06
-3.00142e-06
-2.99975e-06
-2.99806e-06
-2.99634e-06
-2.99459e-06
-2.99282e-06
-2.99103e-06
-2.98921e-06
-2.98737e-06
-2.98551e-06
-2.98363e-06
-2.98172e-06
-2.97979e-06
-2.97785e-06
-2.97588e-06
-2.9739e-06
-2.9719e-06
-2.96988e-06
-2.96784e-06
-2.96579e-06
-2.96372e-06
-2.96163e-06
-2.95953e-06
-2.95742e-06
-2.95529e-06
-2.95315e-06
-2.951e-06
-2.94883e-06
-2.94666e-06
-2.94447e-06
-2.94227e-06
-2.94007e-06
-2.93785e-06
-2.93562e-06
-2.93339e-06
-2.93115e-06
-2.9289e-06
-2.92664e-06
-2.92438e-06
-2.92212e-06
-2.91985e-06
-2.91757e-06
-2.91529e-06
-2.91301e-06
-2.91072e-06
-2.90844e-06
-2.90615e-06
-2.90386e-06
-2.90156e-06
-2.89927e-06
-2.89698e-06
-2.89469e-06
-2.8924e-06
-2.89012e-06
-2.88783e-06
-2.88555e-06
-2.88327e-06
-2.88099e-06
-2.87872e-06
-2.87646e-06
-2.8742e-06
-2.87194e-06
-2.86969e-06
-2.86745e-06
-2.86522e-06
-2.86299e-06
-2.86077e-06
-2.85856e-06
-2.85636e-06
-2.85417e-06
-2.85199e-06
-2.84982e-06
-2.84766e-06
-2.84551e-06
-2.84337e-06
-2.84124e-06
-2.83913e-06
-2.83703e-06
-2.83494e-06
-2.83287e-06
-2.83081e-06
-2.82876e-06
-2.82672e-06
-2.8247e-06
-2.8227e-06
-2.82071e-06
-2.81873e-06
-2.81678e-06
-2.81483e-06
-2.81291e-06
-2.811e-06
-2.80911e-06
-2.80724e-06
-2.80538e-06
-2.80355e-06
-2.80173e-06
-2.79994e-06
-2.79816e-06
-2.79641e-06
-2.79468e-06
-2.79297e-06
-2.79128e-06
-2.78962e-06
-2.78798e-06
-2.78637e-06
-2.78478e-06
-2.78322e-06
-2.78168e-06
-2.78017e-06
-2.77869e-06
-2.77723e-06
-2.7758e-06
-2.7744e-06
-2.77302e-06
-2.77168e-06
-2.77036e-06
-2.76907e-06
-2.7678e-06
-2.76657e-06
-2.76536e-06
-2.76419e-06
-2.76304e-06
-2.76192e-06
-2.76084e-06
-2.75978e-06
-2.75875e-06
-2.75775e-06
-2.75679e-06
-2.75585e-06
-2.75495e-06
-2.75408e-06
-2.75324e-06
-2.75243e-06
-2.75165e-06
-2.7509e-06
-2.75019e-06
-2.74951e-06
-2.74886e-06
-2.74824e-06
-2.74766e-06
-2.74711e-06
-2.74659e-06
-2.74611e-06
-2.74566e-06
-2.74524e-06
-2.74486e-06
-2.74451e-06
-2.7442e-06
-2.74392e-06
-2.74367e-06
-2.74346e-06
-2.74329e-06
-2.74315e-06
-2.74304e-06
-2.74297e-06
-2.74293e-06
-2.74293e-06
-2.74297e-06
-2.74304e-06
-2.74315e-06
-2.74329e-06
-2.74347e-06
-2.74369e-06
-2.74394e-06
-2.74422e-06
-2.74455e-06
-2.74491e-06
-2.7453e-06
-2.74574e-06
-2.74621e-06
-2.74671e-06
-2.74726e-06
-2.74784e-06
-2.74845e-06
-2.74911e-06
-2.7498e-06
-2.75053e-06
-2.75129e-06
-2.7521e-06
-2.75294e-06
-2.75381e-06
-2.75473e-06
-2.75568e-06
-2.75667e-06
-2.7577e-06
-2.75876e-06
-2.75986e-06
-2.761e-06
-2.76218e-06
-2.76339e-06
-2.76464e-06
-2.76593e-06
-2.76726e-06
-2.76862e-06
-2.77002e-06
-2.77146e-06
-2.77293e-06
-2.77444e-06
-2.77598e-06
-2.77756e-06
-2.77918e-06
-2.78083e-06
-2.78251e-06
-2.78423e-06
-2.78599e-06
-2.78779e-06
-2.78961e-06
-2.79148e-06
-2.79338e-06
-2.79532e-06
-2.79729e-06
-2.7993e-06
-2.80134e-06
-2.80342e-06
-2.80554e-06
-2.80769e-06
-2.80988e-06
-2.8121e-06
-2.81436e-06
-2.81667e-06
-2.81901e-06
-2.82138e-06
-2.8238e-06
-2.82626e-06
-2.82875e-06
-2.83128e-06
-2.83385e-06
-2.83646e-06
-2.83911e-06
-2.8418e-06
-2.84453e-06
-2.84729e-06
-2.85009e-06
-2.85293e-06
-2.85581e-06
-2.85873e-06
-2.86168e-06
-2.86467e-06
-2.86769e-06
-2.87076e-06
-2.87386e-06
-2.877e-06
-2.88017e-06
-2.88338e-06
-2.88662e-06
-2.88991e-06
-2.89322e-06
-2.89658e-06
-2.89996e-06
-2.90339e-06
-2.90685e-06
-2.91034e-06
-2.91387e-06
-2.91743e-06
-2.92103e-06
-2.92466e-06
-2.92832e-06
-2.93202e-06
-2.93575e-06
-2.93952e-06
-2.94332e-06
-2.94715e-06
-2.95101e-06
-2.95491e-06
-2.95884e-06
-2.96281e-06
-2.9668e-06
-2.97083e-06
-2.97489e-06
-2.97898e-06
-2.9831e-06
-2.98726e-06
-2.99145e-06
-2.99566e-06
-2.99991e-06
-3.00419e-06
-3.0085e-06
-3.01284e-06
-3.01721e-06
-3.02161e-06
-3.02604e-06
-3.0305e-06
-3.03499e-06
-3.03951e-06
-3.04406e-06
-3.04864e-06
-3.05325e-06
-3.05788e-06
-3.06254e-06
-3.06724e-06
-3.07196e-06
-3.07671e-06
-3.08148e-06
-3.08629e-06
-3.09112e-06
-3.09598e-06
-3.10086e-06
-3.10578e-06
-3.11071e-06
-3.11568e-06
-3.12067e-06
-3.12569e-06
-3.13074e-06
-3.13581e-06
-3.1409e-06
-3.14602e-06
-3.15117e-06
-3.15634e-06
-3.16154e-06
-3.16676e-06
-3.17201e-06
-3.17728e-06
-3.18257e-06
-3.18789e-06
-3.19323e-06
-3.19859e-06
-3.20398e-06
-3.20939e-06
-3.21483e-06
-3.22029e-06
-3.22577e-06
-3.23127e-06
-3.23679e-06
-3.24234e-06
-3.24791e-06
-3.2535e-06
-3.25911e-06
-3.26474e-06
-3.27039e-06
-3.27607e-06
-3.28176e-06
-3.28748e-06
-3.29321e-06
-3.29897e-06
-3.30474e-06
-3.31054e-06
-3.31635e-06
-3.32218e-06
-3.32804e-06
-3.33391e-06
-3.3398e-06
-3.34571e-06
-3.35163e-06
-3.35758e-06
-3.36354e-06
-3.36952e-06
-3.37552e-06
-3.38153e-06
-3.38757e-06
-3.39361e-06
-3.39968e-06
-3.40576e-06
-3.41186e-06
-3.41797e-06
-3.4241e-06
-3.43025e-06
-3.43641e-06
-3.44259e-06
-3.44879e-06
-3.455e-06
-3.46123e-06
-3.46747e-06
-3.47374e-06
-3.48001e-06
-3.48631e-06
-3.49262e-06
-3.49894e-06
-3.50528e-06
-3.51164e-06
-3.51801e-06
-3.52439e-06
-3.53079e-06
-3.5372e-06
-3.54363e-06
-3.55007e-06
-3.55652e-06
-3.56299e-06
-3.56947e-06
-3.57596e-06
-3.58247e-06
-3.58898e-06
-3.59551e-06
-3.60205e-06
-3.60861e-06
-3.61517e-06
-3.62175e-06
-3.62833e-06
-3.63493e-06
-3.64154e-06
-3.64816e-06
-3.65479e-06
-3.66143e-06
-3.66807e-06
-3.67473e-06
-3.6814e-06
-3.68807e-06
-3.69476e-06
-3.70145e-06
-3.70816e-06
-3.71487e-06
-3.72159e-06
-3.72831e-06
-3.73505e-06
-3.74179e-06
-3.74854e-06
-3.7553e-06
-3.76206e-06
-3.76883e-06
-3.77561e-06
-3.78239e-06
-3.78918e-06
-3.79598e-06
-3.80278e-06
-3.80959e-06
-3.81641e-06
-3.82323e-06
-3.83005e-06
-3.83688e-06
-3.84372e-06
-3.85056e-06
-3.8574e-06
-3.86425e-06
-3.8711e-06
-3.87796e-06
-3.88482e-06
-3.89168e-06
-3.89855e-06
-3.90542e-06
-3.9123e-06
-3.91918e-06
-3.92606e-06
-3.93294e-06
-3.93983e-06
-3.94672e-06
-3.95361e-06
-3.9605e-06
-3.9674e-06
-3.97429e-06
-3.98119e-06
-3.98809e-06
-3.995e-06
-4.0019e-06
-4.0088e-06
-4.01571e-06
-4.02262e-06
-4.02952e-06
-4.03643e-06
-4.04334e-06
-4.05025e-06
-4.05715e-06
-4.06406e-06
-4.07097e-06
-4.07788e-06
-4.08478e-06
-4.09169e-06
-4.0986e-06
-4.1055e-06
-4.1124e-06
-4.11931e-06
-4.12621e-06
-4.13311e-06
-4.14001e-06
-4.1469e-06
-4.1538e-06
-4.16069e-06
-4.16758e-06
-4.17447e-06
-4.18135e-06
-4.18824e-06
-4.19512e-06
-4.20199e-06
-4.20887e-06
-4.21574e-06
-4.22261e-06
-4.22948e-06
-4.23634e-06
-4.2432e-06
-4.25005e-06
-4.2569e-06
-4.26375e-06
-4.27059e-06
-4.27743e-06
-4.28427e-06
-4.2911e-06
-4.29793e-06
-4.30475e-06
-4.31157e-06
-4.31838e-06
-4.32519e-06
-4.33199e-06
-4.33879e-06
-4.34558e-06
-4.35236e-06
-4.35915e-06
-4.36592e-06
-4.37269e-06
-4.37946e-06
-4.38622e-06
-4.39297e-06
-4.39971e-06
-4.40645e-06
-4.41319e-06
-4.41992e-06
-4.42664e-06
-4.43335e-06
-4.44006e-06
-4.44676e-06
-4.45346e-06
-4.46014e-06
-4.46682e-06
-4.4735e-06
-4.48016e-06
-4.48682e-06
-4.49347e-06
-4.50012e-06
-4.50675e-06
-4.51338e-06
-4.52e-06
-4.52661e-06
-4.53322e-06
-4.53981e-06
-4.5464e-06
-4.55298e-06
-4.55955e-06
-4.56612e-06
-4.57267e-06
-4.57922e-06
-4.58576e-06
-4.59229e-06
-4.59881e-06
-4.60532e-06
-4.61182e-06
-4.61832e-06
-4.6248e-06
-4.63128e-06
-4.63774e-06
-4.6442e-06
-4.65065e-06
-4.65709e-06
-4.66352e-06
-4.66993e-06
-4.67634e-06
-4.68274e-06
-4.68913e-06
-4.69551e-06
-4.70188e-06
-4.70824e-06
-4.7146e-06
-4.72094e-06
-4.72727e-06
-4.73359e-06
-4.73989e-06
-4.74619e-06
-4.75248e-06
-4.75876e-06
-4.76503e-06
-4.77129e-06
-4.77753e-06
-4.78377e-06
-4.78999e-06
-4.79621e-06
-4.80241e-06
-4.8086e-06
-4.81478e-06
-4.82096e-06
-4.82711e-06
-4.83326e-06
-4.8394e-06
-4.84553e-06
-4.85164e-06
-4.85774e-06
-4.86384e-06
-4.86992e-06
-4.87599e-06
-4.88205e-06
-4.88811e-06
-4.89415e-06
-4.90018e-06
-4.90621e-06
-4.91222e-06
-4.91823e-06
-4.92422e-06
-4.93021e-06
-4.93618e-06
-4.94215e-06
-4.94811e-06
-4.95405e-06
-4.95999e-06
-4.96592e-06
-4.97184e-06
-4.97774e-06
-4.98364e-06
-4.98952e-06
-4.9954e-06
-5.00126e-06
-5.00712e-06
-5.01296e-06
-5.01879e-06
-5.02461e-06
-5.03042e-06
-5.03622e-06
-5.042e-06
-5.04778e-06
-5.05354e-06
-5.05929e-06
-5.06503e-06
-5.07076e-06
-5.07648e-06
-5.08218e-06
-5.08787e-06
-5.09355e-06
-5.09922e-06
-5.10488e-06
-5.11052e-06
-5.11615e-06
-5.12177e-06
-5.12738e-06
-5.13297e-06
-5.13855e-06
-5.14412e-06
-5.14967e-06
-5.15522e-06
-5.16075e-06
-5.16627e-06
-5.17177e-06
-5.17726e-06
-5.18274e-06
-5.18821e-06
-5.19366e-06
-5.1991e-06
-5.20453e-06
-5.20994e-06
-5.21534e-06
-5.22073e-06
-5.2261e-06
-5.23147e-06
-5.23681e-06
-5.24215e-06
-5.24747e-06
-5.25278e-06
-5.25807e-06
-5.26336e-06
-5.26863e-06
-5.27388e-06
-5.27912e-06
-5.28435e-06
-5.28957e-06
-5.29477e-06
-5.29996e-06
-5.30513e-06
-5.3103e-06
-5.31545e-06
-5.32058e-06
-5.3257e-06
-5.33081e-06
-5.33591e-06
-5.34099e-06
-5.34606e-06
-5.35111e-06
-5.35615e-06
-5.36118e-06
-5.3662e-06
-5.3712e-06
-5.37619e-06
-5.38116e-06
-5.38612e-06
-5.39107e-06
-5.396e-06
-5.40092e-06
-5.40583e-06
-5.41072e-06
-5.4156e-06
-5.42047e-06
-5.42532e-06
-5.43016e-06
-5.43499e-06
-5.43981e-06
-5.44461e-06
-5.44939e-06
-5.45417e-06
-5.45892e-06
-5.46367e-06
-5.4684e-06
-5.47312e-06
-5.47783e-06
-5.48252e-06
-5.4872e-06
-5.49187e-06
-5.49652e-06
-5.50116e-06
-5.50579e-06
-5.5104e-06
-5.515e-06
-5.51959e-06
-5.52416e-06
-5.52873e-06
-5.53327e-06
-5.53781e-06
-5.54233e-06
-5.54683e-06
-5.55133e-06
-5.55581e-06
-5.56028e-06
-5.56473e-06
-5.56918e-06
-5.57361e-06
-5.57802e-06
-5.58242e-06
-5.58681e-06
-5.59119e-06
-5.59555e-06
-5.59991e-06
-5.60424e-06
-5.60857e-06
-5.61288e-06
-5.61718e-06
-5.62146e-06
-5.62574e-06
-5.63e-06
-5.63425e-06
-5.63848e-06
-5.6427e-06
-5.64691e-06
-5.65111e-06
-5.65529e-06
-5.65946e-06
-5.66362e-06
-5.66776e-06
-5.6719e-06
-5.67602e-06
-5.68012e-06
-5.68422e-06
-5.6883e-06
-5.69237e-06
-5.69643e-06
-5.70047e-06
-5.7045e-06
-5.70852e-06
-5.71253e-06
-5.71652e-06
-5.72051e-06
-5.72448e-06
-5.72843e-06
-5.73238e-06
-5.73631e-06
-5.74023e-06
-5.74414e-06
-5.74803e-06
-5.75192e-06
-5.75579e-06
-5.75964e-06
-5.76349e-06
-5.76733e-06
-5.77115e-06
-5.77496e-06
-5.77876e-06
-5.78254e-06
-5.78632e-06
-5.79008e-06
-5.79383e-06
-5.79756e-06
-5.80129e-06
-5.805e-06
-5.80871e-06
-5.8124e-06
-5.81607e-06
-5.81974e-06
-5.82339e-06
-5.82704e-06
-5.83067e-06
-5.83429e-06
-5.8379e-06
-5.84149e-06
-5.84507e-06
-5.84865e-06
-5.85221e-06
-5.85576e-06
-5.8593e-06
-5.86282e-06
-5.86634e-06
-5.86984e-06
-5.87333e-06
-5.87681e-06
-5.88028e-06
-5.88374e-06
-5.88718e-06
-5.89062e-06
-5.89404e-06
-5.89745e-06
-5.90085e-06
-5.90424e-06
-5.90762e-06
-5.91099e-06
-5.91434e-06
-5.91769e-06
-5.92102e-06
-5.92435e-06
-5.92766e-06
-5.93096e-06
-5.93425e-06
-5.93753e-06
-5.94079e-06
-5.94405e-06
-5.9473e-06
-5.95053e-06
-5.95376e-06
-5.95697e-06
-5.96017e-06
-5.96336e-06
-5.96655e-06
-5.96972e-06
-5.97288e-06
-5.97602e-06
-5.97916e-06
-5.98229e-06
-5.98541e-06
-5.98852e-06
-5.99161e-06
-5.9947e-06
-5.99777e-06
-6.00084e-06
-6.00389e-06
-6.00694e-06
-6.00997e-06
-6.01299e-06
-6.01601e-06
-6.01901e-06
-6.022e-06
-6.02498e-06
-6.02796e-06
-6.03092e-06
-6.03387e-06
-6.03681e-06
-6.03974e-06
-6.04267e-06
-6.04558e-06
-6.04848e-06
-6.05137e-06
-6.05425e-06
-6.05712e-06
-6.05999e-06
-6.06284e-06
-6.06568e-06
-6.06851e-06
-6.07133e-06
-6.07415e-06
-6.07695e-06
-6.07974e-06
-6.08253e-06
-6.0853e-06
-6.08807e-06
-6.09082e-06
-6.09357e-06
-6.0963e-06
-6.09903e-06
-6.10175e-06
-6.10445e-06
-6.10715e-06
-6.10984e-06
-6.11252e-06
-6.11519e-06
-6.11785e-06
-6.1205e-06
-6.12314e-06
-6.12578e-06
-6.1284e-06
-6.13101e-06
-6.13362e-06
-6.13622e-06
-6.1388e-06
-6.14138e-06
-6.14395e-06
-6.14651e-06
-6.14906e-06
-6.1516e-06
-6.15413e-06
-6.15666e-06
-6.15917e-06
-6.16168e-06
-6.16418e-06
-6.16667e-06
-6.16915e-06
-6.17162e-06
-6.17408e-06
-6.17653e-06
-6.17898e-06
-6.18141e-06
-6.18384e-06
-6.18626e-06
-6.18867e-06
-6.19107e-06
-6.19347e-06
-6.19585e-06
-6.19823e-06
-6.2006e-06
-6.20296e-06
-6.20531e-06
-6.20765e-06
-6.20999e-06
-6.21231e-06
-6.21463e-06
-6.21694e-06
-6.21924e-06
-6.22153e-06
-6.22382e-06
-6.2261e-06
-6.22837e-06
-6.23063e-06
-6.23288e-06
-6.23512e-06
-6.23736e-06
-6.23959e-06
-6.24181e-06
-6.24402e-06
-6.24623e-06
-6.24842e-06
-6.25061e-06
-6.25279e-06
-6.25497e-06
-6.25713e-06
-6.25929e-06
-6.26144e-06
-6.26358e-06
-6.26572e-06
-6.26784e-06
-6.26996e-06
-6.27208e-06
-6.27418e-06
-6.27628e-06
-6.27837e-06
-6.28045e-06
-6.28252e-06
-6.28459e-06
-6.28665e-06
-6.2887e-06
-6.29074e-06
-6.29278e-06
-6.29481e-06
-6.29683e-06
-6.29884e-06
-6.30085e-06