0
8.26145e-07
1.56204e-06
2.17978e-06
2.69499e-06
3.12202e-06
3.47307e-06
3.75847e-06
3.98705e-06
4.16608e-06
4.3019e-06
4.39999e-06
4.46518e-06
4.50171e-06
4.51333e-06
4.50326e-06
4.47442e-06
4.42943e-06
4.37064e-06
4.30015e-06
4.21985e-06
4.13143e-06
4.03641e-06
3.93611e-06
3.83172e-06
3.72432e-06
3.61481e-06
3.50399e-06
3.39256e-06
3.28113e-06
3.17024e-06
3.06035e-06
2.95185e-06
2.84508e-06
2.74033e-06
2.63782e-06
2.53774e-06
2.44025e-06
2.34546e-06
2.25347e-06
2.16434e-06
2.0781e-06
1.99478e-06
1.91438e-06
1.83689e-06
1.76228e-06
1.69052e-06
1.62156e-06
1.55536e-06
1.49185e-06
1.43097e-06
1.37264e-06
1.3168e-06
1.26338e-06
1.21229e-06
1.16346e-06
1.11682e-06
1.07228e-06
1.02978e-06
9.89225e-07
9.50553e-07
9.13689e-07
8.78559e-07
8.45095e-07
8.13228e-07
7.82891e-07
7.5402e-07
7.26552e-07
7.00427e-07
6.75587e-07
6.51975e-07
6.29536e-07
6.0822e-07
5.87975e-07
5.68752e-07
5.50506e-07
5.33193e-07
5.16768e-07
5.01192e-07
4.86426e-07
4.72431e-07
4.59173e-07
4.46616e-07
4.34728e-07
4.23477e-07
4.12835e-07
4.02772e-07
3.93261e-07
3.84275e-07
3.75791e-07
3.67785e-07
3.60234e-07
3.53116e-07
3.46412e-07
3.40101e-07
3.34165e-07
3.28586e-07
3.23348e-07
3.18433e-07
3.13828e-07
3.09518e-07
3.05487e-07
3.01724e-07
2.98216e-07
2.9495e-07
2.91916e-07
2.89102e-07
2.86498e-07
2.84094e-07
2.81881e-07
2.79849e-07
2.77991e-07
2.76298e-07
2.74762e-07
2.73376e-07
2.72134e-07
2.71027e-07
2.70051e-07
2.69198e-07
2.68464e-07
2.67842e-07
2.67328e-07
2.66916e-07
2.66602e-07
2.66381e-07
2.66248e-07
2.662e-07
2.66233e-07
2.66343e-07
2.66526e-07
2.66779e-07
2.67099e-07
2.67482e-07
2.67926e-07
2.68427e-07
2.68984e-07
2.69593e-07
2.70252e-07
2.70958e-07
2.7171e-07
2.72506e-07
2.73342e-07
2.74218e-07
2.75131e-07
2.76079e-07
2.77062e-07
2.78077e-07
2.79122e-07
2.80198e-07
2.81303e-07
2.82435e-07
2.83593e-07
2.84777e-07
2.85985e-07
2.87217e-07
2.8847e-07
2.89744e-07
2.91038e-07
2.92351e-07
2.93678e-07
2.95017e-07
2.96365e-07
2.97721e-07
2.99082e-07
3.00449e-07
3.0182e-07
3.03194e-07
3.04571e-07
3.0595e-07
3.07332e-07
3.08716e-07
3.10101e-07
3.11488e-07
3.12876e-07
3.14266e-07
3.15658e-07
3.17051e-07
3.18445e-07
3.19841e-07
3.21238e-07
3.22636e-07
3.24035e-07
3.25435e-07
3.26836e-07
3.28239e-07
3.29642e-07
3.31046e-07
3.3245e-07
3.33855e-07
3.3526e-07
3.36666e-07
3.38072e-07
3.39478e-07
3.40884e-07
3.4229e-07
3.43696e-07
3.45101e-07
3.46505e-07
3.47909e-07
3.49312e-07
3.50714e-07
3.52115e-07
3.53515e-07
3.54913e-07
3.5631e-07
3.57705e-07
3.59099e-07
3.6049e-07
3.6188e-07
3.63267e-07
3.64652e-07
3.66035e-07
3.67415e-07
3.68792e-07
3.70167e-07
3.71539e-07
3.72908e-07
3.74274e-07
3.75636e-07
3.76996e-07
3.78351e-07
3.79704e-07
3.81053e-07
3.82398e-07
3.8374e-07
3.85077e-07
3.86411e-07
3.87741e-07
3.89066e-07
3.90388e-07
3.91705e-07
3.93018e-07
3.94326e-07
3.9563e-07
3.9693e-07
3.98224e-07
3.99515e-07
4.008e-07
4.02081e-07
4.03357e-07
4.04628e-07
4.05894e-07
4.07155e-07
4.08411e-07
4.09662e-07
4.10908e-07
4.12149e-07
4.13385e-07
4.14615e-07
4.1584e-07
4.1706e-07
4.18274e-07
4.19483e-07
4.20687e-07
4.21885e-07
4.23077e-07
4.24264e-07
4.25446e-07
4.26622e-07
4.27792e-07
4.28957e-07
4.30116e-07
4.3127e-07
4.32418e-07
4.3356e-07
4.34696e-07
4.35827e-07
4.36952e-07
4.38072e-07
4.39185e-07
4.40293e-07
4.41395e-07
4.42491e-07
4.43581e-07
4.44666e-07
4.45744e-07
4.46817e-07
4.47884e-07
4.48946e-07
4.50001e-07
4.5105e-07
4.52094e-07
4.53132e-07
4.54164e-07
4.5519e-07
4.5621e-07
4.57224e-07
4.58233e-07
4.59235e-07
4.60232e-07
4.61223e-07
4.62208e-07
4.63187e-07
4.64161e-07
4.65128e-07
4.6609e-07
4.67046e-07
4.67996e-07
4.6894e-07
4.69879e-07
4.70811e-07
4.71738e-07
4.72659e-07
4.73574e-07
4.74484e-07
4.75388e-07
4.76286e-07
4.77178e-07
4.78065e-07
4.78945e-07
4.79821e-07
4.8069e-07
4.81554e-07
4.82412e-07
4.83265e-07
4.84111e-07
4.84953e-07
4.85788e-07
4.86618e-07
4.87443e-07
4.88262e-07
4.89075e-07
4.89883e-07
4.90685e-07
4.91482e-07
4.92273e-07
4.93059e-07
4.93839e-07
4.94614e-07
4.95384e-07
4.96148e-07
4.96907e-07
4.9766e-07
4.98408e-07
4.99151e-07
4.99888e-07
5.0062e-07
5.01347e-07
5.02068e-07
5.02785e-07
5.03496e-07
5.04202e-07
5.04902e-07
5.05598e-07
5.06288e-07
5.06973e-07
5.07654e-07
5.08329e-07
5.08999e-07
5.09664e-07
5.10324e-07
5.10978e-07
5.11628e-07
5.12273e-07
5.12914e-07
5.13549e-07
5.14179e-07
5.14804e-07
5.15425e-07
5.16041e-07
5.16651e-07
5.17258e-07
5.17859e-07
5.18455e-07
5.19047e-07
5.19634e-07
5.20217e-07
5.20795e-07
5.21368e-07
5.21937e-07
5.22501e-07
5.2306e-07
5.23615e-07
5.24165e-07
5.24711e-07
5.25252e-07
5.25789e-07
5.26322e-07
5.2685e-07
5.27374e-07
5.27893e-07
5.28408e-07
5.28918e-07
5.29425e-07
5.29927e-07
5.30425e-07
5.30918e-07
5.31408e-07
5.31893e-07
5.32374e-07
5.32851e-07
5.33324e-07
5.33792e-07
5.34257e-07
5.34717e-07
5.35174e-07
5.35627e-07
5.36075e-07
5.3652e-07
5.3696e-07
5.37397e-07
5.3783e-07
5.38259e-07
5.38684e-07
5.39106e-07
5.39523e-07
5.39937e-07
5.40347e-07
5.40753e-07
5.41156e-07
5.41555e-07
5.4195e-07
5.42341e-07
5.42729e-07
5.43114e-07
5.43494e-07
5.43872e-07
5.44245e-07
5.44616e-07
5.44982e-07
5.45346e-07
5.45705e-07
5.46062e-07
5.46415e-07
5.46764e-07
5.47111e-07
5.47454e-07
5.47793e-07
5.4813e-07
5.48463e-07
5.48793e-07
5.49119e-07
5.49443e-07
5.49763e-07
5.5008e-07
5.50394e-07
5.50705e-07
5.51012e-07
5.51317e-07
5.51619e-07
5.51917e-07
5.52213e-07
5.52505e-07
5.52795e-07
5.53082e-07
5.53365e-07
5.53646e-07
5.53924e-07
5.54199e-07
5.54471e-07
5.54741e-07
5.55007e-07
5.55271e-07
5.55532e-07
5.55791e-07
5.56046e-07
5.56299e-07
5.56549e-07
5.56797e-07
5.57041e-07
5.57284e-07
5.57523e-07
5.5776e-07
5.57995e-07
5.58227e-07
5.58456e-07
5.58683e-07
5.58907e-07
5.59129e-07
5.59349e-07
5.59566e-07
5.5978e-07
5.59993e-07
5.60203e-07
5.6041e-07
5.60615e-07
5.60818e-07
5.61018e-07
5.61217e-07
5.61413e-07
5.61606e-07
5.61798e-07
5.61987e-07
5.62174e-07
5.62359e-07
5.62541e-07
5.62722e-07
5.629e-07
5.63077e-07
5.63251e-07
5.63423e-07
5.63593e-07
5.63761e-07
5.63927e-07
5.64091e-07
5.64253e-07
5.64413e-07
5.64571e-07
5.64727e-07
5.64881e-07
5.65033e-07
5.65183e-07
5.65332e-07
5.65478e-07
5.65623e-07
5.65766e-07
5.65907e-07
5.66046e-07
5.66184e-07
5.66319e-07
5.66453e-07
5.66586e-07
5.66716e-07
5.66845e-07
5.66972e-07
5.67097e-07
5.67221e-07
5.67343e-07
5.67463e-07
5.67582e-07
5.67699e-07
5.67815e-07
5.67929e-07
5.68041e-07
5.68152e-07
5.68261e-07
5.68369e-07
5.68475e-07
5.6858e-07
5.68683e-07
5.68785e-07
5.68886e-07
5.68984e-07
5.69082e-07
5.69178e-07
5.69273e-07
5.69366e-07
5.69458e-07
5.69548e-07
5.69637e-07
5.69725e-07
5.69811e-07
5.69897e-07
5.6998e-07
5.70063e-07
5.70144e-07
5.70224e-07
5.70303e-07
5.7038e-07
5.70457e-07
5.70532e-07
5.70605e-07
5.70678e-07
5.70749e-07
5.7082e-07
5.70889e-07
5.70957e-07
5.71023e-07
5.71089e-07
5.71154e-07
5.71217e-07
5.71279e-07
5.7134e-07
5.71401e-07
5.7146e-07
5.71518e-07
5.71575e-07
5.71631e-07
5.71686e-07
5.7174e-07
5.71793e-07
5.71846e-07
5.71898e-07
5.71949e-07
5.71999e-07
5.72048e-07
5.72096e-07
5.72144e-07
5.72191e-07
5.72237e-07
5.72282e-07
5.72327e-07
5.7237e-07
5.72413e-07
5.72455e-07
5.72497e-07
5.72537e-07
5.72577e-07
5.72616e-07
5.72655e-07
5.72692e-07
5.72729e-07
5.72765e-07
5.728e-07
5.72834e-07
5.72868e-07
5.72901e-07
5.72933e-07
5.72964e-07
5.72995e-07
5.73025e-07
5.73054e-07
-3.33555e-06
-8.12535e-06
-1.25794e-05
-1.63692e-05
-1.94702e-05
-2.19501e-05
-2.38975e-05
-2.53985e-05
-2.65303e-05
-2.73604e-05
-2.79463e-05
-2.83375e-05
-2.85762e-05
-2.86973e-05
-2.87302e-05
-2.87e-05
-2.86275e-05
-2.85297e-05
-2.84204e-05
-2.8311e-05
-2.82109e-05
-2.81286e-05
-2.80713e-05
-2.80454e-05
-2.80561e-05
-2.81086e-05
-2.82075e-05
-2.83588e-05
-2.85693e-05
-2.88459e-05
-2.91965e-05
-2.96296e-05
-3.01573e-05
-3.07942e-05
-3.15569e-05
-3.24663e-05
-3.35509e-05
-3.4844e-05
-3.63923e-05
-3.82542e-05
-4.05127e-05
-4.32805e-05
-4.67194e-05
-5.10743e-05
-5.67357e-05
-6.43788e-05
-7.53459e-05
-9.29335e-05
-0.000128256
-0.000211307
-0.000326674
-0.000389164
-0.000405295
-0.000402583
-0.000393715
-0.000382799
-0.000370876
-0.000358067
-0.000344136
-0.000328609
-0.000310791
-0.000289766
-0.000264422
-0.000233592
-0.000196479
-0.000153538
-0.000107593
-6.39216e-05
-2.79889e-05
-2.31835e-06
1.41902e-05
2.43382e-05
3.06844e-05
3.48694e-05
3.77656e-05
3.97986e-05
4.11761e-05
4.20087e-05
4.2365e-05
4.22962e-05
4.18457e-05
4.10542e-05
3.99608e-05
3.86041e-05
3.70218e-05
3.52502e-05
3.33243e-05
3.12768e-05
2.9138e-05
2.69356e-05
2.46942e-05
2.24357e-05
2.01791e-05
1.79401e-05
1.57324e-05
1.35668e-05
1.14517e-05
9.39402e-06
7.39853e-06
5.46823e-06
3.60538e-06
1.81058e-06
8.3385e-08
-1.57704e-06
-3.17205e-06
-4.70382e-06
-6.17494e-06
-7.58917e-06
-8.94754e-06
-1.02547e-05
-1.15138e-05
-1.27297e-05
-1.39047e-05
-1.50434e-05
-1.61494e-05
-1.72293e-05
-1.82872e-05
-1.93292e-05
-2.03601e-05
-2.13891e-05
-2.24247e-05
-2.34772e-05
-2.45572e-05
-2.56826e-05
-2.68703e-05
-2.81399e-05
-2.95147e-05
-3.10117e-05
-3.26452e-05
-3.44126e-05
-3.62826e-05
-3.81881e-05
-4.00277e-05
-4.16505e-05
-4.28442e-05
-4.33496e-05
-4.28819e-05
-4.11952e-05
-3.81605e-05
-3.3867e-05
-2.86399e-05
-2.301e-05
-1.75658e-05
-1.27951e-05
-8.96592e-06
-6.11255e-06
-4.10529e-06
-2.749e-06
-1.85338e-06
-1.2666e-06
-8.80017e-07
-6.21212e-07
-4.43779e-07
-3.18579e-07
-2.27459e-07
-1.59092e-07
-1.0634e-07
-6.46306e-08
-3.09755e-08
-3.36546e-09
1.95884e-08
3.88768e-08
5.52273e-08
6.91897e-08
8.11898e-08
9.15639e-08
1.00582e-07
1.08466e-07
1.15395e-07
1.2152e-07
1.26968e-07
1.31843e-07
1.36234e-07
1.40216e-07
1.43853e-07
1.47199e-07
1.50298e-07
1.5319e-07
1.55908e-07
1.5848e-07
1.6093e-07
1.63278e-07
1.65541e-07
1.67735e-07
1.69872e-07
1.71963e-07
1.74017e-07
1.76042e-07
1.78045e-07
1.80032e-07
1.82007e-07
1.83975e-07
1.85939e-07
1.87903e-07
1.89869e-07
1.91839e-07
1.93816e-07
1.95802e-07
1.97796e-07
1.99802e-07
2.0182e-07
2.03851e-07
2.05896e-07
2.07956e-07
2.10031e-07
2.12122e-07
2.14229e-07
2.16353e-07
2.18494e-07
2.20653e-07
2.2283e-07
2.25025e-07
2.27238e-07
2.2947e-07
2.31722e-07
2.33992e-07
2.36281e-07
2.38591e-07
2.40919e-07
2.43268e-07
2.45637e-07
2.48026e-07
2.50435e-07
2.52864e-07
2.55314e-07
2.57785e-07
2.60277e-07
2.62789e-07
2.65323e-07
2.67877e-07
2.70453e-07
2.73051e-07
2.75669e-07
2.7831e-07
2.80972e-07
2.83655e-07
2.86361e-07
2.89088e-07
2.91838e-07
2.94609e-07
2.97403e-07
3.00219e-07
3.03058e-07
3.05918e-07
3.08802e-07
3.11708e-07
3.14636e-07
3.17587e-07
3.20561e-07
3.23558e-07
3.26578e-07
3.29621e-07
3.32687e-07
3.35776e-07
3.38888e-07
3.42023e-07
3.45181e-07
3.48363e-07
3.51568e-07
3.54797e-07
3.58049e-07
3.61324e-07
3.64623e-07
3.67946e-07
3.71292e-07
3.74662e-07
3.78055e-07
3.81472e-07
3.84913e-07
3.88377e-07
3.91865e-07
3.95377e-07
3.98913e-07
4.02472e-07
4.06055e-07
4.09662e-07
4.13292e-07
4.16947e-07
4.20625e-07
4.24326e-07
4.28052e-07
4.31801e-07
4.35574e-07
4.39371e-07
4.43191e-07
4.47035e-07
4.50902e-07
4.54793e-07
4.58708e-07
4.62646e-07
4.66608e-07
4.70593e-07
4.74601e-07
4.78633e-07
4.82687e-07
4.86766e-07
4.90867e-07
4.94991e-07
4.99138e-07
5.03309e-07
5.07502e-07
5.11718e-07
5.15957e-07
5.20218e-07
5.24502e-07
5.28808e-07
5.33137e-07
5.37488e-07
5.41861e-07
5.46257e-07
5.50674e-07
5.55113e-07
5.59574e-07
5.64057e-07
5.68561e-07
5.73086e-07
5.77633e-07
5.82201e-07
5.8679e-07
5.914e-07
5.96031e-07
6.00682e-07
6.05354e-07
6.10046e-07
6.14759e-07
6.19491e-07
6.24244e-07
6.29016e-07
6.33807e-07
6.38618e-07
6.43448e-07
6.48298e-07
6.53166e-07
6.58053e-07
6.62958e-07
6.67882e-07
6.72824e-07
6.77784e-07
6.82762e-07
6.87758e-07
6.9277e-07
6.978e-07
7.02847e-07
7.07911e-07
7.12991e-07
7.18088e-07
7.23201e-07
7.2833e-07
7.33474e-07
7.38635e-07
7.4381e-07
7.49e-07
7.54206e-07
7.59425e-07
7.64659e-07
7.69908e-07
7.7517e-07
7.80446e-07
7.85735e-07
7.91037e-07
7.96352e-07
8.0168e-07
8.07021e-07
8.12373e-07
8.17737e-07
8.23113e-07
8.285e-07
8.33899e-07
8.39308e-07
8.44728e-07
8.50158e-07
8.55598e-07
8.61047e-07
8.66507e-07
8.71975e-07
8.77453e-07
8.82938e-07
8.88433e-07
8.93935e-07
8.99445e-07
9.04963e-07
9.10488e-07
9.1602e-07
9.21558e-07
9.27103e-07
9.32654e-07
9.3821e-07
9.43772e-07
9.49339e-07
9.54912e-07
9.60488e-07
9.66069e-07
9.71654e-07
9.77242e-07
9.82834e-07
9.88429e-07
9.94027e-07
9.99627e-07
1.00523e-06
1.01083e-06
1.01644e-06
1.02205e-06
1.02765e-06
1.03326e-06
1.03887e-06
1.04448e-06
1.05009e-06
1.05569e-06
1.0613e-06
1.06691e-06
1.07251e-06
1.07811e-06
1.08371e-06
1.08931e-06
1.09491e-06
1.1005e-06
1.10609e-06
1.11167e-06
1.11725e-06
1.12283e-06
1.1284e-06
1.13397e-06
1.13953e-06
1.14508e-06
1.15063e-06
1.15618e-06
1.16172e-06
1.16725e-06
1.17277e-06
1.17829e-06
1.1838e-06
1.1893e-06
1.19479e-06
1.20027e-06
1.20575e-06
1.21122e-06
1.21667e-06
1.22212e-06
1.22756e-06
1.23298e-06
1.2384e-06
1.24381e-06
1.2492e-06
1.25458e-06
1.25995e-06
1.26531e-06
1.27066e-06
1.27599e-06
1.28132e-06
1.28662e-06
1.29192e-06
1.2972e-06
1.30247e-06
1.30773e-06
1.31297e-06
1.31819e-06
1.32341e-06
1.3286e-06
1.33379e-06
1.33895e-06
1.34411e-06
1.34924e-06
1.35436e-06
1.35947e-06
1.36455e-06
1.36962e-06
1.37468e-06
1.37971e-06
1.38473e-06
1.38973e-06
1.39471e-06
1.39967e-06
1.40462e-06
1.40954e-06
1.41445e-06
1.41934e-06
1.4242e-06
1.42905e-06
1.43387e-06
1.43868e-06
1.44347e-06
1.44823e-06
1.45297e-06
1.45769e-06
1.46239e-06
1.46707e-06
1.47173e-06
1.47636e-06
1.48098e-06
1.48557e-06
1.49013e-06
1.49468e-06
1.4992e-06
1.50369e-06
1.50817e-06
1.51262e-06
1.51704e-06
1.52145e-06
1.52582e-06
1.53018e-06
1.53451e-06
1.53881e-06
1.54309e-06
1.54734e-06
1.55157e-06
1.55578e-06
1.55996e-06
1.56411e-06
1.56824e-06
1.57234e-06
1.57641e-06
1.58045e-06
1.58446e-06
1.58845e-06
1.5924e-06
1.59633e-06
1.60023e-06
1.6041e-06
1.60794e-06
1.61175e-06
1.61553e-06
1.61928e-06
1.62301e-06
1.62671e-06
1.63037e-06
1.63401e-06
1.63763e-06
1.64121e-06
1.64476e-06
1.64829e-06
1.65179e-06
1.65526e-06
1.6587e-06
1.66211e-06
1.66549e-06
1.66885e-06
1.67218e-06
1.67547e-06
1.67874e-06
1.68198e-06
1.68519e-06
1.68837e-06
1.69153e-06
1.69465e-06
1.69775e-06
1.70081e-06
1.70385e-06
1.70685e-06
1.70983e-06
1.71278e-06
1.7157e-06
1.71859e-06
1.72145e-06
1.72428e-06
1.72708e-06
1.72985e-06
1.7326e-06
1.73531e-06
1.73799e-06
1.74065e-06
1.74327e-06
1.74587e-06
1.74843e-06
1.75097e-06
1.75347e-06
1.75595e-06
1.7584e-06
1.76081e-06
1.7632e-06
1.76556e-06
1.76789e-06
1.77018e-06
1.77245e-06
1.77469e-06
1.7769e-06
1.77908e-06
1.78123e-06
1.78335e-06
1.78545e-06
1.78751e-06
1.78954e-06
1.79155e-06
1.79352e-06
1.79547e-06
1.79738e-06
1.79927e-06
1.80113e-06
1.80295e-06
1.80475e-06
1.80652e-06
1.80826e-06
1.80998e-06
1.81166e-06
1.81331e-06
1.81494e-06
1.81654e-06
1.8181e-06
1.81964e-06
1.82115e-06
1.82264e-06
1.82409e-06
1.82552e-06
1.82691e-06
1.82828e-06
1.82962e-06
1.83094e-06
1.83223e-06
1.83348e-06
1.83472e-06
1.83592e-06
1.8371e-06
1.83826e-06
1.83938e-06
1.84049e-06
1.84156e-06
1.84261e-06
1.84363e-06
1.84463e-06
1.84559e-06
1.84654e-06
1.84746e-06
1.84835e-06
1.84921e-06
1.85005e-06
1.85086e-06
1.85165e-06
1.85241e-06
1.85314e-06
1.85385e-06
1.85454e-06
1.85519e-06
1.85583e-06
1.85643e-06
1.85701e-06
1.85757e-06
1.8581e-06
1.8586e-06
1.85908e-06
1.85954e-06
1.85996e-06
1.86037e-06
1.86075e-06
1.8611e-06
1.86143e-06
1.86173e-06
1.86201e-06
1.86227e-06
1.8625e-06
1.86271e-06
1.86289e-06
1.86305e-06
1.86318e-06
1.86329e-06
1.86338e-06
1.86344e-06
1.86348e-06
1.8635e-06
1.86349e-06
1.86346e-06
1.86341e-06
1.86333e-06
1.86323e-06
1.86311e-06
1.86296e-06
1.8628e-06
1.8626e-06
1.86239e-06
1.86216e-06
1.8619e-06
1.86162e-06
1.86132e-06
1.86099e-06
1.86064e-06
1.86026e-06
1.85986e-06
1.85942e-06
1.85896e-06
1.85848e-06
1.85796e-06
1.85742e-06
1.85686e-06
1.85626e-06
1.85565e-06
1.85501e-06
1.85434e-06
1.85365e-06
1.85294e-06
1.85221e-06
1.85145e-06
1.85068e-06
1.84988e-06
1.84906e-06
1.84822e-06
1.84736e-06
1.84648e-06
1.84558e-06
1.84467e-06
1.84373e-06
1.84278e-06
1.8418e-06
1.84081e-06
1.8398e-06
1.83877e-06
1.83773e-06
1.83667e-06
1.83559e-06
1.83449e-06
1.83338e-06
1.83225e-06
1.8311e-06
1.82994e-06
1.82876e-06
1.82756e-06
1.82635e-06
1.82512e-06
1.82388e-06
1.82262e-06
1.82135e-06
1.82006e-06
1.81875e-06
1.81743e-06
1.8161e-06
1.81475e-06
1.81339e-06
1.81201e-06
1.81062e-06
1.80921e-06
1.80779e-06
1.80635e-06
1.8049e-06
1.80344e-06
1.80196e-06
1.80047e-06
1.79897e-06
1.79745e-06
1.79592e-06
1.79437e-06
1.79281e-06
1.79124e-06
1.78966e-06
1.78806e-06
1.78646e-06
1.78483e-06
1.7832e-06
1.78156e-06
1.7799e-06
1.77823e-06
1.77655e-06
1.77485e-06
1.77315e-06
1.77143e-06
1.7697e-06
1.76796e-06
1.76621e-06
1.76445e-06
1.76267e-06
1.76089e-06
1.7591e-06
1.75729e-06
1.75547e-06
1.75365e-06
1.75181e-06
1.74996e-06
1.74811e-06
1.74624e-06
1.74436e-06
1.74248e-06
1.74058e-06
1.73867e-06
1.73676e-06
1.73484e-06
1.7329e-06
1.73096e-06
1.72902e-06
1.72706e-06
1.7251e-06
1.72313e-06
1.72115e-06
1.71917e-06
1.71718e-06
1.71518e-06
1.71318e-06
1.71117e-06
1.70915e-06
1.70712e-06
1.70509e-06
1.70306e-06
1.70101e-06
1.69896e-06
1.6969e-06
1.69484e-06
1.69277e-06
1.69069e-06
1.68861e-06
1.68652e-06
1.68443e-06
1.68233e-06
1.68022e-06
1.6781e-06
1.67599e-06
1.67386e-06
1.67173e-06
1.66959e-06
1.66745e-06
1.6653e-06
1.66314e-06
1.66098e-06
1.65882e-06
1.65665e-06
1.65447e-06
1.65229e-06
1.6501e-06
1.64791e-06
1.64571e-06
1.64351e-06
1.6413e-06
1.63908e-06
1.63687e-06
1.63464e-06
1.63242e-06
1.63018e-06
1.62795e-06
1.62571e-06
1.62346e-06
1.62121e-06
1.61896e-06
1.6167e-06
1.61444e-06
1.61217e-06
1.6099e-06
1.60763e-06
1.60535e-06
1.60307e-06
1.60078e-06
1.59849e-06
1.5962e-06
1.59391e-06
1.59161e-06
1.5893e-06
1.587e-06
1.58469e-06
1.58238e-06
1.58006e-06
1.57775e-06
1.57543e-06
1.5731e-06
1.57078e-06
1.56845e-06
1.56612e-06
1.56378e-06
1.56145e-06
1.5591e-06
1.55675e-06
1.5544e-06
1.55203e-06
1.54965e-06
1.54727e-06
1.54488e-06
1.54247e-06
1.54006e-06
1.53764e-06
1.53522e-06
1.53278e-06
1.53035e-06
1.5279e-06
1.52545e-06
1.52299e-06
1.52053e-06
1.51806e-06
1.51559e-06
1.51312e-06
1.51064e-06
1.50816e-06
1.50568e-06
1.5032e-06
1.50071e-06
1.49823e-06
1.49574e-06
1.49325e-06
1.49076e-06
1.48827e-06
1.48578e-06
1.48329e-06
1.4808e-06
1.47831e-06
1.47582e-06
1.47334e-06
1.47085e-06
1.46836e-06
1.46588e-06
1.46339e-06
1.46091e-06
1.45843e-06
1.45595e-06
1.45347e-06
1.45099e-06
1.44851e-06
1.44604e-06
1.44357e-06
1.4411e-06
1.43863e-06
1.43616e-06
1.4337e-06
1.43124e-06
1.42878e-06
1.42632e-06
1.42386e-06
1.42141e-06
1.41896e-06
1.41651e-06
1.41406e-06
1.41162e-06
1.40918e-06
1.40674e-06
1.4043e-06
1.40187e-06
1.39943e-06
1.39701e-06
1.39458e-06
1.39216e-06
1.38974e-06
1.38732e-06
1.3849e-06
1.38249e-06
1.38008e-06
1.37767e-06
1.37527e-06
1.37287e-06
1.37047e-06
1.36808e-06
1.36568e-06
1.36329e-06
1.36091e-06
1.35853e-06
1.35615e-06
1.35377e-06
1.3514e-06
1.34902e-06
1.34666e-06
1.34429e-06
1.34193e-06
1.33958e-06
1.33722e-06
1.33487e-06
1.33252e-06
1.33018e-06
1.32784e-06
1.3255e-06
1.32317e-06
1.32084e-06
1.31851e-06
1.31619e-06
1.31387e-06
1.31155e-06
1.30924e-06
1.30693e-06
1.30462e-06
1.30232e-06
1.30002e-06
1.29773e-06
1.29544e-06
1.29315e-06
1.29087e-06
1.28859e-06
1.28631e-06
1.28404e-06
1.28177e-06
1.27951e-06
1.27725e-06
1.27499e-06
1.27274e-06
1.27049e-06
1.26825e-06
1.26601e-06
1.26377e-06
1.26154e-06
1.25931e-06
1.25709e-06
1.25487e-06
1.25265e-06
1.25044e-06
1.24823e-06
1.24603e-06
1.24383e-06
1.24163e-06
1.23944e-06
1.23725e-06
1.23507e-06
1.23289e-06
1.23072e-06
1.22855e-06
1.22638e-06
1.22422e-06
1.22207e-06
1.21991e-06
1.21777e-06
1.21562e-06
1.21348e-06
1.21135e-06
1.20922e-06
1.20709e-06
1.20497e-06
1.20285e-06
1.20074e-06
1.19863e-06
1.19653e-06
1.19443e-06
1.19234e-06
1.19025e-06
1.18816e-06
1.18608e-06
1.184e-06
1.18193e-06
1.17987e-06
1.1778e-06
1.17575e-06
1.17369e-06
1.17164e-06
1.1696e-06
1.16756e-06
1.16553e-06
1.1635e-06
1.16147e-06
1.15945e-06
1.15744e-06
1.15543e-06
1.15342e-06
1.15142e-06
1.14942e-06
1.14743e-06
1.14544e-06
1.14346e-06
1.14148e-06
1.13951e-06
1.13754e-06
1.13558e-06
1.13362e-06
1.13167e-06
1.12972e-06
1.12778e-06
1.12584e-06
1.1239e-06
1.12197e-06
1.12005e-06
1.11813e-06
1.11622e-06
1.11431e-06
1.1124e-06
1.1105e-06
1.10861e-06
1.10672e-06
1.10483e-06
1.10295e-06
1.10108e-06
1.0992e-06
1.09734e-06
1.09548e-06
1.09362e-06
1.09177e-06
1.08993e-06
1.08808e-06
1.08625e-06
1.08442e-06
1.08259e-06
1.08077e-06
1.07895e-06
1.07714e-06
1.07534e-06
1.07353e-06
1.07174e-06
1.06995e-06
1.06816e-06
1.06638e-06
1.0646e-06
1.06283e-06
1.06106e-06
1.0593e-06
1.05754e-06
1.05579e-06
1.05404e-06
1.0523e-06
1.05056e-06
1.04883e-06
1.0471e-06
1.04538e-06
1.04366e-06
1.04195e-06
1.04024e-06
1.03854e-06
1.03684e-06
1.03515e-06
1.03346e-06
1.03178e-06
1.0301e-06
1.02843e-06
1.02676e-06
1.0251e-06
1.02344e-06
1.02179e-06
1.02014e-06
1.01849e-06
1.01686e-06
1.01522e-06
1.01359e-06
1.01197e-06
1.01035e-06
1.00874e-06
1.00713e-06
1.00552e-06
1.00392e-06
1.00233e-06
1.00074e-06
9.99153e-07
9.97573e-07
9.95998e-07
9.94428e-07
9.92862e-07
9.91302e-07
9.89746e-07
9.88195e-07
9.86649e-07
9.85108e-07
9.83571e-07
9.8204e-07
9.80513e-07
9.78991e-07
9.77474e-07
9.75961e-07
9.74454e-07
9.72951e-07
9.71453e-07
9.6996e-07
9.68471e-07
9.66988e-07
9.65509e-07
9.64034e-07
9.62565e-07
9.611e-07
9.5964e-07
9.58185e-07
9.56734e-07
9.55289e-07
9.53847e-07
9.52411e-07
9.50979e-07
9.49552e-07
9.4813e-07
9.46712e-07
9.45299e-07
9.43891e-07
9.42487e-07
9.41088e-07
9.39694e-07
9.38304e-07
9.36919e-07
9.35538e-07
9.34162e-07
9.32791e-07
9.31424e-07
9.30062e-07
9.28704e-07
9.27351e-07
9.26002e-07
9.24658e-07
9.23319e-07
9.21984e-07
9.20654e-07
9.19328e-07
9.18007e-07
9.1669e-07
9.15378e-07
9.1407e-07
9.12766e-07
9.11468e-07
9.10173e-07
9.08883e-07
9.07598e-07
9.06317e-07
9.0504e-07
9.03768e-07
9.025e-07
9.01236e-07
8.99977e-07
8.98723e-07
8.97472e-07
8.96226e-07
8.94985e-07
8.93748e-07
8.92515e-07
8.91286e-07
8.90062e-07
8.88842e-07
8.87626e-07
8.86415e-07
8.85208e-07
8.84005e-07
8.82807e-07
8.81612e-07
8.80422e-07
8.79237e-07
8.78055e-07
8.76878e-07
8.75705e-07
8.74536e-07
8.73371e-07
8.7221e-07
8.71054e-07
8.69902e-07
8.68754e-07
8.6761e-07
8.6647e-07
8.65334e-07
8.64202e-07
8.63075e-07
8.61951e-07
8.60832e-07
8.59717e-07
8.58606e-07
8.57499e-07
8.56395e-07
8.55296e-07
8.54201e-07
8.5311e-07
8.52023e-07
8.5094e-07
8.49861e-07
8.48786e-07
8.47716e-07
8.46649e-07
8.45586e-07
8.44528e-07
8.43474e-07
8.42423e-07
8.41377e-07
8.40334e-07
8.39296e-07
8.38262e-07
8.37231e-07
8.36205e-07
8.35183e-07
8.34164e-07
8.3315e-07
8.32139e-07
8.31132e-07
8.30129e-07
8.2913e-07
8.28134e-07
8.27143e-07
8.26155e-07
8.25171e-07
8.24191e-07
8.23214e-07
8.22242e-07
8.21273e-07
8.20307e-07
8.19345e-07
8.18387e-07
8.17433e-07
8.16482e-07
8.15535e-07
8.14592e-07
8.13652e-07
8.12715e-07
8.11782e-07
8.10853e-07
8.09927e-07
8.09005e-07
8.08087e-07
8.07171e-07
8.0626e-07
8.05352e-07
8.04447e-07
8.03546e-07
8.02648e-07
8.01753e-07
8.00862e-07
7.99975e-07
7.99091e-07
7.9821e-07
7.97332e-07
7.96458e-07
7.95588e-07
7.9472e-07
7.93856e-07
7.92996e-07
7.92138e-07
7.91284e-07
7.90433e-07
7.89586e-07
7.88742e-07
7.87901e-07
7.87063e-07
7.86228e-07
7.85397e-07
7.84569e-07
7.83744e-07
7.82923e-07
7.82104e-07
7.81289e-07
7.80477e-07
7.79668e-07
7.78862e-07
7.78059e-07
7.7726e-07
7.76463e-07
7.7567e-07
7.7488e-07
7.74093e-07
7.73309e-07
7.72528e-07
7.7175e-07
7.70975e-07
7.70203e-07
7.69434e-07
7.68668e-07
7.67906e-07
7.67146e-07
7.66389e-07
7.65635e-07
7.64884e-07
7.64136e-07
7.63391e-07
7.62649e-07
7.6191e-07
7.61174e-07
7.60441e-07
7.59711e-07
7.58983e-07
7.58259e-07
7.57537e-07
7.56818e-07
7.56102e-07
7.55389e-07
7.54679e-07
7.53971e-07
7.53267e-07
7.52565e-07
7.51866e-07
7.5117e-07
7.50476e-07
7.49786e-07
7.49098e-07
7.48412e-07
7.4773e-07
7.4705e-07
7.46373e-07
7.45699e-07
7.45028e-07
7.44359e-07
7.43693e-07
7.43029e-07
7.42368e-07
7.4171e-07
7.41055e-07
7.40402e-07
7.39752e-07
7.39104e-07
7.38459e-07
7.37817e-07
7.37177e-07
7.3654e-07
7.35905e-07
7.35273e-07
7.34644e-07
7.34017e-07
7.33393e-07
7.32771e-07
7.32151e-07
7.31535e-07
7.3092e-07
7.30309e-07
7.29699e-07
7.29093e-07
7.28488e-07
7.27886e-07
7.27287e-07
7.2669e-07
7.26095e-07
7.25503e-07
7.24914e-07
7.24326e-07
7.23742e-07
7.23159e-07
7.22579e-07
7.22001e-07
7.21426e-07
7.20853e-07
7.20283e-07
7.19714e-07
7.19148e-07
7.18585e-07
7.18024e-07
7.17465e-07
7.16908e-07
7.16354e-07
7.15802e-07
7.15252e-07
7.14704e-07
7.14159e-07
7.13616e-07
7.13075e-07
7.12537e-07
7.12e-07
7.11466e-07
7.10935e-07
7.10405e-07
7.09877e-07
7.09352e-07
7.08829e-07
7.08308e-07
7.07789e-07
7.07273e-07
7.06758e-07
7.06246e-07
7.05736e-07
7.05228e-07
7.04722e-07
7.04218e-07
7.03716e-07
7.03216e-07
7.02719e-07
7.02223e-07
7.0173e-07
7.01239e-07
7.00749e-07
7.00262e-07
6.99777e-07
6.99294e-07
6.98812e-07
6.98333e-07
6.97856e-07
6.97381e-07
6.96908e-07
6.96437e-07
6.95967e-07
6.955e-07
6.95035e-07
6.94571e-07
6.9411e-07
6.93651e-07
6.93193e-07
6.92737e-07
6.92284e-07
6.91832e-07
6.91382e-07
6.90934e-07
6.90488e-07
6.90044e-07
6.89602e-07
6.89161e-07
6.88722e-07
6.88286e-07
6.87851e-07
6.87418e-07
6.86986e-07
6.86557e-07
6.86129e-07
6.85704e-07
6.85279e-07
6.84857e-07
6.84437e-07
6.84018e-07
6.83601e-07
6.83186e-07
6.82773e-07
6.82361e-07
6.81951e-07
6.81543e-07
6.81137e-07
6.80732e-07
6.80329e-07
6.79928e-07
6.79528e-07
6.7913e-07
6.78734e-07
6.7834e-07
6.77947e-07
6.77556e-07
6.77166e-07
6.76779e-07
6.76392e-07
6.76008e-07
6.75625e-07
6.75244e-07
6.74864e-07
6.74486e-07
6.7411e-07
6.73735e-07
6.73362e-07
6.7299e-07
6.7262e-07
6.72252e-07
6.71885e-07
6.71519e-07
6.71156e-07
6.70793e-07
6.70433e-07
6.70074e-07
6.69716e-07
6.6936e-07
6.69006e-07
6.68652e-07
6.68301e-07
6.67951e-07
6.67602e-07
6.67255e-07
6.6691e-07
6.66566e-07
6.66223e-07
6.65882e-07
6.65543e-07
6.65204e-07
6.64868e-07
6.64532e-07
6.64198e-07
6.63866e-07
6.63535e-07
6.63205e-07
6.62877e-07
6.6255e-07
6.62225e-07
6.61901e-07
6.61578e-07
6.61257e-07
6.60937e-07
6.60619e-07
6.60302e-07
6.59986e-07
6.59672e-07
6.59359e-07
6.59047e-07
6.58737e-07
6.58428e-07
6.5812e-07
6.57814e-07
6.57509e-07
6.57205e-07
6.56903e-07
6.56602e-07
6.56302e-07
6.56003e-07
6.55706e-07
6.5541e-07
6.55115e-07
6.54822e-07
6.5453e-07
6.54239e-07
6.53949e-07
6.53661e-07
6.53374e-07
6.53088e-07
6.52803e-07
6.5252e-07
6.52237e-07
6.51956e-07
6.51677e-07
6.51398e-07
6.51121e-07
6.50844e-07
6.50569e-07
6.50296e-07
6.50023e-07
6.49752e-07
6.49481e-07
6.49212e-07
6.48944e-07
6.48677e-07
6.48412e-07
6.48147e-07
6.47884e-07
6.47622e-07
6.4736e-07
6.47101e-07
6.46842e-07
6.46584e-07
6.46327e-07
6.46072e-07
6.45817e-07
6.45564e-07
6.45312e-07
6.45061e-07
6.44811e-07
6.44562e-07
6.44314e-07
6.44067e-07
6.43821e-07
6.43577e-07
6.43333e-07
6.4309e-07
6.42849e-07
6.42608e-07
6.42369e-07
6.42131e-07
6.41893e-07
6.41657e-07
6.41422e-07
6.41187e-07
6.40954e-07
6.40722e-07
6.4049e-07
6.4026e-07
6.40031e-07
6.39803e-07
6.39575e-07
6.39349e-07
6.39124e-07
6.38899e-07
6.38676e-07
6.38453e-07
6.38232e-07
6.38012e-07
6.37792e-07
6.37573e-07
6.37356e-07
6.37139e-07
6.36923e-07
6.36708e-07
6.36494e-07
6.36281e-07
6.36069e-07
6.35858e-07
6.35648e-07
6.35439e-07
6.3523e-07
6.35023e-07
6.34816e-07
6.3461e-07
6.34406e-07
6.34202e-07
6.33999e-07
6.33796e-07
6.33595e-07
6.33395e-07
6.33195e-07
6.32996e-07
6.32799e-07
6.32602e-07
6.32405e-07
6.3221e-07
6.32016e-07
6.31822e-07
6.31629e-07
6.31437e-07
6.31246e-07
6.31056e-07
6.30867e-07
6.30678e-07
6.3049e-07
6.30303e-07
6.30117e-07
6.29932e-07
6.29747e-07
6.29563e-07
6.2938e-07
6.29198e-07
6.29017e-07
6.28836e-07
6.28656e-07
6.28477e-07
6.28299e-07
6.28121e-07
6.27944e-07
6.27768e-07
6.27593e-07
6.27419e-07
6.27245e-07
6.27072e-07
6.269e-07
6.26728e-07
6.26558e-07
6.26388e-07
6.26218e-07
6.2605e-07
6.25882e-07
6.25715e-07
6.25549e-07
6.25383e-07
6.25218e-07
6.25054e-07
6.2489e-07
6.24728e-07
6.24566e-07
6.24404e-07
6.24243e-07
6.24083e-07
6.23924e-07
6.23766e-07
6.23608e-07
6.2345e-07
6.23294e-07
6.23138e-07
6.22983e-07
6.22828e-07
6.22674e-07
6.22521e-07
6.22368e-07
6.22217e-07
6.22065e-07
6.21915e-07
6.21765e-07
6.21616e-07
6.21467e-07
6.21319e-07
6.21171e-07
6.21025e-07
6.20879e-07
6.20733e-07
6.20588e-07
6.20444e-07
6.20301e-07
6.20158e-07
6.20015e-07
6.19873e-07
6.19732e-07
6.19592e-07
6.19452e-07
6.19313e-07
6.19174e-07
6.19036e-07
6.18898e-07
6.18761e-07
6.18625e-07
6.18489e-07
6.18354e-07
6.18219e-07
6.18085e-07
6.17952e-07
6.17819e-07
6.17687e-07
6.17555e-07
6.17424e-07
6.17293e-07
6.17163e-07
6.17034e-07
6.16905e-07
6.16776e-07
6.16649e-07
6.16521e-07
6.16395e-07
6.16268e-07
6.16143e-07
6.16018e-07
6.15893e-07
6.15769e-07
6.15646e-07
6.15523e-07
6.154e-07
6.15278e-07
6.15157e-07
6.15036e-07
6.14916e-07
6.14796e-07
6.14677e-07
6.14558e-07
6.1444e-07
6.14322e-07
6.14205e-07
6.14088e-07
6.13972e-07
6.13856e-07
6.13741e-07
6.13626e-07
6.13511e-07
6.13398e-07
6.13284e-07
6.13171e-07
6.13059e-07
6.12947e-07
6.12836e-07
6.12725e-07
6.12615e-07
6.12505e-07
6.12395e-07
6.12286e-07
6.12177e-07
6.12069e-07
6.11962e-07
6.11855e-07
6.11748e-07
6.11642e-07
6.11536e-07
6.1143e-07
6.11326e-07
6.11221e-07
6.11117e-07
6.11014e-07
6.1091e-07
6.10808e-07
6.10705e-07
6.10604e-07
6.10502e-07
6.10401e-07
6.10301e-07
6.10201e-07
6.10101e-07
6.10002e-07
6.09903e-07
6.09805e-07
6.09707e-07
6.09609e-07
6.09512e-07
6.09415e-07
6.09319e-07
6.09223e-07
6.09127e-07
6.09032e-07
6.08938e-07
6.08843e-07
6.0875e-07
6.08656e-07
6.08563e-07
6.0847e-07
6.08378e-07
6.08286e-07
6.08195e-07
6.08103e-07
6.08013e-07
6.07922e-07
6.07832e-07
6.07743e-07
6.07654e-07
6.07565e-07
6.07476e-07
6.07388e-07
6.073e-07
6.07213e-07
6.07126e-07
6.0704e-07
6.06953e-07
6.06867e-07
6.06782e-07
6.06697e-07
6.06612e-07
6.06528e-07
6.06443e-07
6.0636e-07
6.06276e-07
6.06193e-07
6.06111e-07
6.06028e-07
6.05946e-07
6.05865e-07
6.05784e-07
6.05703e-07
6.05622e-07
6.05542e-07
6.05462e-07
6.05382e-07
6.05303e-07
6.05224e-07
6.05146e-07
6.05067e-07
6.04989e-07
6.04912e-07
6.04835e-07
6.04758e-07
6.04681e-07
6.04605e-07
6.04529e-07
6.04453e-07
6.04378e-07
6.04303e-07
6.04228e-07
6.04154e-07
6.0408e-07
6.04006e-07
6.03932e-07
6.03859e-07
6.03786e-07
6.03714e-07
6.03642e-07
6.0357e-07
6.03498e-07
6.03427e-07
6.03356e-07
6.03285e-07
6.03215e-07
6.03144e-07
6.03075e-07
6.03005e-07
6.02936e-07
6.02867e-07
6.02798e-07
6.0273e-07
6.02662e-07
6.02594e-07
6.02526e-07
6.02459e-07
6.02392e-07
6.02325e-07
6.02259e-07
6.02193e-07
6.02127e-07
6.02061e-07
6.01996e-07
6.01931e-07
6.01866e-07
6.01802e-07
6.01737e-07
6.01673e-07
6.0161e-07
6.01546e-07
6.01483e-07
6.0142e-07
6.01358e-07
6.01295e-07
6.01233e-07
6.01171e-07
6.0111e-07
6.01048e-07
6.00987e-07
6.00926e-07
6.00866e-07
6.00805e-07
6.00745e-07
6.00685e-07
6.00626e-07
6.00566e-07
6.00507e-07
6.00448e-07
6.0039e-07
6.00331e-07
6.00273e-07
6.00215e-07
6.00158e-07
6.001e-07
6.00043e-07
5.99986e-07
5.99929e-07
5.99873e-07
5.99816e-07
5.9976e-07
5.99705e-07
5.99649e-07
5.99594e-07
5.99539e-07
5.99484e-07
5.99429e-07
5.99375e-07
5.99321e-07
5.99267e-07
5.99213e-07
5.99159e-07
5.99106e-07
5.99053e-07
5.99e-07
5.98947e-07
5.98895e-07
5.98843e-07
5.98791e-07
5.98739e-07
5.98687e-07
5.98636e-07
5.98585e-07
5.98534e-07
5.98483e-07
5.98432e-07
5.98382e-07
5.98332e-07
5.98282e-07
5.98232e-07
5.98183e-07
5.98133e-07
5.98084e-07
5.98035e-07
5.97987e-07
5.97938e-07
5.9789e-07
5.97842e-07
5.97794e-07
5.97746e-07
5.97698e-07
5.97651e-07
5.97604e-07
5.97557e-07
5.9751e-07
5.97464e-07
5.97417e-07
5.97371e-07
5.97325e-07
5.97279e-07
5.97233e-07
5.97188e-07
5.97143e-07
5.97098e-07
5.97053e-07
5.97008e-07
5.96963e-07
5.96919e-07
5.96875e-07
5.96831e-07
5.96787e-07
5.96743e-07
5.967e-07
5.96657e-07
5.96613e-07
5.9657e-07
5.96528e-07
5.96485e-07
5.96443e-07
5.964e-07
5.96358e-07
5.96316e-07
5.96274e-07
5.96233e-07
5.96191e-07
5.9615e-07
5.96109e-07
5.96068e-07
5.96027e-07
5.95987e-07
5.95946e-07
5.95906e-07
5.95866e-07
5.95826e-07
5.95786e-07
5.95747e-07
5.95707e-07
5.95668e-07
5.95629e-07
5.9559e-07
5.95551e-07
5.95512e-07
5.95473e-07
5.95435e-07
5.95397e-07
5.95359e-07
5.95321e-07
5.95283e-07
5.95245e-07
5.95208e-07
5.95171e-07
5.95133e-07
5.95096e-07
5.95059e-07
5.95023e-07
5.94986e-07
5.9495e-07
5.94913e-07
5.94877e-07
5.94841e-07
5.94805e-07
5.9477e-07
5.94734e-07
5.94699e-07
5.94663e-07
5.94628e-07
5.94593e-07
5.94558e-07
5.94523e-07
5.94489e-07
5.94454e-07
5.9442e-07
5.94386e-07
5.94352e-07
5.94318e-07
5.94284e-07
5.9425e-07
5.94217e-07
5.94183e-07
5.9415e-07
5.94117e-07
5.94084e-07
5.94051e-07
5.94018e-07
5.93985e-07
5.93953e-07
5.9392e-07
5.93888e-07
5.93856e-07
5.93824e-07
5.93792e-07
5.9376e-07
5.93729e-07
5.93697e-07
5.93666e-07
5.93635e-07
5.93604e-07
5.93572e-07
5.93542e-07
5.93511e-07
5.9348e-07
5.9345e-07
5.93419e-07
5.93389e-07
5.93359e-07
5.93329e-07
5.93299e-07
5.93269e-07
5.93239e-07
5.9321e-07
5.9318e-07
5.93151e-07
5.93121e-07
5.93092e-07
5.93063e-07
5.93034e-07
5.93005e-07
5.92977e-07
5.92948e-07
5.9292e-07
5.92891e-07
5.92863e-07
5.92835e-07
5.92807e-07
5.92779e-07
5.92751e-07
5.92723e-07
5.92696e-07
5.92668e-07
5.92641e-07
5.92613e-07
5.92586e-07
5.92559e-07
5.92532e-07
5.92505e-07
5.92479e-07
5.92452e-07
5.92425e-07
5.92399e-07
5.92372e-07
5.92346e-07
5.9232e-07
5.92294e-07
5.92268e-07
5.92242e-07
5.92216e-07
5.92191e-07
5.92165e-07
5.92139e-07
5.92114e-07
5.92089e-07
5.92064e-07
5.92038e-07
5.92013e-07
5.91989e-07
5.91964e-07
5.91939e-07
5.91914e-07
5.9189e-07
5.91865e-07
5.91841e-07
5.91817e-07
5.91793e-07
5.91768e-07
5.91744e-07
5.91721e-07
5.91697e-07
5.91673e-07
5.91649e-07
5.91626e-07
5.91602e-07
5.91579e-07
5.91556e-07
5.91533e-07
5.91509e-07
5.91486e-07
5.91463e-07
5.91441e-07
5.91418e-07
5.91395e-07
5.91373e-07
5.9135e-07
5.91328e-07
5.91305e-07
5.91283e-07
5.91261e-07
5.91239e-07
5.91217e-07
5.91195e-07
5.91173e-07
5.91151e-07
5.9113e-07
5.91108e-07
5.91086e-07
5.91065e-07
5.91044e-07
5.91022e-07
5.91001e-07
5.9098e-07
5.90959e-07
5.90938e-07
5.90917e-07
5.90896e-07
5.90875e-07
5.90855e-07
5.90834e-07
5.90814e-07
5.90793e-07
5.90773e-07
5.90752e-07
5.90732e-07
5.90712e-07
5.90692e-07
5.90672e-07
5.90652e-07
5.90632e-07
5.90612e-07
5.90593e-07
5.90573e-07
-3.31677e-06
-8.10593e-06
-1.25605e-05
-1.63516e-05
-1.94546e-05
-2.1937e-05
-2.38869e-05
-2.53905e-05
-2.65248e-05
-2.73573e-05
-2.79455e-05
-2.8339e-05
-2.858e-05
-2.87034e-05
-2.87388e-05
-2.87114e-05
-2.8642e-05
-2.85476e-05
-2.84421e-05
-2.83369e-05
-2.82416e-05
-2.81648e-05
-2.81139e-05
-2.8095e-05
-2.81137e-05
-2.8175e-05
-2.82837e-05
-2.84463e-05
-2.86698e-05
-2.89612e-05
-2.93284e-05
-2.97804e-05
-3.03302e-05
-3.09926e-05
-3.17848e-05
-3.27292e-05
-3.3855e-05
-3.51964e-05
-3.68027e-05
-3.87346e-05
-4.10778e-05
-4.39501e-05
-4.75183e-05
-5.20312e-05
-5.78753e-05
-6.56994e-05
-7.66887e-05
-9.33116e-05
-0.000121574
-0.000176859
-0.000277168
-0.000364029
-0.000397274
-0.000401882
-0.00039551
-0.000385486
-0.000374
-0.000361521
-0.000347949
-0.000332889
-0.000315716
-0.00029557
-0.000271381
-0.000241964
-0.000206361
-0.000164604
-0.000118861
-7.39469e-05
-3.56348e-05
-7.38299e-06
1.1153e-05
2.26018e-05
2.97078e-05
3.43441e-05
3.75394e-05
3.98002e-05
4.13712e-05
4.23784e-05
4.28969e-05
4.29801e-05
4.26723e-05
4.20139e-05
4.10441e-05
3.98012e-05
3.83226e-05
3.6645e-05
3.48035e-05
3.28313e-05
3.07591e-05
2.86154e-05
2.64254e-05
2.42117e-05
2.19942e-05
1.97895e-05
1.76118e-05
1.54729e-05
1.33818e-05
1.1346e-05
9.3709e-06
7.45989e-06
5.61538e-06
3.83924e-06
2.13106e-06
4.8961e-07
-1.08519e-06
-2.59562e-06
-4.04453e-06
-5.43437e-06
-6.76773e-06
-8.04709e-06
-9.27729e-06
-1.04615e-05
-1.16033e-05
-1.27054e-05
-1.37735e-05
-1.48113e-05
-1.58258e-05
-1.68188e-05
-1.77986e-05
-1.87714e-05
-1.97477e-05
-2.07334e-05
-2.17423e-05
-2.27883e-05
-2.38881e-05
-2.50601e-05
-2.63246e-05
-2.76983e-05
-2.9194e-05
-3.08109e-05
-3.25198e-05
-3.42641e-05
-3.59564e-05
-3.74623e-05
-3.85961e-05
-3.91235e-05
-3.87797e-05
-3.73225e-05
-3.46146e-05
-3.07069e-05
-2.58947e-05
-2.06757e-05
-1.56214e-05
-1.12105e-05
-7.70117e-06
-5.11736e-06
-3.32757e-06
-2.14012e-06
-1.37338e-06
-8.84034e-07
-5.71446e-07
-3.69532e-07
-2.36537e-07
-1.46627e-07
-8.39635e-08
-3.88443e-08
-5.28695e-09
2.04401e-08
4.07044e-08
5.70409e-08
7.04701e-08
8.16898e-08
9.11917e-08
9.93322e-08
1.06377e-07
1.1253e-07
1.1795e-07
1.22763e-07
1.27071e-07
1.30957e-07
1.34491e-07
1.3773e-07
1.4072e-07
1.43502e-07
1.46111e-07
1.48573e-07
1.50915e-07
1.53155e-07
1.55311e-07
1.57398e-07
1.59428e-07
1.61413e-07
1.63362e-07
1.65281e-07
1.67178e-07
1.69058e-07
1.70927e-07
1.72789e-07
1.74646e-07
1.76502e-07
1.78361e-07
1.80223e-07
1.82091e-07
1.83967e-07
1.85852e-07
1.87747e-07
1.89653e-07
1.91572e-07
1.93505e-07
1.95451e-07
1.97412e-07
1.99387e-07
2.01379e-07
2.03386e-07
2.05411e-07
2.07451e-07
2.09509e-07
2.11585e-07
2.13678e-07
2.15789e-07
2.17919e-07
2.20066e-07
2.22233e-07
2.24418e-07
2.26622e-07
2.28845e-07
2.31088e-07
2.33349e-07
2.35631e-07
2.37932e-07
2.40253e-07
2.42594e-07
2.44955e-07
2.47336e-07
2.49738e-07
2.5216e-07
2.54603e-07
2.57066e-07
2.5955e-07
2.62055e-07
2.64581e-07
2.67128e-07
2.69696e-07
2.72286e-07
2.74897e-07
2.77529e-07
2.80183e-07
2.82859e-07
2.85556e-07
2.88276e-07
2.91017e-07
2.9378e-07
2.96565e-07
2.99373e-07
3.02203e-07
3.05055e-07
3.07929e-07
3.10826e-07
3.13746e-07
3.16688e-07
3.19653e-07
3.22641e-07
3.25651e-07
3.28685e-07
3.31741e-07
3.3482e-07
3.37922e-07
3.41048e-07
3.44196e-07
3.47368e-07
3.50563e-07
3.53781e-07
3.57023e-07
3.60287e-07
3.63576e-07
3.66887e-07
3.70222e-07
3.73581e-07
3.76963e-07
3.80369e-07
3.83798e-07
3.87251e-07
3.90727e-07
3.94227e-07
3.9775e-07
4.01297e-07
4.04868e-07
4.08462e-07
4.1208e-07
4.15722e-07
4.19387e-07
4.23075e-07
4.26788e-07
4.30523e-07
4.34283e-07
4.38066e-07
4.41872e-07
4.45702e-07
4.49555e-07
4.53432e-07
4.57332e-07
4.61255e-07
4.65201e-07
4.69171e-07
4.73164e-07
4.7718e-07
4.8122e-07
4.85282e-07
4.89367e-07
4.93475e-07
4.97606e-07
5.0176e-07
5.05936e-07
5.10135e-07
5.14357e-07
5.18601e-07
5.22867e-07
5.27156e-07
5.31466e-07
5.35799e-07
5.40154e-07
5.44531e-07
5.48929e-07
5.53349e-07
5.57791e-07
5.62254e-07
5.66738e-07
5.71244e-07
5.75771e-07
5.80318e-07
5.84887e-07
5.89476e-07
5.94086e-07
5.98716e-07
6.03366e-07
6.08037e-07
6.12727e-07
6.17437e-07
6.22167e-07
6.26917e-07
6.31685e-07
6.36473e-07
6.4128e-07
6.46106e-07
6.5095e-07
6.55813e-07
6.60694e-07
6.65593e-07
6.70511e-07
6.75446e-07
6.80398e-07
6.85368e-07
6.90355e-07
6.95359e-07
7.00379e-07
7.05417e-07
7.1047e-07
7.1554e-07
7.20625e-07
7.25727e-07
7.30843e-07
7.35975e-07
7.41122e-07
7.46284e-07
7.5146e-07
7.56651e-07
7.61856e-07
7.67074e-07
7.72307e-07
7.77552e-07
7.82811e-07
7.88083e-07
7.93367e-07
7.98664e-07
8.03973e-07
8.09293e-07
8.14626e-07
8.19969e-07
8.25324e-07
8.3069e-07
8.36066e-07
8.41452e-07
8.46849e-07
8.52255e-07
8.57671e-07
8.63096e-07
8.6853e-07
8.73973e-07
8.79424e-07
8.84883e-07
8.90349e-07
8.95824e-07
9.01306e-07
9.06794e-07
9.1229e-07
9.17791e-07
9.23299e-07
9.28813e-07
9.34332e-07
9.39856e-07
9.45385e-07
9.50919e-07
9.56457e-07
9.61999e-07
9.67545e-07
9.73095e-07
9.78647e-07
9.84203e-07
9.8976e-07
9.95321e-07
1.00088e-06
1.00645e-06
1.01201e-06
1.01758e-06
1.02314e-06
1.02871e-06
1.03428e-06
1.03984e-06
1.04541e-06
1.05098e-06
1.05654e-06
1.0621e-06
1.06767e-06
1.07323e-06
1.07878e-06
1.08434e-06
1.08989e-06
1.09544e-06
1.10098e-06
1.10652e-06
1.11206e-06
1.11759e-06
1.12312e-06
1.12864e-06
1.13416e-06
1.13967e-06
1.14517e-06
1.15067e-06
1.15616e-06
1.16165e-06
1.16713e-06
1.1726e-06
1.17806e-06
1.18351e-06
1.18896e-06
1.1944e-06
1.19983e-06
1.20525e-06
1.21066e-06
1.21606e-06
1.22145e-06
1.22683e-06
1.2322e-06
1.23755e-06
1.2429e-06
1.24824e-06
1.25356e-06
1.25887e-06
1.26417e-06
1.26946e-06
1.27473e-06
1.27999e-06
1.28524e-06
1.29047e-06
1.2957e-06
1.3009e-06
1.3061e-06
1.31128e-06
1.31644e-06
1.32159e-06
1.32673e-06
1.33185e-06
1.33695e-06
1.34204e-06
1.34711e-06
1.35217e-06
1.35721e-06
1.36223e-06
1.36723e-06
1.37222e-06
1.37719e-06
1.38214e-06
1.38707e-06
1.39199e-06
1.39688e-06
1.40176e-06
1.40662e-06
1.41145e-06
1.41627e-06
1.42107e-06
1.42585e-06
1.43061e-06
1.43534e-06
1.44006e-06
1.44475e-06
1.44943e-06
1.45408e-06
1.45871e-06
1.46332e-06
1.4679e-06
1.47247e-06
1.47701e-06
1.48153e-06
1.48602e-06
1.4905e-06
1.49494e-06
1.49937e-06
1.50377e-06
1.50815e-06
1.51251e-06
1.51684e-06
1.52115e-06
1.52543e-06
1.52969e-06
1.53392e-06
1.53813e-06
1.54231e-06
1.54647e-06
1.5506e-06
1.5547e-06
1.55878e-06
1.56283e-06
1.56685e-06
1.57084e-06
1.5748e-06
1.57873e-06
1.58264e-06
1.58651e-06
1.59036e-06
1.59418e-06
1.59798e-06
1.60174e-06
1.60548e-06
1.60918e-06
1.61286e-06
1.61652e-06
1.62014e-06
1.62374e-06
1.6273e-06
1.63084e-06
1.63436e-06
1.63784e-06
1.6413e-06
1.64472e-06
1.64812e-06
1.65149e-06
1.65484e-06
1.65815e-06
1.66144e-06
1.66469e-06
1.66792e-06
1.67112e-06
1.6743e-06
1.67744e-06
1.68055e-06
1.68364e-06
1.6867e-06
1.68972e-06
1.69272e-06
1.69569e-06
1.69863e-06
1.70155e-06
1.70443e-06
1.70728e-06
1.71011e-06
1.7129e-06
1.71567e-06
1.71841e-06
1.72112e-06
1.72379e-06
1.72644e-06
1.72906e-06
1.73166e-06
1.73422e-06
1.73675e-06
1.73925e-06
1.74173e-06
1.74417e-06
1.74659e-06
1.74897e-06
1.75133e-06
1.75366e-06
1.75596e-06
1.75822e-06
1.76046e-06
1.76268e-06
1.76486e-06
1.76701e-06
1.76913e-06
1.77123e-06
1.77329e-06
1.77533e-06
1.77733e-06
1.77931e-06
1.78126e-06
1.78318e-06
1.78507e-06
1.78693e-06
1.78877e-06
1.79057e-06
1.79235e-06
1.7941e-06
1.79581e-06
1.7975e-06
1.79917e-06
1.8008e-06
1.8024e-06
1.80398e-06
1.80553e-06
1.80705e-06
1.80854e-06
1.81e-06
1.81144e-06
1.81284e-06
1.81422e-06
1.81558e-06
1.8169e-06
1.8182e-06
1.81947e-06
1.82072e-06
1.82194e-06
1.82313e-06
1.8243e-06
1.82544e-06
1.82656e-06
1.82765e-06
1.82871e-06
1.82975e-06
1.83076e-06
1.83175e-06
1.83271e-06
1.83364e-06
1.83455e-06
1.83543e-06
1.83629e-06
1.83712e-06
1.83792e-06
1.8387e-06
1.83945e-06
1.84018e-06
1.84088e-06
1.84156e-06
1.84221e-06
1.84284e-06
1.84344e-06
1.84401e-06
1.84456e-06
1.84509e-06
1.84559e-06
1.84607e-06
1.84652e-06
1.84694e-06
1.84734e-06
1.84772e-06
1.84807e-06
1.8484e-06
1.8487e-06
1.84898e-06
1.84924e-06
1.84947e-06
1.84968e-06
1.84986e-06
1.85002e-06
1.85016e-06
1.85027e-06
1.85036e-06
1.85042e-06
1.85047e-06
1.85049e-06
1.85048e-06
1.85046e-06
1.85041e-06
1.85034e-06
1.85024e-06
1.85012e-06
1.84999e-06
1.84982e-06
1.84964e-06
1.84944e-06
1.84921e-06
1.84896e-06
1.84868e-06
1.84838e-06
1.84805e-06
1.8477e-06
1.84731e-06
1.8469e-06
1.84647e-06
1.846e-06
1.84551e-06
1.845e-06
1.84446e-06
1.8439e-06
1.84331e-06
1.84269e-06
1.84206e-06
1.8414e-06
1.84072e-06
1.84002e-06
1.8393e-06
1.83855e-06
1.83779e-06
1.837e-06
1.8362e-06
1.83537e-06
1.83453e-06
1.83367e-06
1.83279e-06
1.83189e-06
1.83097e-06
1.83003e-06
1.82908e-06
1.82811e-06
1.82712e-06
1.82612e-06
1.82509e-06
1.82405e-06
1.823e-06
1.82192e-06
1.82083e-06
1.81973e-06
1.81861e-06
1.81747e-06
1.81631e-06
1.81514e-06
1.81396e-06
1.81276e-06
1.81154e-06
1.81031e-06
1.80907e-06
1.8078e-06
1.80653e-06
1.80524e-06
1.80393e-06
1.80261e-06
1.80128e-06
1.79993e-06
1.79856e-06
1.79719e-06
1.7958e-06
1.79439e-06
1.79297e-06
1.79154e-06
1.7901e-06
1.78864e-06
1.78716e-06
1.78568e-06
1.78418e-06
1.78267e-06
1.78115e-06
1.77961e-06
1.77806e-06
1.7765e-06
1.77492e-06
1.77334e-06
1.77174e-06
1.77013e-06
1.76851e-06
1.76687e-06
1.76523e-06
1.76357e-06
1.7619e-06
1.76022e-06
1.75853e-06
1.75683e-06
1.75512e-06
1.75339e-06
1.75166e-06
1.74991e-06
1.74816e-06
1.74639e-06
1.74461e-06
1.74283e-06
1.74103e-06
1.73922e-06
1.73741e-06
1.73558e-06
1.73374e-06
1.7319e-06
1.73004e-06
1.72818e-06
1.72631e-06
1.72443e-06
1.72254e-06
1.72065e-06
1.71874e-06
1.71683e-06
1.71492e-06
1.71299e-06
1.71106e-06
1.70913e-06
1.70718e-06
1.70523e-06
1.70328e-06
1.70131e-06
1.69934e-06
1.69736e-06
1.69538e-06
1.69339e-06
1.69139e-06
1.68939e-06
1.68738e-06
1.68536e-06
1.68334e-06
1.68131e-06
1.67928e-06
1.67724e-06
1.67519e-06
1.67313e-06
1.67108e-06
1.66901e-06
1.66694e-06
1.66486e-06
1.66278e-06
1.66069e-06
1.65859e-06
1.65649e-06
1.65439e-06
1.65228e-06
1.65016e-06
1.64804e-06
1.64591e-06
1.64378e-06
1.64164e-06
1.63949e-06
1.63735e-06
1.63519e-06
1.63303e-06
1.63087e-06
1.6287e-06
1.62653e-06
1.62435e-06
1.62217e-06
1.61999e-06
1.6178e-06
1.6156e-06
1.6134e-06
1.6112e-06
1.60899e-06
1.60678e-06
1.60457e-06
1.60235e-06
1.60012e-06
1.5979e-06
1.59567e-06
1.59343e-06
1.5912e-06
1.58896e-06
1.58671e-06
1.58446e-06
1.58221e-06
1.57996e-06
1.5777e-06
1.57545e-06
1.57318e-06
1.57092e-06
1.56865e-06
1.56638e-06
1.56411e-06
1.56183e-06
1.55955e-06
1.55727e-06
1.55497e-06
1.55267e-06
1.55037e-06
1.54805e-06
1.54572e-06
1.54339e-06
1.54104e-06
1.53869e-06
1.53633e-06
1.53396e-06
1.53159e-06
1.52921e-06
1.52682e-06
1.52442e-06
1.52202e-06
1.51962e-06
1.51721e-06
1.5148e-06
1.51238e-06
1.50996e-06
1.50754e-06
1.50512e-06
1.50269e-06
1.50026e-06
1.49783e-06
1.4954e-06
1.49297e-06
1.49053e-06
1.4881e-06
1.48566e-06
1.48323e-06
1.4808e-06
1.47836e-06
1.47593e-06
1.47349e-06
1.47106e-06
1.46863e-06
1.4662e-06
1.46377e-06
1.46134e-06
1.45891e-06
1.45649e-06
1.45406e-06
1.45164e-06
1.44922e-06
1.4468e-06
1.44438e-06
1.44196e-06
1.43955e-06
1.43713e-06
1.43472e-06
1.43231e-06
1.42991e-06
1.4275e-06
1.4251e-06
1.4227e-06
1.4203e-06
1.4179e-06
1.41551e-06
1.41312e-06
1.41073e-06
1.40834e-06
1.40596e-06
1.40357e-06
1.40119e-06
1.39882e-06
1.39644e-06
1.39407e-06
1.3917e-06
1.38933e-06
1.38697e-06
1.38461e-06
1.38225e-06
1.37989e-06
1.37754e-06
1.37519e-06
1.37284e-06
1.3705e-06
1.36816e-06
1.36582e-06
1.36348e-06
1.36115e-06
1.35882e-06
1.35649e-06
1.35417e-06
1.35185e-06
1.34953e-06
1.34721e-06
1.3449e-06
1.34259e-06
1.34029e-06
1.33798e-06
1.33568e-06
1.33339e-06
1.3311e-06
1.32881e-06
1.32652e-06
1.32424e-06
1.32196e-06
1.31968e-06
1.31741e-06
1.31514e-06
1.31288e-06
1.31061e-06
1.30836e-06
1.3061e-06
1.30385e-06
1.3016e-06
1.29936e-06
1.29712e-06
1.29488e-06
1.29264e-06
1.29041e-06
1.28819e-06
1.28597e-06
1.28375e-06
1.28153e-06
1.27932e-06
1.27711e-06
1.27491e-06
1.27271e-06
1.27051e-06
1.26832e-06
1.26613e-06
1.26395e-06
1.26177e-06
1.25959e-06
1.25742e-06
1.25525e-06
1.25309e-06
1.25093e-06
1.24877e-06
1.24662e-06
1.24447e-06
1.24233e-06
1.24019e-06
1.23805e-06
1.23592e-06
1.23379e-06
1.23167e-06
1.22955e-06
1.22744e-06
1.22532e-06
1.22322e-06
1.22112e-06
1.21902e-06
1.21692e-06
1.21484e-06
1.21275e-06
1.21067e-06
1.20859e-06
1.20652e-06
1.20445e-06
1.20239e-06
1.20033e-06
1.19828e-06
1.19623e-06
1.19418e-06
1.19214e-06
1.1901e-06
1.18807e-06
1.18604e-06
1.18402e-06
1.182e-06
1.17999e-06
1.17798e-06
1.17597e-06
1.17397e-06
1.17197e-06
1.16998e-06
1.168e-06
1.16601e-06
1.16404e-06
1.16206e-06
1.16009e-06
1.15813e-06
1.15617e-06
1.15422e-06
1.15227e-06
1.15032e-06
1.14838e-06
1.14644e-06
1.14451e-06
1.14258e-06
1.14066e-06
1.13875e-06
1.13683e-06
1.13492e-06
1.13302e-06
1.13112e-06
1.12923e-06
1.12734e-06
1.12546e-06
1.12358e-06
1.1217e-06
1.11983e-06
1.11796e-06
1.1161e-06
1.11425e-06
1.1124e-06
1.11055e-06
1.10871e-06
1.10687e-06
1.10504e-06
1.10321e-06
1.10139e-06
1.09957e-06
1.09776e-06
1.09595e-06
1.09415e-06
1.09235e-06
1.09056e-06
1.08877e-06
1.08698e-06
1.0852e-06
1.08343e-06
1.08166e-06
1.0799e-06
1.07814e-06
1.07638e-06
1.07463e-06
1.07289e-06
1.07114e-06
1.06941e-06
1.06768e-06
1.06595e-06
1.06423e-06
1.06251e-06
1.0608e-06
1.05909e-06
1.05739e-06
1.0557e-06
1.054e-06
1.05232e-06
1.05063e-06
1.04895e-06
1.04728e-06
1.04561e-06
1.04395e-06
1.04229e-06
1.04064e-06
1.03899e-06
1.03734e-06
1.0357e-06
1.03407e-06
1.03244e-06
1.03082e-06
1.02919e-06
1.02758e-06
1.02597e-06
1.02436e-06
1.02276e-06
1.02117e-06
1.01957e-06
1.01799e-06
1.01641e-06
1.01483e-06
1.01326e-06
1.01169e-06
1.01013e-06
1.00857e-06
1.00701e-06
1.00547e-06
1.00392e-06
1.00238e-06
1.00085e-06
9.99318e-07
9.97793e-07
9.96273e-07
9.94757e-07
9.93247e-07
9.91741e-07
9.90239e-07
9.88743e-07
9.87251e-07
9.85763e-07
9.84281e-07
9.82803e-07
9.8133e-07
9.79861e-07
9.78397e-07
9.76938e-07
9.75483e-07
9.74033e-07
9.72588e-07
9.71148e-07
9.69711e-07
9.6828e-07
9.66853e-07
9.65431e-07
9.64013e-07
9.62601e-07
9.61192e-07
9.59788e-07
9.58389e-07
9.56994e-07
9.55604e-07
9.54219e-07
9.52838e-07
9.51461e-07
9.50089e-07
9.48722e-07
9.47359e-07
9.46001e-07
9.44647e-07
9.43298e-07
9.41953e-07
9.40612e-07
9.39277e-07
9.37945e-07
9.36618e-07
9.35296e-07
9.33978e-07
9.32664e-07
9.31355e-07
9.3005e-07
9.2875e-07
9.27454e-07
9.26162e-07
9.24875e-07
9.23592e-07
9.22314e-07
9.2104e-07
9.19771e-07
9.18505e-07
9.17244e-07
9.15988e-07
9.14735e-07
9.13487e-07
9.12244e-07
9.11005e-07
9.09769e-07
9.08539e-07
9.07312e-07
9.0609e-07
9.04872e-07
9.03658e-07
9.02449e-07
9.01244e-07
9.00043e-07
8.98846e-07
8.97653e-07
8.96465e-07
8.95281e-07
8.94101e-07
8.92925e-07
8.91753e-07