0
7.12328e-07
1.30629e-06
1.76346e-06
2.10885e-06
2.3643e-06
2.54715e-06
2.67145e-06
2.74862e-06
2.7879e-06
2.79679e-06
2.78119e-06
2.74589e-06
2.69488e-06
2.63149e-06
2.55847e-06
2.47813e-06
2.39236e-06
2.30277e-06
2.21059e-06
2.11685e-06
2.02242e-06
1.92804e-06
1.83435e-06
1.74188e-06
1.65106e-06
1.56225e-06
1.47571e-06
1.39166e-06
1.31028e-06
1.23166e-06
1.1559e-06
1.08304e-06
1.0131e-06
9.46056e-07
8.81898e-07
8.20581e-07
7.6205e-07
7.06224e-07
6.5302e-07
6.02353e-07
5.54138e-07
5.08289e-07
4.64721e-07
4.23349e-07
3.84088e-07
3.4685e-07
3.11551e-07
2.78106e-07
2.46433e-07
2.16449e-07
1.88077e-07
1.61238e-07
1.35859e-07
1.11867e-07
8.9192e-08
6.7768e-08
4.75303e-08
2.84174e-08
1.03705e-08
-6.66663e-09
-2.27477e-08
-3.79239e-08
-5.22437e-08
-6.57534e-08
-7.8497e-08
-9.0516e-08
-1.0185e-07
-1.12537e-07
-1.22611e-07
-1.32107e-07
-1.41057e-07
-1.49489e-07
-1.57434e-07
-1.64917e-07
-1.71963e-07
-1.78598e-07
-1.84843e-07
-1.9072e-07
-1.96248e-07
-2.01448e-07
-2.06336e-07
-2.1093e-07
-2.15246e-07
-2.19299e-07
-2.23102e-07
-2.2667e-07
-2.30015e-07
-2.33149e-07
-2.36084e-07
-2.38829e-07
-2.41395e-07
-2.43792e-07
-2.46028e-07
-2.48112e-07
-2.50051e-07
-2.51854e-07
-2.53527e-07
-2.55078e-07
-2.56512e-07
-2.57835e-07
-2.59053e-07
-2.60172e-07
-2.61197e-07
-2.62133e-07
-2.62989e-07
-2.63773e-07
-2.6449e-07
-2.65146e-07
-2.65743e-07
-2.66286e-07
-2.66777e-07
-2.67218e-07
-2.6761e-07
-2.67955e-07
-2.68256e-07
-2.68513e-07
-2.68728e-07
-2.68903e-07
-2.69039e-07
-2.69138e-07
-2.692e-07
-2.69228e-07
-2.69223e-07
-2.69186e-07
-2.69117e-07
-2.69019e-07
-2.68893e-07
-2.6874e-07
-2.6856e-07
-2.68355e-07
-2.68127e-07
-2.67875e-07
-2.67601e-07
-2.67306e-07
-2.66991e-07
-2.66656e-07
-2.66303e-07
-2.65933e-07
-2.65545e-07
-2.65142e-07
-2.64723e-07
-2.64289e-07
-2.63841e-07
-2.6338e-07
-2.62906e-07
-2.6242e-07
-2.61923e-07
-2.61414e-07
-2.60895e-07
-2.60365e-07
-2.59827e-07
-2.59279e-07
-2.58723e-07
-2.58158e-07
-2.57586e-07
-2.57006e-07
-2.56419e-07
-2.55826e-07
-2.55226e-07
-2.54621e-07
-2.5401e-07
-2.53393e-07
-2.52772e-07
-2.52146e-07
-2.51515e-07
-2.50881e-07
-2.50242e-07
-2.496e-07
-2.48954e-07
-2.48306e-07
-2.47654e-07
-2.46999e-07
-2.46342e-07
-2.45683e-07
-2.45021e-07
-2.44357e-07
-2.43692e-07
-2.43025e-07
-2.42356e-07
-2.41687e-07
-2.41016e-07
-2.40343e-07
-2.3967e-07
-2.38997e-07
-2.38322e-07
-2.37648e-07
-2.36972e-07
-2.36297e-07
-2.35621e-07
-2.34946e-07
-2.3427e-07
-2.33594e-07
-2.32919e-07
-2.32244e-07
-2.3157e-07
-2.30896e-07
-2.30223e-07
-2.2955e-07
-2.28879e-07
-2.28208e-07
-2.27538e-07
-2.26869e-07
-2.26201e-07
-2.25534e-07
-2.24868e-07
-2.24204e-07
-2.23541e-07
-2.22879e-07
-2.22219e-07
-2.2156e-07
-2.20903e-07
-2.20247e-07
-2.19593e-07
-2.18941e-07
-2.18291e-07
-2.17642e-07
-2.16995e-07
-2.1635e-07
-2.15706e-07
-2.15065e-07
-2.14426e-07
-2.13788e-07
-2.13153e-07
-2.1252e-07
-2.11888e-07
-2.11259e-07
-2.10632e-07
-2.10008e-07
-2.09385e-07
-2.08765e-07
-2.08147e-07
-2.07531e-07
-2.06918e-07
-2.06307e-07
-2.05698e-07
-2.05092e-07
-2.04488e-07
-2.03886e-07
-2.03287e-07
-2.0269e-07
-2.02096e-07
-2.01504e-07
-2.00915e-07
-2.00329e-07
-1.99744e-07
-1.99163e-07
-1.98584e-07
-1.98007e-07
-1.97433e-07
-1.96862e-07
-1.96293e-07
-1.95727e-07
-1.95164e-07
-1.94603e-07
-1.94045e-07
-1.93489e-07
-1.92936e-07
-1.92386e-07
-1.91839e-07
-1.91294e-07
-1.90751e-07
-1.90212e-07
-1.89675e-07
-1.89141e-07
-1.8861e-07
-1.88081e-07
-1.87555e-07
-1.87032e-07
-1.86511e-07
-1.85993e-07
-1.85478e-07
-1.84966e-07
-1.84456e-07
-1.83949e-07
-1.83445e-07
-1.82943e-07
-1.82445e-07
-1.81949e-07
-1.81455e-07
-1.80965e-07
-1.80477e-07
-1.79992e-07
-1.79509e-07
-1.7903e-07
-1.78553e-07
-1.78078e-07
-1.77607e-07
-1.77138e-07
-1.76672e-07
-1.76209e-07
-1.75748e-07
-1.7529e-07
-1.74835e-07
-1.74382e-07
-1.73933e-07
-1.73485e-07
-1.73041e-07
-1.72599e-07
-1.7216e-07
-1.71724e-07
-1.7129e-07
-1.70859e-07
-1.7043e-07
-1.70004e-07
-1.69581e-07
-1.69161e-07
-1.68743e-07
-1.68328e-07
-1.67915e-07
-1.67505e-07
-1.67098e-07
-1.66693e-07
-1.66291e-07
-1.65891e-07
-1.65494e-07
-1.651e-07
-1.64708e-07
-1.64319e-07
-1.63932e-07
-1.63548e-07
-1.63166e-07
-1.62787e-07
-1.62411e-07
-1.62037e-07
-1.61665e-07
-1.61296e-07
-1.60929e-07
-1.60565e-07
-1.60205e-07
-1.5985e-07
-1.59502e-07
-1.5916e-07
-1.58827e-07
-1.585e-07
-1.58182e-07
-1.5787e-07
-1.57566e-07
-1.57268e-07
-1.56976e-07
-1.5669e-07
-1.5641e-07
-1.56134e-07
-1.55863e-07
-1.55595e-07
-1.5533e-07
-1.55068e-07
-1.54808e-07
-1.54551e-07
-1.54296e-07
-1.54042e-07
-1.53791e-07
-1.5354e-07
-1.53292e-07
-1.53044e-07
-1.52798e-07
-1.52553e-07
-1.5231e-07
-1.52067e-07
-1.51826e-07
-1.51586e-07
-1.51347e-07
-1.51109e-07
-1.50872e-07
-1.50636e-07
-1.50402e-07
-1.50168e-07
-1.49936e-07
-1.49705e-07
-1.49474e-07
-1.49245e-07
-1.49018e-07
-1.48791e-07
-1.48566e-07
-1.48341e-07
-1.48118e-07
-1.47896e-07
-1.47676e-07
-1.47456e-07
-1.47238e-07
-1.47021e-07
-1.46805e-07
-1.46591e-07
-1.46378e-07
-1.46166e-07
-1.45955e-07
-1.45746e-07
-1.45538e-07
-1.45331e-07
-1.45125e-07
-1.44921e-07
-1.44718e-07
-1.44517e-07
-1.44317e-07
-1.44118e-07
-1.4392e-07
-1.43724e-07
-1.43529e-07
-1.43336e-07
-1.43144e-07
-1.42953e-07
-1.42764e-07
-4.08479e-06
-8.70577e-06
-1.27502e-05
-1.59277e-05
-1.82705e-05
-1.98998e-05
-2.09483e-05
-2.15367e-05
-2.17675e-05
-2.17256e-05
-2.1481e-05
-2.10899e-05
-2.05972e-05
-2.00387e-05
-1.9443e-05
-1.88318e-05
-1.82214e-05
-1.76242e-05
-1.70485e-05
-1.65003e-05
-1.59838e-05
-1.55015e-05
-1.50545e-05
-1.46427e-05
-1.42656e-05
-1.39216e-05
-1.36091e-05
-1.33263e-05
-1.30711e-05
-1.28416e-05
-1.26356e-05
-1.24514e-05
-1.2287e-05
-1.21406e-05
-1.20111e-05
-1.18974e-05
-1.17982e-05
-1.17126e-05
-1.16395e-05
-1.1578e-05
-1.15271e-05
-1.1486e-05
-1.14539e-05
-1.14301e-05
-1.14139e-05
-1.14047e-05
-1.14018e-05
-1.14049e-05
-1.14132e-05
-1.14264e-05
-1.1444e-05
-1.14656e-05
-1.14906e-05
-1.15187e-05
-1.15494e-05
-1.15824e-05
-1.16171e-05
-1.16534e-05
-1.16913e-05
-1.17307e-05
-1.17715e-05
-1.18134e-05
-1.18562e-05
-1.18995e-05
-1.1943e-05
-1.19862e-05
-1.20288e-05
-1.20703e-05
-1.21101e-05
-1.21479e-05
-1.21829e-05
-1.22147e-05
-1.22427e-05
-1.2266e-05
-1.22841e-05
-1.22962e-05
-1.23015e-05
-1.22991e-05
-1.22881e-05
-1.22674e-05
-1.22362e-05
-1.21931e-05
-1.21371e-05
-1.20669e-05
-1.19811e-05
-1.18783e-05
-1.1757e-05
-1.16155e-05
-1.14523e-05
-1.12657e-05
-1.10537e-05
-1.08157e-05
-1.05507e-05
-1.0258e-05
-9.93662e-06
-9.58527e-06
-9.20288e-06
-8.78838e-06
-8.34085e-06
-7.86075e-06
-7.34977e-06
-6.80938e-06
-6.24102e-06
-5.64623e-06
-5.02837e-06
-4.39167e-06
-3.74004e-06
-3.07728e-06
-2.40941e-06
-1.74248e-06
-1.08178e-06
-4.33208e-07
1.96656e-07
8.02285e-07
1.37838e-06
1.91942e-06
2.42131e-06
2.88075e-06
3.29434e-06
3.6603e-06
3.97812e-06
4.24713e-06
4.46792e-06
4.64215e-06
4.77197e-06
4.85976e-06
4.90852e-06
4.92167e-06
4.9029e-06
4.85559e-06
4.78328e-06
4.68949e-06
4.57762e-06
4.45096e-06
4.31245e-06
4.1647e-06
4.01012e-06
3.85087e-06
3.68889e-06
3.52588e-06
3.3633e-06
3.20241e-06
3.04424e-06
2.88962e-06
2.73922e-06
2.59351e-06
2.45287e-06
2.31758e-06
2.18782e-06
2.0637e-06
1.94527e-06
1.83252e-06
1.72538e-06
1.62377e-06
1.52756e-06
1.43658e-06
1.35066e-06
1.26961e-06
1.19324e-06
1.12133e-06
1.05368e-06
9.90075e-07
9.30315e-07
8.74193e-07
8.2151e-07
7.72074e-07
7.25698e-07
6.82203e-07
6.41418e-07
6.03178e-07
5.67327e-07
5.33718e-07
5.02209e-07
4.72669e-07
4.44971e-07
4.18998e-07
3.94639e-07
3.71789e-07
3.5035e-07
3.30231e-07
3.11345e-07
2.93611e-07
2.76955e-07
2.61305e-07
2.46595e-07
2.32765e-07
2.19756e-07
2.07515e-07
1.95991e-07
1.85139e-07
1.74914e-07
1.65276e-07
1.56187e-07
1.47612e-07
1.39517e-07
1.31872e-07
1.24649e-07
1.1782e-07
1.11362e-07
1.0525e-07
9.94628e-08
9.39809e-08
8.87851e-08
8.38578e-08
7.91829e-08
7.47449e-08
7.05296e-08
6.65237e-08
6.27148e-08
5.90913e-08
5.56423e-08
5.23578e-08
4.92282e-08
4.62447e-08
4.3399e-08
4.06833e-08
3.80905e-08
3.56136e-08
3.32464e-08
3.09829e-08
2.88174e-08
2.67448e-08
2.47602e-08
2.28588e-08
2.10365e-08
1.92891e-08
1.76128e-08
1.6004e-08
1.44593e-08
1.29756e-08
1.15499e-08
1.01793e-08
8.86122e-09
7.59315e-09
6.37273e-09
5.19773e-09
4.06606e-09
2.97573e-09
1.92488e-09
9.11736e-10
-6.53727e-11
-1.00803e-09
-1.91772e-09
-2.79588e-09
-3.64384e-09
-4.46287e-09
-5.25418e-09
-6.01891e-09
-6.75816e-09
-7.47294e-09
-8.16425e-09
-8.83301e-09
-9.48012e-09
-1.01064e-08
-1.07127e-08
-1.12997e-08
-1.18682e-08
-1.24189e-08
-1.29524e-08
-1.34693e-08
-1.39704e-08
-1.44561e-08
-1.49277e-08
-1.53899e-08
-1.58457e-08
-1.62973e-08
-1.6746e-08
-1.71925e-08
-1.76371e-08
-1.80799e-08
-1.85206e-08
-1.89589e-08
-1.93942e-08
-1.98263e-08
-2.02545e-08
-2.06784e-08
-2.10976e-08
-2.15116e-08
-2.192e-08
-2.23226e-08
-2.27191e-08
-2.31092e-08
-2.34927e-08
-2.38695e-08
-2.42395e-08
-2.46026e-08
-2.49588e-08
-2.5308e-08
-2.56503e-08
-2.59857e-08
-2.63142e-08
-2.66359e-08
-2.6951e-08
-2.72595e-08
-2.75615e-08
-2.78571e-08
-2.81465e-08
-2.84298e-08
-2.87071e-08
-2.89786e-08
-2.92444e-08
-2.95046e-08
-2.97594e-08
-3.0009e-08
-3.02534e-08
-3.04929e-08
-3.07275e-08
-3.09573e-08
-3.11827e-08
-3.14035e-08
-3.16201e-08
-3.18324e-08
-3.20407e-08
-3.22451e-08
-3.24457e-08
-3.26425e-08
-3.28358e-08
-3.30256e-08
-3.3212e-08
-3.33951e-08
-3.35751e-08
-3.3752e-08
-3.3926e-08
-3.40971e-08
-3.42654e-08
-3.4431e-08
-3.4594e-08
-3.47545e-08
-3.49125e-08
-3.50682e-08
-3.52216e-08
-3.53728e-08
-3.55219e-08
-3.56688e-08
-3.58138e-08
-3.59569e-08
-3.60981e-08
-3.62375e-08
-3.63752e-08
-3.65111e-08
-3.66455e-08
-3.67783e-08
-3.69096e-08
-3.70394e-08
-3.71678e-08
-3.72949e-08
-3.74207e-08
-3.75452e-08
-3.76685e-08
-3.77906e-08
-3.79116e-08
-3.80315e-08
-3.81504e-08
-3.82683e-08
-3.83853e-08
-3.85013e-08
-3.86165e-08
-3.87308e-08
-3.88443e-08
-3.8957e-08
-3.9069e-08
-3.91803e-08
-3.9291e-08
-3.9401e-08
-3.95103e-08
-3.96192e-08
-3.97274e-08
-3.98352e-08
-3.99424e-08
-4.00492e-08
-4.01555e-08
-4.02615e-08
-4.0367e-08
-4.04722e-08
-4.0577e-08
-4.06816e-08
-4.07858e-08
-4.08898e-08
-4.09935e-08
-4.1097e-08
-4.12003e-08
-4.13034e-08
-4.14063e-08
-4.15091e-08
-4.16117e-08
-4.17143e-08
-4.18167e-08
-4.19191e-08
-4.20214e-08
-4.21237e-08
-4.2226e-08
-4.23282e-08
-4.24305e-08
-4.25327e-08
-4.26351e-08
-4.27374e-08
-4.28398e-08
-4.29423e-08
-4.30449e-08
-4.31476e-08
-4.32504e-08
-4.33534e-08
-4.34564e-08
-4.35597e-08
-4.36631e-08
-4.37666e-08
-4.38704e-08
-4.39743e-08
-4.40785e-08
-4.41828e-08
-4.42874e-08
-4.43922e-08
-4.44973e-08
-4.46026e-08
-4.47082e-08
-4.4814e-08
-4.49201e-08
-4.50265e-08
-4.51332e-08
-4.52402e-08
-4.53475e-08
-4.54551e-08
-4.5563e-08
-4.56712e-08
-4.57798e-08
-4.58887e-08
-4.5998e-08
-4.61076e-08
-4.62175e-08
-4.63279e-08
-4.64385e-08
-4.65496e-08
-4.6661e-08
-4.67728e-08
-4.6885e-08
-4.69976e-08
-4.71105e-08
-4.72239e-08
-4.73376e-08
-4.74518e-08
-4.75663e-08
-4.76813e-08
-4.77967e-08
-4.79125e-08
-4.80287e-08
-4.81453e-08
-4.82623e-08
-4.83798e-08
-4.84977e-08
-4.8616e-08
-4.87348e-08
-4.88539e-08
-4.89735e-08
-4.90936e-08
-4.9214e-08
-4.93349e-08
-4.94563e-08
-4.95781e-08
-4.97003e-08
-4.98229e-08
-4.9946e-08
-5.00696e-08
-5.01935e-08
-5.03179e-08
-5.04428e-08
-5.05681e-08
-5.06938e-08
-5.082e-08
-5.09466e-08
-5.10736e-08
-5.12011e-08
-5.1329e-08
-5.14574e-08
-5.15861e-08
-5.17154e-08
-5.1845e-08
-5.19751e-08
-5.21056e-08
-5.22366e-08
-5.23679e-08
-5.24997e-08
-5.2632e-08
-5.27646e-08
-5.28977e-08
-5.30312e-08
-5.31651e-08
-5.33008e-08
-5.344e-08
-5.35836e-08
-5.37324e-08
-5.38865e-08
-5.40458e-08
-5.42099e-08
-5.43784e-08
-5.45512e-08
-5.47276e-08
-5.49074e-08
-5.50902e-08
-5.52757e-08
-5.54633e-08
-5.56529e-08
-5.58442e-08
-5.60368e-08
-5.62305e-08
-5.64251e-08
-5.66204e-08
-5.68161e-08
-5.70122e-08
-5.72085e-08
-5.74049e-08
-5.76012e-08
-5.77973e-08
-5.79932e-08
-5.81888e-08
-5.83841e-08
-5.85789e-08
-5.87733e-08
-5.89672e-08
-5.91606e-08
-5.93535e-08
-5.95458e-08
-5.97375e-08
-5.99287e-08
-6.01192e-08
-6.03092e-08
-6.04986e-08
-6.06874e-08
-6.08757e-08
-6.10634e-08
-6.12505e-08
-6.1437e-08
-6.16231e-08
-6.18085e-08
-6.19935e-08
-6.21779e-08
-6.23619e-08
-6.25453e-08
-6.27283e-08
-6.29108e-08
-6.30929e-08
-6.32745e-08
-6.34557e-08
-6.36365e-08
-6.38168e-08
-6.39968e-08
-6.41764e-08
-6.43556e-08
-6.45344e-08
-6.4713e-08
-6.48911e-08
-6.50689e-08
-6.52465e-08
-6.54237e-08
-6.56006e-08
-6.57772e-08
-6.59535e-08
-6.61295e-08
-6.63053e-08
-6.64808e-08
-6.6656e-08
-6.6831e-08
-6.70058e-08
-6.71803e-08
-6.73546e-08
-6.75286e-08
-6.77025e-08
-6.78761e-08
-6.80495e-08
-6.82228e-08
-6.83958e-08
-6.85686e-08
-6.87412e-08
-6.89137e-08
-6.90859e-08
-6.9258e-08
-6.94299e-08
-6.96017e-08
-6.97732e-08
-6.99446e-08
-7.01158e-08
-7.02869e-08
-7.04578e-08
-7.06286e-08
-7.07991e-08
-7.09696e-08
-7.11398e-08
-7.131e-08
-7.14799e-08
-7.16498e-08
-7.18194e-08
-7.19889e-08
-7.21583e-08
-7.23275e-08
-7.24966e-08
-7.26655e-08
-7.28343e-08
-7.3003e-08
-7.31715e-08
-7.33398e-08
-7.3508e-08
-7.3676e-08
-7.38439e-08
-7.40117e-08
-7.41793e-08
-7.43468e-08
-7.45141e-08
-7.46812e-08
-7.48482e-08
-7.50151e-08
-7.51818e-08
-7.53483e-08
-7.55147e-08
-7.56809e-08
-7.5847e-08
-7.60129e-08
-7.61787e-08
-7.63443e-08
-7.65097e-08
-7.6675e-08
-7.68401e-08
-7.70051e-08
-7.71698e-08
-7.73344e-08
-7.74989e-08
-7.76631e-08
-7.78272e-08
-7.79911e-08
-7.81549e-08
-7.83184e-08
-7.84818e-08
-7.8645e-08
-7.8808e-08
-7.89708e-08
-7.91334e-08
-7.92959e-08
-7.94581e-08
-7.96202e-08
-7.9782e-08
-7.99437e-08
-8.01051e-08
-8.02664e-08
-8.04274e-08
-8.05883e-08
-8.07489e-08
-8.09093e-08
-8.10696e-08
-8.12296e-08
-8.13893e-08
-8.15489e-08
-8.17083e-08
-8.18674e-08
-8.20263e-08
-8.2185e-08
-8.23434e-08
-8.25017e-08
-8.26597e-08
-8.28174e-08
-8.29749e-08
-8.31322e-08
-8.32893e-08
-8.34461e-08
-8.36027e-08
-8.3759e-08
-8.39151e-08
-8.40709e-08
-8.42265e-08
-8.43818e-08
-8.45368e-08
-8.46917e-08
-8.48462e-08
-8.50005e-08
-8.51545e-08
-8.53083e-08
-8.54618e-08
-8.5615e-08
-8.5768e-08
-8.59207e-08
-8.60731e-08
-8.62253e-08
-8.63772e-08
-8.65288e-08
-8.66801e-08
-8.68311e-08
-8.69819e-08
-8.71323e-08
-8.72825e-08
-8.74324e-08
-8.7582e-08
-8.77313e-08
-8.78804e-08
-8.80291e-08
-8.81775e-08
-8.83257e-08
-8.84735e-08
-8.86211e-08
-8.87683e-08
-8.89152e-08
-8.90619e-08
-8.92082e-08
-8.93542e-08
-8.94999e-08
-8.96453e-08
-8.97904e-08
-8.99352e-08
-9.00797e-08
-9.02238e-08
-9.03676e-08
-9.05112e-08
-9.06544e-08
-9.07972e-08
-9.09398e-08
-9.1082e-08
-9.12239e-08
-9.13655e-08
-9.15068e-08
-9.16477e-08
-9.17883e-08
-9.19286e-08
-9.20686e-08
-9.22082e-08
-9.23475e-08
-9.24864e-08
-9.2625e-08
-9.27633e-08
-9.29013e-08
-9.30389e-08
-9.31762e-08
-9.33131e-08
-9.34497e-08
-9.3586e-08
-9.37219e-08
-9.38574e-08
-9.39927e-08
-9.41276e-08
-9.42621e-08
-9.43963e-08
-9.45302e-08
-9.46637e-08
-9.47968e-08
-9.49297e-08
-9.50621e-08
-9.51942e-08
-9.5326e-08
-9.54574e-08
-9.55885e-08
-9.57192e-08
-9.58496e-08
-9.59796e-08
-9.61093e-08
-9.62386e-08
-9.63675e-08
-9.64962e-08
-9.66244e-08
-9.67523e-08
-9.68798e-08
-9.7007e-08
-9.71338e-08
-9.72603e-08
-9.73864e-08
-9.75122e-08
-9.76376e-08
-9.77626e-08
-9.78873e-08
-9.80117e-08
-9.81356e-08
-9.82592e-08
-9.83825e-08
-9.85054e-08
-9.86279e-08
-9.87501e-08
-9.88719e-08
-9.89934e-08
-9.91145e-08
-9.92352e-08
-9.93556e-08
-9.94756e-08
-9.95953e-08
-9.97146e-08
-9.98335e-08
-9.99521e-08
-1.0007e-07
-1.00188e-07
-1.00306e-07
-1.00423e-07
-1.0054e-07
-1.00656e-07
-1.00772e-07
-1.00888e-07
-1.01003e-07
-1.01118e-07
-1.01233e-07
-1.01347e-07
-1.01461e-07
-1.01574e-07
-1.01688e-07
-1.018e-07
-1.01913e-07
-1.02025e-07
-1.02137e-07
-1.02248e-07
-1.02359e-07
-1.0247e-07
-1.0258e-07
-1.0269e-07
-1.028e-07
-1.02909e-07
-1.03018e-07
-1.03127e-07
-1.03235e-07
-1.03343e-07
-1.0345e-07
-1.03557e-07
-1.03664e-07
-1.0377e-07
-1.03876e-07
-1.03982e-07
-1.04087e-07
-1.04192e-07
-1.04297e-07
-1.04401e-07
-1.04505e-07
-1.04609e-07
-1.04712e-07
-1.04815e-07
-1.04918e-07
-1.0502e-07
-1.05122e-07
-1.05223e-07
-1.05324e-07
-1.05425e-07
-1.05526e-07
-1.05626e-07
-1.05726e-07
-1.05825e-07
-1.05924e-07
-1.06023e-07
-1.06121e-07
-1.06219e-07
-1.06317e-07
-1.06414e-07
-1.06511e-07
-1.06608e-07
-1.06704e-07
-1.068e-07
-1.06896e-07
-1.06991e-07
-1.07086e-07
-1.07181e-07
-1.07275e-07
-1.07369e-07
-1.07463e-07
-1.07556e-07
-1.07649e-07
-1.07742e-07
-1.07834e-07
-1.07926e-07
-1.08018e-07
-1.08109e-07
-1.082e-07
-1.08291e-07
-1.08381e-07
-1.08471e-07
-1.08561e-07
-1.0865e-07
-1.08739e-07
-1.08828e-07
-1.08916e-07
-1.09004e-07
-1.09092e-07
-1.0918e-07
-1.09267e-07
-1.09353e-07
-1.0944e-07
-1.09526e-07
-1.09612e-07
-1.09697e-07
-1.09783e-07
-1.09867e-07
-1.09952e-07
-1.10036e-07
-1.1012e-07
-1.10204e-07
-1.10287e-07
-1.1037e-07
-1.10453e-07
-1.10535e-07
-1.10617e-07
-1.10699e-07
-1.1078e-07
-1.10861e-07
-1.10942e-07
-1.11023e-07
-1.11103e-07
-1.11183e-07
-1.11262e-07
-1.11342e-07
-1.11421e-07
-1.11499e-07
-1.11578e-07
-1.11656e-07
-1.11734e-07
-1.11811e-07
-1.11888e-07
-1.11965e-07
-1.12042e-07
-1.12118e-07
-1.12194e-07
-1.1227e-07
-1.12345e-07
-1.12421e-07
-1.12495e-07
-1.1257e-07
-1.12644e-07
-1.12718e-07
-1.12792e-07
-1.12865e-07
-1.12938e-07
-1.13011e-07
-1.13084e-07
-1.13156e-07
-1.13228e-07
-1.133e-07
-1.13371e-07
-1.13442e-07
-1.13513e-07
-1.13584e-07
-1.13654e-07
-1.13724e-07
-1.13794e-07
-1.13864e-07
-1.13933e-07
-1.14002e-07
-1.1407e-07
-1.14139e-07
-1.14207e-07
-1.14275e-07
-1.14342e-07
-1.1441e-07
-1.14477e-07
-1.14544e-07
-1.1461e-07
-1.14676e-07
-1.14742e-07
-1.14808e-07
-1.14874e-07
-1.14939e-07
-1.15004e-07
-1.15069e-07
-1.15133e-07
-1.15197e-07
-1.15261e-07
-1.15325e-07
-1.15388e-07
-1.15451e-07
-1.15514e-07
-1.15577e-07
-1.15639e-07
-1.15701e-07
-1.15763e-07
-1.15825e-07
-1.15886e-07
-1.15948e-07
-1.16009e-07
-1.16069e-07
-1.1613e-07
-1.1619e-07
-1.1625e-07
-1.16309e-07
-1.16369e-07
-1.16428e-07
-1.16487e-07
-1.16546e-07
-1.16604e-07
-1.16662e-07
-1.1672e-07
-1.16778e-07
-1.16836e-07
-1.16893e-07
-1.1695e-07
-1.17007e-07
-1.17064e-07
-1.1712e-07
-1.17176e-07
-1.17232e-07
-1.17288e-07
-1.17343e-07
-1.17398e-07
-1.17453e-07
-1.17508e-07
-1.17563e-07
-1.17617e-07
-1.17671e-07
-1.17725e-07
-1.17779e-07
-1.17832e-07
-1.17885e-07
-1.17938e-07
-1.17991e-07
-1.18044e-07
-1.18096e-07
-1.18148e-07
-1.182e-07
-1.18252e-07
-1.18303e-07
-1.18354e-07
-1.18405e-07
-1.18456e-07
-1.18507e-07
-1.18557e-07
-1.18608e-07
-1.18658e-07
-1.18707e-07
-1.18757e-07
-1.18806e-07
-1.18856e-07
-1.18905e-07
-1.18953e-07
-1.19002e-07
-1.1905e-07
-1.19098e-07
-1.19146e-07
-1.19194e-07
-1.19242e-07
-1.19289e-07
-1.19336e-07
-1.19383e-07
-1.1943e-07
-1.19477e-07
-1.19523e-07
-1.19569e-07
-1.19615e-07
-1.19661e-07
-1.19707e-07
-1.19752e-07
-1.19797e-07
-1.19842e-07
-1.19887e-07
-1.19932e-07
-1.19976e-07
-1.20021e-07
-1.20065e-07
-1.20109e-07
-1.20152e-07
-1.20196e-07
-1.20239e-07
-1.20283e-07
-1.20326e-07
-1.20368e-07
-1.20411e-07
-1.20453e-07
-1.20496e-07
-1.20538e-07
-1.2058e-07
-1.20622e-07
-1.20663e-07
-1.20705e-07
-1.20746e-07
-1.20787e-07
-1.20828e-07
-1.20868e-07
-1.20909e-07
-1.20949e-07
-1.20989e-07
-1.2103e-07
-1.21069e-07
-1.21109e-07
-1.21149e-07
-1.21188e-07
-1.21227e-07
-1.21266e-07
-1.21305e-07
-1.21344e-07
-1.21382e-07
-1.21421e-07
-1.21459e-07
-1.21497e-07
-1.21535e-07
-1.21572e-07
-1.2161e-07
-1.21647e-07
-1.21685e-07
-1.21722e-07
-1.21759e-07
-1.21795e-07
-1.21832e-07
-1.21868e-07
-1.21905e-07
-1.21941e-07
-1.21977e-07
-1.22013e-07
-1.22048e-07
-1.22084e-07
-1.22119e-07
-1.22155e-07
-1.2219e-07
-1.22225e-07
-1.22259e-07
-1.22294e-07
-1.22328e-07
-1.22363e-07
-1.22397e-07
-1.22431e-07
-1.22465e-07
-1.22499e-07
-1.22532e-07
-1.22566e-07
-1.22599e-07
-1.22632e-07
-1.22665e-07
-1.22698e-07
-1.22731e-07
-1.22764e-07
-1.22796e-07
-1.22829e-07
-1.22861e-07
-1.22893e-07
-1.22925e-07
-1.22957e-07
-1.22988e-07
-1.2302e-07
-1.23051e-07
-1.23082e-07
-1.23114e-07
-1.23145e-07
-1.23175e-07
-1.23206e-07
-1.23237e-07
-1.23267e-07
-1.23298e-07
-1.23328e-07
-1.23358e-07
-1.23388e-07
-1.23418e-07
-1.23447e-07
-1.23477e-07
-1.23506e-07
-1.23536e-07
-1.23565e-07
-1.23594e-07
-1.23623e-07
-1.23652e-07
-1.2368e-07
-1.23709e-07
-1.23737e-07
-1.23766e-07
-1.23794e-07
-1.23822e-07
-1.2385e-07
-1.23878e-07
-1.23906e-07
-1.23933e-07
-1.23961e-07
-1.23988e-07
-1.24015e-07
-1.24042e-07
-1.24069e-07
-1.24096e-07
-1.24123e-07
-1.2415e-07
-1.24176e-07
-1.24203e-07
-1.24229e-07
-1.24255e-07
-1.24281e-07
-1.24307e-07
-1.24333e-07
-1.24359e-07
-1.24385e-07
-1.2441e-07
-1.24436e-07
-1.24461e-07
-1.24486e-07
-1.24512e-07
-1.24537e-07
-1.24561e-07
-1.24586e-07
-1.24611e-07
-1.24636e-07
-1.2466e-07
-1.24684e-07
-1.24709e-07
-1.24733e-07
-1.24757e-07
-1.24781e-07
-1.24805e-07
-1.24829e-07
-1.24852e-07
-1.24876e-07
-1.24899e-07
-1.24923e-07
-1.24946e-07
-1.24969e-07
-1.24992e-07
-1.25015e-07
-1.25038e-07
-1.25061e-07
-1.25083e-07
-1.25106e-07
-1.25128e-07
-1.25151e-07
-1.25173e-07
-1.25195e-07
-1.25217e-07
-1.25239e-07
-1.25261e-07
-1.25283e-07
-1.25305e-07
-1.25327e-07
-1.25348e-07
-1.2537e-07
-1.25391e-07
-1.25412e-07
-1.25433e-07
-1.25454e-07
-1.25475e-07
-1.25496e-07
-1.25517e-07
-1.25538e-07
-1.25559e-07
-1.25579e-07
-1.256e-07
-1.2562e-07
-1.2564e-07
-1.2566e-07
-1.25681e-07
-1.25701e-07
-1.2572e-07
-1.2574e-07
-1.2576e-07
-1.2578e-07
-1.25799e-07
-1.25819e-07
-1.25838e-07
-1.25858e-07
-1.25877e-07
-1.25896e-07
-1.25915e-07
-1.25934e-07
-1.25953e-07
-1.25972e-07
-1.25991e-07
-1.2601e-07
-1.26028e-07
-1.26047e-07
-1.26065e-07
-1.26084e-07
-1.26102e-07
-1.2612e-07
-1.26139e-07
-1.26157e-07
-1.26175e-07
-1.26193e-07
-1.2621e-07
-1.26228e-07
-1.26246e-07
-1.26264e-07
-1.26281e-07
-1.26299e-07
-1.26316e-07
-1.26333e-07
-1.26351e-07
-1.26368e-07
-1.26385e-07
-1.26402e-07
-1.26419e-07
-1.26436e-07
-1.26453e-07
-1.26469e-07
-1.26486e-07
-1.26503e-07
-1.26519e-07
-1.26536e-07
-1.26552e-07
-1.26569e-07
-1.26585e-07
-1.26601e-07
-1.26617e-07
-1.26633e-07
-1.26649e-07
-1.26665e-07
-1.26681e-07
-1.26697e-07
-1.26713e-07
-1.26728e-07
-1.26744e-07
-1.26759e-07
-1.26775e-07
-1.2679e-07
-1.26806e-07
-1.26821e-07
-1.26836e-07
-1.26851e-07
-1.26866e-07
-1.26881e-07
-1.26896e-07
-1.26911e-07
-1.26926e-07
-1.26941e-07
-1.26956e-07
-1.2697e-07
-1.26985e-07
-1.26999e-07
-1.27014e-07
-1.27028e-07
-1.27043e-07
-1.27057e-07
-1.27071e-07
-1.27085e-07
-1.27099e-07
-1.27113e-07
-1.27127e-07
-1.27141e-07
-1.27155e-07
-1.27169e-07
-1.27183e-07
-1.27197e-07
-1.2721e-07
-1.27224e-07
-1.27237e-07
-1.27251e-07
-1.27264e-07
-1.27278e-07
-1.27291e-07
-1.27304e-07
-1.27317e-07
-1.27331e-07
-1.27344e-07
-1.27357e-07
-1.2737e-07
-1.27383e-07
-1.27395e-07
-1.27408e-07
-1.27421e-07
-1.27434e-07
-1.27446e-07
-1.27459e-07
-1.27472e-07
-1.27484e-07
-1.27497e-07
-1.27509e-07
-1.27521e-07
-1.27534e-07
-1.27546e-07
-1.27558e-07
-1.2757e-07
-1.27582e-07
-1.27594e-07
-1.27606e-07
-1.27618e-07
-1.2763e-07
-1.27642e-07
-1.27654e-07
-1.27666e-07
-1.27677e-07
-1.27689e-07
-1.27701e-07
-1.27712e-07
-1.27724e-07
-1.27735e-07
-1.27747e-07
-1.27758e-07
-1.27769e-07
-1.27781e-07
-1.27792e-07
-1.27803e-07
-1.27814e-07
-1.27825e-07
-1.27836e-07
-1.27847e-07
-1.27858e-07
-1.27869e-07
-1.2788e-07
-1.27891e-07
-1.27902e-07
-1.27913e-07
-1.27923e-07
-1.27934e-07
-1.27945e-07
-1.27955e-07
-1.27966e-07
-1.27976e-07
-1.27987e-07
-1.27997e-07
-1.28007e-07
-1.28018e-07
-1.28028e-07
-1.28038e-07
-1.28049e-07
-1.28059e-07
-1.28069e-07
-1.28079e-07
-1.28089e-07
-1.28099e-07
-1.28109e-07
-1.28119e-07
-1.28129e-07
-1.28139e-07
-1.28148e-07
-1.28158e-07
-1.28168e-07
-1.28177e-07
-1.28187e-07
-1.28197e-07
-1.28206e-07
-1.28216e-07
-1.28225e-07
-1.28235e-07
-1.28244e-07
-1.28254e-07
-1.28263e-07
-1.28272e-07
-1.28281e-07
-1.28291e-07
-1.283e-07
-1.28309e-07
-1.28318e-07
-1.28327e-07
-1.28336e-07
-1.28345e-07
-1.28354e-07
-1.28363e-07
-1.28372e-07
-1.28381e-07
-1.2839e-07
-1.28399e-07
-1.28407e-07
-1.28416e-07
-1.28425e-07
-1.28433e-07
-1.28442e-07
-1.28451e-07
-1.28459e-07
-1.28468e-07
-1.28476e-07
-1.28485e-07
-1.28493e-07
-1.28502e-07
-1.2851e-07
-1.28518e-07
-1.28527e-07
-1.28535e-07
-1.28543e-07
-1.28551e-07
-1.28559e-07
-1.28568e-07
-1.28576e-07
-1.28584e-07
-1.28592e-07
-1.286e-07
-1.28608e-07
-1.28616e-07
-1.28624e-07
-1.28632e-07
-1.28639e-07
-1.28647e-07
-1.28655e-07
-1.28663e-07
-1.28671e-07
-1.28678e-07
-1.28686e-07
-1.28694e-07
-1.28701e-07
-1.28709e-07
-1.28716e-07
-1.28724e-07
-1.28731e-07
-1.28739e-07
-1.28746e-07
-1.28754e-07
-1.28761e-07
-1.28768e-07
-1.28776e-07
-1.28783e-07
-1.2879e-07
-1.28798e-07
-1.28805e-07
-1.28812e-07
-1.28819e-07
-1.28826e-07
-1.28833e-07
-1.28841e-07
-1.28848e-07
-1.28855e-07
-1.28862e-07
-1.28869e-07
-1.28876e-07
-1.28883e-07
-1.28889e-07
-1.28896e-07
-1.28903e-07
-1.2891e-07
-1.28917e-07
-1.28924e-07
-1.2893e-07
-1.28937e-07
-1.28944e-07
-1.2895e-07
-1.28957e-07
-1.28964e-07
-1.2897e-07
-1.28977e-07
-1.28983e-07
-1.2899e-07
-1.28996e-07
-1.29003e-07
-1.29009e-07
-1.29016e-07
-1.29022e-07
-1.29029e-07
-1.29035e-07
-1.29041e-07
-1.29048e-07
-1.29054e-07
-1.2906e-07
-1.29066e-07
-1.29073e-07
-1.29079e-07
-1.29085e-07
-1.29091e-07
-1.29097e-07
-1.29103e-07
-1.29109e-07
-1.29115e-07
-1.29122e-07
-1.29128e-07
-1.29134e-07
-1.2914e-07
-1.29145e-07
-1.29151e-07
-1.29157e-07
-1.29163e-07
-1.29169e-07
-1.29175e-07
-1.29181e-07
-1.29187e-07
-1.29192e-07
-1.29198e-07
-1.29204e-07
-1.2921e-07
-1.29215e-07
-1.29221e-07
-1.29227e-07
-1.29232e-07
-1.29238e-07
-1.29243e-07
-1.29249e-07
-1.29255e-07
-1.2926e-07
-1.29266e-07
-1.29271e-07
-1.29277e-07
-1.29282e-07
-1.29288e-07
-1.29293e-07
-1.29298e-07
-1.29304e-07
-1.29309e-07
-1.29314e-07
-1.2932e-07
-1.29325e-07
-1.2933e-07
-1.29336e-07
-1.29341e-07
-1.29346e-07
-1.29351e-07
-1.29357e-07
-1.29362e-07
-1.29367e-07
-1.29372e-07
-1.29377e-07
-1.29382e-07
-1.29387e-07
-1.29392e-07
-1.29397e-07
-1.29403e-07
-1.29408e-07
-1.29413e-07
-1.29418e-07
-1.29422e-07
-1.29427e-07
-1.29432e-07
-1.29437e-07
-1.29442e-07
-1.29447e-07
-1.29452e-07
-1.29457e-07
-1.29462e-07
-1.29466e-07
-1.29471e-07
-1.29476e-07
-1.29481e-07
-1.29486e-07
-1.2949e-07
-1.29495e-07
-1.295e-07
-1.29504e-07
-1.29509e-07
-1.29514e-07
-1.29518e-07
-1.29523e-07
-1.29528e-07
-1.29532e-07
-1.29537e-07
-1.29541e-07
-1.29546e-07
-1.2955e-07
-1.29555e-07
-1.29559e-07
-1.29564e-07
-1.29568e-07
-1.29573e-07
-1.29577e-07
-1.29582e-07
-1.29586e-07
-1.29591e-07
-1.29595e-07
-1.29599e-07
-1.29604e-07
-1.29608e-07
-1.29612e-07
-1.29617e-07
-1.29621e-07
-1.29625e-07
-1.2963e-07
-1.29634e-07
-1.29638e-07
-1.29642e-07
-1.29647e-07
-1.29651e-07
-1.29655e-07
-1.29659e-07
-1.29663e-07
-1.29667e-07
-1.29672e-07
-1.29676e-07
-1.2968e-07
-1.29684e-07
-1.29688e-07
-1.29692e-07
-1.29696e-07
-1.297e-07
-1.29704e-07
-1.29708e-07
-1.29712e-07
-1.29716e-07
-1.2972e-07
-1.29724e-07
-1.29728e-07
-1.29732e-07
-1.29736e-07
-1.2974e-07
-1.29744e-07
-1.29748e-07
-1.29752e-07
-1.29755e-07
-1.29759e-07
-1.29763e-07
-1.29767e-07
-1.29771e-07
-1.29775e-07
-1.29778e-07
-1.29782e-07
-1.29786e-07
-1.2979e-07
-1.29794e-07
-1.29797e-07
-1.29801e-07
-1.29805e-07
-1.29808e-07
-1.29812e-07
-1.29816e-07
-1.2982e-07
-1.29823e-07
-1.29827e-07
-1.2983e-07
-1.29834e-07
-1.29838e-07
-1.29841e-07
-1.29845e-07
-1.29849e-07
-1.29852e-07
-1.29856e-07
-1.29859e-07
-1.29863e-07
-1.29866e-07
-1.2987e-07
-1.29873e-07
-1.29877e-07
-1.2988e-07
-1.29884e-07
-1.29887e-07
-1.29891e-07
-1.29894e-07
-1.29898e-07
-1.29901e-07
-1.29905e-07
-1.29908e-07
-1.29911e-07
-1.29915e-07
-1.29918e-07
-1.29921e-07
-1.29925e-07
-1.29928e-07
-1.29932e-07
-1.29935e-07
-1.29938e-07
-1.29941e-07
-1.29945e-07
-1.29948e-07
-1.29951e-07
-1.29955e-07
-1.29958e-07
-1.29961e-07
-1.29964e-07
-1.29968e-07
-1.29971e-07
-1.29974e-07
-1.29977e-07
-1.29981e-07
-1.29984e-07
-1.29987e-07
-1.2999e-07
-1.29993e-07
-1.29996e-07
-1.3e-07
-1.30003e-07
-1.30006e-07
-1.30009e-07
-1.30012e-07
-1.30015e-07
-1.30018e-07
-1.30021e-07
-1.30024e-07
-1.30028e-07
-1.30031e-07
-1.30034e-07
-1.30037e-07
-1.3004e-07
-1.30043e-07
-1.30046e-07
-1.30049e-07
-1.30052e-07
-1.30055e-07
-1.30058e-07
-1.30061e-07
-1.30064e-07
-1.30067e-07
-1.3007e-07
-1.30073e-07
-1.30076e-07
-1.30079e-07
-1.30081e-07
-1.30084e-07
-1.30087e-07
-1.3009e-07
-1.30093e-07
-1.30096e-07
-1.30099e-07
-1.30102e-07
-1.30105e-07
-1.30107e-07
-1.3011e-07
-1.30113e-07
-1.30116e-07
-1.30119e-07
-1.30122e-07
-1.30124e-07
-1.30127e-07
-1.3013e-07
-1.30133e-07
-1.30136e-07
-1.30138e-07
-1.30141e-07
-1.30144e-07
-1.30147e-07
-1.30149e-07
-1.30152e-07
-1.30155e-07
-1.30158e-07
-1.3016e-07
-1.30163e-07
-1.30166e-07
-1.30169e-07
-1.30171e-07
-1.30174e-07
-1.30177e-07
-1.30179e-07
-1.30182e-07
-1.30185e-07
-1.30187e-07
-1.3019e-07
-1.30193e-07
-1.30195e-07
-1.30198e-07
-1.302e-07
-1.30203e-07
-1.30206e-07
-1.30208e-07
-1.30211e-07
-1.30213e-07
-1.30216e-07
-1.30219e-07
-1.30221e-07
-1.30224e-07
-1.30226e-07
-1.30229e-07
-1.30231e-07
-1.30234e-07
-1.30237e-07
-1.30239e-07
-1.30242e-07
-1.30244e-07
-1.30247e-07
-1.30249e-07
-1.30252e-07
-1.30254e-07
-1.30257e-07
-1.30259e-07
-1.30262e-07
-1.30264e-07
-1.30267e-07
-1.30269e-07
-1.30271e-07
-1.30274e-07
-1.30276e-07
-1.30279e-07
-1.30281e-07
-1.30284e-07
-1.30286e-07
-1.30289e-07
-1.30291e-07
-1.30293e-07
-1.30296e-07
-1.30298e-07
-1.30301e-07
-1.30303e-07
-1.30305e-07
-1.30308e-07
-1.3031e-07
-1.30312e-07
-1.30315e-07
-1.30317e-07
-1.3032e-07
-1.30322e-07
-1.30324e-07
-1.30327e-07
-1.30329e-07
-1.30331e-07
-1.30334e-07
-1.30336e-07
-1.30338e-07
-1.3034e-07
-1.30343e-07
-1.30345e-07
-1.30347e-07
-1.3035e-07
-1.30352e-07
-1.30354e-07
-1.30356e-07
-1.30359e-07
-1.30361e-07
-1.30363e-07
-1.30365e-07
-1.30368e-07
-1.3037e-07
-1.30372e-07
-1.30374e-07
-1.30377e-07
-1.30379e-07
-1.30381e-07
-1.30383e-07
-1.30386e-07
-1.30388e-07
-1.3039e-07
-1.30392e-07
-1.30394e-07
-1.30397e-07
-1.30399e-07
-1.30401e-07
-1.30403e-07
-1.30405e-07
-1.30407e-07
-1.3041e-07
-1.30412e-07
-1.30414e-07
-1.30416e-07
-1.30418e-07
-1.3042e-07
-1.30422e-07
-1.30425e-07
-1.30427e-07
-1.30429e-07
-1.30431e-07
-1.30433e-07
-1.30435e-07
-1.30437e-07
-1.30439e-07
-1.30442e-07
-1.30444e-07
-1.30446e-07
-1.30448e-07
-1.3045e-07
-1.30452e-07
-1.30454e-07
-1.30456e-07
-1.30458e-07
-1.3046e-07
-1.30462e-07
-1.30464e-07
-1.30466e-07
-1.30469e-07
-1.30471e-07
-1.30473e-07
-1.30475e-07
-1.30477e-07
-1.30479e-07
-1.30481e-07
-1.30483e-07
-1.30485e-07
-1.30487e-07
-1.30489e-07
-1.30491e-07
-1.30493e-07
-1.30495e-07
-1.30497e-07
-1.30499e-07
-1.30501e-07
-1.30503e-07
-1.30505e-07
-1.30507e-07
-1.30509e-07
-1.30511e-07
-1.30513e-07
-1.30515e-07
-1.30517e-07
-1.30519e-07
-1.30521e-07
-1.30523e-07
-1.30524e-07
-1.30526e-07
-1.30528e-07
-1.3053e-07
-1.30532e-07
-1.30534e-07
-1.30536e-07
-1.30538e-07
-1.3054e-07
-1.30542e-07
-1.30544e-07
-1.30546e-07
-1.30548e-07
-1.3055e-07
-1.30551e-07
-1.30553e-07
-1.30555e-07
-1.30557e-07
-1.30559e-07
-1.30561e-07
-1.30563e-07
-1.30565e-07
-1.30567e-07
-1.30568e-07
-1.3057e-07
-1.30572e-07
-1.30574e-07
-1.30576e-07
-1.30578e-07
-1.3058e-07
-1.30582e-07
-1.30583e-07
-1.30585e-07
-1.30587e-07
-1.30589e-07
-1.30591e-07
-1.30593e-07
-1.30594e-07
-1.30596e-07
-1.30598e-07
-1.306e-07
-1.30602e-07
-1.30604e-07
-1.30605e-07
-1.30607e-07
-1.30609e-07
-1.30611e-07
-1.30613e-07
-1.30615e-07
-1.30616e-07
-1.30618e-07
-1.3062e-07
-1.30622e-07
-1.30624e-07
-1.30625e-07
-1.30627e-07
-1.30629e-07
-1.30631e-07
-1.30632e-07
-1.30634e-07
-1.30636e-07
-1.30638e-07
-1.3064e-07
-1.30641e-07
-1.30643e-07
-1.30645e-07
-1.30647e-07
-1.30648e-07
-1.3065e-07
-1.30652e-07
-1.30654e-07
-1.30655e-07
-1.30657e-07
-1.30659e-07
-1.30661e-07
-1.30662e-07
-1.30664e-07
-1.30666e-07
-1.30668e-07
-1.30669e-07
-1.30671e-07
-1.30673e-07
-1.30674e-07
-1.30676e-07
-1.30678e-07
-1.3068e-07
-1.30681e-07
-1.30683e-07
-1.30685e-07
-1.30686e-07
-1.30688e-07
-1.3069e-07
-1.30692e-07
-1.30693e-07
-1.30695e-07
-1.30697e-07
-1.30698e-07
-1.307e-07
-1.30702e-07
-1.30703e-07
-1.30705e-07
-1.30707e-07
-1.30708e-07
-1.3071e-07
-1.30712e-07
-1.30713e-07
-1.30715e-07
-1.30717e-07
-1.30718e-07
-1.3072e-07
-1.30722e-07
-1.30723e-07
-1.30725e-07
-1.30727e-07
-1.30728e-07
-1.3073e-07
-1.30732e-07
-1.30733e-07
-1.30735e-07
-1.30737e-07
-1.30738e-07
-1.3074e-07
-1.30742e-07
-1.30743e-07
-1.30745e-07
-1.30747e-07
-1.30748e-07
-1.3075e-07
-1.30751e-07
-1.30753e-07
-1.30755e-07
-1.30756e-07
-1.30758e-07
-1.3076e-07
-1.30761e-07
-1.30763e-07
-1.30764e-07
-1.30766e-07
-1.30768e-07
-1.30769e-07
-1.30771e-07
-1.30772e-07
-1.30774e-07
-1.30776e-07
-1.30777e-07
-1.30779e-07
-1.3078e-07
-1.30782e-07
-1.30784e-07
-1.30785e-07
-1.30787e-07
-1.30788e-07
-1.3079e-07
-1.30791e-07
-1.30793e-07
-1.30795e-07
-1.30796e-07
-1.30798e-07
-1.30799e-07
-1.30801e-07
-1.30803e-07
-1.30804e-07
-1.30806e-07
-1.30807e-07
-1.30809e-07
-1.3081e-07
-1.30812e-07
-1.30813e-07
-1.30815e-07
-1.30817e-07
-1.30818e-07
-1.3082e-07
-1.30821e-07
-1.30823e-07
-1.30824e-07
-1.30826e-07
-1.30827e-07
-1.30829e-07
-1.30831e-07
-1.30832e-07
-1.30834e-07
-1.30835e-07
-1.30837e-07
-1.30838e-07
-1.3084e-07
-1.30841e-07
-1.30843e-07
-1.30844e-07
-1.30846e-07
-1.30847e-07
-1.30849e-07
-1.3085e-07
-1.30852e-07
-1.30853e-07
-1.30855e-07
-1.30857e-07
-1.30858e-07
-1.3086e-07
-1.30861e-07
-1.30863e-07
-1.30864e-07
-1.30866e-07
-1.30867e-07
-1.30869e-07
-1.3087e-07
-1.30872e-07
-1.30873e-07
-1.30875e-07
-1.30876e-07
-1.30878e-07
-1.30879e-07
-1.30881e-07
-1.30882e-07
-1.30884e-07
-1.30885e-07
-1.30887e-07
-1.30888e-07
-1.3089e-07
-1.30891e-07
-1.30893e-07
-1.30894e-07
-1.30895e-07
-1.30897e-07
-1.30898e-07
-1.309e-07
-1.30901e-07
-1.30903e-07
-1.30904e-07
-1.30906e-07
-1.30907e-07
-1.30909e-07
-1.3091e-07
-1.30912e-07
-1.30913e-07
-1.30915e-07
-1.30916e-07
-1.30918e-07
-1.30919e-07
-1.3092e-07
-1.30922e-07
-1.30923e-07
-1.30925e-07
-1.30926e-07
-1.30928e-07
-1.30929e-07
-1.30931e-07
-1.30932e-07
-1.30934e-07
-1.30935e-07
-1.30936e-07
-1.30938e-07
-1.30939e-07
-1.30941e-07
-1.30942e-07
-1.30944e-07
-1.30945e-07
-1.30947e-07
-1.30948e-07
-1.30949e-07
-1.30951e-07
-1.30952e-07
-1.30954e-07
-1.30955e-07
-1.30957e-07
-1.30958e-07
-1.3096e-07
-1.30961e-07
-1.30962e-07
-1.30964e-07
-1.30965e-07
-1.30967e-07
-1.30968e-07
-1.3097e-07
-1.30971e-07
-1.30972e-07
-1.30974e-07
-1.30975e-07
-1.30977e-07
-1.30978e-07
-1.30979e-07
-1.30981e-07
-1.30982e-07
-1.30984e-07
-1.30985e-07
-1.30987e-07
-1.30988e-07
-1.30989e-07
-1.30991e-07
-1.30992e-07
-1.30994e-07
-1.30995e-07
-1.30996e-07
-1.30998e-07
-1.30999e-07
-1.31001e-07
-1.31002e-07
-1.31003e-07
-1.31005e-07
-1.31006e-07
-1.31008e-07
-1.31009e-07
-1.3101e-07
-1.31012e-07
-1.31013e-07
-1.31015e-07
-1.31016e-07
-1.31017e-07
-1.31019e-07
-1.3102e-07
-1.31022e-07
-1.31023e-07
-1.31024e-07
-1.31026e-07
-1.31027e-07
-1.31028e-07
-1.3103e-07
-1.31031e-07
-1.31033e-07
-1.31034e-07
-1.31035e-07
-1.31037e-07
-1.31038e-07
-1.3104e-07
-1.31041e-07
-1.31042e-07
-1.31044e-07
-1.31045e-07
-1.31046e-07
-1.31048e-07
-1.31049e-07
-1.31051e-07
-1.31052e-07
-1.31053e-07
-1.31055e-07
-1.31056e-07
-1.31057e-07
-1.31059e-07
-1.3106e-07
-1.31061e-07
-1.31063e-07
-1.31064e-07
-1.31066e-07
-1.31067e-07
-1.31068e-07
-1.3107e-07
-1.31071e-07
-1.31072e-07
-1.31074e-07
-1.31075e-07
-1.31076e-07
-1.31078e-07
-1.31079e-07
-1.31081e-07
-1.31082e-07
-1.31083e-07
-1.31085e-07
-1.31086e-07
-1.31087e-07
-1.31089e-07
-1.3109e-07
-1.31091e-07
-1.31093e-07
-1.31094e-07
-1.31095e-07
-1.31097e-07
-1.31098e-07
-1.31099e-07
-1.31101e-07
-1.31102e-07
-1.31103e-07
-1.31105e-07
-1.31106e-07
-1.31107e-07
-1.31109e-07
-1.3111e-07
-1.31111e-07
-1.31113e-07
-1.31114e-07
-1.31115e-07
-1.31117e-07
-1.31118e-07
-1.31119e-07
-1.31121e-07
-1.31122e-07
-1.31124e-07
-1.31125e-07
-1.31126e-07
-1.31127e-07
-1.31129e-07
-1.3113e-07
-1.31131e-07
-1.31133e-07
-1.31134e-07
-1.31135e-07
-1.31137e-07
-1.31138e-07
-1.31139e-07
-1.31141e-07
-1.31142e-07
-1.31143e-07
-1.31145e-07
-1.31146e-07
-1.31147e-07
-1.31149e-07
-1.3115e-07
-1.31151e-07
-1.31153e-07
-1.31154e-07
-1.31155e-07
-1.31157e-07
-1.31158e-07
-1.31159e-07
-1.31161e-07
-1.31162e-07
-1.31163e-07
-1.31165e-07
-1.31166e-07
-1.31167e-07
-1.31168e-07
-1.3117e-07
-1.31171e-07
-1.31172e-07
-1.31174e-07
-1.31175e-07
-1.31176e-07
-1.31178e-07
-1.31179e-07
-1.3118e-07
-1.31182e-07
-1.31183e-07
-1.31184e-07
-1.31185e-07
-1.31187e-07
-1.31188e-07
-1.31189e-07
-1.31191e-07
-1.31192e-07
-1.31193e-07
-1.31195e-07
-1.31196e-07
-1.31197e-07
-1.31199e-07
-1.312e-07
-1.31201e-07
-1.31202e-07
-1.31204e-07
-1.31205e-07
-1.31206e-07
-1.31208e-07
-1.31209e-07
-1.3121e-07
-1.31211e-07
-1.31213e-07
-1.31214e-07
-1.31215e-07
-1.31217e-07
-1.31218e-07
-1.31219e-07
-1.31221e-07
-1.31222e-07
-1.31223e-07
-1.31224e-07
-1.31226e-07
-1.31227e-07
-1.31228e-07
-1.3123e-07
-1.31231e-07
-1.31232e-07
-1.31233e-07
-1.31235e-07
-1.31236e-07
-1.31237e-07
-1.31239e-07
-1.3124e-07
-1.31241e-07
-1.31242e-07
-1.31244e-07
-1.31245e-07
-1.31246e-07
-1.31248e-07
-1.31249e-07
-1.3125e-07
-1.31251e-07
-1.31253e-07
-1.31254e-07
-1.31255e-07
-1.31257e-07
-1.31258e-07
-1.31259e-07
-1.3126e-07
-1.31262e-07
-1.31263e-07
-1.31264e-07
-1.31265e-07
-1.31267e-07
-1.31268e-07
-1.31269e-07
-1.31271e-07
-1.31272e-07
-1.31273e-07
-1.31274e-07
-1.31276e-07
-1.31277e-07
-1.31278e-07
-1.31279e-07
-1.31281e-07
-1.31282e-07
-1.31283e-07
-1.31285e-07
-1.31286e-07
-1.31287e-07
-1.31288e-07
-1.3129e-07
-1.31291e-07
-1.31292e-07
-1.31293e-07
-1.31295e-07
-1.31296e-07
-1.31297e-07
-1.31299e-07
-1.313e-07
-1.31301e-07
-1.31302e-07
-1.31304e-07
-1.31305e-07
-1.31306e-07
-1.31307e-07
-1.31309e-07
-1.3131e-07
-1.31311e-07
-1.31312e-07
-1.31314e-07
-1.31315e-07
-1.31316e-07
-1.31317e-07
-1.31319e-07
-1.3132e-07
-1.31321e-07
-1.31323e-07
-1.31324e-07
-1.31325e-07
-1.31326e-07
-1.31328e-07
-1.31329e-07
-1.3133e-07
-1.31331e-07
-1.31333e-07
-1.31334e-07
-1.31335e-07
-1.31336e-07
-1.31338e-07
-1.31339e-07
-1.3134e-07
-1.31341e-07
-1.31343e-07
-1.31344e-07
-1.31345e-07
-1.31346e-07
-1.31348e-07
-1.31349e-07
-1.3135e-07
-1.31351e-07
-1.31353e-07
-1.31354e-07
-1.31355e-07
-1.31356e-07
-1.31358e-07
-1.31359e-07
-1.3136e-07
-1.31361e-07
-1.31363e-07
-1.31364e-07
-1.31365e-07
-1.31366e-07
-1.31368e-07
-1.31369e-07
-1.3137e-07
-1.31371e-07
-1.31373e-07
-1.31374e-07
-1.31375e-07
-1.31376e-07
-1.31378e-07
-1.31379e-07
-1.3138e-07
-1.31381e-07
-1.31383e-07
-1.31384e-07
-1.31385e-07
-1.31386e-07
-1.31388e-07
-1.31389e-07
-1.3139e-07
-1.31391e-07
-1.31392e-07
-1.31394e-07
-1.31395e-07
-1.31396e-07
-1.31397e-07
-1.31399e-07
-1.314e-07
-1.31401e-07
-1.31402e-07
-1.31404e-07
-1.31405e-07
-1.31406e-07
-1.31407e-07
-1.31409e-07
-1.3141e-07
-1.31411e-07
-1.31412e-07
-1.31414e-07
-1.31415e-07
-1.31416e-07
-1.31417e-07
-1.31419e-07
-1.3142e-07
-1.31421e-07
-1.31422e-07
-1.31423e-07
-1.31425e-07
-1.31426e-07
-1.31427e-07
-1.31428e-07
-1.3143e-07
-1.31431e-07
-1.31432e-07
-1.31433e-07
-1.31435e-07
-1.31436e-07
-1.31437e-07
-1.31438e-07
-1.31439e-07
-1.31441e-07
-1.31442e-07
-1.31443e-07
-1.31444e-07
-1.31446e-07
-1.31447e-07
-1.31448e-07
-1.31449e-07
-1.31451e-07
-1.31452e-07
-1.31453e-07
-1.31454e-07
-1.31455e-07
-1.31457e-07
-1.31458e-07
-1.31459e-07
-1.3146e-07
-1.31462e-07
-1.31463e-07
-1.31464e-07
-1.31465e-07
-1.31466e-07
-1.31468e-07
-1.31469e-07
-1.3147e-07
-1.31471e-07
-1.31473e-07
-1.31474e-07
-1.31475e-07
-1.31476e-07
-1.31478e-07
-1.31479e-07
-1.3148e-07
-1.31481e-07
-1.31482e-07
-1.31484e-07
-1.31485e-07
-1.31486e-07
-1.31487e-07
-1.31489e-07
-1.3149e-07
-1.31491e-07
-1.31492e-07
-1.31493e-07
-1.31495e-07
-1.31496e-07
-1.31497e-07
-1.31498e-07
-1.31499e-07
-1.31501e-07
-1.31502e-07
-1.31503e-07
-1.31504e-07
-1.31506e-07
-1.31507e-07
-1.31508e-07
-1.31509e-07
-1.3151e-07
-1.31512e-07
-1.31513e-07
-1.31514e-07
-1.31515e-07
-1.31517e-07
-1.31518e-07
-1.31519e-07
-1.3152e-07
-1.31521e-07
-1.31523e-07
-1.31524e-07
-4.05941e-06
-8.66666e-06
-1.27028e-05
-1.58783e-05
-1.82246e-05
-1.9862e-05
-2.09224e-05
-2.15257e-05
-2.1774e-05
-2.1752e-05
-2.15291e-05
-2.11615e-05
-2.06938e-05
-2.01624e-05
-1.95953e-05
-1.90145e-05
-1.84361e-05
-1.78725e-05
-1.73326e-05
-1.68229e-05
-1.63479e-05
-1.59099e-05
-1.55102e-05
-1.51488e-05
-1.4825e-05
-1.45378e-05
-1.42856e-05
-1.4067e-05
-1.38809e-05
-1.37264e-05
-1.36024e-05
-1.35078e-05
-1.34415e-05
-1.34026e-05
-1.33903e-05
-1.34039e-05
-1.34431e-05
-1.35075e-05
-1.35972e-05
-1.37136e-05
-1.38584e-05
-1.40329e-05
-1.42389e-05
-1.44783e-05
-1.47535e-05
-1.50669e-05
-1.54219e-05
-1.58244e-05
-1.6281e-05
-1.67986e-05
-1.73851e-05
-1.8049e-05
-1.88045e-05
-1.96678e-05
-2.06574e-05
-2.17973e-05
-2.31204e-05
-2.46647e-05
-2.64855e-05
-2.86515e-05
-3.12635e-05
-3.44596e-05
-3.84417e-05
-4.35212e-05
-5.02056e-05
-5.94064e-05
-7.3001e-05
-9.58412e-05
-0.000144904
-0.000256951
-0.000396331
-0.000449393
-0.000441709
-0.000410454
-0.000370578
-0.000325021
-0.000273372
-0.000216533
-0.00015894
-0.000107671
-6.843e-05
-4.23185e-05
-2.6616e-05
-1.76277e-05
-1.25198e-05
-9.62331e-06
-8.08043e-06
-7.46957e-06
-7.57555e-06
-8.27563e-06
-9.48797e-06
-1.11489e-05
-1.32028e-05
-1.55975e-05
-1.82828e-05
-2.12097e-05
-2.43306e-05
-2.76002e-05
-3.09755e-05
-3.4417e-05
-3.78885e-05
-4.13578e-05
-4.47966e-05
-4.81808e-05
-5.14903e-05
-5.47085e-05
-5.78226e-05
-6.0823e-05
-6.3703e-05
-6.64586e-05
-6.90883e-05
-7.15922e-05
-7.39722e-05
-7.62318e-05
-7.83758e-05
-8.04097e-05
-8.23403e-05
-8.41748e-05
-8.59203e-05
-8.75871e-05
-8.91832e-05
-9.07189e-05
-9.22039e-05
-9.36511e-05
-9.50707e-05
-9.64771e-05
-9.78831e-05
-9.93068e-05
-0.000100765
-0.000102275
-0.000103858
-0.000105537
-0.00010734
-0.000109292
-0.000111424
-0.000113766
-0.000116353
-0.000119219
-0.000122397
-0.00012592
-0.000129807
-0.000134071
-0.000138704
-0.000143669
-0.000148886
-0.000154213
-0.000159447
-0.000164304
-0.000168429
-0.00017143
-0.000172915
-0.00017257
-0.000170202
-0.000165747
-0.000159284
-0.000150982
-0.000141047
-0.000129695
-0.00011715
-0.000103659
-8.95212e-05
-7.51338e-05
-6.10001e-05
-4.77164e-05
-3.58749e-05
-2.59355e-05
-1.81049e-05
-1.22979e-05
-8.21129e-06
-5.44866e-06
-3.62825e-06
-2.44347e-06
-1.67163e-06
-1.16283e-06
-8.20535e-07
-5.84091e-07
-4.15804e-07
-2.92284e-07
-1.98915e-07
-1.26445e-07
-6.89041e-08
-2.23488e-08
1.58978e-08
4.77073e-08
7.44275e-08
9.70574e-08
1.16357e-07
1.32917e-07
1.47206e-07
1.59602e-07
1.70414e-07
1.79893e-07
1.8825e-07
1.95662e-07
2.02273e-07
2.0821e-07
2.13574e-07
2.18456e-07
2.22928e-07
2.27055e-07
2.3089e-07
2.34479e-07
2.37859e-07
2.41065e-07
2.44124e-07
2.47061e-07
2.49894e-07
2.52642e-07
2.55319e-07
2.57938e-07
2.6051e-07
2.63043e-07
2.65545e-07
2.68023e-07
2.70482e-07
2.72928e-07
2.75364e-07
2.77794e-07
2.80221e-07
2.82647e-07
2.85075e-07
2.87506e-07
2.89942e-07
2.92384e-07
2.94833e-07
2.9729e-07
2.99757e-07
3.02233e-07
3.0472e-07
3.07218e-07
3.09726e-07
3.12247e-07
3.14779e-07
3.17323e-07
3.1988e-07
3.22449e-07
3.25031e-07
3.27626e-07
3.30233e-07
3.32853e-07
3.35486e-07
3.38132e-07
3.40791e-07
3.43462e-07
3.46147e-07
3.48845e-07
3.51555e-07
3.54278e-07
3.57015e-07
3.59763e-07
3.62525e-07
3.65299e-07
3.68086e-07
3.70885e-07
3.73696e-07
3.7652e-07
3.79356e-07
3.82205e-07
3.85065e-07
3.87938e-07
3.90822e-07
3.93718e-07
3.96626e-07
3.99545e-07
4.02476e-07
4.05418e-07
4.08372e-07
4.11337e-07
4.14313e-07
4.17299e-07
4.20297e-07
4.23305e-07
4.26324e-07
4.29353e-07
4.32393e-07
4.35442e-07
4.38502e-07
4.41572e-07
4.44651e-07
4.4774e-07
4.50839e-07
4.53947e-07
4.57064e-07
4.6019e-07
4.63324e-07
4.66468e-07
4.6962e-07
4.72781e-07
4.7595e-07
4.79127e-07
4.82311e-07
4.85504e-07
4.88704e-07
4.91912e-07
4.95127e-07
4.98349e-07
5.01577e-07
5.04813e-07
5.08055e-07
5.11303e-07
5.14558e-07
5.17819e-07
5.21085e-07
5.24357e-07
5.27635e-07
5.30917e-07
5.34205e-07
5.37498e-07
5.40795e-07
5.44097e-07
5.47403e-07
5.50714e-07
5.54028e-07
5.57346e-07
5.60667e-07
5.63992e-07
5.6732e-07
5.7065e-07
5.73984e-07
5.7732e-07
5.80658e-07
5.83998e-07
5.87341e-07
5.90684e-07
5.9403e-07
5.97377e-07
6.00724e-07
6.04073e-07
6.07422e-07
6.10772e-07
6.14122e-07
6.17471e-07
6.20821e-07
6.24171e-07
6.27519e-07
6.30867e-07
6.34214e-07
6.3756e-07
6.40904e-07
6.44247e-07
6.47587e-07
6.50926e-07
6.54262e-07
6.57596e-07
6.60928e-07
6.64256e-07
6.67581e-07
6.70903e-07
6.74222e-07
6.77536e-07
6.80847e-07
6.84154e-07
6.87456e-07
6.90754e-07
6.94047e-07
6.97335e-07
7.00618e-07
7.03895e-07
7.07167e-07
7.10433e-07
7.13694e-07
7.16948e-07
7.20196e-07
7.23437e-07
7.26672e-07
7.29899e-07
7.3312e-07
7.36333e-07
7.39539e-07
7.42737e-07
7.45927e-07
7.4911e-07
7.52283e-07
7.55449e-07
7.58606e-07
7.61754e-07
7.64893e-07
7.68023e-07
7.71144e-07
7.74255e-07
7.77357e-07
7.80449e-07
7.8353e-07
7.86602e-07
7.89663e-07
7.92714e-07
7.95754e-07
7.98783e-07
8.01801e-07
8.04809e-07
8.07804e-07
8.10789e-07
8.13761e-07
8.16722e-07
8.19671e-07
8.22608e-07
8.25533e-07
8.28445e-07
8.31345e-07
8.34232e-07
8.37106e-07
8.39967e-07
8.42816e-07
8.45651e-07
8.48472e-07
8.51281e-07
8.54075e-07
8.56856e-07
8.59623e-07
8.62376e-07
8.65115e-07
8.6784e-07
8.7055e-07
8.73246e-07
8.75927e-07
8.78594e-07
8.81246e-07
8.83883e-07
8.86504e-07
8.89111e-07
8.91703e-07
8.94279e-07
8.9684e-07
8.99385e-07
9.01914e-07
9.04428e-07
9.06926e-07
9.09408e-07
9.11874e-07
9.14324e-07
9.16758e-07
9.19176e-07
9.21577e-07
9.23962e-07
9.2633e-07
9.28682e-07
9.31017e-07
9.33335e-07
9.35637e-07
9.37922e-07
9.4019e-07
9.4244e-07
9.44674e-07
9.46891e-07
9.4909e-07
9.51272e-07
9.53437e-07
9.55585e-07
9.57715e-07
9.59827e-07
9.61922e-07
9.64e-07
9.6606e-07
9.68102e-07
9.70127e-07
9.72134e-07
9.74123e-07
9.76094e-07
9.78047e-07
9.79983e-07
9.819e-07
9.838e-07
9.85681e-07
9.87545e-07
9.8939e-07
9.91218e-07
9.93027e-07
9.94818e-07
9.96591e-07
9.98346e-07
1.00008e-06
1.0018e-06
1.0035e-06
1.00518e-06
1.00685e-06
1.00849e-06
1.01012e-06
1.01173e-06
1.01332e-06
1.01489e-06
1.01644e-06
1.01798e-06
1.0195e-06
1.021e-06
1.02248e-06
1.02394e-06
1.02539e-06
1.02682e-06
1.02823e-06
1.02962e-06
1.03099e-06
1.03235e-06
1.03369e-06
1.03501e-06
1.03632e-06
1.0376e-06
1.03887e-06
1.04012e-06
1.04135e-06
1.04257e-06
1.04376e-06
1.04494e-06
1.0461e-06
1.04724e-06
1.04836e-06
1.04947e-06
1.05055e-06
1.05162e-06
1.05267e-06
1.05371e-06
1.05472e-06
1.05571e-06
1.05669e-06
1.05764e-06
1.05857e-06
1.05948e-06
1.06037e-06
1.06124e-06
1.06209e-06
1.06292e-06
1.06373e-06
1.06452e-06
1.06529e-06
1.06605e-06
1.06678e-06
1.0675e-06
1.06819e-06
1.06888e-06
1.06954e-06
1.07018e-06
1.07081e-06
1.07142e-06
1.07201e-06
1.07259e-06
1.07315e-06
1.07369e-06
1.07422e-06
1.07472e-06
1.07521e-06
1.07569e-06
1.07614e-06
1.07658e-06
1.07701e-06
1.07741e-06
1.0778e-06
1.07818e-06
1.07853e-06
1.07887e-06
1.07919e-06
1.0795e-06
1.07979e-06
1.08006e-06
1.08032e-06
1.08056e-06
1.08079e-06
1.081e-06
1.08119e-06
1.08136e-06
1.08152e-06
1.08167e-06
1.08179e-06
1.0819e-06
1.082e-06
1.08208e-06
1.08214e-06
1.08219e-06
1.08222e-06
1.08224e-06
1.08224e-06
1.08223e-06
1.0822e-06
1.08215e-06
1.08209e-06
1.08202e-06
1.08193e-06
1.08182e-06
1.0817e-06
1.08156e-06
1.08141e-06
1.08124e-06
1.08106e-06
1.08087e-06
1.08066e-06
1.08043e-06
1.08019e-06
1.07994e-06
1.07967e-06
1.07939e-06
1.07909e-06
1.07878e-06
1.07845e-06
1.07811e-06
1.07775e-06
1.07739e-06
1.077e-06
1.07661e-06
1.0762e-06
1.07577e-06
1.07534e-06
1.07489e-06
1.07442e-06
1.07394e-06
1.07345e-06
1.07295e-06
1.07243e-06
1.0719e-06
1.07135e-06
1.07079e-06
1.07022e-06
1.06964e-06
1.06904e-06
1.06843e-06
1.06781e-06
1.06718e-06
1.06653e-06
1.06587e-06
1.0652e-06
1.06451e-06
1.06382e-06
1.06311e-06
1.06239e-06
1.06165e-06
1.06091e-06
1.06015e-06
1.05938e-06
1.0586e-06
1.05781e-06
1.057e-06
1.05619e-06
1.05536e-06
1.05452e-06
1.05367e-06
1.05281e-06
1.05193e-06
1.05105e-06
1.05015e-06
1.04925e-06
1.04833e-06
1.0474e-06
1.04647e-06
1.04552e-06
1.04457e-06
1.0436e-06
1.04263e-06
1.04165e-06
1.04066e-06
1.03966e-06
1.03865e-06
1.03763e-06
1.0366e-06
1.03556e-06
1.03451e-06
1.03346e-06
1.03239e-06
1.03131e-06
1.03023e-06
1.02913e-06
1.02803e-06
1.02691e-06
1.02579e-06
1.02465e-06
1.0235e-06
1.02233e-06
1.02115e-06
1.01995e-06
1.01873e-06
1.01749e-06
1.01624e-06
1.01498e-06
1.0137e-06
1.01241e-06
1.0111e-06
1.00979e-06
1.00846e-06
1.00712e-06
1.00578e-06
1.00442e-06
1.00305e-06
1.00167e-06
1.00029e-06
9.98896e-07
9.97495e-07
9.96085e-07
9.94668e-07
9.93244e-07
9.91812e-07
9.90373e-07
9.88927e-07
9.87474e-07
9.86014e-07
9.84547e-07
9.83073e-07
9.81593e-07
9.80105e-07
9.78612e-07
9.77111e-07
9.75604e-07
9.74091e-07
9.72571e-07
9.71045e-07
9.69512e-07
9.67973e-07
9.66428e-07
9.64877e-07
9.63319e-07
9.61755e-07
9.60185e-07
9.58608e-07
9.57026e-07
9.55438e-07
9.53843e-07
9.52243e-07
9.50636e-07
9.49024e-07
9.47406e-07
9.45782e-07
9.44153e-07
9.42518e-07
9.40877e-07
9.3923e-07
9.37578e-07
9.35921e-07
9.34258e-07
9.32589e-07
9.30916e-07
9.29236e-07
9.27552e-07
9.25863e-07
9.24168e-07
9.22468e-07
9.20763e-07
9.19054e-07
9.17339e-07
9.15619e-07
9.13895e-07
9.12166e-07
9.10432e-07
9.08693e-07
9.0695e-07
9.05202e-07
9.0345e-07
9.01693e-07
8.99932e-07
8.98167e-07
8.96397e-07
8.94623e-07
8.92845e-07
8.91063e-07
8.89277e-07
8.87486e-07
8.85692e-07
8.83894e-07
8.82092e-07
8.80286e-07
8.78477e-07
8.76664e-07
8.74847e-07
8.73027e-07
8.71203e-07
8.69376e-07
8.67545e-07
8.65711e-07
8.63873e-07
8.62033e-07
8.60189e-07
8.58342e-07
8.56492e-07
8.54639e-07
8.52783e-07
8.50924e-07
8.49062e-07
8.47197e-07
8.45329e-07
8.43459e-07
8.41586e-07
8.39711e-07
8.37832e-07
8.35952e-07
8.34069e-07
8.32183e-07
8.30295e-07
8.28405e-07
8.26512e-07
8.24617e-07
8.2272e-07
8.20821e-07
8.1892e-07
8.17017e-07
8.15112e-07
8.13206e-07
8.113e-07
8.09393e-07
8.07486e-07
8.05579e-07
8.03672e-07
8.01766e-07
7.99859e-07
7.97952e-07
7.96046e-07
7.94139e-07
7.92232e-07
7.90324e-07
7.88417e-07
7.86509e-07
7.846e-07
7.82691e-07
7.80781e-07
7.78871e-07
7.7696e-07
7.75048e-07
7.73133e-07
7.71212e-07
7.69283e-07
7.67343e-07
7.65393e-07
7.63433e-07
7.61462e-07
7.59481e-07
7.57491e-07
7.55492e-07
7.53486e-07
7.51473e-07
7.49453e-07
7.47428e-07
7.45398e-07
7.43364e-07
7.41327e-07
7.39287e-07
7.37245e-07
7.35202e-07
7.33156e-07
7.3111e-07
7.29064e-07
7.27017e-07
7.24971e-07
7.22924e-07
7.20878e-07
7.18833e-07
7.16789e-07
7.14745e-07
7.12703e-07
7.10662e-07
7.08622e-07
7.06583e-07
7.04546e-07
7.02511e-07
7.00476e-07
6.98444e-07
6.96413e-07
6.94383e-07
6.92355e-07
6.90329e-07
6.88304e-07
6.86281e-07
6.8426e-07
6.8224e-07
6.80221e-07
6.78205e-07
6.7619e-07
6.74177e-07
6.72165e-07
6.70155e-07
6.68147e-07
6.6614e-07
6.64135e-07
6.62131e-07
6.6013e-07
6.5813e-07
6.56131e-07
6.54134e-07
6.52139e-07
6.50146e-07
6.48154e-07
6.46164e-07
6.44176e-07
6.4219e-07
6.40205e-07
6.38222e-07
6.3624e-07
6.34261e-07
6.32283e-07
6.30307e-07
6.28333e-07
6.2636e-07
6.24389e-07
6.22421e-07
6.20454e-07
6.18489e-07
6.16525e-07
6.14564e-07
6.12605e-07
6.10647e-07
6.08692e-07
6.06738e-07
6.04787e-07
6.02837e-07
6.00889e-07
5.98944e-07
5.97e-07
5.95059e-07
5.93119e-07
5.91182e-07
5.89247e-07
5.87314e-07
5.85383e-07
5.83454e-07
5.81527e-07
5.79603e-07
5.77681e-07
5.75761e-07
5.73843e-07
5.71928e-07
5.70014e-07
5.68104e-07
5.66195e-07
5.64289e-07
5.62385e-07
5.60484e-07
5.58585e-07
5.56688e-07
5.54794e-07
5.52902e-07
5.51013e-07
5.49126e-07
5.47241e-07
5.4536e-07
5.4348e-07
5.41603e-07
5.39729e-07
5.37858e-07
5.35989e-07
5.34122e-07
5.32259e-07
5.30397e-07
5.28539e-07
5.26683e-07
5.2483e-07
5.2298e-07
5.21132e-07
5.19287e-07
5.17445e-07
5.15606e-07
5.13769e-07
5.11935e-07
5.10104e-07
5.08276e-07
5.06451e-07
5.04628e-07
5.02809e-07
5.00992e-07
4.99178e-07
4.97368e-07
4.9556e-07
4.93755e-07
4.91953e-07
4.90154e-07
4.88357e-07
4.86564e-07
4.84774e-07