0
1.37537e-06
2.59266e-06
3.59864e-06
4.4237e-06
5.09617e-06
5.63899e-06
6.07133e-06
6.40932e-06
6.66654e-06
6.8545e-06
6.98269e-06
7.0591e-06
7.09067e-06
7.08347e-06
7.04283e-06
6.97349e-06
6.87963e-06
6.76496e-06
6.63275e-06
6.48579e-06
6.32651e-06
6.15712e-06
5.97962e-06
5.79577e-06
5.60716e-06
5.41522e-06
5.2212e-06
5.02624e-06
4.8313e-06
4.63723e-06
4.44479e-06
4.25458e-06
4.06716e-06
3.88296e-06
3.70238e-06
3.52571e-06
3.35321e-06
3.18508e-06
3.02146e-06
2.86248e-06
2.70819e-06
2.55864e-06
2.41384e-06
2.27375e-06
2.13833e-06
2.00754e-06
1.88131e-06
1.75957e-06
1.64224e-06
1.52922e-06
1.42044e-06
1.31578e-06
1.21515e-06
1.11844e-06
1.02553e-06
9.36336e-07
8.50728e-07
7.68596e-07
6.89827e-07
6.1431e-07
5.41931e-07
4.72582e-07
4.06152e-07
3.42536e-07
2.81628e-07
2.23326e-07
1.6753e-07
1.14144e-07
6.30735e-08
1.42261e-08
-3.24863e-08
-7.71497e-08
-1.19847e-07
-1.60658e-07
-1.9966e-07
-2.36928e-07
-2.72533e-07
-3.06544e-07
-3.39028e-07
-3.70049e-07
-3.99667e-07
-4.27942e-07
-4.5493e-07
-4.80685e-07
-5.05259e-07
-5.28702e-07
-5.51062e-07
-5.72384e-07
-5.92713e-07
-6.1209e-07
-6.30556e-07
-6.48148e-07
-6.64904e-07
-6.80859e-07
-6.96047e-07
-7.105e-07
-7.24248e-07
-7.37322e-07
-7.49749e-07
-7.61558e-07
-7.72772e-07
-7.83418e-07
-7.93519e-07
-8.03097e-07
-8.12175e-07
-8.20772e-07
-8.28912e-07
-8.36621e-07
-8.43921e-07
-8.50835e-07
-8.57381e-07
-8.63577e-07
-8.69438e-07
-8.7498e-07
-8.80215e-07
-8.85157e-07
-8.89816e-07
-8.94206e-07
-8.98335e-07
-9.02214e-07
-9.0585e-07
-9.09252e-07
-9.12427e-07
-9.15384e-07
-9.1813e-07
-9.20673e-07
-9.2302e-07
-9.25177e-07
-9.27151e-07
-9.2895e-07
-9.30579e-07
-9.32045e-07
-9.33353e-07
-9.34509e-07
-9.35519e-07
-9.36388e-07
-9.37121e-07
-9.37723e-07
-9.382e-07
-9.38555e-07
-9.38793e-07
-9.38919e-07
-9.38937e-07
-9.3885e-07
-9.38663e-07
-9.3838e-07
-9.38003e-07
-9.37537e-07
-9.36984e-07
-9.36349e-07
-9.35633e-07
-9.34841e-07
-9.33975e-07
-9.33038e-07
-9.32032e-07
-9.30961e-07
-9.29826e-07
-9.2863e-07
-9.27376e-07
-9.26065e-07
-9.24701e-07
-9.23284e-07
-9.21817e-07
-9.20302e-07
-9.18741e-07
-9.17136e-07
-9.15488e-07
-9.13799e-07
-9.12072e-07
-9.10306e-07
-9.08504e-07
-9.06668e-07
-9.04798e-07
-9.02897e-07
-9.00965e-07
-8.99004e-07
-8.97016e-07
-8.95e-07
-8.92959e-07
-8.90893e-07
-8.88804e-07
-8.86693e-07
-8.84561e-07
-8.82408e-07
-8.80236e-07
-8.78045e-07
-8.75838e-07
-8.73613e-07
-8.71373e-07
-8.69118e-07
-8.66848e-07
-8.64565e-07
-8.6227e-07
-8.59962e-07
-8.57644e-07
-8.55314e-07
-8.52975e-07
-8.50627e-07
-8.48269e-07
-8.45904e-07
-8.43531e-07
-8.41151e-07
-8.38765e-07
-8.36373e-07
-8.33975e-07
-8.31573e-07
-8.29166e-07
-8.26755e-07
-8.24341e-07
-8.21923e-07
-8.19503e-07
-8.17081e-07
-8.14656e-07
-8.12231e-07
-8.09804e-07
-8.07376e-07
-8.04949e-07
-8.02521e-07
-8.00093e-07
-7.97666e-07
-7.9524e-07
-7.92815e-07
-7.90392e-07
-7.87971e-07
-7.85551e-07
-7.83135e-07
-7.8072e-07
-7.78309e-07
-7.75901e-07
-7.73496e-07
-7.71095e-07
-7.68697e-07
-7.66304e-07
-7.63915e-07
-7.6153e-07
-7.5915e-07
-7.56775e-07
-7.54405e-07
-7.5204e-07
-7.49681e-07
-7.47327e-07
-7.44979e-07
-7.42637e-07
-7.40301e-07
-7.37971e-07
-7.35648e-07
-7.33331e-07
-7.31021e-07
-7.28718e-07
-7.26421e-07
-7.24132e-07
-7.2185e-07
-7.19575e-07
-7.17307e-07
-7.15047e-07
-7.12795e-07
-7.1055e-07
-7.08313e-07
-7.06085e-07
-7.03864e-07
-7.01651e-07
-6.99447e-07
-6.9725e-07
-6.95063e-07
-6.92883e-07
-6.90713e-07
-6.8855e-07
-6.86397e-07
-6.84252e-07
-6.82116e-07
-6.79989e-07
-6.77871e-07
-6.75762e-07
-6.73662e-07
-6.71571e-07
-6.6949e-07
-6.67417e-07
-6.65354e-07
-6.633e-07
-6.61256e-07
-6.59221e-07
-6.57195e-07
-6.55179e-07
-6.53172e-07
-6.51175e-07
-6.49188e-07
-6.4721e-07
-6.45241e-07
-6.43283e-07
-6.41334e-07
-6.39395e-07
-6.37466e-07
-6.35546e-07
-6.33636e-07
-6.31736e-07
-6.29846e-07
-6.27966e-07
-6.26096e-07
-6.24235e-07
-6.22385e-07
-6.20544e-07
-6.18713e-07
-6.16892e-07
-6.15081e-07
-6.13281e-07
-6.1149e-07
-6.09708e-07
-6.07937e-07
-6.06176e-07
-6.04425e-07
-6.02684e-07
-6.00953e-07
-5.99231e-07
-5.9752e-07
-5.95819e-07
-5.94127e-07
-5.92446e-07
-5.90774e-07
-5.89112e-07
-5.87461e-07
-5.85819e-07
-5.84187e-07
-5.82565e-07
-5.80953e-07
-5.79351e-07
-5.77758e-07
-5.76176e-07
-5.74603e-07
-5.7304e-07
-5.71487e-07
-5.69943e-07
-5.6841e-07
-5.66886e-07
-5.65372e-07
-5.63867e-07
-5.62372e-07
-5.60888e-07
-5.59419e-07
-5.57966e-07
-5.56532e-07
-5.55118e-07
-5.53725e-07
-5.52353e-07
-5.51002e-07
-5.49673e-07
-5.48363e-07
-5.47074e-07
-5.45805e-07
-5.44554e-07
-5.43321e-07
-5.42106e-07
-5.40908e-07
-5.39725e-07
-5.38558e-07
-5.37405e-07
-5.36266e-07
-5.35141e-07
-5.34028e-07
-5.32927e-07
-5.31838e-07
-5.30759e-07
-5.29691e-07
-5.28633e-07
-5.27583e-07
-5.26541e-07
-5.25506e-07
-5.24478e-07
-5.23457e-07
-5.22442e-07
-5.21434e-07
-5.20431e-07
-5.19433e-07
-5.18442e-07
-5.17455e-07
-5.16475e-07
-5.15499e-07
-5.14529e-07
-5.13564e-07
-5.12605e-07
-5.1165e-07
-5.10701e-07
-5.09758e-07
-5.08819e-07
-5.07886e-07
-5.06958e-07
-5.06035e-07
-5.05118e-07
-5.04206e-07
-5.033e-07
-5.02398e-07
-5.01503e-07
-5.00612e-07
-4.99727e-07
-4.98848e-07
-4.97974e-07
-4.97106e-07
-4.96243e-07
-4.95385e-07
-4.94533e-07
-4.93687e-07
-4.92846e-07
-4.9201e-07
-4.91181e-07
-4.90356e-07
-4.89538e-07
-4.88725e-07
-4.87917e-07
-4.87115e-07
-4.86319e-07
-4.85529e-07
-4.84743e-07
-4.83964e-07
-4.8319e-07
-4.82422e-07
-4.81659e-07
-4.80902e-07
-4.8015e-07
-4.79404e-07
-4.78663e-07
-4.77928e-07
-4.77199e-07
-4.76475e-07
-4.75757e-07
-4.75044e-07
-4.74336e-07
-4.73634e-07
-4.72938e-07
-4.72247e-07
-4.71562e-07
-4.70882e-07
-4.70207e-07
-4.69538e-07
-4.68874e-07
-4.68215e-07
-4.67562e-07
-4.66914e-07
-4.66272e-07
-4.65635e-07
-4.65003e-07
-4.64376e-07
-4.63755e-07
-4.63138e-07
-4.62527e-07
-4.61922e-07
-4.61321e-07
-4.60725e-07
-4.60135e-07
-4.5955e-07
-4.5897e-07
-4.58395e-07
-4.57824e-07
-4.57259e-07
-4.56699e-07
-4.56144e-07
-4.55594e-07
-4.55049e-07
-4.54508e-07
-4.53973e-07
-4.53442e-07
-4.52916e-07
-4.52395e-07
-4.51879e-07
-4.51368e-07
-4.50861e-07
-4.50359e-07
-4.49861e-07
-4.49368e-07
-4.4888e-07
-4.48397e-07
-4.47918e-07
-4.47443e-07
-4.46973e-07
-4.46508e-07
-4.46047e-07
-4.4559e-07
-4.45138e-07
-4.44691e-07
-4.44247e-07
-4.43808e-07
-4.43373e-07
-4.42943e-07
-4.42517e-07
-4.42095e-07
-4.41677e-07
-4.41263e-07
-4.40854e-07
-4.40448e-07
-4.40047e-07
-4.3965e-07
-4.39257e-07
-4.38867e-07
-4.38482e-07
-4.38101e-07
-4.37724e-07
-4.3735e-07
-4.36981e-07
-4.36615e-07
-4.36253e-07
-4.35895e-07
-4.35541e-07
-4.3519e-07
-4.34844e-07
-4.345e-07
-4.34161e-07
-4.33825e-07
-4.33493e-07
-4.33164e-07
-4.32839e-07
-4.32517e-07
-4.32199e-07
-4.31885e-07
-4.31573e-07
-4.31266e-07
-4.30961e-07
-4.3066e-07
-4.30363e-07
-4.30068e-07
-4.29777e-07
-4.2949e-07
-4.29205e-07
-4.28924e-07
-4.28646e-07
-4.28371e-07
-4.28099e-07
-4.2783e-07
-4.27565e-07
-4.27302e-07
-4.27043e-07
-4.26787e-07
-4.26533e-07
-4.26283e-07
-4.26035e-07
-4.2579e-07
-4.25549e-07
-4.2531e-07
-4.25074e-07
-4.24841e-07
-4.2461e-07
-4.24383e-07
-4.24158e-07
-4.23936e-07
-4.23716e-07
-4.235e-07
-4.23285e-07
-4.23074e-07
-4.22865e-07
-4.22659e-07
-4.22455e-07
-4.22254e-07
-4.22056e-07
-4.2186e-07
-4.21666e-07
-4.21475e-07
-4.21286e-07
-4.211e-07
-4.20916e-07
-4.20734e-07
-4.20555e-07
-4.20378e-07
-4.20204e-07
-4.20032e-07
-4.19862e-07
-4.19694e-07
-4.19528e-07
-4.19365e-07
-4.19204e-07
-4.19045e-07
-4.18888e-07
-4.18733e-07
-4.18581e-07
-4.1843e-07
-4.18282e-07
-4.18135e-07
-4.17991e-07
-4.17849e-07
-4.17708e-07
-4.1757e-07
-4.17433e-07
-4.17299e-07
-4.17166e-07
-4.17036e-07
-4.16907e-07
-4.1678e-07
-4.16655e-07
-4.16531e-07
-4.1641e-07
-4.1629e-07
-4.16172e-07
-4.16056e-07
-4.15941e-07
-4.15829e-07
-4.15718e-07
-4.15608e-07
-4.15501e-07
-4.15395e-07
-4.1529e-07
-4.15187e-07
-4.15086e-07
-4.14986e-07
-4.14888e-07
-4.14792e-07
-4.14697e-07
-4.14604e-07
-4.14512e-07
-4.14421e-07
-4.14332e-07
-4.14245e-07
-4.14159e-07
-4.14074e-07
-4.13991e-07
-4.13909e-07
-4.13828e-07
-4.13749e-07
-4.13672e-07
-4.13595e-07
-4.1352e-07
-4.13447e-07
-4.13374e-07
-4.13303e-07
-4.13233e-07
-4.13165e-07
-4.13097e-07
-4.13031e-07
-4.12966e-07
-4.12902e-07
-4.1284e-07
-4.12779e-07
-4.12718e-07
-4.12659e-07
-4.12602e-07
-4.12545e-07
-4.12489e-07
-4.12435e-07
-4.12381e-07
-4.12329e-07
-4.12278e-07
-4.12227e-07
-4.12178e-07
-4.1213e-07
-4.12083e-07
-4.12037e-07
-4.11992e-07
-4.11948e-07
-4.11904e-07
-4.11862e-07
-4.11821e-07
-4.11781e-07
-4.11741e-07
-4.11703e-07
-4.11666e-07
-4.11629e-07
-4.11593e-07
-4.11558e-07
-4.11524e-07
-4.11491e-07
-4.11459e-07
-4.11428e-07
-4.11397e-07
-4.11367e-07
-4.11338e-07
-4.1131e-07
-4.11283e-07
-4.11256e-07
-4.1123e-07
-4.11205e-07
-4.11181e-07
-4.11157e-07
-4.11135e-07
-4.11112e-07
-4.11091e-07
-4.1107e-07
-4.1105e-07
-4.11031e-07
-4.11013e-07
-4.10995e-07
-4.10978e-07
-4.10961e-07
-4.10945e-07
-4.1093e-07
-4.10915e-07
-4.10901e-07
-4.10888e-07
-4.10875e-07
-4.10863e-07
-4.10851e-07
-4.1084e-07
-4.1083e-07
-4.1082e-07
-4.10811e-07
-4.10802e-07
-4.10794e-07
-4.10786e-07
-4.10779e-07
-4.10773e-07
-4.10767e-07
-4.10761e-07
-4.10756e-07
-4.10752e-07
-4.10748e-07
-4.10744e-07
-4.10741e-07
-4.10739e-07
-4.10737e-07
-4.10735e-07
-4.10734e-07
-4.10733e-07
-4.10733e-07
-4.10733e-07
-4.10734e-07
-4.10735e-07
-4.10737e-07
-4.10739e-07
-4.10741e-07
-4.10744e-07
-4.10747e-07
-4.1075e-07
-4.10754e-07
-4.10759e-07
-4.10763e-07
-4.10768e-07
-4.10774e-07
-4.1078e-07
-4.10786e-07
-4.10792e-07
-4.10799e-07
-4.10806e-07
-4.10814e-07
-4.10822e-07
-4.1083e-07
-4.10839e-07
-4.10847e-07
-4.10857e-07
-4.10866e-07
-4.10876e-07
-4.10886e-07
-4.10896e-07
-4.10907e-07
-4.10918e-07
-4.10929e-07
-4.10941e-07
-4.10952e-07
-4.10964e-07
-4.10977e-07
-4.10989e-07
-4.11002e-07
-4.11015e-07
-4.11029e-07
-4.11042e-07
-4.11056e-07
-4.1107e-07
-4.11085e-07
-4.11099e-07
-4.11114e-07
-4.11129e-07
-4.11144e-07
-4.11159e-07
-4.11175e-07
-4.11191e-07
-4.11207e-07
-4.11223e-07
-4.1124e-07
-4.11256e-07
-4.11273e-07
-4.1129e-07
-4.11308e-07
-4.11325e-07
-4.11342e-07
-4.1136e-07
-4.11378e-07
-4.11396e-07
-4.11415e-07
-4.11433e-07
-4.11452e-07
-4.1147e-07
-4.11489e-07
-4.11508e-07
-4.11527e-07
-4.11547e-07
-4.11566e-07
-4.11586e-07
-4.11606e-07
-4.11626e-07
-4.11646e-07
-4.11666e-07
-4.11686e-07
-4.11707e-07
-4.11727e-07
-4.11748e-07
-4.11769e-07
-4.11789e-07
-4.1181e-07
-4.11832e-07
-4.11853e-07
-4.11874e-07
-4.11896e-07
-4.11917e-07
-4.11939e-07
-4.11961e-07
-4.11982e-07
-4.12004e-07
-4.12026e-07
-1.49315e-05
-3.22585e-05
-4.78891e-05
-6.07584e-05
-7.09291e-05
-7.87745e-05
-8.4713e-05
-8.91298e-05
-9.23596e-05
-9.46852e-05
-9.63467e-05
-9.75439e-05
-9.84478e-05
-9.92025e-05
-9.993e-05
-0.000100741
-0.000101733
-0.000102999
-0.000104635
-0.000106741
-0.000109433
-0.000112852
-0.000117179
-0.000122648
-0.000129598
-0.000138513
-0.000150133
-0.000165677
-0.000187345
-0.000219811
-0.000275753
-0.00040128
-0.000662944
-0.000944925
-0.00106057
-0.00108061
-0.00106438
-0.00103656
-0.00100466
-0.000970399
-0.000933599
-0.000893216
-0.000847519
-0.000794124
-0.000730052
-0.000652021
-0.000557401
-0.000446376
-0.000325054
-0.000206697
-0.000106788
-3.41291e-05
1.27456e-05
4.11159e-05
5.829e-05
6.91501e-05
7.63365e-05
8.11359e-05
8.41655e-05
8.57443e-05
8.60638e-05
8.52622e-05
8.34554e-05
8.07506e-05
7.72518e-05
7.30612e-05
6.82793e-05
6.30038e-05
5.73283e-05
5.13412e-05
4.51245e-05
3.8753e-05
3.22943e-05
2.58077e-05
1.93443e-05
1.2948e-05
6.6553e-06
4.95362e-07
-5.50861e-06
-1.13386e-05
-1.6983e-05
-2.24344e-05
-2.7687e-05
-3.27401e-05
-3.75975e-05
-4.22636e-05
-4.67419e-05
-5.10432e-05
-5.5177e-05
-5.91542e-05
-6.29855e-05
-6.6682e-05
-7.02615e-05
-7.37365e-05
-7.7128e-05
-8.04467e-05
-8.37165e-05
-8.69561e-05
-9.01928e-05
-9.34509e-05
-9.67586e-05
-0.000100145
-0.000103646
-0.000107301
-0.000111155
-0.000115253
-0.000119645
-0.000124387
-0.00012954
-0.000135162
-0.000141303
-0.000148003
-0.00015526
-0.000163017
-0.000171119
-0.000179274
-0.000186973
-0.000193511
-0.000198012
-0.000199483
-0.000196996
-0.000189896
-0.000177984
-0.000161605
-0.000141664
-0.000119493
-9.66997e-05
-7.49331e-05
-5.56128e-05
-3.96679e-05
-2.73807e-05
-1.84659e-05
-1.23012e-05
-8.1808e-06
-5.48002e-06
-3.72087e-06
-2.56861e-06
-1.80235e-06
-1.28116e-06
-9.1675e-07
-6.54162e-07
-4.59133e-07
-3.10113e-07
-1.93345e-07
-9.9871e-08
-2.37119e-08
3.92339e-08
9.18639e-08
1.36286e-07
1.74076e-07
2.06443e-07
2.34334e-07
2.58505e-07
2.79567e-07
2.9802e-07
3.14279e-07
3.28688e-07
3.41534e-07
3.53059e-07
3.63467e-07
3.72931e-07
3.81596e-07
3.89586e-07
3.97007e-07
4.03946e-07
4.10481e-07
4.16677e-07
4.22587e-07
4.2826e-07
4.33735e-07
4.39046e-07
4.44223e-07
4.49291e-07
4.54271e-07
4.59181e-07
4.64037e-07
4.68851e-07
4.73636e-07
4.78402e-07
4.83155e-07
4.87905e-07
4.92657e-07
4.97416e-07
5.02186e-07
5.06973e-07
5.11778e-07
5.16606e-07
5.21458e-07
5.26337e-07
5.31245e-07
5.36183e-07
5.41152e-07
5.46155e-07
5.51192e-07
5.56265e-07
5.61373e-07
5.66518e-07
5.71701e-07
5.76922e-07
5.82182e-07
5.87481e-07
5.92819e-07
5.98198e-07
6.03617e-07
6.09076e-07
6.14577e-07
6.2012e-07
6.25704e-07
6.3133e-07
6.36998e-07
6.42709e-07
6.48462e-07
6.54259e-07
6.60098e-07
6.65981e-07
6.71907e-07
6.77876e-07
6.8389e-07
6.89947e-07
6.96049e-07
7.02194e-07
7.08384e-07
7.14619e-07
7.20898e-07
7.27222e-07
7.3359e-07
7.40004e-07
7.46462e-07
7.52966e-07
7.59515e-07
7.66109e-07
7.72748e-07
7.79433e-07
7.86163e-07
7.92939e-07
7.99761e-07
8.06628e-07
8.13541e-07
8.20499e-07
8.27504e-07
8.34554e-07
8.4165e-07
8.48792e-07
8.55979e-07
8.63213e-07
8.70492e-07
8.77817e-07
8.85188e-07
8.92605e-07
9.00067e-07
9.07575e-07
9.15129e-07
9.22729e-07
9.30374e-07
9.38064e-07
9.458e-07
9.53582e-07
9.61408e-07
9.6928e-07
9.77197e-07
9.85159e-07
9.93166e-07
1.00122e-06
1.00931e-06
1.01746e-06
1.02564e-06
1.03387e-06
1.04214e-06
1.05046e-06
1.05882e-06
1.06723e-06
1.07568e-06
1.08417e-06
1.09271e-06
1.10129e-06
1.10991e-06
1.11857e-06
1.12728e-06
1.13603e-06
1.14482e-06
1.15365e-06
1.16252e-06
1.17143e-06
1.18039e-06
1.18939e-06
1.19842e-06
1.2075e-06
1.21662e-06
1.22577e-06
1.23497e-06
1.2442e-06
1.25347e-06
1.26278e-06
1.27213e-06
1.28152e-06
1.29095e-06
1.30041e-06
1.3099e-06
1.31944e-06
1.32901e-06
1.33861e-06
1.34826e-06
1.35793e-06
1.36764e-06
1.37739e-06
1.38716e-06
1.39698e-06
1.40682e-06
1.4167e-06
1.4266e-06
1.43654e-06
1.44652e-06
1.45652e-06
1.46655e-06
1.47661e-06
1.4867e-06
1.49682e-06
1.50697e-06
1.51715e-06
1.52735e-06
1.53758e-06
1.54784e-06
1.55812e-06
1.56843e-06
1.57876e-06
1.58912e-06
1.5995e-06
1.60991e-06
1.62034e-06
1.63079e-06
1.64126e-06
1.65175e-06
1.66226e-06
1.6728e-06
1.68335e-06
1.69392e-06
1.70451e-06
1.71512e-06
1.72575e-06
1.73639e-06
1.74705e-06
1.75772e-06
1.76841e-06
1.77912e-06
1.78983e-06
1.80056e-06
1.81131e-06
1.82206e-06
1.83283e-06
1.8436e-06
1.85439e-06
1.86519e-06
1.87599e-06
1.8868e-06
1.89763e-06
1.90845e-06
1.91929e-06
1.93013e-06
1.94097e-06
1.95182e-06
1.96267e-06
1.97353e-06
1.98439e-06
1.99525e-06
2.00611e-06
2.01697e-06
2.02783e-06
2.0387e-06
2.04956e-06
2.06041e-06
2.07127e-06
2.08212e-06
2.09297e-06
2.10381e-06
2.11465e-06
2.12548e-06
2.1363e-06
2.14712e-06
2.15793e-06
2.16873e-06
2.17952e-06
2.1903e-06
2.20107e-06
2.21183e-06
2.22258e-06
2.23331e-06
2.24404e-06
2.25474e-06
2.26544e-06
2.27611e-06
2.28678e-06
2.29742e-06
2.30805e-06
2.31866e-06
2.32925e-06
2.33983e-06
2.35038e-06
2.36091e-06
2.37142e-06
2.38191e-06
2.39238e-06
2.40283e-06
2.41325e-06
2.42365e-06
2.43402e-06
2.44436e-06
2.45469e-06
2.46498e-06
2.47525e-06
2.48549e-06
2.4957e-06
2.50588e-06
2.51603e-06
2.52615e-06
2.53624e-06
2.5463e-06
2.55633e-06
2.56632e-06
2.57629e-06
2.58621e-06
2.59611e-06
2.60597e-06
2.61579e-06
2.62558e-06
2.63533e-06
2.64504e-06
2.65471e-06
2.66435e-06
2.67395e-06
2.68351e-06
2.69303e-06
2.70251e-06
2.71195e-06
2.72135e-06
2.73071e-06
2.74003e-06
2.74931e-06
2.75855e-06
2.76774e-06
2.77689e-06
2.786e-06
2.79506e-06
2.80408e-06
2.81305e-06
2.82197e-06
2.83085e-06
2.83968e-06
2.84847e-06
2.85721e-06
2.86589e-06
2.87453e-06
2.88312e-06
2.89166e-06
2.90015e-06
2.90858e-06
2.91697e-06
2.9253e-06
2.93358e-06
2.94181e-06
2.94998e-06
2.95811e-06
2.96617e-06
2.97418e-06
2.98214e-06
2.99004e-06
2.99789e-06
3.00568e-06
3.01342e-06
3.02109e-06
3.02872e-06
3.03628e-06
3.04378e-06
3.05122e-06
3.05859e-06
3.0659e-06
3.07314e-06
3.08031e-06
3.08742e-06
3.09446e-06
3.10144e-06
3.10835e-06
3.1152e-06
3.12198e-06
3.1287e-06
3.13535e-06
3.14194e-06
3.14847e-06
3.15493e-06
3.16133e-06
3.16766e-06
3.17393e-06
3.18014e-06
3.18628e-06
3.19236e-06
3.19837e-06
3.20432e-06
3.2102e-06
3.21602e-06
3.22178e-06
3.22747e-06
3.23309e-06
3.23865e-06
3.24415e-06
3.24958e-06
3.25494e-06
3.26024e-06
3.26548e-06
3.27065e-06
3.27575e-06
3.28078e-06
3.28575e-06
3.29066e-06
3.2955e-06
3.30027e-06
3.30497e-06
3.30961e-06
3.31418e-06
3.31869e-06
3.32313e-06
3.3275e-06
3.3318e-06
3.33604e-06
3.34021e-06
3.34432e-06
3.34836e-06
3.35233e-06
3.35623e-06
3.36007e-06
3.36384e-06
3.36754e-06
3.37117e-06
3.37474e-06
3.37824e-06
3.38168e-06
3.38505e-06
3.38835e-06
3.39158e-06
3.39475e-06
3.39785e-06
3.40088e-06
3.40385e-06
3.40675e-06
3.40958e-06
3.41234e-06
3.41504e-06
3.41768e-06
3.42024e-06
3.42275e-06
3.42518e-06
3.42755e-06
3.42985e-06
3.43209e-06
3.43426e-06
3.43636e-06
3.4384e-06
3.44037e-06
3.44228e-06
3.44412e-06
3.4459e-06
3.44761e-06
3.44926e-06
3.45084e-06
3.45236e-06
3.45382e-06
3.45521e-06
3.45653e-06
3.45779e-06
3.45899e-06
3.46012e-06
3.46119e-06
3.4622e-06
3.46314e-06
3.46402e-06
3.46484e-06
3.46559e-06
3.46628e-06
3.46692e-06
3.46749e-06
3.46801e-06
3.46846e-06
3.46886e-06
3.4692e-06
3.46948e-06
3.46971e-06
3.46987e-06
3.46998e-06
3.47003e-06
3.47002e-06
3.46995e-06
3.46983e-06
3.46965e-06
3.46941e-06
3.46911e-06
3.46876e-06
3.46835e-06
3.46788e-06
3.46735e-06
3.46677e-06
3.46613e-06
3.46543e-06
3.46467e-06
3.46386e-06
3.463e-06
3.46207e-06
3.46109e-06
3.46005e-06
3.45896e-06
3.45781e-06
3.45661e-06
3.45535e-06
3.45404e-06
3.45267e-06
3.45125e-06
3.44977e-06
3.44824e-06
3.44665e-06
3.44501e-06
3.4433e-06
3.44152e-06
3.43968e-06
3.43776e-06
3.43578e-06
3.43372e-06
3.4316e-06
3.42941e-06
3.42716e-06
3.42484e-06
3.42245e-06
3.42001e-06
3.4175e-06
3.41493e-06
3.41231e-06
3.40963e-06
3.40689e-06
3.4041e-06
3.40125e-06
3.39835e-06
3.3954e-06
3.3924e-06
3.38934e-06
3.38624e-06
3.38309e-06
3.37989e-06
3.37664e-06
3.37335e-06
3.37001e-06
3.36662e-06
3.36319e-06
3.35971e-06
3.35619e-06
3.35263e-06
3.34902e-06
3.34536e-06
3.34167e-06
3.33793e-06
3.33415e-06
3.33032e-06
3.32646e-06
3.32255e-06
3.3186e-06
3.31461e-06
3.31058e-06
3.30651e-06
3.3024e-06
3.29825e-06
3.29406e-06
3.28983e-06
3.28557e-06
3.28126e-06
3.27692e-06
3.27253e-06
3.26812e-06
3.26366e-06
3.25916e-06
3.25463e-06
3.25006e-06
3.24546e-06
3.24082e-06
3.23615e-06
3.23143e-06
3.22669e-06
3.22191e-06
3.21709e-06
3.21224e-06
3.20736e-06
3.20244e-06
3.19749e-06
3.19251e-06
3.18749e-06
3.18244e-06
3.17736e-06
3.17224e-06
3.1671e-06
3.16192e-06
3.15671e-06
3.15147e-06
3.14621e-06
3.14091e-06
3.13558e-06
3.13022e-06
3.12483e-06
3.11941e-06
3.11397e-06
3.10849e-06
3.10299e-06
3.09746e-06
3.0919e-06
3.08631e-06
3.0807e-06
3.07506e-06
3.0694e-06
3.0637e-06
3.05799e-06
3.05224e-06
3.04647e-06
3.04068e-06
3.03486e-06
3.02902e-06
3.02315e-06
3.01726e-06
3.01134e-06
3.00541e-06
2.99945e-06
2.99347e-06
2.98747e-06
2.98145e-06
2.97541e-06
2.96936e-06
2.96329e-06
2.9572e-06
2.95109e-06
2.94497e-06
2.93883e-06
2.93268e-06
2.92651e-06
2.92032e-06
2.91412e-06
2.9079e-06
2.90167e-06
2.89542e-06
2.88915e-06
2.88287e-06
2.87657e-06
2.87026e-06
2.86393e-06
2.85758e-06
2.85122e-06
2.84485e-06
2.83846e-06
2.83205e-06
2.82563e-06
2.81919e-06
2.81274e-06
2.80628e-06
2.7998e-06
2.79331e-06
2.7868e-06
2.78028e-06
2.77375e-06
2.7672e-06
2.76064e-06
2.75406e-06
2.74748e-06
2.74088e-06
2.73426e-06
2.72763e-06
2.72096e-06
2.71427e-06
2.70755e-06
2.70079e-06
2.694e-06
2.68717e-06
2.68032e-06
2.67343e-06
2.66651e-06
2.65956e-06
2.65258e-06
2.64558e-06
2.63855e-06
2.6315e-06
2.62442e-06
2.61733e-06
2.61022e-06
2.60309e-06
2.59595e-06
2.58879e-06
2.58161e-06
2.57443e-06
2.56723e-06
2.56002e-06
2.5528e-06
2.54557e-06
2.53834e-06
2.53109e-06
2.52384e-06
2.51659e-06
2.50932e-06
2.50206e-06
2.49479e-06
2.48751e-06
2.48023e-06
2.47294e-06
2.46566e-06
2.45837e-06
2.45108e-06
2.44378e-06
2.43649e-06
2.42919e-06
2.42189e-06
2.41459e-06
2.40729e-06
2.39999e-06
2.39269e-06
2.38539e-06
2.37809e-06
2.37079e-06
2.36348e-06
2.35618e-06
2.34889e-06
2.34159e-06
2.33429e-06
2.327e-06
2.3197e-06
2.31241e-06
2.30512e-06
2.29783e-06
2.29054e-06
2.28326e-06
2.27597e-06
2.26869e-06
2.26142e-06
2.25414e-06
2.24687e-06
2.2396e-06
2.23234e-06
2.22508e-06
2.21782e-06
2.21056e-06
2.20331e-06
2.19606e-06
2.18882e-06
2.18158e-06
2.17434e-06
2.16711e-06
2.15989e-06
2.15266e-06
2.14545e-06
2.13823e-06
2.13103e-06
2.12382e-06
2.11663e-06
2.10944e-06
2.10225e-06
2.09507e-06
2.08789e-06
2.08072e-06
2.07356e-06
2.0664e-06
2.05925e-06
2.05211e-06
2.04497e-06
2.03784e-06
2.03071e-06
2.02359e-06
2.01648e-06
2.00938e-06
2.00228e-06
1.99519e-06
1.98811e-06
1.98103e-06
1.97396e-06
1.9669e-06
1.95985e-06
1.9528e-06
1.94577e-06
1.93874e-06
1.93172e-06
1.9247e-06
1.9177e-06
1.91071e-06
1.90372e-06
1.89674e-06
1.88977e-06
1.88281e-06
1.87586e-06
1.86892e-06
1.86198e-06
1.85506e-06
1.84814e-06
1.84124e-06
1.83434e-06
1.82746e-06
1.82058e-06
1.81371e-06
1.80686e-06
1.80001e-06
1.79317e-06
1.78635e-06
1.77953e-06
1.77273e-06
1.76593e-06
1.75915e-06
1.75237e-06
1.74561e-06
1.73886e-06
1.73211e-06
1.72538e-06
1.71866e-06
1.71195e-06
1.70526e-06
1.69857e-06
1.6919e-06
1.68523e-06
1.67858e-06
1.67194e-06
1.66531e-06
1.65869e-06
1.65209e-06
1.64549e-06
1.63891e-06
1.63234e-06
1.62578e-06
1.61924e-06
1.6127e-06
1.60618e-06
1.59967e-06
1.59317e-06
1.58669e-06
1.58022e-06
1.57376e-06
1.56731e-06
1.56087e-06
1.55445e-06
1.54804e-06
1.54165e-06
1.53526e-06
1.52889e-06
1.52253e-06
1.51619e-06
1.50986e-06
1.50354e-06
1.49723e-06
1.49094e-06
1.48466e-06
1.47839e-06
1.47214e-06
1.4659e-06
1.45967e-06
1.45346e-06
1.44726e-06
1.44108e-06
1.4349e-06
1.42875e-06
1.4226e-06
1.41647e-06
1.41035e-06
1.40425e-06
1.39816e-06
1.39208e-06
1.38602e-06
1.37997e-06
1.37394e-06
1.36792e-06
1.36191e-06
1.35592e-06
1.34994e-06
1.34398e-06
1.33803e-06
1.33209e-06
1.32617e-06
1.32026e-06
1.31437e-06
1.30849e-06
1.30263e-06
1.29678e-06
1.29094e-06
1.28512e-06
1.27931e-06
1.27352e-06
1.26774e-06
1.26198e-06
1.25623e-06
1.25049e-06
1.24477e-06
1.23906e-06
1.23337e-06
1.2277e-06
1.22203e-06
1.21639e-06
1.21075e-06
1.20514e-06
1.19953e-06
1.19395e-06
1.18838e-06
1.18282e-06
1.17728e-06
1.17176e-06
1.16626e-06
1.16077e-06
1.15529e-06
1.14984e-06
1.1444e-06
1.13897e-06
1.13357e-06
1.12818e-06
1.1228e-06
1.11744e-06
1.1121e-06
1.10677e-06
1.10146e-06
1.09616e-06
1.09088e-06
1.08561e-06
1.08036e-06
1.07512e-06
1.0699e-06
1.0647e-06
1.05951e-06
1.05433e-06
1.04917e-06
1.04402e-06
1.03889e-06
1.03378e-06
1.02868e-06
1.02359e-06
1.01852e-06
1.01346e-06
1.00842e-06
1.00339e-06
9.98374e-07
9.93375e-07
9.8839e-07
9.8342e-07
9.78464e-07
9.73523e-07
9.68596e-07
9.63683e-07
9.58784e-07
9.539e-07
9.4903e-07
9.44175e-07
9.39333e-07
9.34506e-07
9.29694e-07
9.24895e-07
9.2011e-07
9.1534e-07
9.10584e-07
9.05838e-07
9.01102e-07
8.96372e-07
8.91649e-07
8.86932e-07
8.8222e-07
8.77513e-07
8.72811e-07
8.68115e-07
8.63425e-07
8.58741e-07
8.54063e-07
8.49393e-07
8.44731e-07
8.40076e-07
8.35431e-07
8.30795e-07
8.26168e-07
8.21552e-07
8.16946e-07
8.12351e-07
8.07768e-07
8.03197e-07
7.98638e-07
7.94091e-07
7.89557e-07
7.85036e-07
7.80528e-07
7.76034e-07
7.71554e-07
7.67087e-07
7.62635e-07
7.58197e-07
7.53773e-07
7.49364e-07
7.44969e-07
7.40589e-07
7.36224e-07
7.31873e-07
7.27538e-07
7.23217e-07
7.18912e-07
7.14621e-07
7.10346e-07
7.06085e-07
7.0184e-07
6.9761e-07
6.93395e-07
6.89195e-07
6.8501e-07
6.8084e-07
6.76685e-07
6.72545e-07
6.68421e-07
6.64311e-07
6.60216e-07
6.56137e-07
6.52072e-07
6.48022e-07
6.43987e-07
6.39967e-07
6.35961e-07
6.31971e-07
6.27995e-07
6.24033e-07
6.20087e-07
6.16155e-07
6.12237e-07
6.08334e-07
6.04446e-07
6.00572e-07
5.96712e-07
5.92866e-07
5.89035e-07
5.85218e-07
5.81416e-07
5.77627e-07
5.73853e-07
5.70092e-07
5.66346e-07
5.62614e-07
5.58895e-07
5.55191e-07
5.515e-07
5.47823e-07
5.4416e-07
5.40511e-07
5.36875e-07
5.33253e-07
5.29644e-07
5.26049e-07
5.22468e-07
5.189e-07
5.15345e-07
5.11804e-07
5.08276e-07
5.04761e-07
5.01259e-07
4.97771e-07
4.94296e-07
4.90834e-07
4.87385e-07
4.83949e-07
4.80526e-07
4.77116e-07
4.73718e-07
4.70334e-07
4.66963e-07
4.63604e-07
4.60258e-07
4.56924e-07
4.53604e-07
4.50295e-07
4.47e-07
4.43717e-07
4.40446e-07
4.37188e-07
4.33943e-07
4.30709e-07
4.27488e-07
4.24279e-07
4.21083e-07
4.17899e-07
4.14727e-07
4.11567e-07
4.08419e-07
4.05283e-07
4.02159e-07
3.99047e-07
3.95947e-07
3.92859e-07
3.89783e-07
3.86719e-07
3.83666e-07
3.80626e-07
3.77597e-07
3.74579e-07
3.71573e-07
3.68579e-07
3.65597e-07
3.62626e-07
3.59666e-07
3.56718e-07
3.53781e-07
3.50856e-07
3.47942e-07
3.45039e-07
3.42148e-07
3.39268e-07
3.36399e-07
3.33541e-07
3.30694e-07
3.27859e-07
3.25034e-07
3.22221e-07
3.19418e-07
3.16627e-07
3.13846e-07
3.11076e-07
3.08317e-07
3.05569e-07
3.02832e-07
3.00105e-07
2.97389e-07
2.94684e-07
2.91989e-07
2.89305e-07
2.86632e-07
2.83969e-07
2.81317e-07
2.78675e-07
2.76043e-07
2.73422e-07
2.70811e-07
2.68211e-07
2.65621e-07
2.63041e-07
2.60471e-07
2.57912e-07
2.55362e-07
2.52823e-07
2.50294e-07
2.47775e-07
2.45266e-07
2.42767e-07
2.40278e-07
2.37798e-07
2.35329e-07
2.3287e-07
2.3042e-07
2.2798e-07
2.2555e-07
2.2313e-07
2.20719e-07
2.18318e-07
2.15927e-07
2.13545e-07
2.11173e-07
2.0881e-07
2.06457e-07
2.04113e-07
2.01779e-07
1.99454e-07
1.97138e-07
1.94832e-07
1.92535e-07
1.90247e-07
1.87969e-07
1.857e-07
1.8344e-07
1.81189e-07
1.78947e-07
1.76714e-07
1.74491e-07
1.72276e-07
1.7007e-07
1.67874e-07
1.65686e-07
1.63507e-07
1.61337e-07
1.59176e-07
1.57023e-07
1.5488e-07
1.52745e-07
1.50618e-07
1.48501e-07
1.46392e-07
1.44292e-07
1.422e-07
1.40117e-07
1.38042e-07
1.35976e-07
-1.44063e-05
-3.17521e-05
-4.73891e-05
-6.0251e-05
-7.0401e-05
-7.82135e-05
-8.41075e-05
-8.84689e-05
-9.16325e-05
-9.38806e-05
-9.54531e-05
-9.65491e-05
-9.73377e-05
-9.79613e-05
-9.85391e-05
-9.91771e-05
-9.99695e-05
-0.000101002
-0.00010236
-0.000104134
-0.000106419
-0.000109337
-0.000113029
-0.000117688
-0.000123567
-0.000131016
-0.000140547
-0.000152941
-0.000169448
-0.000192233
-0.000225462
-0.000278398
-0.000374742
-0.000567864
-0.00085247
-0.00101871
-0.00106791
-0.00106309
-0.00103904
-0.00100849
-0.000974866
-0.00093853
-0.000898658
-0.000853659
-0.000801257
-0.000738548
-0.000662257
-0.000569587
-0.000460224
-0.000339419
-0.000219708
-0.000116806
-4.06929e-05
8.99713e-06
3.92152e-05
5.74822e-05
6.89975e-05
7.66241e-05
8.17655e-05
8.50921e-05
8.69444e-05
8.75224e-05
8.69669e-05
8.53948e-05
8.29128e-05
7.96247e-05
7.56321e-05
7.10356e-05
6.59329e-05
6.0418e-05
5.45797e-05
4.85011e-05
4.22578e-05
3.59182e-05
2.95427e-05
2.31835e-05
1.68855e-05
1.06861e-05
4.61536e-06
-1.30235e-06
-7.04874e-06
-1.26112e-05
-1.79805e-05
-2.31511e-05
-2.81231e-05
-3.28989e-05
-3.74797e-05
-4.18724e-05
-4.60861e-05
-5.01293e-05
-5.40117e-05
-5.77445e-05
-6.13413e-05
-6.48172e-05
-6.81845e-05
-7.14593e-05
-7.46587e-05
-7.78035e-05
-8.09152e-05
-8.40144e-05
-8.71256e-05
-9.02756e-05
-9.3499e-05
-9.68282e-05
-0.000100303
-0.000103959
-0.000107846
-0.000112017
-0.000116526
-0.000121428
-0.000126782
-0.000132645
-0.000139046
-0.000145991
-0.000153417
-0.00016117
-0.000168957
-0.000176277
-0.000182437
-0.000186576
-0.000187722
-0.000184943
-0.000177575
-0.000165433
-0.000148905
-0.000128978
-0.000107097
-8.49836e-05
-6.43295e-05
-4.64848e-05
-3.21966e-05
-2.1525e-05
-1.40189e-05
-8.98184e-06
-5.70874e-06
-3.62303e-06
-2.30346e-06
-1.46623e-06
-9.29025e-07
-5.77935e-07
-3.42854e-07
-1.80893e-07
-6.57831e-08
1.86637e-08
8.2537e-08
1.32223e-07
1.71841e-07
2.04113e-07
2.3088e-07
2.53425e-07
2.72665e-07
2.89274e-07
3.03761e-07
3.16517e-07
3.2785e-07
3.38004e-07
3.4718e-07
3.55538e-07
3.63214e-07
3.70317e-07
3.76942e-07
3.83166e-07
3.89055e-07
3.94664e-07
4.0004e-07
4.05222e-07
4.10245e-07
4.15136e-07
4.19921e-07
4.24621e-07
4.29252e-07
4.3383e-07
4.38368e-07
4.42877e-07
4.47367e-07
4.51845e-07
4.56319e-07
4.60794e-07
4.65275e-07
4.69768e-07
4.74276e-07
4.78801e-07
4.83348e-07
4.87917e-07
4.92513e-07
4.97135e-07
5.01787e-07
5.06468e-07
5.11182e-07
5.15928e-07
5.20708e-07
5.25522e-07
5.30372e-07
5.35258e-07
5.4018e-07
5.45139e-07
5.50136e-07
5.55171e-07
5.60245e-07
5.65358e-07
5.7051e-07
5.75701e-07
5.80933e-07
5.86205e-07
5.91517e-07
5.9687e-07
6.02264e-07
6.077e-07
6.13177e-07
6.18696e-07
6.24256e-07
6.29859e-07
6.35504e-07
6.41192e-07
6.46923e-07
6.52696e-07
6.58513e-07
6.64372e-07
6.70275e-07
6.76222e-07
6.82212e-07
6.88246e-07
6.94324e-07
7.00446e-07
7.06613e-07
7.12823e-07
7.19078e-07
7.25378e-07
7.31722e-07
7.38111e-07
7.44545e-07
7.51023e-07
7.57547e-07
7.64116e-07
7.7073e-07
7.77389e-07
7.84093e-07
7.90843e-07
7.97638e-07
8.04478e-07
8.11364e-07
8.18296e-07
8.25273e-07
8.32295e-07
8.39363e-07
8.46477e-07
8.53636e-07
8.60841e-07
8.68091e-07
8.75387e-07
8.82728e-07
8.90115e-07
8.97548e-07
9.05025e-07
9.12549e-07
9.20117e-07
9.27731e-07
9.3539e-07
9.43094e-07
9.50844e-07
9.58638e-07
9.66477e-07
9.74361e-07
9.8229e-07
9.90263e-07
9.98281e-07
1.00634e-06
1.01445e-06
1.0226e-06
1.03079e-06
1.03903e-06
1.04731e-06
1.05564e-06
1.06401e-06
1.07242e-06
1.08088e-06
1.08937e-06
1.09791e-06
1.1065e-06
1.11512e-06
1.12379e-06
1.1325e-06
1.14125e-06
1.15004e-06
1.15887e-06
1.16774e-06
1.17666e-06
1.18561e-06
1.1946e-06
1.20364e-06
1.21271e-06
1.22182e-06
1.23097e-06
1.24016e-06
1.24939e-06
1.25866e-06
1.26796e-06
1.2773e-06
1.28668e-06
1.29609e-06
1.30554e-06
1.31503e-06
1.32455e-06
1.33411e-06
1.3437e-06
1.35333e-06
1.36299e-06
1.37268e-06
1.38241e-06
1.39217e-06
1.40196e-06
1.41178e-06
1.42164e-06
1.43152e-06
1.44144e-06
1.45139e-06
1.46137e-06
1.47137e-06
1.48141e-06
1.49147e-06
1.50156e-06
1.51168e-06
1.52183e-06
1.532e-06
1.5422e-06
1.55242e-06
1.56267e-06
1.57295e-06
1.58324e-06
1.59357e-06
1.60391e-06
1.61428e-06
1.62466e-06
1.63507e-06
1.6455e-06
1.65595e-06
1.66642e-06
1.67691e-06
1.68742e-06
1.69794e-06
1.70849e-06
1.71904e-06
1.72962e-06
1.74021e-06
1.75082e-06
1.76144e-06
1.77207e-06
1.78272e-06
1.79338e-06
1.80405e-06
1.81474e-06
1.82543e-06
1.83614e-06
1.84685e-06
1.85758e-06
1.86831e-06
1.87905e-06
1.8898e-06
1.90055e-06
1.91131e-06
1.92208e-06
1.93285e-06
1.94362e-06
1.9544e-06
1.96518e-06
1.97596e-06
1.98674e-06
1.99752e-06
2.00831e-06
2.01909e-06
2.02987e-06
2.04065e-06
2.05143e-06
2.06221e-06
2.07298e-06
2.08375e-06
2.09451e-06
2.10526e-06
2.11601e-06
2.12675e-06
2.13749e-06
2.14822e-06
2.15893e-06
2.16964e-06
2.18034e-06
2.19103e-06
2.2017e-06
2.21236e-06
2.22301e-06
2.23365e-06
2.24427e-06
2.25488e-06
2.26547e-06
2.27605e-06
2.28661e-06
2.29715e-06
2.30767e-06
2.31818e-06
2.32866e-06
2.33913e-06
2.34957e-06
2.36e-06
2.3704e-06
2.38078e-06
2.39113e-06
2.40147e-06
2.41177e-06
2.42206e-06
2.43232e-06
2.44255e-06
2.45275e-06
2.46293e-06
2.47308e-06
2.4832e-06
2.49329e-06
2.50335e-06
2.51338e-06
2.52338e-06
2.53335e-06
2.54329e-06
2.55319e-06
2.56306e-06
2.5729e-06
2.5827e-06
2.59247e-06
2.6022e-06
2.6119e-06
2.62156e-06
2.63118e-06
2.64077e-06
2.65031e-06
2.65982e-06
2.66929e-06
2.67872e-06
2.68812e-06
2.69747e-06
2.70678e-06
2.71606e-06
2.72529e-06
2.73448e-06
2.74363e-06
2.75273e-06
2.76179e-06
2.77081e-06
2.77979e-06
2.78872e-06
2.7976e-06
2.80644e-06
2.81523e-06
2.82397e-06
2.83267e-06
2.84131e-06
2.84991e-06
2.85846e-06
2.86696e-06
2.87541e-06
2.88381e-06
2.89216e-06
2.90046e-06
2.90871e-06
2.9169e-06
2.92504e-06
2.93313e-06
2.94116e-06
2.94914e-06
2.95707e-06
2.96494e-06
2.97276e-06
2.98052e-06
2.98822e-06
2.99587e-06
3.00346e-06
3.01099e-06
3.01846e-06
3.02586e-06
3.03319e-06
3.04046e-06
3.04767e-06
3.05481e-06
3.06188e-06
3.0689e-06
3.07584e-06
3.08273e-06
3.08955e-06
3.09631e-06
3.103e-06
3.10963e-06
3.1162e-06
3.12271e-06
3.12915e-06
3.13553e-06
3.14185e-06
3.1481e-06
3.15429e-06
3.16042e-06
3.16649e-06
3.17249e-06
3.17843e-06
3.1843e-06
3.19011e-06
3.19586e-06
3.20154e-06
3.20716e-06
3.21271e-06
3.2182e-06
3.22363e-06
3.22899e-06
3.23428e-06
3.23951e-06
3.24468e-06
3.24978e-06
3.25481e-06
3.25978e-06
3.26469e-06
3.26953e-06
3.2743e-06
3.27901e-06
3.28365e-06
3.28823e-06
3.29274e-06
3.29718e-06
3.30156e-06
3.30587e-06
3.31011e-06
3.31429e-06
3.31841e-06
3.32245e-06
3.32644e-06
3.33035e-06
3.3342e-06
3.33798e-06
3.3417e-06
3.34534e-06
3.34893e-06
3.35244e-06
3.35589e-06
3.35928e-06
3.3626e-06
3.36585e-06
3.36903e-06
3.37215e-06
3.3752e-06
3.37819e-06
3.38111e-06
3.38397e-06
3.38676e-06
3.38948e-06
3.39214e-06
3.39473e-06
3.39726e-06
3.39972e-06
3.40211e-06
3.40444e-06
3.40671e-06
3.40891e-06
3.41104e-06
3.41311e-06
3.41511e-06
3.41705e-06
3.41893e-06
3.42074e-06
3.42249e-06
3.42417e-06
3.42579e-06
3.42734e-06
3.42883e-06
3.43026e-06
3.43162e-06
3.43292e-06
3.43416e-06
3.43533e-06
3.43644e-06
3.43749e-06
3.43847e-06
3.4394e-06
3.44026e-06
3.44106e-06
3.4418e-06
3.44248e-06
3.44311e-06
3.44367e-06
3.44418e-06
3.44463e-06
3.44502e-06
3.44536e-06
3.44564e-06
3.44586e-06
3.44602e-06
3.44612e-06
3.44617e-06
3.44616e-06
3.44609e-06
3.44597e-06
3.44579e-06
3.44555e-06
3.44525e-06
3.4449e-06
3.44449e-06
3.44402e-06
3.4435e-06
3.44292e-06
3.44228e-06
3.44159e-06
3.44084e-06
3.44004e-06
3.43917e-06
3.43826e-06
3.43729e-06
3.43626e-06
3.43518e-06
3.43404e-06
3.43285e-06
3.4316e-06
3.4303e-06
3.42894e-06
3.42753e-06
3.42607e-06
3.42454e-06
3.42295e-06
3.42129e-06
3.41956e-06
3.41776e-06
3.4159e-06
3.41396e-06
3.41196e-06
3.40988e-06
3.40775e-06
3.40555e-06
3.40329e-06
3.40096e-06
3.39858e-06
3.39613e-06
3.39363e-06
3.39108e-06
3.38846e-06
3.3858e-06
3.38308e-06
3.38031e-06
3.37748e-06
3.37461e-06
3.37169e-06
3.36871e-06
3.36569e-06
3.36262e-06
3.35951e-06
3.35635e-06
3.35314e-06
3.34988e-06
3.34658e-06
3.34324e-06
3.33985e-06
3.33642e-06
3.33294e-06
3.32942e-06
3.32586e-06
3.32225e-06
3.3186e-06
3.31492e-06
3.31118e-06
3.30741e-06
3.3036e-06
3.29974e-06
3.29585e-06
3.29192e-06
3.28794e-06
3.28393e-06
3.27987e-06
3.27578e-06
3.27165e-06
3.26748e-06
3.26328e-06
3.25903e-06
3.25475e-06
3.25043e-06
3.24607e-06
3.24168e-06
3.23725e-06
3.23278e-06
3.22828e-06
3.22374e-06
3.21917e-06
3.21456e-06
3.20992e-06
3.20524e-06
3.20053e-06
3.19579e-06
3.19101e-06
3.1862e-06
3.18135e-06
3.17647e-06
3.17156e-06
3.16662e-06
3.16165e-06
3.15664e-06
3.1516e-06
3.14654e-06
3.14144e-06
3.13631e-06
3.13115e-06
3.12596e-06
3.12074e-06
3.11549e-06
3.11022e-06
3.10491e-06
3.09958e-06
3.09421e-06
3.08882e-06
3.08341e-06
3.07796e-06
3.07249e-06
3.06699e-06
3.06147e-06
3.05592e-06
3.05034e-06
3.04474e-06
3.03911e-06
3.03346e-06
3.02778e-06
3.02208e-06
3.01635e-06
3.0106e-06
3.00483e-06
2.99903e-06
2.99321e-06
2.98737e-06
2.98152e-06
2.97564e-06
2.96975e-06
2.96383e-06
2.9579e-06
2.95196e-06
2.94599e-06
2.94001e-06
2.93402e-06
2.92801e-06
2.92198e-06
2.91593e-06
2.90987e-06
2.90379e-06
2.8977e-06
2.89159e-06
2.88547e-06
2.87932e-06
2.87317e-06
2.86699e-06
2.86081e-06
2.8546e-06
2.84838e-06
2.84215e-06
2.8359e-06
2.82963e-06
2.82335e-06
2.81706e-06
2.81075e-06
2.80443e-06
2.79809e-06
2.79173e-06
2.78537e-06
2.77899e-06
2.77259e-06
2.76618e-06
2.75976e-06
2.75333e-06
2.74688e-06
2.74042e-06
2.73395e-06
2.72745e-06
2.72093e-06
2.71437e-06
2.70779e-06
2.70117e-06
2.69452e-06
2.68783e-06
2.68111e-06
2.67436e-06
2.66758e-06
2.66077e-06
2.65393e-06
2.64707e-06
2.64018e-06
2.63326e-06
2.62633e-06
2.61938e-06
2.6124e-06
2.60541e-06
2.59841e-06
2.59138e-06
2.58435e-06
2.5773e-06
2.57024e-06
2.56317e-06
2.55609e-06
2.549e-06
2.5419e-06
2.5348e-06
2.52768e-06
2.52056e-06
2.51344e-06
2.50631e-06
2.49917e-06
2.49203e-06
2.48489e-06
2.47774e-06
2.47059e-06
2.46344e-06
2.45628e-06
2.44912e-06
2.44196e-06
2.4348e-06
2.42764e-06
2.42047e-06
2.41331e-06
2.40614e-06
2.39897e-06
2.39181e-06
2.38464e-06
2.37747e-06
2.37031e-06
2.36314e-06
2.35597e-06
2.34881e-06
2.34164e-06
2.33448e-06
2.32732e-06
2.32016e-06
2.313e-06
2.30584e-06
2.29869e-06
2.29153e-06
2.28438e-06
2.27723e-06
2.27009e-06
2.26294e-06
2.2558e-06
2.24866e-06
2.24153e-06
2.2344e-06
2.22727e-06
2.22014e-06
2.21302e-06
2.2059e-06
2.19878e-06
2.19167e-06
2.18456e-06
2.17746e-06
2.17036e-06
2.16327e-06
2.15618e-06
2.14909e-06
2.14201e-06
2.13493e-06
2.12786e-06
2.1208e-06
2.11374e-06
2.10668e-06
2.09963e-06
2.09258e-06
2.08555e-06
2.07851e-06
2.07149e-06
2.06446e-06
2.05745e-06
2.05044e-06
2.04344e-06
2.03644e-06
2.02945e-06
2.02247e-06
2.01549e-06
2.00852e-06
2.00156e-06
1.99461e-06
1.98766e-06
1.98072e-06
1.97379e-06
1.96686e-06
1.95994e-06
1.95303e-06
1.94613e-06
1.93924e-06
1.93235e-06
1.92547e-06
1.91861e-06
1.91174e-06
1.90489e-06
1.89805e-06
1.89121e-06
1.88439e-06
1.87757e-06
1.87076e-06
1.86396e-06
1.85717e-06
1.85039e-06
1.84362e-06
1.83686e-06
1.8301e-06
1.82336e-06
1.81663e-06
1.8099e-06
1.80319e-06
1.79649e-06
1.78979e-06
1.78311e-06
1.77643e-06
1.76977e-06
1.76312e-06
1.75648e-06
1.74984e-06
1.74322e-06
1.73661e-06
1.73001e-06
1.72342e-06
1.71685e-06
1.71028e-06
1.70372e-06
1.69718e-06
1.69065e-06
1.68412e-06
1.67761e-06
1.67111e-06
1.66462e-06
1.65815e-06
1.65168e-06
1.64523e-06
1.63879e-06
1.63236e-06
1.62594e-06
1.61953e-06
1.61314e-06
1.60676e-06
1.60039e-06
1.59403e-06
1.58769e-06
1.58135e-06
1.57503e-06
1.56872e-06
1.56243e-06
1.55614e-06
1.54987e-06
1.54362e-06
1.53737e-06
1.53114e-06
1.52492e-06
1.51871e-06
1.51251e-06
1.50633e-06
1.50016e-06
1.49401e-06
1.48787e-06
1.48174e-06
1.47562e-06
1.46952e-06
1.46343e-06
1.45735e-06
1.45129e-06
1.44524e-06
1.4392e-06
1.43318e-06
1.42717e-06
1.42117e-06
1.41519e-06
1.40922e-06
1.40326e-06
1.39732e-06
1.39139e-06
1.38547e-06
1.37957e-06
1.37369e-06
1.36781e-06
1.36195e-06
1.35611e-06
1.35027e-06
1.34445e-06
1.33865e-06
1.33286e-06
1.32708e-06
1.32132e-06
1.31557e-06
1.30984e-06
1.30412e-06
1.29841e-06
1.29272e-06
1.28704e-06
1.28137e-06
1.27572e-06
1.27009e-06
1.26447e-06
1.25886e-06
1.25327e-06
1.24769e-06
1.24212e-06
1.23657e-06
1.23104e-06
1.22552e-06
1.22001e-06
1.21452e-06
1.20904e-06
1.20358e-06
1.19814e-06
1.19271e-06
1.18729e-06
1.1819e-06
1.17652e-06
1.17115e-06
1.1658e-06
1.16047e-06
1.15516e-06
1.14986e-06
1.14457e-06
1.1393e-06
1.13405e-06
1.12881e-06
1.12359e-06
1.11838e-06
1.11319e-06
1.10801e-06
1.10285e-06
1.0977e-06
1.09257e-06
1.08745e-06
1.08235e-06
1.07726e-06
1.07218e-06
1.06713e-06
1.06208e-06
1.05705e-06
1.05204e-06
1.04704e-06
1.04205e-06
1.03708e-06
1.03212e-06
1.02718e-06
1.02225e-06
1.01733e-06
1.01243e-06
1.00755e-06
1.00267e-06
9.97815e-07
9.92971e-07
9.88141e-07
9.83325e-07
9.78523e-07
9.73735e-07
9.68961e-07
9.64201e-07
9.59455e-07
9.54723e-07
9.50004e-07
9.453e-07
9.4061e-07
9.35933e-07
9.31271e-07
9.26622e-07
9.21987e-07
9.17363e-07
9.12749e-07
9.08143e-07
9.03542e-07
8.98948e-07
8.94359e-07
8.89775e-07
8.85196e-07
8.80623e-07
8.76055e-07
8.71493e-07
8.66938e-07
8.6239e-07
8.57849e-07
8.53317e-07
8.48792e-07
8.44277e-07
8.39771e-07
8.35275e-07
8.30789e-07
8.26314e-07
8.2185e-07
8.17398e-07
8.12957e-07
8.08528e-07
8.04112e-07
7.99709e-07
7.95318e-07
7.90941e-07
7.86577e-07
7.82226e-07
7.7789e-07
7.73567e-07
7.69258e-07
7.64963e-07
7.60682e-07
7.56416e-07
7.52164e-07
7.47926e-07
7.43704e-07
7.39495e-07
7.35301e-07
7.31122e-07
7.26958e-07
7.22808e-07
7.18673e-07
7.14553e-07
7.10447e-07
7.06356e-07
7.0228e-07
6.98219e-07
6.94172e-07
6.9014e-07
6.86123e-07
6.8212e-07
6.78132e-07
6.74158e-07
6.70199e-07
6.66254e-07
6.62324e-07
6.58409e-07
6.54508e-07
6.50621e-07
6.46749e-07
6.4289e-07
6.39047e-07
6.35217e-07
6.31402e-07
6.276e-07
6.23813e-07
6.2004e-07
6.16281e-07
6.12536e-07
6.08805e-07
6.05087e-07
6.01384e-07
5.97694e-07
5.94018e-07
5.90356e-07
5.86707e-07
5.83073e-07
5.79451e-07
5.75843e-07
5.72249e-07
5.68668e-07
5.65101e-07
5.61547e-07
5.58006e-07
5.54479e-07
5.50964e-07
5.47463e-07
5.43975e-07
5.405e-07
5.37039e-07
5.3359e-07
5.30154e-07
5.26731e-07
5.23321e-07
5.19924e-07
5.1654e-07
5.13168e-07
5.0981e-07
5.06463e-07
5.0313e-07
4.99809e-07
4.96501e-07
4.93205e-07
4.89922e-07
4.86651e-07
4.83392e-07
4.80146e-07
4.76912e-07
4.73691e-07
4.70481e-07
4.67284e-07
4.64099e-07
4.60926e-07
4.57766e-07
4.54617e-07
4.5148e-07
4.48355e-07
4.45243e-07
4.42142e-07
4.39053e-07
4.35975e-07
4.3291e-07
4.29856e-07
4.26814e-07
4.23784e-07
4.20765e-07
4.17758e-07
4.14762e-07
4.11778e-07
4.08806e-07
4.05844e-07
4.02895e-07
3.99956e-07
3.97029e-07
3.94113e-07
3.91209e-07
3.88316e-07
3.85433e-07
3.82562e-07
3.79703e-07
3.76854e-07
3.74016e-07
3.71189e-07
3.68374e-07
3.65569e-07
3.62775e-07
3.59992e-07
3.5722e-07
3.54458e-07
3.51708e-07
3.48968e-07
3.46239e-07
3.4352e-07
3.40812e-07
3.38115e-07
3.35428e-07
3.32752e-07
3.30086e-07
3.27431e-07
3.24786e-07
3.22151e-07
3.19527e-07
3.16913e-07
3.1431e-07
3.11717e-07
3.09133e-07
3.06561e-07
3.03998e-07
3.01445e-07
2.98903e-07
2.9637e-07
2.93848e-07
2.91335e-07
2.88832e-07
2.8634e-07
2.83857e-07
2.81384e-07
2.78921e-07
2.76468e-07
2.74024e-07
2.7159e-07
2.69166e-07
2.66752e-07
2.64347e-07
2.61951e-07
2.59566e-07
2.5719e-07
2.54823e-07
2.52466e-07
2.50118e-07
2.47779e-07
2.4545e-07
2.43131e-07
2.4082e-07
2.38519e-07
2.36227e-07
2.33944e-07
2.31671e-07
2.29407e-07
2.27151e-07
2.24905e-07
2.22668e-07
2.2044e-07
2.18221e-07
2.16011e-07
2.13809e-07
2.11617e-07
2.09433e-07
2.07259e-07
2.05093e-07
2.02936e-07
2.00788e-07
1.98648e-07
1.96517e-07
1.94395e-07
1.92281e-07
1.90176e-07
1.88079e-07
1.85991e-07
1.83912e-07
1.81841e-07
1.79778e-07
1.77724e-07
1.75678e-07
1.73641e-07
1.71612e-07
1.69591e-07
1.67578e-07
1.65574e-07
1.63578e-07
1.6159e-07
1.5961e-07
1.57638e-07
1.55675e-07
1.53719e-07
1.51771e-07
1.49832e-07
1.479e-07
1.45977e-07
1.44061e-07
1.42153e-07
1.40253e-07
1.38361e-07
1.36476e-07
1.346e-07
1.32731e-07
1.3087e-07
1.29016e-07
1.2717e-07
1.25332e-07
1.23501e-07
1.21678e-07
1.19863e-07
1.18055e-07
1.16254e-07
1.14461e-07
1.12676e-07
1.10897e-07
1.09127e-07
1.07363e-07
1.05607e-07
1.03858e-07
1.02116e-07
1.00382e-07
9.86549e-08
9.69349e-08
9.5222e-08
9.35163e-08
9.18178e-08
9.01262e-08
8.84418e-08
8.67643e-08
8.50939e-08
8.34304e-08
8.17739e-08
8.01243e-08
7.84815e-08
7.68457e-08
7.52167e-08
7.35944e-08
7.1979e-08
7.03704e-08
6.87684e-08
6.71732e-08
6.55847e-08
6.40028e-08
6.24276e-08
6.08589e-08
5.92969e-08
5.77414e-08
5.61924e-08
5.465e-08
5.3114e-08
5.15845e-08
5.00614e-08
4.85447e-08
4.70344e-08
4.55304e-08
4.40328e-08
4.25415e-08
4.10564e-08
3.95776e-08
3.81051e-08
3.66387e-08
3.51786e-08
3.37246e-08
3.22767e-08
3.0835e-08
2.93993e-08
2.79697e-08
2.65461e-08
2.51286e-08
2.3717e-08
2.23115e-08
2.09118e-08
1.95181e-08
1.81303e-08
1.67483e-08
1.53722e-08
1.40019e-08
1.26375e-08
1.12788e-08
9.92587e-09
8.57867e-09
7.23719e-09
5.9014e-09
4.57128e-09
3.2468e-09
1.92794e-09
6.14682e-10
-6.93001e-10
-1.99513e-09
-3.29173e-09
-4.58281e-09
-5.86841e-09
-7.14855e-09
-8.42324e-09
-9.69251e-09
-1.09564e-08
-1.22149e-08
-1.3468e-08
-1.47158e-08
-1.59583e-08
-1.71955e-08
-1.84274e-08
-1.96541e-08
-2.08756e-08
-2.20918e-08
-2.33029e-08
-2.45088e-08
-2.57095e-08
-2.69052e-08
-2.80957e-08
-2.92812e-08
-3.04616e-08
-3.16369e-08
-3.28073e-08
-3.39726e-08
-3.5133e-08
-3.62884e-08
-3.74389e-08
-3.85845e-08
-3.97251e-08
-4.08609e-08
-4.19919e-08
-4.3118e-08
-4.42392e-08
-4.53557e-08
-4.64675e-08
-4.75744e-08
-4.86766e-08
-4.97742e-08
-5.0867e-08
-5.19551e-08
-5.30386e-08
-5.41174e-08
-5.51916e-08
-5.62612e-08
-5.73263e-08
-5.83868e-08
-5.94427e-08
-6.04941e-08
-6.1541e-08
-6.25834e-08
-6.36214e-08
-6.46549e-08
-6.56839e-08
-6.67086e-08
-6.77288e-08
-6.87447e-08
-6.97562e-08
-7.07634e-08
-7.17663e-08
-7.27649e-08
-7.37591e-08
-7.47492e-08
-7.57349e-08
-7.67165e-08
-7.76938e-08
-7.86669e-08
-7.96359e-08
-8.06006e-08
-8.15613e-08
-8.25178e-08
-8.34702e-08
-8.44185e-08
-8.53628e-08
-8.6303e-08
-8.72391e-08
-8.81713e-08
-8.90994e-08
-9.00235e-08
-9.09437e-08
-9.18599e-08
-9.27722e-08
-9.36805e-08
-9.4585e-08
-9.54855e-08
-9.63822e-08
-9.72751e-08
-9.81641e-08
-9.90492e-08
-9.99306e-08
-1.00808e-07
-1.01682e-07
-1.02552e-07
-1.03418e-07
-1.04281e-07
-1.0514e-07
-1.05995e-07
-1.06846e-07
-1.07694e-07
-1.08539e-07
-1.09379e-07
-1.10216e-07
-1.11049e-07
-1.11879e-07
-1.12705e-07
-1.13528e-07
-1.14347e-07
-1.15163e-07
-1.15975e-07
-1.16783e-07
-1.17588e-07
-1.1839e-07
-1.19188e-07
-1.19983e-07
-1.20774e-07
-1.21562e-07
-1.22347e-07
-1.23128e-07
-1.23906e-07
-1.2468e-07
-1.25451e-07
-1.26219e-07
-1.26983e-07
-1.27745e-07
-1.28503e-07
-1.29257e-07
-1.30009e-07
-1.30757e-07
-1.31502e-07
-1.32244e-07
-1.32982e-07
-1.33718e-07
-1.3445e-07
-1.35179e-07
-1.35905e-07
-1.36628e-07
-1.37347e-07
-1.38064e-07
-1.38778e-07
-1.39488e-07
-1.40195e-07
-1.409e-07
-1.41601e-07
-1.42299e-07
-1.42995e-07
-1.43687e-07
-1.44376e-07
-1.45063e-07
-1.45746e-07
-1.46427e-07
-1.47104e-07
-1.47779e-07
-1.48451e-07
-1.4912e-07
-1.49786e-07
-1.50449e-07
-1.51109e-07
-1.51766e-07
-1.52421e-07
-1.53073e-07
-1.53722e-07
-1.54368e-07
-1.55012e-07
-1.55652e-07
-1.5629e-07
-1.56925e-07
-1.57558e-07
-1.58187e-07
-1.58815e-07
-1.59439e-07
-1.6006e-07
-1.60679e-07
-1.61296e-07
-1.61909e-07
-1.62521e-07
-1.63129e-07
-1.63735e-07
-1.64338e-07
-1.64939e-07
-1.65537e-07
-1.66132e-07
-1.66725e-07
-1.67315e-07
-1.67903e-07
-1.68489e-07
-1.69071e-07
-1.69652e-07
-1.70229e-07
-1.70805e-07
-1.71378e-07
-1.71948e-07
-1.72516e-07
-1.73082e-07
-1.73645e-07
-1.74205e-07
-1.74764e-07
-1.7532e-07
-1.75873e-07
-1.76424e-07
-1.76973e-07
-1.77519e-07
-1.78064e-07
-1.78605e-07
-1.79145e-07
-1.79682e-07
-1.80217e-07
-1.80749e-07
-1.8128e-07
-1.81808e-07
-1.82333e-07
-1.82857e-07
-1.83378e-07
-1.83897e-07
-1.84414e-07
-1.84928e-07
-1.85441e-07
-1.85951e-07
-1.86459e-07
-1.86965e-07
-1.87468e-07
-1.8797e-07
-1.88469e-07
-1.88967e-07
-1.89462e-07
-1.89955e-07
-1.90446e-07
-1.90934e-07
-1.91421e-07
-1.91906e-07
-1.92388e-07
-1.92869e-07
-1.93347e-07
-1.93824e-07
-1.94298e-07
-1.94771e-07
-1.95241e-07
-1.95709e-07
-1.96176e-07
-1.9664e-07
-1.97102e-07
-1.97563e-07
-1.98021e-07
-1.98478e-07
-1.98932e-07
-1.99385e-07
-1.99835e-07
-2.00284e-07
-2.00731e-07
-2.01176e-07
-2.01619e-07
-2.0206e-07
-2.02499e-07
-2.02937e-07
-2.03372e-07
-2.03806e-07
-2.04238e-07
-2.04668e-07
-2.05096e-07
-2.05523e-07
-2.05947e-07
-2.0637e-07
-2.06791e-07
-2.0721e-07
-2.07627e-07
-2.08043e-07
-2.08457e-07
-2.08869e-07
-2.09279e-07
-2.09688e-07
-2.10095e-07
-2.105e-07
-2.10903e-07
-2.11305e-07
-2.11705e-07
-2.12103e-07
-2.125e-07
-2.12895e-07
-2.13288e-07
-2.1368e-07
-2.1407e-07
-2.14458e-07
-2.14845e-07
-2.1523e-07
-2.15613e-07
-2.15995e-07
-2.16375e-07
-2.16754e-07
-2.1713e-07
-2.17506e-07
-2.1788e-07
-2.18252e-07
-2.18622e-07
-2.18991e-07
-2.19359e-07
-2.19725e-07
-2.20089e-07
-2.20452e-07
-2.20813e-07
-2.21173e-07
-2.21531e-07
-2.21888e-07
-2.22243e-07
-2.22597e-07
-2.22949e-07
-2.233e-07
-2.23649e-07
-2.23997e-07
-2.24344e-07
-2.24689e-07
-2.25032e-07
-2.25374e-07
-2.25715e-07
-2.26054e-07
-2.26391e-07
-2.26728e-07
-2.27062e-07
-2.27396e-07
-2.27728e-07
-2.28059e-07
-2.28388e-07
-2.28716e-07
-2.29042e-07
-2.29367e-07
-2.29691e-07
-2.30014e-07
-2.30335e-07
-2.30654e-07
-2.30973e-07
-2.3129e-07
-2.31605e-07
-2.3192e-07
-2.32233e-07
-2.32545e-07
-2.32855e-07
-2.33164e-07
-2.33472e-07
-2.33779e-07
-2.34084e-07
-2.34388e-07
-2.34691e-07
-2.34992e-07
-2.35292e-07
-2.35591e-07
-2.35889e-07
-2.36185e-07
-2.36481e-07
-2.36775e-07
-2.37067e-07
-2.37359e-07
-2.37649e-07
-2.37938e-07
-2.38226e-07
-2.38513e-07
-2.38798e-07
-2.39083e-07
-2.39366e-07
-2.39648e-07
-2.39929e-07
-2.40208e-07
-2.40487e-07
-2.40764e-07
-2.4104e-07
-2.41315e-07
-2.41589e-07
-2.41861e-07
-2.42133e-07
-2.42403e-07
-2.42673e-07
-2.42941e-07
-2.43208e-07
-2.43474e-07
-2.43739e-07
-2.44002e-07
-2.44265e-07
-2.44527e-07
-2.44787e-07
-2.45047e-07
-2.45305e-07
-2.45562e-07
-2.45818e-07
-2.46074e-07
-2.46328e-07
-2.46581e-07
-2.46833e-07
-2.47084e-07
-2.47333e-07
-2.47582e-07
-2.4783e-07
-2.48077e-07
-2.48323e-07
-2.48567e-07
-2.48811e-07
-2.49054e-07
-2.49296e-07
-2.49536e-07
-2.49776e-07
-2.50015e-07
-2.50253e-07
-2.5049e-07
-2.50725e-07
-2.5096e-07
-2.51194e-07
-2.51427e-07
-2.51659e-07
-2.5189e-07
-2.5212e-07
-2.52349e-07
-2.52577e-07
-2.52805e-07
-2.53031e-07
-2.53256e-07
-2.53481e-07
-2.53704e-07
-2.53927e-07
-2.54149e-07
-2.54369e-07
-2.54589e-07
-2.54808e-07
-2.55026e-07
-2.55244e-07
-2.5546e-07
-2.55675e-07
-2.5589e-07
-2.56103e-07
-2.56316e-07
-2.56528e-07
-2.56739e-07
-2.56949e-07
-2.57159e-07
-2.57367e-07
-2.57575e-07
-2.57782e-07
-2.57987e-07
-2.58193e-07
-2.58397e-07
-2.586e-07
-2.58803e-07
-2.59005e-07
-2.59205e-07
-2.59406e-07
-2.59605e-07
-2.59803e-07
-2.60001e-07
-2.60198e-07
-2.60394e-07
-2.60589e-07
-2.60784e-07
-2.60977e-07
-2.6117e-07
-2.61363e-07
-2.61554e-07
-2.61744e-07
-2.61934e-07
-2.62123e-07
-2.62312e-07
-2.62499e-07
-2.62686e-07
-2.62872e-07
-2.63057e-07
-2.63241e-07
-2.63425e-07
-2.63608e-07
-2.6379e-07
-2.63972e-07
-2.64153e-07
-2.64333e-07
-2.64512e-07
-2.64691e-07
-2.64869e-07
-2.65046e-07
-2.65222e-07
-2.65398e-07
-2.65573e-07
-2.65747e-07
-2.65921e-07
-2.66094e-07
-2.66266e-07
-2.66438e-07
-2.66608e-07
-2.66779e-07
-2.66948e-07
-2.67117e-07
-2.67285e-07
-2.67452e-07
-2.67619e-07
-2.67785e-07
-2.67951e-07
-2.68115e-07
-2.68279e-07
-2.68443e-07
-2.68606e-07
-2.68768e-07
-2.68929e-07
-2.6909e-07
-2.6925e-07
-2.6941e-07
-2.69569e-07
-2.69727e-07
-2.69885e-07
-2.70042e-07
-2.70198e-07
-2.70354e-07
-2.70509e-07
-2.70664e-07
-2.70818e-07
-2.70971e-07
-2.71124e-07
-2.71276e-07
-2.71427e-07
-2.71578e-07
-2.71728e-07
-2.71878e-07
-2.72027e-07
-2.72176e-07
-2.72323e-07
-2.72471e-07
-2.72618e-07
-2.72764e-07
-2.72909e-07
-2.73054e-07
-2.73199e-07
-2.73343e-07
-2.73486e-07
-2.73629e-07
-2.73771e-07
-2.73912e-07
-2.74053e-07
-2.74194e-07
-2.74334e-07