0
6.04775e-07
1.12786e-06
1.54835e-06
1.88232e-06
2.14445e-06
2.34659e-06
2.49856e-06
2.60859e-06
2.68352e-06
2.72906e-06
2.74982e-06
2.7497e-06
2.73202e-06
2.69965e-06
2.65509e-06
2.60049e-06
2.53771e-06
2.46835e-06
2.39374e-06
2.31502e-06
2.23321e-06
2.1492e-06
2.06376e-06
1.97757e-06
1.89124e-06
1.80528e-06
1.72012e-06
1.63613e-06
1.55362e-06
1.47284e-06
1.39398e-06
1.31723e-06
1.2427e-06
1.17049e-06
1.10067e-06
1.03328e-06
9.68339e-07
9.05846e-07
8.45779e-07
7.88108e-07
7.32798e-07
6.79805e-07
6.2908e-07
5.8057e-07
5.34217e-07
4.89963e-07
4.47745e-07
4.07498e-07
3.69154e-07
3.32646e-07
2.97906e-07
2.64865e-07
2.33455e-07
2.0361e-07
1.75264e-07
1.48352e-07
1.2281e-07
9.85775e-08
7.55947e-08
5.38037e-08
3.31485e-08
1.35752e-08
-4.96805e-09
-2.25312e-08
-3.91622e-08
-5.49069e-08
-6.98093e-08
-8.39114e-08
-9.72534e-08
-1.09874e-07
-1.21809e-07
-1.33094e-07
-1.43761e-07
-1.53843e-07
-1.6337e-07
-1.72369e-07
-1.80868e-07
-1.88894e-07
-1.9647e-07
-2.03619e-07
-2.10364e-07
-2.16725e-07
-2.22722e-07
-2.28375e-07
-2.337e-07
-2.38715e-07
-2.43435e-07
-2.47876e-07
-2.52052e-07
-2.55977e-07
-2.59664e-07
-2.63124e-07
-2.66369e-07
-2.69411e-07
-2.72259e-07
-2.74923e-07
-2.77413e-07
-2.79737e-07
-2.81904e-07
-2.83921e-07
-2.85797e-07
-2.87537e-07
-2.8915e-07
-2.90641e-07
-2.92021e-07
-2.93298e-07
-2.94479e-07
-2.9557e-07
-2.96577e-07
-2.97505e-07
-2.98358e-07
-2.99139e-07
-2.99852e-07
-3.005e-07
-3.01085e-07
-3.01609e-07
-3.02075e-07
-3.02486e-07
-3.02842e-07
-3.03147e-07
-3.03402e-07
-3.03609e-07
-3.03771e-07
-3.03889e-07
-3.03964e-07
-3.03999e-07
-3.03995e-07
-3.03954e-07
-3.03878e-07
-3.03767e-07
-3.03623e-07
-3.03447e-07
-3.03242e-07
-3.03008e-07
-3.02746e-07
-3.02458e-07
-3.02144e-07
-3.01806e-07
-3.01445e-07
-3.01062e-07
-3.00657e-07
-3.00232e-07
-2.99788e-07
-2.99325e-07
-2.98845e-07
-2.98348e-07
-2.97834e-07
-2.97305e-07
-2.96761e-07
-2.96204e-07
-2.95633e-07
-2.95049e-07
-2.94452e-07
-2.93845e-07
-2.93226e-07
-2.92597e-07
-2.91957e-07
-2.91308e-07
-2.9065e-07
-2.89984e-07
-2.89309e-07
-2.88627e-07
-2.87937e-07
-2.8724e-07
-2.86536e-07
-2.85827e-07
-2.85111e-07
-2.8439e-07
-2.83664e-07
-2.82932e-07
-2.82196e-07
-2.81456e-07
-2.80711e-07
-2.79963e-07
-2.79211e-07
-2.78456e-07
-2.77698e-07
-2.76936e-07
-2.76173e-07
-2.75406e-07
-2.74638e-07
-2.73867e-07
-2.73095e-07
-2.72321e-07
-2.71545e-07
-2.70768e-07
-2.6999e-07
-2.69211e-07
-2.68431e-07
-2.6765e-07
-2.66869e-07
-2.66087e-07
-2.65305e-07
-2.64523e-07
-2.63741e-07
-2.62959e-07
-2.62177e-07
-2.61395e-07
-2.60614e-07
-2.59833e-07
-2.59053e-07
-2.58274e-07
-2.57495e-07
-2.56717e-07
-2.5594e-07
-2.55165e-07
-2.5439e-07
-2.53616e-07
-2.52844e-07
-2.52074e-07
-2.51304e-07
-2.50536e-07
-2.4977e-07
-2.49006e-07
-2.48243e-07
-2.47481e-07
-2.46722e-07
-2.45965e-07
-2.45209e-07
-2.44455e-07
-2.43704e-07
-2.42954e-07
-2.42207e-07
-2.41462e-07
-2.40719e-07
-2.39978e-07
-2.3924e-07
-2.38503e-07
-2.3777e-07
-2.37038e-07
-2.36309e-07
-2.35583e-07
-2.34859e-07
-2.34138e-07
-2.33419e-07
-2.32703e-07
-2.31989e-07
-2.31278e-07
-2.3057e-07
-2.29865e-07
-2.29162e-07
-2.28462e-07
-2.27765e-07
-2.2707e-07
-2.26379e-07
-2.2569e-07
-2.25004e-07
-2.24321e-07
-2.23641e-07
-2.22964e-07
-2.2229e-07
-2.21618e-07
-2.2095e-07
-2.20285e-07
-2.19622e-07
-2.18963e-07
-2.18307e-07
-2.17653e-07
-2.17003e-07
-2.16356e-07
-2.15712e-07
-2.15071e-07
-2.14433e-07
-2.13798e-07
-2.13166e-07
-2.12538e-07
-2.11912e-07
-2.1129e-07
-2.1067e-07
-2.10054e-07
-2.09441e-07
-2.08831e-07
-2.08224e-07
-2.07621e-07
-2.0702e-07
-2.06423e-07
-2.05829e-07
-2.05238e-07
-2.0465e-07
-2.04065e-07
-2.03484e-07
-2.02905e-07
-2.0233e-07
-2.01758e-07
-2.01189e-07
-2.00624e-07
-2.00061e-07
-1.99502e-07
-1.98946e-07
-1.98393e-07
-1.97843e-07
-1.97296e-07
-1.96752e-07
-1.96212e-07
-1.95675e-07
-1.95141e-07
-1.9461e-07
-1.94082e-07
-1.93557e-07
-1.93035e-07
-1.92517e-07
-1.92002e-07
-1.91489e-07
-1.9098e-07
-1.90474e-07
-1.89971e-07
-1.89472e-07
-1.88975e-07
-1.88481e-07
-1.87991e-07
-1.87503e-07
-1.87019e-07
-1.86537e-07
-1.86059e-07
-1.85584e-07
-1.85112e-07
-1.84642e-07
-1.84176e-07
-1.83713e-07
-1.83253e-07
-1.82796e-07
-1.82342e-07
-1.8189e-07
-1.81442e-07
-1.80997e-07
-1.80555e-07
-1.80115e-07
-1.79679e-07
-1.79246e-07
-1.78818e-07
-1.78396e-07
-1.7798e-07
-1.77573e-07
-1.77172e-07
-1.7678e-07
-1.76395e-07
-1.76018e-07
-1.75648e-07
-1.75285e-07
-1.74928e-07
-1.74578e-07
-1.74234e-07
-1.73896e-07
-1.73562e-07
-1.73234e-07
-1.72911e-07
-1.72592e-07
-1.72276e-07
-1.71964e-07
-1.71654e-07
-1.71347e-07
-1.71043e-07
-1.70741e-07
-1.7044e-07
-1.70142e-07
-1.69845e-07
-1.69551e-07
-1.69257e-07
-1.68966e-07
-1.68676e-07
-1.68387e-07
-1.681e-07
-1.67814e-07
-1.67529e-07
-1.67246e-07
-1.66965e-07
-1.66684e-07
-1.66405e-07
-1.66128e-07
-1.65852e-07
-1.65577e-07
-1.65303e-07
-1.65031e-07
-1.64761e-07
-1.64492e-07
-1.64224e-07
-1.63958e-07
-1.63693e-07
-1.63429e-07
-1.63167e-07
-1.62907e-07
-1.62648e-07
-1.6239e-07
-1.62134e-07
-1.6188e-07
-1.61627e-07
-1.61376e-07
-1.61126e-07
-1.60877e-07
-1.60631e-07
-1.60385e-07
-1.60142e-07
-1.599e-07
-1.59659e-07
-1.5942e-07
-1.59183e-07
-1.58947e-07
-1.58713e-07
-1.5848e-07
-1.58249e-07
-1.58019e-07
-1.57791e-07
-1.57565e-07
-1.57341e-07
-1.57117e-07
-1.56896e-07
-1.56676e-07
-1.56458e-07
-1.56241e-07
-1.56026e-07
-1.55813e-07
-1.55601e-07
-1.5539e-07
-1.55182e-07
-1.54975e-07
-1.54769e-07
-1.54565e-07
-1.54363e-07
-1.54162e-07
-1.53963e-07
-1.53765e-07
-1.53569e-07
-1.53375e-07
-1.53182e-07
-1.52991e-07
-1.52801e-07
-1.52613e-07
-1.52426e-07
-1.52241e-07
-1.52057e-07
-1.51875e-07
-1.51695e-07
-1.51516e-07
-1.51338e-07
-1.51162e-07
-1.50988e-07
-1.50815e-07
-1.50643e-07
-1.50473e-07
-1.50305e-07
-1.50138e-07
-1.49972e-07
-1.49808e-07
-1.49645e-07
-1.49484e-07
-1.49324e-07
-1.49166e-07
-1.49009e-07
-1.48854e-07
-1.48699e-07
-1.48547e-07
-1.48396e-07
-1.48246e-07
-1.48097e-07
-1.4795e-07
-1.47804e-07
-1.4766e-07
-1.47517e-07
-1.47375e-07
-1.47235e-07
-1.47096e-07
-1.46958e-07
-1.46822e-07
-1.46687e-07
-1.46553e-07
-1.4642e-07
-1.46289e-07
-1.46159e-07
-1.46031e-07
-1.45903e-07
-1.45777e-07
-1.45652e-07
-1.45529e-07
-1.45406e-07
-1.45285e-07
-1.45165e-07
-1.45046e-07
-1.44929e-07
-1.44812e-07
-1.44697e-07
-1.44583e-07
-1.4447e-07
-1.44359e-07
-1.44248e-07
-1.44139e-07
-1.4403e-07
-1.43923e-07
-1.43817e-07
-1.43712e-07
-1.43608e-07
-1.43506e-07
-1.43404e-07
-1.43303e-07
-1.43204e-07
-1.43105e-07
-1.43008e-07
-1.42912e-07
-1.42816e-07
-1.42722e-07
-1.42629e-07
-1.42537e-07
-1.42446e-07
-1.42355e-07
-1.42266e-07
-1.42178e-07
-1.42091e-07
-1.42004e-07
-1.41919e-07
-1.41835e-07
-1.41751e-07
-1.41669e-07
-1.41587e-07
-1.41506e-07
-1.41427e-07
-1.41348e-07
-1.4127e-07
-1.41193e-07
-1.41117e-07
-1.41042e-07
-1.40967e-07
-1.40894e-07
-1.40821e-07
-1.40749e-07
-1.40678e-07
-1.40608e-07
-1.40539e-07
-1.40471e-07
-1.40403e-07
-1.40336e-07
-1.4027e-07
-1.40205e-07
-1.4014e-07
-1.40077e-07
-1.40014e-07
-1.39952e-07
-1.3989e-07
-1.3983e-07
-1.3977e-07
-1.39711e-07
-1.39652e-07
-1.39595e-07
-1.39538e-07
-1.39482e-07
-1.39426e-07
-1.39371e-07
-1.39317e-07
-1.39264e-07
-1.39211e-07
-1.39159e-07
-1.39108e-07
-1.39057e-07
-1.39007e-07
-1.38957e-07
-1.38909e-07
-1.38861e-07
-1.38813e-07
-1.38766e-07
-1.3872e-07
-1.38674e-07
-1.3863e-07
-1.38585e-07
-1.38541e-07
-1.38498e-07
-1.38456e-07
-1.38414e-07
-1.38372e-07
-1.38331e-07
-1.38291e-07
-1.38251e-07
-1.38212e-07
-1.38174e-07
-1.38136e-07
-1.38098e-07
-1.38061e-07
-1.38025e-07
-1.37989e-07
-1.37953e-07
-1.37918e-07
-1.37884e-07
-1.3785e-07
-1.37817e-07
-1.37784e-07
-1.37752e-07
-1.3772e-07
-1.37688e-07
-1.37657e-07
-1.37627e-07
-1.37597e-07
-1.37567e-07
-1.37538e-07
-1.3751e-07
-1.37482e-07
-1.37454e-07
-1.37426e-07
-1.374e-07
-1.37373e-07
-1.37347e-07
-1.37322e-07
-1.37297e-07
-1.37272e-07
-1.37247e-07
-3.68639e-06
-7.95383e-06
-1.1818e-05
-1.49914e-05
-1.74714e-05
-1.93393e-05
-2.06927e-05
-2.16243e-05
-2.22153e-05
-2.25355e-05
-2.26432e-05
-2.25875e-05
-2.24093e-05
-2.2142e-05
-2.18128e-05
-2.14439e-05
-2.10534e-05
-2.06557e-05
-2.02619e-05
-1.98804e-05
-1.95179e-05
-1.91788e-05
-1.88666e-05
-1.85844e-05
-1.83342e-05
-1.81176e-05
-1.79355e-05
-1.77886e-05
-1.76773e-05
-1.76017e-05
-1.75623e-05
-1.75597e-05
-1.75958e-05
-1.76724e-05
-1.77913e-05
-1.79549e-05
-1.81654e-05
-1.8426e-05
-1.87411e-05
-1.91171e-05
-1.9561e-05
-2.00808e-05
-2.06855e-05
-2.13887e-05
-2.22066e-05
-2.3158e-05
-2.42681e-05
-2.55697e-05
-2.71027e-05
-2.89242e-05
-3.11076e-05
-3.37558e-05
-3.70173e-05
-4.11106e-05
-4.63763e-05
-5.33929e-05
-6.32474e-05
-7.83807e-05
-0.000106085
-0.000173066
-0.000294165
-0.00039088
-0.000415786
-0.000406687
-0.000385686
-0.000360346
-0.000331713
-0.000298701
-0.000259853
-0.000214638
-0.000164942
-0.000115806
-7.36505e-05
-4.25732e-05
-2.24441e-05
-1.04292e-05
-3.43228e-06
7.118e-07
3.21243e-06
4.67347e-06
5.38924e-06
5.51194e-06
5.13146e-06
4.31063e-06
3.10057e-06
1.54751e-06
-3.04529e-07
-2.41267e-06
-4.73511e-06
-7.23123e-06
-9.86231e-06
-1.25921e-05
-1.53869e-05
-1.82164e-05
-2.10533e-05
-2.38739e-05
-2.66581e-05
-2.93886e-05
-3.20519e-05
-3.46371e-05
-3.7136e-05
-3.95428e-05
-4.18542e-05
-4.40684e-05
-4.61851e-05
-4.82059e-05
-5.01334e-05
-5.1971e-05
-5.3723e-05
-5.53952e-05
-5.69923e-05
-5.85213e-05
-5.99892e-05
-6.14031e-05
-6.27708e-05
-6.41007e-05
-6.54031e-05
-6.66876e-05
-6.79646e-05
-6.92464e-05
-7.05461e-05
-7.18799e-05
-7.32625e-05
-7.47128e-05
-7.62488e-05
-7.78948e-05
-7.96735e-05
-8.16127e-05
-8.37372e-05
-8.60766e-05
-8.86598e-05
-9.15149e-05
-9.46669e-05
-9.81304e-05
-0.000101908
-0.000105981
-0.000110302
-0.000114769
-0.000119226
-0.00012344
-0.000127106
-0.000129864
-0.000131337
-0.000131185
-0.000129174
-0.000125227
-0.000119403
-0.000111871
-0.00010286
-9.26334e-05
-8.14903e-05
-6.97727e-05
-5.79038e-05
-4.63747e-05
-3.57247e-05
-2.64364e-05
-1.88288e-05
-1.29788e-05
-8.7357e-06
-5.80134e-06
-3.8416e-06
-2.55912e-06
-1.7261e-06
-1.18246e-06
-8.22486e-07
-5.78792e-07
-4.09229e-07
-2.87629e-07
-1.97722e-07
-1.29304e-07
-7.58854e-08
-3.32529e-08
1.39459e-09
2.99713e-08
5.38243e-08
7.393e-08
9.10159e-08
1.05638e-07
1.1823e-07
1.29138e-07
1.38641e-07
1.46967e-07
1.54303e-07
1.60805e-07
1.66604e-07
1.71809e-07
1.76513e-07
1.80792e-07
1.84713e-07
1.88331e-07
1.91693e-07
1.94841e-07
1.97806e-07
2.00619e-07
2.03305e-07
2.05883e-07
2.08373e-07
2.10789e-07
2.13144e-07
2.1545e-07
2.17716e-07
2.19949e-07
2.22157e-07
2.24346e-07
2.2652e-07
2.28684e-07
2.30842e-07
2.32997e-07
2.3515e-07
2.37306e-07
2.39465e-07
2.41629e-07
2.43799e-07
2.45978e-07
2.48166e-07
2.50363e-07
2.52571e-07
2.5479e-07
2.57021e-07
2.59264e-07
2.6152e-07
2.6379e-07
2.66072e-07
2.68368e-07
2.70678e-07
2.73002e-07
2.7534e-07
2.77693e-07
2.8006e-07
2.82442e-07
2.84838e-07
2.87249e-07
2.89675e-07
2.92116e-07
2.94571e-07
2.97042e-07
2.99528e-07
3.02028e-07
3.04544e-07
3.07075e-07
3.0962e-07
3.12181e-07
3.14757e-07
3.17347e-07
3.19953e-07
3.22574e-07
3.25209e-07
3.2786e-07
3.30525e-07
3.33205e-07
3.35901e-07
3.3861e-07
3.41335e-07
3.44075e-07
3.46829e-07
3.49597e-07
3.52381e-07
3.55178e-07
3.57991e-07
3.60818e-07
3.63659e-07
3.66514e-07
3.69384e-07
3.72267e-07
3.75165e-07
3.78077e-07
3.81003e-07
3.83943e-07
3.86896e-07
3.89863e-07
3.92844e-07
3.95839e-07
3.98846e-07
4.01868e-07
4.04902e-07
4.0795e-07
4.1101e-07
4.14084e-07
4.1717e-07
4.2027e-07
4.23381e-07
4.26506e-07
4.29643e-07
4.32792e-07
4.35953e-07
4.39126e-07
4.42311e-07
4.45508e-07
4.48717e-07
4.51937e-07
4.55169e-07
4.58412e-07
4.61666e-07
4.64931e-07
4.68207e-07
4.71494e-07
4.74791e-07
4.78099e-07
4.81417e-07
4.84745e-07
4.88082e-07
4.9143e-07
4.94788e-07
4.98155e-07
5.01531e-07
5.04916e-07
5.0831e-07
5.11714e-07
5.15125e-07
5.18546e-07
5.21974e-07
5.25411e-07
5.28855e-07
5.32308e-07
5.35768e-07
5.39235e-07
5.42709e-07
5.46191e-07
5.49679e-07
5.53174e-07
5.56676e-07
5.60184e-07
5.63697e-07
5.67217e-07
5.70743e-07
5.74273e-07
5.77809e-07
5.81351e-07
5.84897e-07
5.88447e-07
5.92003e-07
5.95562e-07
5.99125e-07
6.02693e-07
6.06264e-07
6.09838e-07
6.13416e-07
6.16996e-07
6.2058e-07
6.24166e-07
6.27754e-07
6.31344e-07
6.34937e-07
6.38531e-07
6.42126e-07
6.45723e-07
6.49321e-07
6.5292e-07
6.5652e-07
6.60119e-07
6.63719e-07
6.67319e-07
6.70919e-07
6.74518e-07
6.78117e-07
6.81715e-07
6.85311e-07
6.88907e-07
6.925e-07
6.96092e-07
6.99682e-07
7.03269e-07
7.06855e-07
7.10437e-07
7.14017e-07
7.17593e-07
7.21166e-07
7.24736e-07
7.28302e-07
7.31864e-07
7.35421e-07
7.38974e-07
7.42523e-07
7.46067e-07
7.49605e-07
7.53139e-07
7.56667e-07
7.60189e-07
7.63705e-07
7.67215e-07
7.70719e-07
7.74216e-07
7.77706e-07
7.8119e-07
7.84666e-07
7.88135e-07
7.91596e-07
7.95049e-07
7.98495e-07
8.01932e-07
8.05361e-07
8.08781e-07
8.12192e-07
8.15594e-07
8.18988e-07
8.22371e-07
8.25745e-07
8.2911e-07
8.32464e-07
8.35808e-07
8.39142e-07
8.42465e-07
8.45778e-07
8.49079e-07
8.5237e-07
8.55649e-07
8.58916e-07
8.62172e-07
8.65417e-07
8.68649e-07
8.71869e-07
8.75077e-07
8.78272e-07
8.81454e-07
8.84624e-07
8.8778e-07
8.90924e-07
8.94054e-07
8.9717e-07
9.00273e-07
9.03362e-07
9.06437e-07
9.09498e-07
9.12544e-07
9.15577e-07
9.18594e-07
9.21597e-07
9.24585e-07
9.27558e-07
9.30515e-07
9.33458e-07
9.36385e-07
9.39296e-07
9.42192e-07
9.45071e-07
9.47935e-07
9.50783e-07
9.53614e-07
9.56429e-07
9.59228e-07
9.6201e-07
9.64775e-07
9.67524e-07
9.70255e-07
9.7297e-07
9.75667e-07
9.78347e-07
9.81009e-07
9.83655e-07
9.86282e-07
9.88892e-07
9.91484e-07
9.94058e-07
9.96614e-07
9.99152e-07
1.00167e-06
1.00417e-06
1.00666e-06
1.00912e-06
1.01157e-06
1.01399e-06
1.0164e-06
1.01879e-06
1.02116e-06
1.02352e-06
1.02585e-06
1.02816e-06
1.03046e-06
1.03274e-06
1.035e-06
1.03723e-06
1.03946e-06
1.04166e-06
1.04384e-06
1.046e-06
1.04815e-06
1.05027e-06
1.05238e-06
1.05447e-06
1.05653e-06
1.05858e-06
1.06061e-06
1.06262e-06
1.0646e-06
1.06657e-06
1.06852e-06
1.07045e-06
1.07236e-06
1.07424e-06
1.07611e-06
1.07796e-06
1.07979e-06
1.08159e-06
1.08338e-06
1.08514e-06
1.08689e-06
1.08861e-06
1.09032e-06
1.092e-06
1.09367e-06
1.09531e-06
1.09693e-06
1.09853e-06
1.1001e-06
1.10166e-06
1.10318e-06
1.10469e-06
1.10617e-06
1.10763e-06
1.10907e-06
1.11048e-06
1.11187e-06
1.11324e-06
1.11458e-06
1.11591e-06
1.11721e-06
1.11849e-06
1.11975e-06
1.12099e-06
1.12221e-06
1.12341e-06
1.12459e-06
1.12574e-06
1.12688e-06
1.128e-06
1.12909e-06
1.13016e-06
1.13122e-06
1.13225e-06
1.13326e-06
1.13426e-06
1.13523e-06
1.13618e-06
1.13711e-06
1.13802e-06
1.13891e-06
1.13978e-06
1.14063e-06
1.14146e-06
1.14227e-06
1.14306e-06
1.14383e-06
1.14458e-06
1.14531e-06
1.14602e-06
1.14671e-06
1.14738e-06
1.14803e-06
1.14866e-06
1.14927e-06
1.14986e-06
1.15043e-06
1.15099e-06
1.15152e-06
1.15203e-06
1.15252e-06
1.15299e-06
1.15345e-06
1.15388e-06
1.1543e-06
1.15469e-06
1.15507e-06
1.15542e-06
1.15576e-06
1.15608e-06
1.15638e-06
1.15666e-06
1.15692e-06
1.15716e-06
1.15739e-06
1.15759e-06
1.15778e-06
1.15795e-06
1.1581e-06
1.15823e-06
1.15834e-06
1.15843e-06
1.15851e-06
1.15857e-06
1.1586e-06
1.15863e-06
1.15863e-06
1.15861e-06
1.15858e-06
1.15853e-06
1.15846e-06
1.15838e-06
1.15827e-06
1.15815e-06
1.15801e-06
1.15785e-06
1.15768e-06
1.15749e-06
1.15728e-06
1.15706e-06
1.15681e-06
1.15655e-06
1.15628e-06
1.15599e-06
1.15568e-06
1.15535e-06
1.15501e-06
1.15465e-06
1.15427e-06
1.15388e-06
1.15347e-06
1.15304e-06
1.1526e-06
1.15215e-06
1.15167e-06
1.15118e-06
1.15068e-06
1.15016e-06
1.14962e-06
1.14907e-06
1.1485e-06
1.14792e-06
1.14732e-06
1.14671e-06
1.14608e-06
1.14544e-06
1.14478e-06
1.14411e-06
1.14343e-06
1.14273e-06
1.14202e-06
1.1413e-06
1.14056e-06
1.13981e-06
1.13905e-06
1.13827e-06
1.13748e-06
1.13668e-06
1.13586e-06
1.13503e-06
1.13419e-06
1.13333e-06
1.13246e-06
1.13158e-06
1.13068e-06
1.12977e-06
1.12885e-06
1.12791e-06
1.12696e-06
1.126e-06
1.12503e-06
1.12404e-06
1.12304e-06
1.12202e-06
1.121e-06
1.11996e-06
1.1189e-06
1.11782e-06
1.11672e-06
1.11561e-06
1.11447e-06
1.11332e-06
1.11214e-06
1.11095e-06
1.10974e-06
1.10852e-06
1.10728e-06
1.10602e-06
1.10475e-06
1.10346e-06
1.10216e-06
1.10084e-06
1.09951e-06
1.09817e-06
1.09682e-06
1.09545e-06
1.09408e-06
1.09269e-06
1.09129e-06
1.08988e-06
1.08846e-06
1.08703e-06
1.08558e-06
1.08413e-06
1.08267e-06
1.0812e-06
1.07972e-06
1.07822e-06
1.07672e-06
1.07521e-06
1.07369e-06
1.07216e-06
1.07062e-06
1.06908e-06
1.06752e-06
1.06596e-06
1.06438e-06
1.0628e-06
1.06121e-06
1.0596e-06
1.05799e-06
1.05638e-06
1.05475e-06
1.05311e-06
1.05147e-06
1.04982e-06
1.04816e-06
1.04649e-06
1.04481e-06
1.04313e-06
1.04144e-06
1.03973e-06
1.03803e-06
1.03631e-06
1.03458e-06
1.03285e-06
1.03111e-06
1.02936e-06
1.02761e-06
1.02585e-06
1.02408e-06
1.0223e-06
1.02051e-06
1.01872e-06
1.01692e-06
1.01512e-06
1.01331e-06
1.01149e-06
1.00966e-06
1.00782e-06
1.00598e-06
1.00414e-06
1.00228e-06
1.00042e-06
9.98558e-07
9.96686e-07
9.94807e-07
9.92921e-07
9.9103e-07
9.89133e-07
9.87229e-07
9.8532e-07
9.83405e-07
9.81484e-07
9.79557e-07
9.77624e-07
9.75686e-07
9.73743e-07
9.71794e-07
9.6984e-07
9.6788e-07
9.65915e-07
9.63946e-07
9.6197e-07
9.5999e-07
9.58005e-07
9.56016e-07
9.54021e-07
9.52021e-07
9.50017e-07
9.48009e-07
9.45995e-07
9.43978e-07
9.41956e-07
9.39929e-07
9.37899e-07
9.35864e-07
9.33825e-07
9.31782e-07
9.29734e-07
9.27683e-07
9.25629e-07
9.2357e-07
9.21508e-07
9.19441e-07
9.17372e-07
9.15299e-07
9.13224e-07
9.11147e-07
9.09068e-07
9.06988e-07
9.04905e-07
9.02822e-07
9.00737e-07
8.9865e-07
8.96562e-07
8.94473e-07
8.92382e-07
8.90289e-07
8.88195e-07
8.861e-07
8.84002e-07
8.81903e-07
8.79803e-07
8.77701e-07
8.75596e-07
8.73491e-07
8.71383e-07
8.69273e-07
8.67162e-07
8.65049e-07
8.62934e-07
8.60817e-07
8.58699e-07
8.56578e-07
8.54455e-07
8.52326e-07
8.50189e-07
8.48043e-07
8.45886e-07
8.43719e-07
8.41541e-07
8.39352e-07
8.37153e-07
8.34944e-07
8.32726e-07
8.305e-07
8.28266e-07
8.26025e-07
8.23777e-07
8.21524e-07
8.19265e-07
8.17002e-07
8.14734e-07
8.12464e-07
8.1019e-07
8.07914e-07
8.05636e-07
8.03356e-07
8.01074e-07
7.98792e-07
7.96508e-07
7.94224e-07
7.9194e-07
7.89656e-07
7.87371e-07
7.85087e-07
7.82804e-07
7.80521e-07
7.78238e-07
7.75957e-07
7.73676e-07
7.71396e-07
7.69117e-07
7.66839e-07
7.64562e-07
7.62287e-07
7.60013e-07
7.5774e-07
7.55468e-07
7.53198e-07
7.50929e-07
7.48661e-07
7.46395e-07
7.44131e-07
7.41868e-07
7.39606e-07
7.37346e-07
7.35087e-07
7.3283e-07
7.30575e-07
7.28321e-07
7.26069e-07
7.23818e-07
7.21569e-07
7.19322e-07
7.17076e-07
7.14832e-07
7.1259e-07
7.1035e-07
7.08111e-07
7.05874e-07
7.03639e-07
7.01406e-07
6.99174e-07
6.96944e-07
6.94716e-07
6.9249e-07
6.90266e-07
6.88044e-07
6.85824e-07
6.83606e-07
6.81389e-07
6.79175e-07
6.76963e-07
6.74753e-07
6.72544e-07
6.70338e-07
6.68134e-07
6.65932e-07
6.63733e-07
6.61535e-07
6.5934e-07
6.57147e-07
6.54956e-07
6.52767e-07
6.50581e-07
6.48397e-07
6.46215e-07
6.44036e-07
6.41859e-07
6.39684e-07
6.37512e-07
6.35343e-07
6.33175e-07
6.31011e-07
6.28848e-07
6.26689e-07
6.24532e-07
6.22377e-07
6.20225e-07
6.18076e-07
6.1593e-07
6.13786e-07
6.11645e-07
6.09506e-07
6.0737e-07
6.05237e-07
6.03107e-07
6.0098e-07
5.98855e-07
5.96734e-07
5.94615e-07
5.92499e-07
5.90386e-07
5.88276e-07
5.86169e-07
5.84065e-07
5.81964e-07
5.79866e-07
5.77771e-07
5.75679e-07
5.73591e-07
5.71505e-07
5.69422e-07
5.67343e-07
5.65267e-07
5.63194e-07
5.61124e-07
5.59057e-07
5.56994e-07
5.54934e-07
5.52877e-07
5.50824e-07
5.48774e-07
5.46727e-07
5.44683e-07
5.42643e-07
5.40607e-07
5.38573e-07
5.36544e-07
5.34517e-07
5.32494e-07
5.30475e-07
5.28459e-07
5.26446e-07
5.24437e-07
5.22432e-07
5.2043e-07
5.18432e-07
5.16437e-07
5.14446e-07
5.12458e-07
5.10475e-07
5.08494e-07
5.06518e-07
5.04545e-07
5.02576e-07
5.0061e-07
4.98648e-07
4.9669e-07
4.94736e-07
4.92785e-07
4.90839e-07
4.88896e-07
4.86956e-07
4.85021e-07
4.83089e-07
4.81161e-07
4.79237e-07
4.77317e-07
4.75401e-07
4.73489e-07
4.7158e-07
4.69676e-07
4.67775e-07
4.65878e-07
4.63985e-07
4.62096e-07
4.60211e-07
4.5833e-07
4.56453e-07
4.5458e-07
4.52711e-07
4.50845e-07
4.48984e-07
4.47127e-07
4.45274e-07
4.43425e-07
4.4158e-07
4.39739e-07
4.37902e-07
4.36069e-07
4.3424e-07
4.32415e-07
4.30594e-07
4.28777e-07
4.26965e-07
4.25156e-07
4.23352e-07
4.21551e-07
4.19755e-07
4.17963e-07
4.16175e-07
4.14391e-07
4.12612e-07
4.10836e-07
4.09065e-07
4.07297e-07
4.05534e-07
4.03775e-07
4.02021e-07
4.0027e-07
3.98524e-07
3.96781e-07
3.95043e-07
3.93309e-07
3.9158e-07
3.89854e-07
3.88133e-07
3.86416e-07
3.84703e-07
3.82994e-07
3.8129e-07
3.7959e-07
3.77893e-07
3.76202e-07
3.74514e-07
3.72831e-07
3.71152e-07
3.69477e-07
3.67806e-07
3.66139e-07
3.64477e-07
3.62819e-07
3.61166e-07
3.59516e-07
3.57872e-07
3.56232e-07
3.54597e-07
3.52966e-07
3.51341e-07
3.49721e-07
3.48106e-07
3.46495e-07
3.4489e-07
3.43289e-07
3.41693e-07
3.40102e-07
3.38516e-07
3.36934e-07
3.35357e-07
3.33785e-07
3.32217e-07
3.30654e-07
3.29096e-07
3.27541e-07
3.25991e-07
3.24446e-07
3.22905e-07
3.21368e-07
3.19836e-07
3.18307e-07
3.16784e-07
3.15264e-07
3.13748e-07
3.12237e-07
3.1073e-07
3.09227e-07
3.07728e-07
3.06233e-07
3.04742e-07
3.03256e-07
3.01773e-07
3.00295e-07
2.9882e-07
2.97347e-07
2.95875e-07
2.94403e-07
2.92932e-07
2.91462e-07
2.89992e-07
2.88522e-07
2.87052e-07
2.85583e-07
2.84115e-07
2.82648e-07
2.81183e-07
2.79719e-07
2.78257e-07
2.76797e-07
2.75339e-07
2.73884e-07
2.72432e-07
2.70983e-07
2.69537e-07
2.68094e-07
2.66655e-07
2.65219e-07
2.63787e-07
2.62359e-07
2.60935e-07
2.59516e-07
2.581e-07
2.56689e-07
2.55282e-07
2.53879e-07
2.52481e-07
2.51087e-07
2.49698e-07
2.48313e-07
2.46933e-07
2.45558e-07
2.44187e-07
2.42821e-07
2.4146e-07
2.40103e-07
2.38751e-07
2.37403e-07
2.36061e-07
2.34722e-07
2.33389e-07
2.3206e-07
2.30736e-07
2.29416e-07
2.28101e-07
2.26791e-07
2.25485e-07
2.24184e-07
2.22887e-07
2.21595e-07
2.20308e-07
2.19025e-07
2.17746e-07
2.16472e-07
2.15203e-07
2.13938e-07
2.12677e-07
2.11421e-07
2.10169e-07
2.08922e-07
2.07679e-07
2.0644e-07
2.05206e-07
2.03976e-07
2.0275e-07
2.01528e-07
2.00311e-07
1.99098e-07
1.9789e-07
1.96685e-07
1.95485e-07
1.94289e-07
1.93097e-07
1.91909e-07
1.90726e-07
1.89546e-07
1.88371e-07
1.872e-07
1.86033e-07
1.8487e-07
1.83711e-07
1.82556e-07
1.81405e-07
1.80258e-07
1.79115e-07
1.77976e-07
1.76841e-07
1.7571e-07
1.74583e-07
1.7346e-07
1.7234e-07
1.71225e-07
1.70114e-07
1.69006e-07
1.67903e-07
1.66803e-07
1.65707e-07
1.64615e-07
1.63526e-07
1.62442e-07
1.61361e-07
1.60284e-07
1.59211e-07
1.58142e-07
1.57076e-07
1.56014e-07
1.54956e-07
1.53902e-07
1.52851e-07
1.51804e-07
1.50761e-07
1.49721e-07
1.48685e-07
1.47653e-07
1.46624e-07
1.45599e-07
1.44577e-07
1.43559e-07
1.42545e-07
1.41534e-07
1.40527e-07
1.39524e-07
1.38524e-07
1.37527e-07
1.36534e-07
1.35545e-07
1.34559e-07
1.33577e-07
1.32598e-07
1.31622e-07
1.30651e-07
1.29682e-07
1.28717e-07
1.27756e-07
1.26797e-07
1.25843e-07
1.24891e-07
1.23944e-07
1.22999e-07
1.22058e-07
1.2112e-07
1.20186e-07
1.19255e-07
1.18327e-07
1.17403e-07
1.16482e-07
1.15564e-07
1.1465e-07
1.13739e-07
1.12831e-07
1.11927e-07
1.11026e-07
1.10128e-07
1.09233e-07
1.08342e-07
1.07453e-07
1.06568e-07
1.05687e-07
1.04808e-07
1.03933e-07
1.03061e-07
1.02192e-07
1.01326e-07
1.00463e-07
9.96038e-08
9.87475e-08
9.78943e-08
9.70442e-08
9.61973e-08
9.53534e-08
9.45127e-08
9.3675e-08
9.28404e-08
9.20089e-08
9.11805e-08
9.03551e-08
8.95328e-08
8.87135e-08
8.78972e-08
8.7084e-08
8.62737e-08
8.54665e-08
8.46622e-08
8.3861e-08
8.30627e-08
8.22674e-08
8.1475e-08
8.06856e-08
7.98991e-08
7.91156e-08
7.83349e-08
7.75572e-08
7.67824e-08
7.60105e-08
7.52415e-08
7.44754e-08
7.37121e-08
7.29517e-08
7.21941e-08
7.14394e-08
7.06875e-08
6.99385e-08
6.91923e-08
6.84488e-08
6.77082e-08
6.69704e-08
6.62353e-08
6.55031e-08
6.47736e-08
6.40468e-08
6.33228e-08
6.26016e-08
6.1883e-08
6.11672e-08
6.04541e-08
5.97438e-08
5.90361e-08
5.83311e-08
5.76288e-08
5.69292e-08
5.62322e-08
5.55379e-08
5.48462e-08
5.41572e-08
5.34708e-08
5.2787e-08
5.21059e-08
5.14273e-08
5.07514e-08
5.0078e-08
4.94072e-08
4.8739e-08
4.80734e-08
4.74103e-08
4.67497e-08
4.60917e-08
4.54363e-08
4.47833e-08
4.41329e-08
4.3485e-08
4.28396e-08
4.21966e-08
4.15562e-08
4.09182e-08
4.02827e-08
3.96496e-08
3.9019e-08
3.83909e-08
3.77651e-08
3.71418e-08
3.6521e-08
3.59025e-08
3.52864e-08
3.46727e-08
3.40614e-08
3.34525e-08
3.2846e-08
3.22418e-08
3.164e-08
3.10405e-08
3.04433e-08
2.98485e-08
2.9256e-08
2.86658e-08
2.8078e-08
2.74924e-08
2.69091e-08
2.63281e-08
2.57494e-08
2.51729e-08
2.45987e-08
2.40268e-08
2.34571e-08
2.28896e-08
2.23244e-08
2.17614e-08
2.12006e-08
2.0642e-08
2.00856e-08
1.95313e-08
1.89793e-08
1.84295e-08
1.78818e-08
1.73363e-08
1.67929e-08
1.62517e-08
1.57126e-08
1.51756e-08
1.46408e-08
1.41081e-08
1.35774e-08
1.30489e-08
1.25225e-08
1.19982e-08
1.14759e-08
1.09557e-08
1.04376e-08
9.92154e-09
9.40752e-09
8.89554e-09
8.38559e-09
7.87768e-09
7.37178e-09
6.86789e-09
6.36601e-09
5.86613e-09
5.36823e-09
4.87232e-09
4.37839e-09
3.88643e-09
3.39643e-09
2.90838e-09
2.42228e-09
1.93812e-09
1.4559e-09
9.756e-10
4.97222e-10
2.07573e-11
-4.53802e-10
-9.26463e-10
-1.39723e-09
-1.86611e-09
-2.33312e-09
-2.79826e-09
-3.26153e-09
-3.72294e-09
-4.1825e-09
-4.64022e-09
-5.0961e-09
-5.55015e-09
-6.00238e-09
-6.45279e-09
-6.90139e-09
-7.34819e-09
-7.79319e-09
-8.2364e-09
-8.67783e-09
-9.11748e-09
-9.55536e-09
-9.99148e-09
-1.04258e-08
-1.08584e-08
-1.12893e-08
-1.17184e-08
-1.21458e-08
-1.25715e-08
-1.29955e-08
-1.34177e-08
-1.38383e-08
-1.42571e-08
-1.46743e-08
-1.50897e-08
-1.55035e-08
-1.59156e-08
-1.63261e-08
-1.67348e-08
-1.7142e-08
-1.75475e-08
-1.79513e-08
-1.83535e-08
-1.87541e-08
-1.9153e-08
-1.95504e-08
-1.99461e-08
-2.03402e-08
-2.07328e-08
-2.11237e-08
-2.1513e-08
-2.19008e-08
-2.2287e-08
-2.26716e-08
-2.30547e-08
-2.34362e-08
-2.38161e-08
-2.41946e-08
-2.45714e-08
-2.49468e-08
-2.53206e-08
-2.56929e-08
-2.60637e-08
-2.64329e-08
-2.68007e-08
-2.7167e-08
-2.75318e-08
-2.78951e-08
-2.82569e-08
-2.86172e-08
-2.89761e-08
-2.93335e-08
-2.96895e-08
-3.0044e-08
-3.0397e-08
-3.07486e-08
-3.10988e-08
-3.14476e-08
-3.17949e-08
-3.21408e-08
-3.24853e-08
-3.28284e-08
-3.31701e-08
-3.35104e-08
-3.38493e-08
-3.41869e-08
-3.4523e-08
-3.48578e-08
-3.51912e-08
-3.55232e-08
-3.58539e-08
-3.61832e-08
-3.65112e-08
-3.68379e-08
-3.71632e-08
-3.74872e-08
-3.78098e-08
-3.81311e-08
-3.84512e-08
-3.87699e-08
-3.90873e-08
-3.94034e-08
-3.97182e-08
-4.00317e-08
-4.03439e-08
-4.06549e-08
-4.09645e-08
-4.12729e-08
-4.15801e-08
-4.1886e-08
-4.21906e-08
-4.2494e-08
-4.27961e-08
-4.3097e-08
-4.33967e-08
-4.36951e-08
-4.39923e-08
-4.42883e-08
-4.45831e-08
-4.48767e-08
-4.5169e-08
-4.54602e-08
-4.57502e-08
-4.60389e-08
-4.63265e-08
-4.66129e-08
-4.68982e-08
-4.71822e-08
-4.74651e-08
-4.77469e-08
-4.80275e-08
-4.83069e-08
-4.85851e-08
-4.88623e-08
-4.91383e-08
-4.94131e-08
-4.96869e-08
-4.99595e-08
-5.02309e-08
-5.05013e-08
-5.07706e-08
-5.10387e-08
-5.13058e-08
-5.15717e-08
-5.18366e-08
-5.21003e-08
-5.2363e-08
-5.26246e-08
-5.28851e-08
-5.31446e-08
-5.3403e-08
-5.36603e-08
-5.39165e-08
-5.41718e-08
-5.44259e-08
-5.4679e-08
-5.49311e-08
-5.51821e-08
-5.54321e-08
-5.56811e-08
-5.5929e-08
-5.6176e-08
-5.64219e-08
-5.66668e-08
-5.69107e-08
-5.71535e-08
-5.73954e-08
-5.76363e-08
-5.78762e-08
-5.81151e-08
-5.8353e-08
-5.859e-08
-5.88259e-08
-5.90609e-08
-5.9295e-08
-5.9528e-08
-5.97601e-08
-5.99913e-08
-6.02215e-08
-6.04507e-08
-6.0679e-08
-6.09064e-08
-6.11328e-08
-6.13583e-08
-6.15829e-08
-6.18065e-08
-6.20292e-08
-6.2251e-08
-6.24719e-08
-6.26919e-08
-6.2911e-08
-6.31291e-08
-6.33464e-08
-6.35628e-08
-6.37783e-08
-6.39929e-08
-6.42066e-08
-6.44194e-08
-6.46314e-08
-6.48424e-08
-6.50526e-08
-6.5262e-08
-6.54705e-08
-6.56781e-08
-6.58849e-08
-6.60908e-08
-6.62958e-08
-6.65001e-08
-6.67035e-08
-6.6906e-08
-6.71077e-08
-6.73086e-08
-6.75086e-08
-6.77079e-08
-6.79063e-08
-6.81039e-08
-6.83006e-08
-6.84966e-08
-6.86918e-08
-6.88861e-08
-6.90797e-08
-6.92724e-08
-6.94644e-08
-6.96556e-08
-6.98459e-08
-7.00355e-08
-7.02244e-08
-7.04124e-08
-7.05997e-08
-7.07862e-08
-7.09719e-08
-7.11569e-08
-7.13411e-08
-7.15245e-08
-7.17072e-08
-7.18891e-08
-7.20703e-08
-7.22508e-08
-7.24305e-08
-7.26094e-08
-7.27876e-08
-7.29651e-08
-7.31419e-08
-7.33179e-08
-7.34932e-08
-7.36678e-08
-7.38417e-08
-7.40148e-08
-7.41873e-08
-7.4359e-08
-7.453e-08
-7.47003e-08
-7.48699e-08
-7.50389e-08
-7.52071e-08
-7.53746e-08
-7.55415e-08
-7.57076e-08
-7.58731e-08
-7.60379e-08
-7.6202e-08
-7.63655e-08
-7.65282e-08
-7.66903e-08
-7.68518e-08
-7.70125e-08
-7.71727e-08
-7.73321e-08
-7.74909e-08
-7.76491e-08
-7.78065e-08
-7.79634e-08
-7.81196e-08
-7.82752e-08
-7.84301e-08
-7.85844e-08
-7.8738e-08
-7.8891e-08
-7.90434e-08
-7.91952e-08
-7.93464e-08
-7.94969e-08
-7.96468e-08
-7.97961e-08
-7.99448e-08
-8.00928e-08
-8.02403e-08
-8.03871e-08
-8.05334e-08
-8.0679e-08
-8.08241e-08
-8.09686e-08
-8.11124e-08
-8.12557e-08
-8.13984e-08
-8.15405e-08
-8.1682e-08
-8.1823e-08
-8.19633e-08
-8.21031e-08
-8.22423e-08
-8.2381e-08
-8.2519e-08
-8.26566e-08
-8.27935e-08
-8.29299e-08
-8.30657e-08
-8.3201e-08
-8.33357e-08
-8.34699e-08
-8.36035e-08
-8.37365e-08
-8.38691e-08
-8.40011e-08
-8.41325e-08
-8.42634e-08
-8.43938e-08
-8.45236e-08
-8.46529e-08
-8.47817e-08
-8.49099e-08
-8.50376e-08
-8.51648e-08
-8.52915e-08
-8.54177e-08
-8.55433e-08
-8.56685e-08
-8.57931e-08
-8.59172e-08
-8.60408e-08
-8.61639e-08
-8.62865e-08
-8.64086e-08
-8.65302e-08
-8.66513e-08
-8.67719e-08
-8.6892e-08
-8.70116e-08
-8.71308e-08
-8.72494e-08
-8.73676e-08
-8.74853e-08
-8.76025e-08
-8.77192e-08
-8.78354e-08
-8.79512e-08
-8.80665e-08
-8.81814e-08
-8.82957e-08
-8.84096e-08
-8.8523e-08
-8.8636e-08
-8.87485e-08
-8.88606e-08
-8.89722e-08
-8.90833e-08
-8.9194e-08
-8.93042e-08
-8.9414e-08
-8.95234e-08
-8.96323e-08
-8.97407e-08
-8.98487e-08
-8.99563e-08
-9.00634e-08
-9.01701e-08
-9.02764e-08
-9.03822e-08
-9.04876e-08
-9.05926e-08
-9.06972e-08
-9.08013e-08
-9.0905e-08
-9.10083e-08
-9.11111e-08
-9.12136e-08
-9.13156e-08
-9.14172e-08
-9.15184e-08
-9.16192e-08
-9.17196e-08
-9.18195e-08
-9.19191e-08
-9.20183e-08
-9.2117e-08
-9.22154e-08
-9.23133e-08
-9.24109e-08
-9.25081e-08
-9.26049e-08
-9.27012e-08
-9.27972e-08
-9.28928e-08
-9.2988e-08
-9.30829e-08
-9.31773e-08
-9.32714e-08
-9.33651e-08
-9.34584e-08
-9.35513e-08
-9.36438e-08
-9.3736e-08
-9.38278e-08
-9.39193e-08
-9.40103e-08
-9.4101e-08
-9.41913e-08
-9.42813e-08
-9.43709e-08
-9.44601e-08
-9.4549e-08
-9.46375e-08
-9.47257e-08
-9.48135e-08
-9.49009e-08
-9.4988e-08
-9.50748e-08
-9.51612e-08
-9.52472e-08
-9.53329e-08
-9.54183e-08
-9.55033e-08
-9.5588e-08
-9.56723e-08
-9.57563e-08
-9.58399e-08
-9.59232e-08
-9.60062e-08
-9.60888e-08
-9.61711e-08
-9.62531e-08
-9.63348e-08
-9.64161e-08
-9.64971e-08
-9.65778e-08
-9.66581e-08
-9.67381e-08
-9.68178e-08
-9.68972e-08
-9.69762e-08
-9.7055e-08
-9.71334e-08
-9.72115e-08
-9.72893e-08
-9.73668e-08
-9.7444e-08
-9.75208e-08
-9.75974e-08
-9.76736e-08
-9.77496e-08
-9.78252e-08
-9.79006e-08
-9.79756e-08
-9.80503e-08
-9.81248e-08
-9.81989e-08
-9.82727e-08
-9.83463e-08
-9.84195e-08
-9.84925e-08
-9.85651e-08
-9.86375e-08
-9.87096e-08
-9.87814e-08
-9.88529e-08
-9.89241e-08
-9.8995e-08
-9.90657e-08
-9.91361e-08
-9.92062e-08
-9.9276e-08
-9.93455e-08
-9.94147e-08
-9.94837e-08
-9.95524e-08
-9.96209e-08
-9.9689e-08
-9.97569e-08
-9.98245e-08
-9.98918e-08
-9.99589e-08
-1.00026e-07
-1.00092e-07
-1.00159e-07
-1.00225e-07
-1.0029e-07
-1.00356e-07
-1.00421e-07
-1.00486e-07
-1.00551e-07
-1.00615e-07
-1.00679e-07
-1.00743e-07
-1.00807e-07
-1.0087e-07
-1.00934e-07
-1.00997e-07
-1.01059e-07
-1.01122e-07
-1.01184e-07
-1.01246e-07
-1.01307e-07
-1.01369e-07
-1.0143e-07
-1.01491e-07
-1.01552e-07
-1.01612e-07
-1.01673e-07
-1.01733e-07
-1.01792e-07
-1.01852e-07
-1.01911e-07
-1.0197e-07
-1.02029e-07
-1.02088e-07
-1.02146e-07
-1.02204e-07
-1.02262e-07
-1.0232e-07
-1.02377e-07
-1.02434e-07
-1.02491e-07
-1.02548e-07
-1.02605e-07
-1.02661e-07
-1.02717e-07
-1.02773e-07
-1.02829e-07
-1.02884e-07
-1.02939e-07
-1.02994e-07
-1.03049e-07
-1.03104e-07
-1.03158e-07
-1.03212e-07
-1.03266e-07
-1.0332e-07
-1.03373e-07
-1.03426e-07
-1.0348e-07
-1.03532e-07
-1.03585e-07
-1.03638e-07
-1.0369e-07
-1.03742e-07
-1.03794e-07
-1.03845e-07
-1.03897e-07
-1.03948e-07
-1.03999e-07
-1.0405e-07
-1.04101e-07
-1.04151e-07
-1.04201e-07
-1.04251e-07
-1.04301e-07
-1.04351e-07
-1.044e-07
-1.0445e-07
-1.04499e-07
-1.04547e-07
-1.04596e-07
-1.04645e-07
-1.04693e-07
-1.04741e-07
-1.04789e-07
-1.04837e-07
-1.04884e-07
-1.04932e-07
-1.04979e-07
-1.05026e-07
-1.05073e-07
-1.05119e-07
-1.05166e-07
-1.05212e-07
-1.05258e-07
-1.05304e-07
-1.0535e-07
-1.05395e-07
-1.05441e-07
-1.05486e-07
-1.05531e-07
-1.05576e-07
-1.05621e-07
-1.05665e-07
-1.0571e-07
-1.05754e-07
-1.05798e-07
-1.05842e-07
-1.05885e-07
-1.05929e-07
-1.05972e-07
-1.06015e-07
-1.06058e-07
-1.06101e-07
-1.06144e-07
-1.06186e-07
-1.06228e-07
-1.06271e-07
-1.06313e-07
-1.06354e-07
-1.06396e-07
-1.06438e-07
-1.06479e-07
-1.0652e-07
-1.06561e-07
-1.06602e-07
-1.06643e-07
-1.06683e-07
-1.06724e-07
-1.06764e-07
-1.06804e-07
-1.06844e-07
-1.06884e-07
-1.06923e-07
-1.06963e-07
-1.07002e-07
-1.07041e-07
-1.0708e-07
-1.07119e-07
-1.07158e-07
-1.07197e-07
-1.07235e-07
-1.07273e-07
-1.07312e-07
-1.07349e-07
-1.07387e-07
-1.07425e-07
-1.07463e-07
-1.075e-07
-1.07537e-07
-1.07574e-07
-1.07611e-07
-1.07648e-07
-1.07685e-07
-1.07722e-07
-1.07758e-07
-1.07794e-07
-1.0783e-07
-1.07866e-07
-1.07902e-07
-1.07938e-07
-1.07974e-07
-1.08009e-07
-1.08044e-07
-1.0808e-07
-1.08115e-07
-1.0815e-07
-1.08184e-07
-1.08219e-07
-1.08254e-07
-1.08288e-07
-1.08322e-07
-1.08356e-07
-1.0839e-07
-1.08424e-07
-1.08458e-07
-1.08492e-07
-1.08525e-07
-1.08558e-07
-1.08592e-07
-1.08625e-07
-1.08658e-07
-1.08691e-07
-1.08723e-07
-1.08756e-07
-1.08789e-07
-1.08821e-07
-1.08853e-07
-1.08885e-07
-1.08917e-07
-1.08949e-07
-1.08981e-07
-1.09013e-07
-1.09044e-07
-1.09076e-07
-1.09107e-07
-1.09138e-07
-1.09169e-07
-1.092e-07
-1.09231e-07
-1.09261e-07
-1.09292e-07
-1.09323e-07
-1.09353e-07
-1.09383e-07
-1.09413e-07
-1.09443e-07
-1.09473e-07
-1.09503e-07
-1.09533e-07
-1.09562e-07
-1.09592e-07
-1.09621e-07
-1.0965e-07
-1.09679e-07
-1.09708e-07
-1.09737e-07
-1.09766e-07
-1.09795e-07
-1.09824e-07
-1.09852e-07
-1.0988e-07
-1.09909e-07
-1.09937e-07
-1.09965e-07
-1.09993e-07
-1.10021e-07
-1.10048e-07
-1.10076e-07
-1.10104e-07
-1.10131e-07
-1.10158e-07
-1.10186e-07
-1.10213e-07
-1.1024e-07
-1.10267e-07
-1.10294e-07
-1.1032e-07
-1.10347e-07
-1.10374e-07
-1.104e-07
-1.10426e-07
-1.10453e-07
-1.10479e-07
-1.10505e-07
-1.10531e-07
-1.10557e-07
-1.10582e-07
-1.10608e-07
-1.10634e-07
-1.10659e-07
-1.10685e-07
-1.1071e-07
-1.10735e-07
-1.1076e-07
-1.10785e-07
-1.1081e-07
-1.10835e-07
-1.1086e-07
-1.10884e-07
-1.10909e-07
-1.10933e-07
-1.10958e-07
-1.10982e-07
-1.11006e-07
-1.1103e-07
-1.11054e-07
-1.11078e-07
-1.11102e-07
-1.11126e-07
-1.1115e-07
-1.11173e-07
-1.11197e-07
-1.1122e-07
-1.11244e-07
-1.11267e-07
-1.1129e-07
-1.11313e-07
-1.11336e-07
-1.11359e-07
-1.11382e-07
-1.11405e-07
-1.11427e-07
-1.1145e-07
-1.11472e-07
-1.11495e-07
-1.11517e-07
-1.11539e-07
-1.11561e-07
-1.11584e-07
-1.11606e-07
-1.11628e-07
-1.11649e-07
-1.11671e-07
-1.11693e-07
-1.11715e-07
-1.11736e-07
-1.11758e-07
-1.11779e-07
-1.118e-07
-1.11821e-07
-1.11843e-07
-1.11864e-07
-1.11885e-07
-1.11906e-07
-1.11927e-07
-1.11947e-07
-1.11968e-07
-1.11989e-07
-1.12009e-07
-1.1203e-07
-1.1205e-07
-1.1207e-07
-1.12091e-07
-1.12111e-07
-1.12131e-07
-1.12151e-07
-1.12171e-07
-1.12191e-07
-1.12211e-07
-1.12231e-07
-1.1225e-07
-1.1227e-07
-1.12289e-07
-1.12309e-07
-1.12328e-07
-1.12348e-07
-1.12367e-07
-1.12386e-07
-1.12405e-07
-1.12424e-07
-1.12443e-07
-1.12462e-07
-1.12481e-07
-1.125e-07
-1.12519e-07
-1.12538e-07
-1.12556e-07
-1.12575e-07
-1.12593e-07
-1.12612e-07
-1.1263e-07
-1.12648e-07
-1.12666e-07
-1.12685e-07
-1.12703e-07
-1.12721e-07
-1.12739e-07
-1.12757e-07
-1.12774e-07
-1.12792e-07
-1.1281e-07
-1.12828e-07
-1.12845e-07
-1.12863e-07
-1.1288e-07
-1.12898e-07
-1.12915e-07
-1.12932e-07
-1.12949e-07
-1.12967e-07
-1.12984e-07
-1.13001e-07
-1.13018e-07
-1.13035e-07
-1.13052e-07
-1.13068e-07
-1.13085e-07
-1.13102e-07
-1.13118e-07
-1.13135e-07
-1.13152e-07
-1.13168e-07
-1.13184e-07
-1.13201e-07
-1.13217e-07
-1.13233e-07
-1.13249e-07
-1.13266e-07
-1.13282e-07
-1.13298e-07
-1.13314e-07
-1.1333e-07
-1.13345e-07
-1.13361e-07
-1.13377e-07
-1.13393e-07
-1.13408e-07
-1.13424e-07
-1.13439e-07
-1.13455e-07
-1.1347e-07
-1.13486e-07
-1.13501e-07
-1.13516e-07
-1.13531e-07
-1.13547e-07
-1.13562e-07
-1.13577e-07
-1.13592e-07
-1.13607e-07
-1.13622e-07
-1.13636e-07
-1.13651e-07
-1.13666e-07
-1.13681e-07
-1.13695e-07
-1.1371e-07
-1.13725e-07
-1.13739e-07
-1.13754e-07
-1.13768e-07
-1.13782e-07
-1.13797e-07
-1.13811e-07
-1.13825e-07
-1.13839e-07
-1.13853e-07
-1.13867e-07
-1.13881e-07
-1.13895e-07
-1.13909e-07
-1.13923e-07
-1.13937e-07
-1.13951e-07
-1.13965e-07
-1.13978e-07
-1.13992e-07
-1.14006e-07
-1.14019e-07
-1.14033e-07
-1.14046e-07
-1.1406e-07
-1.14073e-07
-1.14086e-07
-1.141e-07
-1.14113e-07
-1.14126e-07
-1.14139e-07
-1.14152e-07
-1.14165e-07
-1.14178e-07
-1.14191e-07
-1.14204e-07
-1.14217e-07
-1.1423e-07
-1.14243e-07
-1.14256e-07
-1.14269e-07
-1.14281e-07
-1.14294e-07
-1.14306e-07
-1.14319e-07
-1.14332e-07
-1.14344e-07
-1.14357e-07
-1.14369e-07
-1.14381e-07
-1.14394e-07
-1.14406e-07
-1.14418e-07
-1.1443e-07
-1.14443e-07
-1.14455e-07
-1.14467e-07
-1.14479e-07
-1.14491e-07
-1.14503e-07
-1.14515e-07
-1.14527e-07
-1.14538e-07
-1.1455e-07
-1.14562e-07
-1.14574e-07
-1.14585e-07
-1.14597e-07
-1.14609e-07
-1.1462e-07
-1.14632e-07
-1.14643e-07
-1.14655e-07
-1.14666e-07
-1.14678e-07
-1.14689e-07
-1.147e-07
-1.14712e-07
-1.14723e-07
-1.14734e-07
-1.14745e-07
-1.14757e-07
-1.14768e-07
-1.14779e-07
-1.1479e-07
-1.14801e-07
-1.14812e-07
-1.14823e-07
-1.14834e-07
-1.14845e-07
-1.14855e-07
-1.14866e-07
-1.14877e-07
-1.14888e-07
-1.14898e-07
-1.14909e-07
-1.1492e-07
-1.1493e-07
-1.14941e-07
-1.14951e-07
-1.14962e-07
-1.14972e-07
-1.14983e-07
-1.14993e-07
-1.15004e-07
-1.15014e-07
-1.15024e-07
-1.15034e-07
-1.15045e-07
-1.15055e-07
-1.15065e-07
-1.15075e-07
-1.15085e-07
-1.15095e-07
-1.15106e-07
-1.15116e-07
-1.15126e-07
-1.15136e-07
-1.15145e-07
-1.15155e-07
-1.15165e-07
-1.15175e-07
-1.15185e-07
-1.15195e-07
-1.15204e-07
-1.15214e-07
-1.15224e-07
-1.15233e-07
-1.15243e-07
-1.15253e-07
-1.15262e-07
-1.15272e-07
-1.15281e-07
-1.15291e-07
-1.153e-07
-1.1531e-07
-1.15319e-07
-1.15328e-07
-1.15338e-07
-1.15347e-07
-1.15356e-07
-1.15366e-07
-1.15375e-07
-1.15384e-07
-1.15393e-07
-1.15402e-07
-1.15412e-07
-1.15421e-07
-1.1543e-07
-1.15439e-07
-1.15448e-07
-1.15457e-07
-1.15466e-07
-1.15475e-07
-1.15484e-07
-1.15492e-07
-1.15501e-07
-1.1551e-07
-1.15519e-07
-1.15528e-07
-1.15536e-07
-1.15545e-07
-1.15554e-07
-1.15562e-07
-1.15571e-07
-1.1558e-07
-1.15588e-07
-1.15597e-07
-1.15605e-07
-1.15614e-07
-1.15622e-07
-1.15631e-07
-1.15639e-07
-1.15648e-07
-1.15656e-07
-1.15665e-07
-1.15673e-07
-1.15681e-07
-1.1569e-07
-1.15698e-07
-1.15706e-07
-1.15714e-07
-1.15722e-07
-1.15731e-07
-1.15739e-07
-1.15747e-07
-1.15755e-07
-1.15763e-07
-1.15771e-07
-1.15779e-07
-1.15787e-07
-1.15795e-07
-1.15803e-07
-1.15811e-07
-1.15819e-07
-1.15827e-07
-1.15835e-07
-1.15843e-07
-1.15851e-07
-1.15858e-07
-1.15866e-07
-1.15874e-07
-1.15882e-07
-1.15889e-07
-1.15897e-07
-1.15905e-07
-1.15912e-07
-1.1592e-07
-1.15928e-07
-1.15935e-07
-1.15943e-07
-1.1595e-07
-1.15958e-07
-1.15965e-07
-1.15973e-07
-1.1598e-07
-1.15988e-07
-1.15995e-07
-1.16003e-07
-1.1601e-07
-1.16017e-07
-1.16025e-07
-1.16032e-07
-1.16039e-07
-1.16047e-07
-1.16054e-07
-1.16061e-07
-1.16068e-07
-1.16076e-07
-1.16083e-07
-1.1609e-07
-1.16097e-07
-1.16104e-07
-1.16111e-07
-1.16118e-07
-1.16126e-07
-1.16133e-07
-1.1614e-07
-1.16147e-07
-1.16154e-07
-1.16161e-07
-1.16168e-07
-1.16174e-07
-1.16181e-07
-1.16188e-07
-1.16195e-07
-1.16202e-07
-1.16209e-07
-1.16216e-07
-1.16222e-07
-1.16229e-07
-1.16236e-07
-1.16243e-07
-1.1625e-07
-1.16256e-07
-1.16263e-07
-1.1627e-07
-1.16276e-07
-1.16283e-07
-1.1629e-07
-1.16296e-07
-1.16303e-07
-1.16309e-07
-1.16316e-07
-1.16322e-07
-1.16329e-07
-1.16335e-07
-1.16342e-07
-1.16348e-07
-1.16355e-07
-1.16361e-07
-1.16368e-07
-1.16374e-07
-1.16381e-07
-1.16387e-07
-1.16393e-07
-1.164e-07
-1.16406e-07
-1.16412e-07
-1.16419e-07
-1.16425e-07
-1.16431e-07
-1.16437e-07
-1.16444e-07
-1.1645e-07
-1.16456e-07
-1.16462e-07
-1.16468e-07
-1.16474e-07
-1.16481e-07
-1.16487e-07
-1.16493e-07
-1.16499e-07
-1.16505e-07
-1.16511e-07
-1.16517e-07
-1.16523e-07
-1.16529e-07
-1.16535e-07
-1.16541e-07
-1.16547e-07
-1.16553e-07
-1.16559e-07
-1.16565e-07
-1.16571e-07
-1.16577e-07
-1.16582e-07
-1.16588e-07
-1.16594e-07
-1.166e-07
-1.16606e-07
-1.16612e-07
-1.16617e-07
-1.16623e-07
-1.16629e-07
-1.16635e-07
-1.1664e-07
-1.16646e-07
-1.16652e-07
-1.16658e-07
-1.16663e-07
-1.16669e-07
-1.16675e-07
-1.1668e-07
-1.16686e-07
-1.16691e-07
-1.16697e-07
-1.16703e-07
-1.16708e-07
-1.16714e-07
-1.16719e-07
-1.16725e-07
-1.1673e-07
-1.16736e-07
-1.16741e-07
-1.16747e-07
-1.16752e-07
-1.16758e-07
-1.16763e-07
-1.16769e-07
-1.16774e-07
-1.16779e-07
-1.16785e-07
-1.1679e-07
-1.16796e-07
-1.16801e-07
-1.16806e-07
-1.16812e-07
-1.16817e-07
-1.16822e-07
-1.16828e-07
-1.16833e-07
-1.16838e-07
-1.16843e-07
-1.16849e-07
-1.16854e-07
-1.16859e-07
-1.16864e-07
-1.16869e-07
-1.16875e-07
-1.1688e-07
-1.16885e-07
-1.1689e-07
-1.16895e-07
-1.169e-07
-1.16905e-07
-1.16911e-07
-1.16916e-07
-1.16921e-07
-1.16926e-07
-1.16931e-07
-1.16936e-07
-1.16941e-07
-1.16946e-07
-1.16951e-07
-1.16956e-07
-1.16961e-07
-1.16966e-07
-1.16971e-07
-1.16976e-07
-1.16981e-07
-1.16986e-07
-1.16991e-07
-1.16995e-07
-1.17e-07
-1.17005e-07
-1.1701e-07
-1.17015e-07
-1.1702e-07
-1.17025e-07
-1.1703e-07
-1.17034e-07
-1.17039e-07
-1.17044e-07
-1.17049e-07
-1.17054e-07
-1.17058e-07
-1.17063e-07
-1.17068e-07
-1.17073e-07
-1.17077e-07
-1.17082e-07
-1.17087e-07
-1.17091e-07
-1.17096e-07
-1.17101e-07
-1.17106e-07
-1.1711e-07
-1.17115e-07
-1.1712e-07
-1.17124e-07
-1.17129e-07
-1.17133e-07
-1.17138e-07
-1.17143e-07
-1.17147e-07
-1.17152e-07
-1.17156e-07
-1.17161e-07
-1.17165e-07
-1.1717e-07
-1.17175e-07
-1.17179e-07
-1.17184e-07
-1.17188e-07
-1.17193e-07
-1.17197e-07
-1.17201e-07
-1.17206e-07
-1.1721e-07
-1.17215e-07
-1.17219e-07
-1.17224e-07
-1.17228e-07
-1.17233e-07
-1.17237e-07
-1.17241e-07
-1.17246e-07
-1.1725e-07
-1.17255e-07
-1.17259e-07
-1.17263e-07
-1.17268e-07
-1.17272e-07
-1.17276e-07
-1.17281e-07
-1.17285e-07
-1.17289e-07
-1.17293e-07
-1.17298e-07
-1.17302e-07
-1.17306e-07
-1.17311e-07
-1.17315e-07
-1.17319e-07
-1.17323e-07
-1.17327e-07
-1.17332e-07
-1.17336e-07
-1.1734e-07
-1.17344e-07
-1.17348e-07
-1.17353e-07
-1.17357e-07
-1.17361e-07
-1.17365e-07
-1.17369e-07
-1.17373e-07
-1.17378e-07
-1.17382e-07
-1.17386e-07
-1.1739e-07
-1.17394e-07
-1.17398e-07
-1.17402e-07
-1.17406e-07
-1.1741e-07
-1.17414e-07
-1.17418e-07
-1.17423e-07
-1.17427e-07
-1.17431e-07
-1.17435e-07
-1.17439e-07
-1.17443e-07
-1.17447e-07
-1.17451e-07
-1.17455e-07
-1.17459e-07
-1.17463e-07
-1.17467e-07
-1.17471e-07
-1.17474e-07
-1.17478e-07
-1.17482e-07
-1.17486e-07
-1.1749e-07
-1.17494e-07
-1.17498e-07
-1.17502e-07
-1.17506e-07
-1.1751e-07
-1.17514e-07
-1.17518e-07
-1.17521e-07
-1.17525e-07
-1.17529e-07
-1.17533e-07
-1.17537e-07
-1.17541e-07
-1.17544e-07
-1.17548e-07
-1.17552e-07
-1.17556e-07
-1.1756e-07
-1.17564e-07
-1.17567e-07
-1.17571e-07
-1.17575e-07
-1.17579e-07
-1.17582e-07
-1.17586e-07
-1.1759e-07
-1.17594e-07
-1.17597e-07
-1.17601e-07
-1.17605e-07
-1.17609e-07
-1.17612e-07
-1.17616e-07
-1.1762e-07
-1.17623e-07
-1.17627e-07
-1.17631e-07
-1.17635e-07
-1.17638e-07
-1.17642e-07
-1.17646e-07
-1.17649e-07
-1.17653e-07
-1.17656e-07
-1.1766e-07
-1.17664e-07
-1.17667e-07
-1.17671e-07
-1.17675e-07
-1.17678e-07
-1.17682e-07
-1.17685e-07
-1.17689e-07
-1.17693e-07
-1.17696e-07
-1.177e-07
-1.17703e-07
-1.17707e-07
-1.1771e-07
-1.17714e-07
-1.17718e-07
-1.17721e-07
-1.17725e-07
-1.17728e-07
-1.17732e-07
-1.17735e-07
-1.17739e-07
-1.17742e-07
-1.17746e-07
-1.17749e-07
-1.17753e-07
-1.17756e-07
-1.1776e-07
-1.17763e-07
-1.17767e-07
-1.1777e-07
-1.17774e-07
-1.17777e-07
-1.17781e-07
-1.17784e-07
-1.17787e-07
-1.17791e-07
-1.17794e-07
-1.17798e-07
-1.17801e-07
-1.17805e-07
-1.17808e-07
-1.17811e-07
-1.17815e-07
-1.17818e-07
-1.17822e-07
-1.17825e-07
-1.17828e-07
-1.17832e-07
-1.17835e-07
-1.17838e-07
-1.17842e-07
-1.17845e-07
-1.17849e-07
-1.17852e-07
-1.17855e-07
-1.17859e-07
-1.17862e-07
-1.17865e-07
-1.17869e-07
-1.17872e-07
-1.17875e-07
-1.17878e-07
-1.17882e-07
-1.17885e-07
-1.17888e-07
-1.17892e-07
-1.17895e-07
-1.17898e-07
-1.17902e-07
-1.17905e-07
-1.17908e-07
-1.17911e-07
-1.17915e-07
-1.17918e-07
-1.17921e-07
-1.17924e-07
-1.17928e-07
-1.17931e-07
-1.17934e-07
-1.17937e-07
-1.17941e-07
-1.17944e-07
-1.17947e-07
-1.1795e-07
-1.17953e-07
-1.17957e-07
-1.1796e-07
-1.17963e-07
-1.17966e-07
-1.17969e-07
-1.17973e-07
-1.17976e-07
-1.17979e-07
-1.17982e-07
-1.17985e-07
-1.17988e-07
-1.17992e-07
-1.17995e-07
-1.17998e-07
-1.18001e-07
-1.18004e-07
-1.18007e-07
-1.1801e-07
-1.18014e-07
-1.18017e-07
-1.1802e-07
-1.18023e-07
-1.18026e-07
-1.18029e-07
-1.18032e-07
-1.18035e-07
-1.18039e-07
-1.18042e-07
-1.18045e-07
-1.18048e-07
-1.18051e-07
-1.18054e-07
-1.18057e-07
-1.1806e-07
-1.18063e-07
-1.18066e-07
-1.18069e-07
-1.18072e-07
-1.18075e-07
-1.18079e-07
-1.18082e-07
-1.18085e-07
-1.18088e-07
-1.18091e-07
-1.18094e-07
-1.18097e-07
-1.181e-07
-1.18103e-07
-1.18106e-07
-1.18109e-07
-1.18112e-07
-1.18115e-07
-1.18118e-07
-1.18121e-07
-1.18124e-07
-1.18127e-07
-1.1813e-07
-1.18133e-07
-1.18136e-07
-1.18139e-07
-1.18142e-07
-1.18145e-07
-1.18148e-07
-1.18151e-07
-1.18154e-07
-1.18157e-07
-1.1816e-07
-1.18163e-07
-1.18166e-07
-1.18169e-07
-1.18171e-07
-1.18174e-07
-1.18177e-07
-1.1818e-07
-1.18183e-07
-1.18186e-07
-1.18189e-07
-1.18192e-07
-1.18195e-07
-1.18198e-07
-3.66688e-06
-7.93419e-06
-1.17987e-05
-1.49727e-05
-1.74534e-05
-1.93219e-05
-2.06759e-05
-2.16077e-05
-2.21987e-05
-2.25186e-05
-2.26257e-05
-2.25691e-05
-2.23898e-05
-2.21212e-05
-2.17905e-05
-2.142e-05
-2.10278e-05
-2.06283e-05
-2.02326e-05
-1.98492e-05
-1.94846e-05
-1.91435e-05
-1.88292e-05
-1.85447e-05
-1.82923e-05
-1.80733e-05
-1.78887e-05
-1.77392e-05
-1.7625e-05
-1.75464e-05
-1.75036e-05
-1.74974e-05
-1.75296e-05
-1.76018e-05
-1.77159e-05
-1.78741e-05
-1.80786e-05
-1.83323e-05
-1.86396e-05
-1.90066e-05
-1.94401e-05
-1.99478e-05
-2.05384e-05
-2.12246e-05
-2.20222e-05
-2.29492e-05
-2.40289e-05
-2.52927e-05
-2.67776e-05
-2.85371e-05
-3.06379e-05
-3.31749e-05
-3.62806e-05
-4.01452e-05
-4.50561e-05
-5.14687e-05
-6.01686e-05
-7.26404e-05
-9.21035e-05
-0.000126699
-0.000196523
-0.000313331
-0.000391397
-0.000409573
-0.000398703
-0.000377086
-0.000350997
-0.000321074
-0.000286144
-0.000244972
-0.00019772
-0.000147398
-9.99074e-05
-6.12985e-05
-3.42187e-05
-1.72872e-05
-7.32648e-06
-1.49771e-06
2.00099e-06
4.12509e-06
5.34222e-06
5.88248e-06
5.86942e-06
5.38016e-06
4.47166e-06
3.19232e-06
1.58683e-06
-3.01706e-07
-2.43118e-06
-4.76047e-06
-7.25005e-06
-9.86232e-06
-1.2562e-05
-1.53168e-05
-1.80976e-05
-2.08784e-05
-2.36369e-05
-2.63539e-05
-2.90138e-05
-3.16036e-05
-3.41135e-05
-3.65363e-05
-3.88666e-05
-4.11016e-05
-4.32402e-05
-4.52827e-05
-4.72307e-05
-4.9087e-05
-5.08554e-05
-5.25403e-05
-5.41466e-05
-5.56813e-05
-5.71494e-05
-5.85584e-05
-5.99159e-05
-6.123e-05
-6.25085e-05
-6.37613e-05
-6.49986e-05
-6.62327e-05
-6.74736e-05
-6.87365e-05
-7.00347e-05
-7.1388e-05
-7.28132e-05
-7.43307e-05
-7.59616e-05
-7.77319e-05
-7.96672e-05
-8.17973e-05
-8.41486e-05
-8.675e-05
-8.96293e-05
-9.28094e-05
-9.6304e-05
-0.000100109
-0.000104199
-0.000108511
-0.000112928
-0.000117271
-0.000121286
-0.000124638
-0.00012695
-0.000127841
-0.000126987
-0.000124199
-0.00011944
-0.000112813
-0.000104519
-9.48191e-05
-8.40128e-05
-7.24529e-05
-6.05584e-05
-4.8832e-05
-3.78282e-05
-2.80799e-05
-1.99803e-05
-1.36821e-05
-9.08048e-06
-5.89445e-06
-3.7786e-06
-2.41156e-06
-1.54152e-06
-9.89521e-07
-6.36972e-07
-4.08437e-07
-2.57053e-07
-1.5405e-07
-8.18184e-08
-2.95426e-08
9.4804e-09
3.94618e-08
6.30956e-08
8.21431e-08
9.77849e-08
1.10834e-07
1.21867e-07
1.31303e-07
1.39456e-07
1.46564e-07
1.52816e-07
1.5836e-07
1.63315e-07
1.6778e-07
1.71835e-07
1.75545e-07
1.78967e-07
1.82147e-07
1.85123e-07
1.87929e-07
1.90593e-07
1.93137e-07
1.95582e-07
1.97944e-07
2.00238e-07
2.02477e-07
2.04669e-07
2.06825e-07
2.08952e-07
2.11056e-07
2.13143e-07
2.15217e-07
2.17282e-07
2.19342e-07
2.214e-07
2.23458e-07
2.25517e-07
2.27581e-07
2.29651e-07
2.31727e-07
2.33811e-07
2.35905e-07
2.38008e-07
2.40122e-07
2.42247e-07
2.44383e-07
2.46532e-07
2.48694e-07
2.50868e-07
2.53055e-07
2.55256e-07
2.57471e-07
2.59699e-07
2.61942e-07
2.64198e-07
2.66469e-07
2.68754e-07
2.71054e-07
2.73368e-07
2.75697e-07
2.78041e-07
2.80399e-07
2.82772e-07
2.8516e-07
2.87562e-07
2.8998e-07
2.92412e-07
2.94859e-07
2.97322e-07
2.99799e-07
3.02291e-07
3.04797e-07
3.07319e-07
3.09856e-07
3.12407e-07
3.14973e-07
3.17554e-07
3.2015e-07
3.22761e-07
3.25386e-07
3.28026e-07
3.30681e-07
3.3335e-07
3.36035e-07
3.38733e-07
3.41446e-07
3.44174e-07
3.46916e-07
3.49673e-07
3.52443e-07
3.55229e-07
3.58028e-07
3.60841e-07
3.63669e-07
3.66511e-07
3.69366e-07
3.72236e-07
3.75119e-07
3.78016e-07
3.80927e-07
3.83851e-07
3.86789e-07
3.8974e-07
3.92705e-07
3.95683e-07
3.98674e-07
4.01678e-07
4.04695e-07
4.07725e-07
4.10768e-07
4.13823e-07
4.16891e-07
4.19971e-07
4.23064e-07
4.26169e-07
4.29286e-07
4.32415e-07
4.35556e-07
4.38709e-07
4.41873e-07
4.45048e-07
4.48236e-07
4.51434e-07
4.54643e-07
4.57864e-07
4.61095e-07
4.64337e-07
4.67589e-07
4.70852e-07
4.74125e-07
4.77408e-07
4.80701e-07
4.84003e-07
4.87316e-07
4.90638e-07
4.93969e-07
4.97309e-07
5.00658e-07
5.04016e-07
5.07383e-07
5.10758e-07
5.14142e-07
5.17534e-07
5.20933e-07
5.2434e-07
5.27755e-07
5.31178e-07
5.34608e-07
5.38044e-07
5.41488e-07
5.44938e-07
5.48395e-07
5.51858e-07
5.55327e-07
5.58802e-07
5.62283e-07
5.65769e-07
5.69261e-07
5.72758e-07
5.76259e-07
5.79766e-07
5.83277e-07
5.86792e-07
5.90312e-07
5.93835e-07
5.97362e-07
6.00893e-07
6.04427e-07
6.07964e-07
6.11504e-07
6.15046e-07
6.18592e-07
6.22139e-07
6.25688e-07
6.2924e-07
6.32792e-07
6.36347e-07
6.39902e-07
6.43459e-07
6.47016e-07
6.50574e-07
6.54132e-07
6.5769e-07
6.61248e-07
6.64806e-07
6.68363e-07
6.71919e-07
6.75475e-07
6.79029e-07
6.82582e-07
6.86133e-07
6.89683e-07
6.9323e-07
6.96775e-07
7.00318e-07
7.03858e-07
7.07395e-07
7.10928e-07
7.14459e-07
7.17986e-07
7.21509e-07
7.25028e-07
7.28543e-07
7.32053e-07
7.35559e-07
7.3906e-07
7.42555e-07
7.46046e-07
7.49531e-07
7.5301e-07
7.56484e-07
7.59951e-07
7.63412e-07
7.66866e-07
7.70314e-07
7.73754e-07
7.77188e-07
7.80614e-07
7.84032e-07
7.87443e-07
7.90846e-07
7.9424e-07
7.97627e-07
8.01004e-07
8.04373e-07
8.07733e-07
8.11084e-07
8.14425e-07
8.17757e-07