0
8.07049e-07
1.45247e-06
1.92487e-06
2.26109e-06
2.49187e-06
2.64092e-06
2.72687e-06
2.7643e-06
2.76464e-06
2.73678e-06
2.68746e-06
2.62194e-06
2.54443e-06
2.45826e-06
2.3661e-06
2.27004e-06
2.17177e-06
2.07258e-06
1.97343e-06
1.87508e-06
1.77811e-06
1.68303e-06
1.59025e-06
1.50007e-06
1.41272e-06
1.32838e-06
1.24715e-06
1.1691e-06
1.09426e-06
1.02264e-06
9.54199e-07
8.88901e-07
8.26682e-07
7.67464e-07
7.11162e-07
6.57685e-07
6.0693e-07
5.58779e-07
5.13117e-07
4.69836e-07
4.28833e-07
3.9001e-07
3.53269e-07
3.18515e-07
2.85656e-07
2.546e-07
2.25261e-07
1.97552e-07
1.71392e-07
1.46702e-07
1.23404e-07
1.01427e-07
8.06993e-08
6.11541e-08
4.27274e-08
2.53581e-08
8.988e-09
-6.43825e-09
-2.09732e-08
-3.46666e-08
-4.75657e-08
-5.97152e-08
-7.11575e-08
-8.19326e-08
-9.20782e-08
-1.0163e-07
-1.10622e-07
-1.19086e-07
-1.27051e-07
-1.34546e-07
-1.41599e-07
-1.48232e-07
-1.54472e-07
-1.60339e-07
-1.65854e-07
-1.71039e-07
-1.7591e-07
-1.80486e-07
-1.84783e-07
-1.88817e-07
-1.92602e-07
-1.96152e-07
-1.9948e-07
-2.02598e-07
-2.05519e-07
-2.08251e-07
-2.10807e-07
-2.13195e-07
-2.15424e-07
-2.17504e-07
-2.19441e-07
-2.21245e-07
-2.22921e-07
-2.24477e-07
-2.25918e-07
-2.27252e-07
-2.28483e-07
-2.29618e-07
-2.3066e-07
-2.31615e-07
-2.32488e-07
-2.33282e-07
-2.34002e-07
-2.34653e-07
-2.35244e-07
-2.3578e-07
-2.36267e-07
-2.36709e-07
-2.37108e-07
-2.37465e-07
-2.37782e-07
-2.38061e-07
-2.38303e-07
-2.38508e-07
-2.38679e-07
-2.38815e-07
-2.38919e-07
-2.38991e-07
-2.39033e-07
-2.39045e-07
-2.39029e-07
-2.38985e-07
-2.38915e-07
-2.38819e-07
-2.38699e-07
-2.38555e-07
-2.38389e-07
-2.38201e-07
-2.37992e-07
-2.37764e-07
-2.37516e-07
-2.3725e-07
-2.36967e-07
-2.36667e-07
-2.36351e-07
-2.36019e-07
-2.35673e-07
-2.35314e-07
-2.34941e-07
-2.34555e-07
-2.34157e-07
-2.33748e-07
-2.33327e-07
-2.32897e-07
-2.32456e-07
-2.32006e-07
-2.31547e-07
-2.31079e-07
-2.30603e-07
-2.3012e-07
-2.29629e-07
-2.29131e-07
-2.28627e-07
-2.28116e-07
-2.27599e-07
-2.27077e-07
-2.2655e-07
-2.26017e-07
-2.2548e-07
-2.24938e-07
-2.24392e-07
-2.23843e-07
-2.23289e-07
-2.22732e-07
-2.22172e-07
-2.21609e-07
-2.21043e-07
-2.20474e-07
-2.19903e-07
-2.1933e-07
-2.18754e-07
-2.18177e-07
-2.17598e-07
-2.17017e-07
-2.16435e-07
-2.15851e-07
-2.15266e-07
-2.14681e-07
-2.14094e-07
-2.13507e-07
-2.12919e-07
-2.1233e-07
-2.11741e-07
-2.11152e-07
-2.10562e-07
-2.09973e-07
-2.09383e-07
-2.08793e-07
-2.08204e-07
-2.07615e-07
-2.07026e-07
-2.06437e-07
-2.05849e-07
-2.05262e-07
-2.04675e-07
-2.04089e-07
-2.03503e-07
-2.02919e-07
-2.02335e-07
-2.01752e-07
-2.0117e-07
-2.0059e-07
-2.0001e-07
-1.99432e-07
-1.98854e-07
-1.98279e-07
-1.97704e-07
-1.97131e-07
-1.96559e-07
-1.95988e-07
-1.95419e-07
-1.94852e-07
-1.94286e-07
-1.93722e-07
-1.93159e-07
-1.92598e-07
-1.92039e-07
-1.91482e-07
-1.90926e-07
-1.90372e-07
-1.8982e-07
-1.8927e-07
-1.88721e-07
-1.88175e-07
-1.8763e-07
-1.87087e-07
-1.86547e-07
-1.86008e-07
-1.85471e-07
-1.84937e-07
-1.84404e-07
-1.83873e-07
-1.83345e-07
-1.82819e-07
-1.82294e-07
-1.81772e-07
-1.81252e-07
-1.80734e-07
-1.80219e-07
-1.79705e-07
-1.79194e-07
-1.78685e-07
-1.78178e-07
-1.77674e-07
-1.77172e-07
-1.76672e-07
-1.76174e-07
-1.75678e-07
-1.75185e-07
-1.74694e-07
-1.74206e-07
-1.7372e-07
-1.73236e-07
-1.72754e-07
-1.72275e-07
-1.71798e-07
-1.71323e-07
-1.70851e-07
-1.70381e-07
-1.69913e-07
-1.69448e-07
-1.68985e-07
-1.68525e-07
-1.68067e-07
-1.67611e-07
-1.67158e-07
-1.66707e-07
-1.66258e-07
-1.65812e-07
-1.65368e-07
-1.64927e-07
-1.64487e-07
-1.64051e-07
-1.63616e-07
-1.63185e-07
-1.62755e-07
-1.62328e-07
-1.61903e-07
-1.61481e-07
-1.61061e-07
-1.60643e-07
-1.60228e-07
-1.59815e-07
-1.59404e-07
-1.58996e-07
-1.5859e-07
-1.58187e-07
-1.57786e-07
-1.57387e-07
-1.56991e-07
-1.56597e-07
-1.56205e-07
-1.55816e-07
-1.55429e-07
-1.55045e-07
-1.54662e-07
-1.54282e-07
-1.53905e-07
-1.5353e-07
-1.53157e-07
-1.52786e-07
-1.52418e-07
-1.52052e-07
-1.51688e-07
-1.51326e-07
-1.50967e-07
-1.5061e-07
-1.50256e-07
-1.49903e-07
-1.49553e-07
-1.49206e-07
-1.4886e-07
-1.48517e-07
-1.48176e-07
-1.47837e-07
-1.475e-07
-1.47166e-07
-1.46834e-07
-1.46504e-07
-1.46176e-07
-1.4585e-07
-1.45527e-07
-1.45206e-07
-1.44887e-07
-1.4457e-07
-1.44255e-07
-1.43943e-07
-1.43632e-07
-1.43326e-07
-1.43026e-07
-1.42733e-07
-1.42447e-07
-1.42168e-07
-1.41897e-07
-1.41633e-07
-1.41375e-07
-1.41124e-07
-1.40879e-07
-1.40638e-07
-1.40402e-07
-1.40169e-07
-1.3994e-07
-1.39713e-07
-1.39489e-07
-1.39267e-07
-1.39047e-07
-1.38829e-07
-1.38612e-07
-1.38397e-07
-1.38183e-07
-1.3797e-07
-1.37758e-07
-1.37548e-07
-1.37339e-07
-1.3713e-07
-1.36923e-07
-1.36716e-07
-1.36511e-07
-1.36306e-07
-1.36103e-07
-1.359e-07
-1.35698e-07
-1.35497e-07
-1.35297e-07
-1.35098e-07
-1.349e-07
-1.34703e-07
-1.34507e-07
-1.34312e-07
-1.34118e-07
-1.33924e-07
-1.33732e-07
-1.33541e-07
-1.33351e-07
-1.33162e-07
-1.32974e-07
-1.32787e-07
-1.32601e-07
-1.32416e-07
-1.32232e-07
-1.32049e-07
-1.31868e-07
-1.31687e-07
-1.31508e-07
-1.31329e-07
-1.31152e-07
-1.30976e-07
-1.30801e-07
-1.30627e-07
-1.30454e-07
-1.30283e-07
-1.30112e-07
-1.29943e-07
-1.29775e-07
-1.29608e-07
-1.29442e-07
-1.29277e-07
-1.29114e-07
-1.28952e-07
-1.2879e-07
-1.2863e-07
-4.3974e-06
-9.25923e-06
-1.33532e-05
-1.64091e-05
-1.8509e-05
-1.98226e-05
-2.05217e-05
-2.07546e-05
-2.06436e-05
-2.0286e-05
-1.97583e-05
-1.91203e-05
-1.84178e-05
-1.7685e-05
-1.69473e-05
-1.62237e-05
-1.55273e-05
-1.48668e-05
-1.42472e-05
-1.36713e-05
-1.31396e-05
-1.26513e-05
-1.22047e-05
-1.17974e-05
-1.14272e-05
-1.10914e-05
-1.07872e-05
-1.05118e-05
-1.02622e-05
-1.00357e-05
-9.82965e-06
-9.64158e-06
-9.46912e-06
-9.31014e-06
-9.16265e-06
-9.02487e-06
-8.89515e-06
-8.77196e-06
-8.65394e-06
-8.53978e-06
-8.42832e-06
-8.31844e-06
-8.20911e-06
-8.09936e-06
-7.98827e-06
-7.87495e-06
-7.75857e-06
-7.63831e-06
-7.51338e-06
-7.38302e-06
-7.24649e-06
-7.10305e-06
-6.95202e-06
-6.7927e-06
-6.62444e-06
-6.4466e-06
-6.25857e-06
-6.05979e-06
-5.84971e-06
-5.62786e-06
-5.39381e-06
-5.14787e-06
-4.89069e-06
-4.62277e-06
-4.34456e-06
-4.05632e-06
-3.75838e-06
-3.45111e-06
-3.13499e-06
-2.81113e-06
-2.48157e-06
-2.14808e-06
-1.81224e-06
-1.4755e-06
-1.1391e-06
-8.05031e-07
-4.75808e-07
-1.53519e-07
1.6008e-07
4.6348e-07
7.54712e-07
1.0317e-06
1.2929e-06
1.5372e-06
1.7638e-06
1.97138e-06
2.15903e-06
2.32641e-06
2.47356e-06
2.6008e-06
2.70803e-06
2.79551e-06
2.86401e-06
2.91453e-06
2.94822e-06
2.96607e-06
2.96904e-06
2.95826e-06
2.93506e-06
2.9008e-06
2.85681e-06
2.80439e-06
2.74456e-06
2.67833e-06
2.60672e-06
2.53075e-06
2.45138e-06
2.36949e-06
2.28587e-06
2.20122e-06
2.11617e-06
2.03127e-06
1.94688e-06
1.86337e-06
1.78106e-06
1.70025e-06
1.6212e-06
1.54411e-06
1.46917e-06
1.3965e-06
1.3262e-06
1.25834e-06
1.19297e-06
1.13009e-06
1.06972e-06
1.01183e-06
9.56397e-07
9.03369e-07
8.52698e-07
8.04322e-07
7.58176e-07
7.1419e-07
6.7229e-07
6.324e-07
5.94444e-07
5.58345e-07
5.24026e-07
4.91409e-07
4.60421e-07
4.30988e-07
4.03034e-07
3.76485e-07
3.5127e-07
3.27324e-07
3.04586e-07
2.82996e-07
2.625e-07
2.43043e-07
2.24577e-07
2.07052e-07
1.90422e-07
1.74642e-07
1.5967e-07
1.45464e-07
1.31987e-07
1.19201e-07
1.07071e-07
9.55623e-08
8.46437e-08
7.42847e-08
6.44561e-08
5.51307e-08
4.62822e-08
3.7886e-08
2.99186e-08
2.23577e-08
1.51823e-08
8.37242e-09
1.90918e-09
-4.22532e-09
-1.0048e-08
-1.5575e-08
-2.08241e-08
-2.58122e-08
-3.05543e-08
-3.50642e-08
-3.93544e-08
-4.34365e-08
-4.7321e-08
-5.10179e-08
-5.45364e-08
-5.78853e-08
-6.10727e-08
-6.41063e-08
-6.69934e-08
-6.97408e-08
-7.23551e-08
-7.48424e-08
-7.72087e-08
-7.94595e-08
-8.16001e-08
-8.36356e-08
-8.55708e-08
-8.74103e-08
-8.91584e-08
-9.08193e-08
-9.23969e-08
-9.3895e-08
-9.53171e-08
-9.66667e-08
-9.79471e-08
-9.91613e-08
-1.00312e-07
-1.01403e-07
-1.02436e-07
-1.03414e-07
-1.04339e-07
-1.05213e-07
-1.0604e-07
-1.0682e-07
-1.07557e-07
-1.08251e-07
-1.08905e-07
-1.0952e-07
-1.10099e-07
-1.10642e-07
-1.11152e-07
-1.11629e-07
-1.12076e-07
-1.12493e-07
-1.12881e-07
-1.13243e-07
-1.13579e-07
-1.13889e-07
-1.14176e-07
-1.14441e-07
-1.14683e-07
-1.14905e-07
-1.15107e-07
-1.1529e-07
-1.15454e-07
-1.15601e-07
-1.15731e-07
-1.15845e-07
-1.15944e-07
-1.16028e-07
-1.16098e-07
-1.16154e-07
-1.16198e-07
-1.16229e-07
-1.16248e-07
-1.16256e-07
-1.16253e-07
-1.1624e-07
-1.16217e-07
-1.16185e-07
-1.16144e-07
-1.16093e-07
-1.16035e-07
-1.15969e-07
-1.15895e-07
-1.15814e-07
-1.15726e-07
-1.15632e-07
-1.15531e-07
-1.15425e-07
-1.15312e-07
-1.15195e-07
-1.15072e-07
-1.14944e-07
-1.14812e-07
-1.14675e-07
-1.14534e-07
-1.14389e-07
-1.1424e-07
-1.14088e-07
-1.13932e-07
-1.13773e-07
-1.13611e-07
-1.13446e-07
-1.13278e-07
-1.13108e-07
-1.12935e-07
-1.1276e-07
-1.12584e-07
-1.12405e-07
-1.12224e-07
-1.12041e-07
-1.11857e-07
-1.11672e-07
-1.11485e-07
-1.11296e-07
-1.11107e-07
-1.10917e-07
-1.10725e-07
-1.10533e-07
-1.1034e-07
-1.10146e-07
-1.09952e-07
-1.09757e-07
-1.09562e-07
-1.09366e-07
-1.09171e-07
-1.08974e-07
-1.08778e-07
-1.08582e-07
-1.08385e-07
-1.08189e-07
-1.07993e-07
-1.07797e-07
-1.07601e-07
-1.07405e-07
-1.0721e-07
-1.07015e-07
-1.0682e-07
-1.06626e-07
-1.06433e-07
-1.0624e-07
-1.06047e-07
-1.05855e-07
-1.05664e-07
-1.05473e-07
-1.05283e-07
-1.05094e-07
-1.04906e-07
-1.04718e-07
-1.04531e-07
-1.04346e-07
-1.04161e-07
-1.03977e-07
-1.03794e-07
-1.03611e-07
-1.0343e-07
-1.0325e-07
-1.03071e-07
-1.02893e-07
-1.02716e-07
-1.0254e-07
-1.02365e-07
-1.02192e-07
-1.02019e-07
-1.01848e-07
-1.01678e-07
-1.01509e-07
-1.01341e-07
-1.01174e-07
-1.01009e-07
-1.00845e-07
-1.00682e-07
-1.00521e-07
-1.0036e-07
-1.00201e-07
-1.00043e-07
-9.98868e-08
-9.97316e-08
-9.95777e-08
-9.94251e-08
-9.92738e-08
-9.91238e-08
-9.89752e-08
-9.88279e-08
-9.8682e-08
-9.85374e-08
-9.83941e-08
-9.82522e-08
-9.81117e-08
-9.79725e-08
-9.78346e-08
-9.76981e-08
-9.7563e-08
-9.74293e-08
-9.72969e-08
-9.71658e-08
-9.70362e-08
-9.69079e-08
-9.6781e-08
-9.66554e-08
-9.65312e-08
-9.64084e-08
-9.6287e-08
-9.61669e-08
-9.60482e-08
-9.59308e-08
-9.58148e-08
-9.57002e-08
-9.55869e-08
-9.54749e-08
-9.53644e-08
-9.52551e-08
-9.51473e-08
-9.50407e-08
-9.49355e-08
-9.48317e-08
-9.47292e-08
-9.4628e-08
-9.45281e-08
-9.44296e-08
-9.43323e-08
-9.42364e-08
-9.41419e-08
-9.40486e-08
-9.39566e-08
-9.38659e-08
-9.37765e-08
-9.36884e-08
-9.36016e-08
-9.35161e-08
-9.34334e-08
-9.33554e-08
-9.32831e-08
-9.32171e-08
-9.31577e-08
-9.31049e-08
-9.30582e-08
-9.30171e-08
-9.29809e-08
-9.2949e-08
-9.2921e-08
-9.28963e-08
-9.28745e-08
-9.28552e-08
-9.28381e-08
-9.28229e-08
-9.28094e-08
-9.27971e-08
-9.27861e-08
-9.27761e-08
-9.27669e-08
-9.27585e-08
-9.27507e-08
-9.27434e-08
-9.27366e-08
-9.27301e-08
-9.2724e-08
-9.27182e-08
-9.27126e-08
-9.27073e-08
-9.27022e-08
-9.26972e-08
-9.26925e-08
-9.2688e-08
-9.26836e-08
-9.26794e-08
-9.26754e-08
-9.26716e-08
-9.2668e-08
-9.26646e-08
-9.26613e-08
-9.26583e-08
-9.26556e-08
-9.2653e-08
-9.26508e-08
-9.26487e-08
-9.2647e-08
-9.26455e-08
-9.26443e-08
-9.26434e-08
-9.26428e-08
-9.26425e-08
-9.26426e-08
-9.2643e-08
-9.26437e-08
-9.26448e-08
-9.26462e-08
-9.2648e-08
-9.26502e-08
-9.26528e-08
-9.26558e-08
-9.26592e-08
-9.26629e-08
-9.26671e-08
-9.26717e-08
-9.26768e-08
-9.26822e-08
-9.26881e-08
-9.26944e-08
-9.27012e-08
-9.27084e-08
-9.27161e-08
-9.27242e-08
-9.27328e-08
-9.27418e-08
-9.27513e-08
-9.27613e-08
-9.27717e-08
-9.27826e-08
-9.2794e-08
-9.28058e-08
-9.28181e-08
-9.28309e-08
-9.28441e-08
-9.28579e-08
-9.28721e-08
-9.28868e-08
-9.29019e-08
-9.29176e-08
-9.29337e-08
-9.29503e-08
-9.29673e-08
-9.29849e-08
-9.30029e-08
-9.30214e-08
-9.30403e-08
-9.30598e-08
-9.30797e-08
-9.31e-08
-9.31209e-08
-9.31422e-08
-9.31639e-08
-9.31862e-08
-9.32089e-08
-9.3232e-08
-9.32556e-08
-9.32797e-08
-9.33042e-08
-9.33291e-08
-9.33545e-08
-9.33804e-08
-9.34067e-08
-9.34334e-08
-9.34605e-08
-9.34881e-08
-9.35162e-08
-9.35446e-08
-9.35735e-08
-9.36028e-08
-9.36325e-08
-9.36627e-08
-9.36932e-08
-9.37242e-08
-9.37555e-08
-9.37873e-08
-9.38194e-08
-9.3852e-08
-9.38849e-08
-9.39183e-08
-9.3952e-08
-9.39861e-08
-9.40206e-08
-9.40554e-08
-9.40906e-08
-9.41262e-08
-9.41622e-08
-9.41985e-08
-9.42352e-08
-9.42722e-08
-9.43096e-08
-9.43473e-08
-9.43853e-08
-9.44237e-08
-9.44625e-08
-9.45015e-08
-9.45409e-08
-9.45806e-08
-9.46206e-08
-9.4661e-08
-9.47016e-08
-9.47426e-08
-9.47838e-08
-9.48254e-08
-9.48673e-08
-9.49094e-08
-9.49518e-08
-9.49946e-08
-9.50376e-08
-9.50808e-08
-9.51244e-08
-9.51682e-08
-9.52123e-08
-9.52566e-08
-9.53013e-08
-9.53461e-08
-9.53912e-08
-9.54366e-08
-9.54822e-08
-9.5528e-08
-9.55741e-08
-9.56204e-08
-9.56669e-08
-9.57137e-08
-9.57607e-08
-9.58079e-08
-9.58553e-08
-9.59029e-08
-9.59507e-08
-9.59988e-08
-9.6047e-08
-9.60954e-08
-9.6144e-08
-9.61928e-08
-9.62418e-08
-9.6291e-08
-9.63404e-08
-9.63899e-08
-9.64396e-08
-9.64895e-08
-9.65395e-08
-9.65897e-08
-9.664e-08
-9.66906e-08
-9.67412e-08
-9.6792e-08
-9.6843e-08
-9.68941e-08
-9.69453e-08
-9.69967e-08
-9.70482e-08
-9.70998e-08
-9.71516e-08
-9.72035e-08
-9.72555e-08
-9.73076e-08
-9.73598e-08
-9.74122e-08
-9.74646e-08
-9.75172e-08
-9.75698e-08
-9.76226e-08
-9.76754e-08
-9.77284e-08
-9.77814e-08
-9.78346e-08
-9.78878e-08
-9.79411e-08
-9.79944e-08
-9.80479e-08
-9.81014e-08
-9.8155e-08
-9.82087e-08
-9.82624e-08
-9.83162e-08
-9.83701e-08
-9.8424e-08
-9.84779e-08
-9.8532e-08
-9.8586e-08
-9.86402e-08
-9.86943e-08
-9.87485e-08
-9.88028e-08
-9.88571e-08
-9.89114e-08
-9.89658e-08
-9.90202e-08
-9.90746e-08
-9.9129e-08
-9.91835e-08
-9.9238e-08
-9.92925e-08
-9.93471e-08
-9.94016e-08
-9.94562e-08
-9.95107e-08
-9.95653e-08
-9.96199e-08
-9.96745e-08
-9.97291e-08
-9.97837e-08
-9.98383e-08
-9.98929e-08
-9.99475e-08
-1.00002e-07
-1.00057e-07
-1.00111e-07
-1.00166e-07
-1.0022e-07
-1.00275e-07
-1.00329e-07
-1.00384e-07
-1.00438e-07
-1.00493e-07
-1.00547e-07
-1.00602e-07
-1.00656e-07
-1.0071e-07
-1.00765e-07
-1.00819e-07
-1.00873e-07
-1.00927e-07
-1.00982e-07
-1.01036e-07
-1.0109e-07
-1.01144e-07
-1.01198e-07
-1.01252e-07
-1.01306e-07
-1.0136e-07
-1.01413e-07
-1.01467e-07
-1.01521e-07
-1.01575e-07
-1.01628e-07
-1.01682e-07
-1.01735e-07
-1.01789e-07
-1.01842e-07
-1.01895e-07
-1.01949e-07
-1.02002e-07
-1.02055e-07
-1.02108e-07
-1.02161e-07
-1.02214e-07
-1.02267e-07
-1.02319e-07
-1.02372e-07
-1.02425e-07
-1.02477e-07
-1.0253e-07
-1.02582e-07
-1.02634e-07
-1.02687e-07
-1.02739e-07
-1.02791e-07
-1.02843e-07
-1.02895e-07
-1.02947e-07
-1.02999e-07
-1.0305e-07
-1.03102e-07
-1.03153e-07
-1.03205e-07
-1.03256e-07
-1.03307e-07
-1.03358e-07
-1.0341e-07
-1.0346e-07
-1.03511e-07
-1.03562e-07
-1.03613e-07
-1.03663e-07
-1.03714e-07
-1.03764e-07
-1.03815e-07
-1.03865e-07
-1.03915e-07
-1.03965e-07
-1.04015e-07
-1.04065e-07
-1.04114e-07
-1.04164e-07
-1.04213e-07
-1.04263e-07
-1.04312e-07
-1.04361e-07
-1.0441e-07
-1.04459e-07
-1.04508e-07
-1.04557e-07
-1.04606e-07
-1.04654e-07
-1.04703e-07
-1.04751e-07
-1.04799e-07
-1.04848e-07
-1.04896e-07
-1.04943e-07
-1.04991e-07
-1.05039e-07
-1.05087e-07
-1.05134e-07
-1.05181e-07
-1.05229e-07
-1.05276e-07
-1.05323e-07
-1.0537e-07
-1.05416e-07
-1.05463e-07
-1.0551e-07
-1.05556e-07
-1.05602e-07
-1.05649e-07
-1.05695e-07
-1.05741e-07
-1.05787e-07
-1.05832e-07
-1.05878e-07
-1.05923e-07
-1.05969e-07
-1.06014e-07
-1.06059e-07
-1.06104e-07
-1.06149e-07
-1.06194e-07
-1.06239e-07
-1.06283e-07
-1.06328e-07
-1.06372e-07
-1.06416e-07
-1.0646e-07
-1.06504e-07
-1.06548e-07
-1.06592e-07
-1.06636e-07
-1.06679e-07
-1.06723e-07
-1.06766e-07
-1.06809e-07
-1.06852e-07
-1.06895e-07
-1.06938e-07
-1.0698e-07
-1.07023e-07
-1.07065e-07
-1.07107e-07
-1.0715e-07
-1.07192e-07
-1.07234e-07
-1.07275e-07
-1.07317e-07
-1.07359e-07
-1.074e-07
-1.07441e-07
-1.07483e-07
-1.07524e-07
-1.07565e-07
-1.07605e-07
-1.07646e-07
-1.07687e-07
-1.07727e-07
-1.07767e-07
-1.07808e-07
-1.07848e-07
-1.07888e-07
-1.07928e-07
-1.07967e-07
-1.08007e-07
-1.08046e-07
-1.08086e-07
-1.08125e-07
-1.08164e-07
-1.08203e-07
-1.08242e-07
-1.08281e-07
-1.08319e-07
-1.08358e-07
-1.08396e-07
-1.08435e-07
-1.08473e-07
-1.08511e-07
-1.08549e-07
-1.08587e-07
-1.08624e-07
-1.08662e-07
-1.08699e-07
-1.08737e-07
-1.08774e-07
-1.08811e-07
-1.08848e-07
-1.08885e-07
-1.08921e-07
-1.08958e-07
-1.08994e-07
-1.09031e-07
-1.09067e-07
-1.09103e-07
-1.09139e-07
-1.09175e-07
-1.09211e-07
-1.09247e-07
-1.09282e-07
-1.09317e-07
-1.09353e-07
-1.09388e-07
-1.09423e-07
-1.09458e-07
-1.09493e-07
-1.09528e-07
-1.09562e-07
-1.09597e-07
-1.09631e-07
-1.09665e-07
-1.09699e-07
-1.09733e-07
-1.09767e-07
-1.09801e-07
-1.09835e-07
-1.09868e-07
-1.09902e-07
-1.09935e-07
-1.09968e-07
-1.10001e-07
-1.10034e-07
-1.10067e-07
-1.101e-07
-1.10133e-07
-1.10165e-07
-1.10198e-07
-1.1023e-07
-1.10262e-07
-1.10294e-07
-1.10326e-07
-1.10358e-07
-1.1039e-07
-1.10422e-07
-1.10453e-07
-1.10485e-07
-1.10516e-07
-1.10547e-07
-1.10578e-07
-1.10609e-07
-1.1064e-07
-1.10671e-07
-1.10702e-07
-1.10732e-07
-1.10763e-07
-1.10793e-07
-1.10823e-07
-1.10853e-07
-1.10883e-07
-1.10913e-07
-1.10943e-07
-1.10973e-07
-1.11002e-07
-1.11032e-07
-1.11061e-07
-1.1109e-07
-1.1112e-07
-1.11149e-07
-1.11178e-07
-1.11206e-07
-1.11235e-07
-1.11264e-07
-1.11292e-07
-1.11321e-07
-1.11349e-07
-1.11377e-07
-1.11406e-07
-1.11434e-07
-1.11462e-07
-1.11489e-07
-1.11517e-07
-1.11545e-07
-1.11572e-07
-1.116e-07
-1.11627e-07
-1.11654e-07
-1.11681e-07
-1.11708e-07
-1.11735e-07
-1.11762e-07
-1.11789e-07
-1.11816e-07
-1.11842e-07
-1.11868e-07
-1.11895e-07
-1.11921e-07
-1.11947e-07
-1.11973e-07
-1.11999e-07
-1.12025e-07
-1.12051e-07
-1.12076e-07
-1.12102e-07
-1.12128e-07
-1.12153e-07
-1.12178e-07
-1.12203e-07
-1.12229e-07
-1.12254e-07
-1.12278e-07
-1.12303e-07
-1.12328e-07
-1.12353e-07
-1.12377e-07
-1.12402e-07
-1.12426e-07
-1.1245e-07
-1.12474e-07
-1.12498e-07
-1.12522e-07
-1.12546e-07
-1.1257e-07
-1.12594e-07
-1.12618e-07
-1.12641e-07
-1.12665e-07
-1.12688e-07
-1.12711e-07
-1.12734e-07
-1.12758e-07
-1.12781e-07
-1.12804e-07
-1.12826e-07
-1.12849e-07
-1.12872e-07
-1.12894e-07
-1.12917e-07
-1.12939e-07
-1.12962e-07
-1.12984e-07
-1.13006e-07
-1.13028e-07
-1.1305e-07
-1.13072e-07
-1.13094e-07
-1.13116e-07
-1.13137e-07
-1.13159e-07
-1.1318e-07
-1.13202e-07
-1.13223e-07
-1.13244e-07
-1.13266e-07
-1.13287e-07
-1.13308e-07
-1.13329e-07
-1.13349e-07
-1.1337e-07
-1.13391e-07
-1.13411e-07
-1.13432e-07
-1.13452e-07
-1.13473e-07
-1.13493e-07
-1.13513e-07
-1.13533e-07
-1.13554e-07
-1.13574e-07
-1.13593e-07
-1.13613e-07
-1.13633e-07
-1.13653e-07
-1.13672e-07
-1.13692e-07
-1.13711e-07
-1.13731e-07
-1.1375e-07
-1.13769e-07
-1.13788e-07
-1.13807e-07
-1.13826e-07
-1.13845e-07
-1.13864e-07
-1.13883e-07
-1.13902e-07
-1.1392e-07
-1.13939e-07
-1.13958e-07
-1.13976e-07
-1.13994e-07
-1.14013e-07
-1.14031e-07
-1.14049e-07
-1.14067e-07
-1.14085e-07
-1.14103e-07
-1.14121e-07
-1.14139e-07
-1.14156e-07
-1.14174e-07
-1.14192e-07
-1.14209e-07
-1.14227e-07
-1.14244e-07
-1.14261e-07
-1.14279e-07
-1.14296e-07
-1.14313e-07
-1.1433e-07
-1.14347e-07
-1.14364e-07
-1.14381e-07
-1.14397e-07
-1.14414e-07
-1.14431e-07
-1.14447e-07
-1.14464e-07
-1.1448e-07
-1.14497e-07
-1.14513e-07
-1.14529e-07
-1.14546e-07
-1.14562e-07
-1.14578e-07
-1.14594e-07
-1.1461e-07
-1.14626e-07
-1.14642e-07
-1.14657e-07
-1.14673e-07
-1.14689e-07
-1.14704e-07
-1.1472e-07
-1.14735e-07
-1.14751e-07
-1.14766e-07
-1.14781e-07
-1.14797e-07
-1.14812e-07
-1.14827e-07
-1.14842e-07
-1.14857e-07
-1.14872e-07
-1.14887e-07
-1.14902e-07
-1.14916e-07
-1.14931e-07
-1.14946e-07
-1.1496e-07
-1.14975e-07
-1.14989e-07
-1.15004e-07
-1.15018e-07
-1.15032e-07
-1.15047e-07
-1.15061e-07
-1.15075e-07
-1.15089e-07
-1.15103e-07
-1.15117e-07
-1.15131e-07
-1.15145e-07
-1.15159e-07
-1.15173e-07
-1.15186e-07
-1.152e-07
-1.15213e-07
-1.15227e-07
-1.15241e-07
-1.15254e-07
-1.15267e-07
-1.15281e-07
-1.15294e-07
-1.15307e-07
-1.1532e-07
-1.15334e-07
-1.15347e-07
-1.1536e-07
-1.15373e-07
-1.15386e-07
-1.15398e-07
-1.15411e-07
-1.15424e-07
-1.15437e-07
-1.15449e-07
-1.15462e-07
-1.15475e-07
-1.15487e-07
-1.155e-07
-1.15512e-07
-1.15525e-07
-1.15537e-07
-1.15549e-07
-1.15561e-07
-1.15574e-07
-1.15586e-07
-1.15598e-07
-1.1561e-07
-1.15622e-07
-1.15634e-07
-1.15646e-07
-1.15658e-07
-1.15669e-07
-1.15681e-07
-1.15693e-07
-1.15705e-07
-1.15716e-07
-1.15728e-07
-1.15739e-07
-1.15751e-07
-1.15762e-07
-1.15774e-07
-1.15785e-07
-1.15797e-07
-1.15808e-07
-1.15819e-07
-1.1583e-07
-1.15841e-07
-1.15853e-07
-1.15864e-07
-1.15875e-07
-1.15886e-07
-1.15897e-07
-1.15907e-07
-1.15918e-07
-1.15929e-07
-1.1594e-07
-1.15951e-07
-1.15961e-07
-1.15972e-07
-1.15983e-07
-1.15993e-07
-1.16004e-07
-1.16014e-07
-1.16025e-07
-1.16035e-07
-1.16045e-07
-1.16056e-07
-1.16066e-07
-1.16076e-07
-1.16086e-07
-1.16097e-07
-1.16107e-07
-1.16117e-07
-1.16127e-07
-1.16137e-07
-1.16147e-07
-1.16157e-07
-1.16167e-07
-1.16177e-07
-1.16186e-07
-1.16196e-07
-1.16206e-07
-1.16216e-07
-1.16225e-07
-1.16235e-07
-1.16245e-07
-1.16254e-07
-1.16264e-07
-1.16273e-07
-1.16283e-07
-1.16292e-07
-1.16301e-07
-1.16311e-07
-1.1632e-07
-1.16329e-07
-1.16339e-07
-1.16348e-07
-1.16357e-07
-1.16366e-07
-1.16375e-07
-1.16384e-07
-1.16393e-07
-1.16402e-07
-1.16411e-07
-1.1642e-07
-1.16429e-07
-1.16438e-07
-1.16447e-07
-1.16456e-07
-1.16464e-07
-1.16473e-07
-1.16482e-07
-1.1649e-07
-1.16499e-07
-1.16508e-07
-1.16516e-07
-1.16525e-07
-1.16533e-07
-1.16542e-07
-1.1655e-07
-1.16559e-07
-1.16567e-07
-1.16575e-07
-1.16584e-07
-1.16592e-07
-1.166e-07
-1.16608e-07
-1.16617e-07
-1.16625e-07
-1.16633e-07
-1.16641e-07
-1.16649e-07
-1.16657e-07
-1.16665e-07
-1.16673e-07
-1.16681e-07
-1.16689e-07
-1.16697e-07
-1.16705e-07
-1.16713e-07
-1.1672e-07
-1.16728e-07
-1.16736e-07
-1.16744e-07
-1.16751e-07
-1.16759e-07
-1.16766e-07
-1.16774e-07
-1.16782e-07
-1.16789e-07
-1.16797e-07
-1.16804e-07
-1.16812e-07
-1.16819e-07
-1.16826e-07
-1.16834e-07
-1.16841e-07
-1.16849e-07
-1.16856e-07
-1.16863e-07
-1.1687e-07
-1.16878e-07
-1.16885e-07
-1.16892e-07
-1.16899e-07
-1.16906e-07
-1.16913e-07
-1.1692e-07
-1.16927e-07
-1.16934e-07
-1.16941e-07
-1.16948e-07
-1.16955e-07
-1.16962e-07
-1.16969e-07
-1.16976e-07
-1.16983e-07
-1.16989e-07
-1.16996e-07
-1.17003e-07
-1.1701e-07
-1.17016e-07
-1.17023e-07
-1.1703e-07
-1.17036e-07
-1.17043e-07
-1.1705e-07
-1.17056e-07
-1.17063e-07
-1.17069e-07
-1.17076e-07
-1.17082e-07
-1.17089e-07
-1.17095e-07
-1.17101e-07
-1.17108e-07
-1.17114e-07
-1.1712e-07
-1.17127e-07
-1.17133e-07
-1.17139e-07
-1.17146e-07
-1.17152e-07
-1.17158e-07
-1.17164e-07
-1.1717e-07
-1.17176e-07
-1.17183e-07
-1.17189e-07
-1.17195e-07
-1.17201e-07
-1.17207e-07
-1.17213e-07
-1.17219e-07
-1.17225e-07
-1.17231e-07
-1.17237e-07
-1.17242e-07
-1.17248e-07
-1.17254e-07
-1.1726e-07
-1.17266e-07
-1.17272e-07
-1.17277e-07
-1.17283e-07
-1.17289e-07
-1.17295e-07
-1.173e-07
-1.17306e-07
-1.17312e-07
-1.17317e-07
-1.17323e-07
-1.17328e-07
-1.17334e-07
-1.17339e-07
-1.17345e-07
-1.17351e-07
-1.17356e-07
-1.17361e-07
-1.17367e-07
-1.17372e-07
-1.17378e-07
-1.17383e-07
-1.17389e-07
-1.17394e-07
-1.17399e-07
-1.17405e-07
-1.1741e-07
-1.17415e-07
-1.1742e-07
-1.17426e-07
-1.17431e-07
-1.17436e-07
-1.17441e-07
-1.17447e-07
-1.17452e-07
-1.17457e-07
-1.17462e-07
-1.17467e-07
-1.17472e-07
-1.17477e-07
-1.17482e-07
-1.17487e-07
-1.17492e-07
-1.17497e-07
-1.17502e-07
-1.17507e-07
-1.17512e-07
-1.17517e-07
-1.17522e-07
-1.17527e-07
-1.17532e-07
-1.17537e-07
-1.17542e-07
-1.17546e-07
-1.17551e-07
-1.17556e-07
-1.17561e-07
-1.17566e-07
-1.1757e-07
-1.17575e-07
-1.1758e-07
-1.17585e-07
-1.17589e-07
-1.17594e-07
-1.17599e-07
-1.17603e-07
-1.17608e-07
-1.17613e-07
-1.17617e-07
-1.17622e-07
-1.17626e-07
-1.17631e-07
-1.17635e-07
-1.1764e-07
-1.17644e-07
-1.17649e-07
-1.17653e-07
-1.17658e-07
-1.17662e-07
-1.17667e-07
-1.17671e-07
-1.17676e-07
-1.1768e-07
-1.17684e-07
-1.17689e-07
-1.17693e-07
-1.17697e-07
-1.17702e-07
-1.17706e-07
-1.1771e-07
-1.17715e-07
-1.17719e-07
-1.17723e-07
-1.17727e-07
-1.17732e-07
-1.17736e-07
-1.1774e-07
-1.17744e-07
-1.17748e-07
-1.17753e-07
-1.17757e-07
-1.17761e-07
-1.17765e-07
-1.17769e-07
-1.17773e-07
-1.17777e-07
-1.17781e-07
-1.17785e-07
-1.17789e-07
-1.17793e-07
-1.17797e-07
-1.17802e-07
-1.17805e-07
-1.17809e-07
-1.17813e-07
-1.17817e-07
-1.17821e-07
-1.17825e-07
-1.17829e-07
-1.17833e-07
-1.17837e-07
-1.17841e-07
-1.17845e-07
-1.17849e-07
-1.17852e-07
-1.17856e-07
-1.1786e-07
-1.17864e-07
-1.17868e-07
-1.17871e-07
-1.17875e-07
-1.17879e-07
-1.17883e-07
-1.17887e-07
-1.1789e-07
-1.17894e-07
-1.17898e-07
-1.17901e-07
-1.17905e-07
-1.17909e-07
-1.17912e-07
-1.17916e-07
-1.1792e-07
-1.17923e-07
-1.17927e-07
-1.17931e-07
-1.17934e-07
-1.17938e-07
-1.17941e-07
-1.17945e-07
-1.17948e-07
-1.17952e-07
-1.17955e-07
-1.17959e-07
-1.17963e-07
-1.17966e-07
-1.17969e-07
-1.17973e-07
-1.17976e-07
-1.1798e-07
-1.17983e-07
-1.17987e-07
-1.1799e-07
-1.17994e-07
-1.17997e-07
-1.18e-07
-1.18004e-07
-1.18007e-07
-1.18011e-07
-1.18014e-07
-1.18017e-07
-1.18021e-07
-1.18024e-07
-1.18027e-07
-1.18031e-07
-1.18034e-07
-1.18037e-07
-1.1804e-07
-1.18044e-07
-1.18047e-07
-1.1805e-07
-1.18053e-07
-1.18057e-07
-1.1806e-07
-1.18063e-07
-1.18066e-07
-1.1807e-07
-1.18073e-07
-1.18076e-07
-1.18079e-07
-1.18082e-07
-1.18085e-07
-1.18089e-07
-1.18092e-07
-1.18095e-07
-1.18098e-07
-1.18101e-07
-1.18104e-07
-1.18107e-07
-1.1811e-07
-1.18113e-07
-1.18116e-07
-1.1812e-07
-1.18123e-07
-1.18126e-07
-1.18129e-07
-1.18132e-07
-1.18135e-07
-1.18138e-07
-1.18141e-07
-1.18144e-07
-1.18147e-07
-1.1815e-07
-1.18153e-07
-1.18156e-07
-1.18159e-07
-1.18162e-07
-1.18164e-07
-1.18167e-07
-1.1817e-07
-1.18173e-07
-1.18176e-07
-1.18179e-07
-1.18182e-07
-1.18185e-07
-1.18188e-07
-1.18191e-07
-1.18193e-07
-1.18196e-07
-1.18199e-07
-1.18202e-07
-1.18205e-07
-1.18208e-07
-1.1821e-07
-1.18213e-07
-1.18216e-07
-1.18219e-07
-1.18222e-07
-1.18224e-07
-1.18227e-07
-1.1823e-07
-1.18233e-07
-1.18235e-07
-1.18238e-07
-1.18241e-07
-1.18244e-07
-1.18246e-07
-1.18249e-07
-1.18252e-07
-1.18254e-07
-1.18257e-07
-1.1826e-07
-1.18262e-07
-1.18265e-07
-1.18268e-07
-1.1827e-07
-1.18273e-07
-1.18276e-07
-1.18278e-07
-1.18281e-07
-1.18284e-07
-1.18286e-07
-1.18289e-07
-1.18291e-07
-1.18294e-07
-1.18297e-07
-1.18299e-07
-1.18302e-07
-1.18304e-07
-1.18307e-07
-1.1831e-07
-1.18312e-07
-1.18315e-07
-1.18317e-07
-1.1832e-07
-1.18322e-07
-1.18325e-07
-1.18327e-07
-1.1833e-07
-1.18332e-07
-1.18335e-07
-1.18337e-07
-1.1834e-07
-1.18342e-07
-1.18345e-07
-1.18347e-07
-1.1835e-07
-1.18352e-07
-1.18355e-07
-1.18357e-07
-1.18359e-07
-1.18362e-07
-1.18364e-07
-1.18367e-07
-1.18369e-07
-1.18372e-07
-1.18374e-07
-1.18376e-07
-1.18379e-07
-1.18381e-07
-1.18384e-07
-1.18386e-07
-1.18388e-07
-1.18391e-07
-1.18393e-07
-1.18395e-07
-1.18398e-07
-1.184e-07
-1.18402e-07
-1.18405e-07
-1.18407e-07
-1.18409e-07
-1.18412e-07
-1.18414e-07
-1.18416e-07
-1.18419e-07
-1.18421e-07
-1.18423e-07
-1.18426e-07
-1.18428e-07
-1.1843e-07
-1.18432e-07
-1.18435e-07
-1.18437e-07
-1.18439e-07
-1.18441e-07
-1.18444e-07
-1.18446e-07
-1.18448e-07
-1.1845e-07
-1.18453e-07
-1.18455e-07
-1.18457e-07
-1.18459e-07
-1.18462e-07
-1.18464e-07
-1.18466e-07
-1.18468e-07
-1.1847e-07
-1.18473e-07
-1.18475e-07
-1.18477e-07
-1.18479e-07
-1.18481e-07
-1.18483e-07
-1.18486e-07
-1.18488e-07
-1.1849e-07
-1.18492e-07
-1.18494e-07
-1.18496e-07
-1.18498e-07
-1.18501e-07
-1.18503e-07
-1.18505e-07
-1.18507e-07
-1.18509e-07
-1.18511e-07
-1.18513e-07
-1.18515e-07
-1.18517e-07
-1.18519e-07
-1.18522e-07
-1.18524e-07
-1.18526e-07
-1.18528e-07
-1.1853e-07
-1.18532e-07
-1.18534e-07
-1.18536e-07
-1.18538e-07
-1.1854e-07
-1.18542e-07
-1.18544e-07
-1.18546e-07
-1.18548e-07
-1.1855e-07
-1.18552e-07
-1.18554e-07
-1.18556e-07
-1.18558e-07
-1.1856e-07
-1.18562e-07
-1.18564e-07
-1.18566e-07
-1.18568e-07
-1.1857e-07
-1.18572e-07
-1.18574e-07
-1.18576e-07
-1.18578e-07
-1.1858e-07
-1.18582e-07
-1.18584e-07
-1.18586e-07
-1.18588e-07
-1.1859e-07
-1.18592e-07
-1.18594e-07
-1.18596e-07
-1.18598e-07
-1.186e-07
-1.18602e-07
-1.18604e-07
-1.18606e-07
-1.18608e-07
-1.18609e-07
-1.18611e-07
-1.18613e-07
-1.18615e-07
-1.18617e-07
-1.18619e-07
-1.18621e-07
-1.18623e-07
-1.18625e-07
-1.18627e-07
-1.18628e-07
-1.1863e-07
-1.18632e-07
-1.18634e-07
-1.18636e-07
-1.18638e-07
-1.1864e-07
-1.18642e-07
-1.18643e-07
-1.18645e-07
-1.18647e-07
-1.18649e-07
-1.18651e-07
-1.18653e-07
-1.18654e-07
-1.18656e-07
-1.18658e-07
-1.1866e-07
-1.18662e-07
-1.18664e-07
-1.18665e-07
-1.18667e-07
-1.18669e-07
-1.18671e-07
-1.18673e-07
-1.18674e-07
-1.18676e-07
-1.18678e-07
-1.1868e-07
-1.18682e-07
-1.18683e-07
-1.18685e-07
-1.18687e-07
-1.18689e-07
-1.18691e-07
-1.18692e-07
-1.18694e-07
-1.18696e-07
-1.18698e-07
-1.18699e-07
-1.18701e-07
-1.18703e-07
-1.18705e-07
-1.18706e-07
-1.18708e-07
-1.1871e-07
-1.18712e-07
-1.18713e-07
-1.18715e-07
-1.18717e-07
-1.18719e-07
-1.1872e-07
-1.18722e-07
-1.18724e-07
-1.18726e-07
-1.18727e-07
-1.18729e-07
-1.18731e-07
-1.18732e-07
-1.18734e-07
-1.18736e-07
-1.18738e-07
-1.18739e-07
-1.18741e-07
-1.18743e-07
-1.18744e-07
-1.18746e-07
-1.18748e-07
-1.18749e-07
-1.18751e-07
-1.18753e-07
-1.18754e-07
-1.18756e-07
-1.18758e-07
-1.1876e-07
-1.18761e-07
-1.18763e-07
-1.18765e-07
-1.18766e-07
-1.18768e-07
-1.1877e-07
-1.18771e-07
-1.18773e-07
-1.18774e-07
-1.18776e-07
-1.18778e-07
-1.18779e-07
-1.18781e-07
-1.18783e-07
-1.18784e-07
-1.18786e-07
-1.18788e-07
-1.18789e-07
-1.18791e-07
-1.18792e-07
-1.18794e-07
-1.18796e-07
-1.18797e-07
-1.18799e-07
-1.18801e-07
-1.18802e-07
-1.18804e-07
-1.18805e-07
-1.18807e-07
-1.18809e-07
-1.1881e-07
-1.18812e-07
-1.18813e-07
-1.18815e-07
-1.18817e-07
-1.18818e-07
-1.1882e-07
-1.18821e-07
-1.18823e-07
-1.18825e-07
-1.18826e-07
-1.18828e-07
-1.18829e-07
-1.18831e-07
-1.18832e-07
-1.18834e-07
-1.18836e-07
-1.18837e-07
-1.18839e-07
-1.1884e-07
-1.18842e-07
-1.18843e-07
-1.18845e-07
-1.18847e-07
-1.18848e-07
-1.1885e-07
-1.18851e-07
-1.18853e-07
-1.18854e-07
-1.18856e-07
-1.18857e-07
-1.18859e-07
-1.1886e-07
-1.18862e-07
-1.18864e-07
-1.18865e-07
-1.18867e-07
-1.18868e-07
-1.1887e-07
-1.18871e-07
-1.18873e-07
-1.18874e-07
-1.18876e-07
-1.18877e-07
-1.18879e-07
-1.1888e-07
-1.18882e-07
-1.18883e-07
-1.18885e-07
-1.18886e-07
-1.18888e-07
-1.18889e-07
-1.18891e-07
-1.18892e-07
-1.18894e-07
-1.18895e-07
-1.18897e-07
-1.18898e-07
-1.189e-07
-1.18901e-07
-1.18903e-07
-1.18904e-07
-1.18906e-07
-1.18907e-07
-1.18909e-07
-1.1891e-07
-1.18912e-07
-1.18913e-07
-1.18915e-07
-1.18916e-07
-1.18918e-07
-1.18919e-07
-1.18921e-07
-1.18922e-07
-1.18924e-07
-1.18925e-07
-1.18927e-07
-1.18928e-07
-1.18929e-07
-1.18931e-07
-1.18932e-07
-1.18934e-07
-1.18935e-07
-1.18937e-07
-1.18938e-07
-1.1894e-07
-1.18941e-07
-1.18943e-07
-1.18944e-07
-1.18945e-07
-1.18947e-07
-1.18948e-07
-1.1895e-07
-1.18951e-07
-1.18953e-07
-1.18954e-07
-1.18956e-07
-1.18957e-07
-1.18958e-07
-1.1896e-07
-1.18961e-07
-1.18963e-07
-1.18964e-07
-1.18966e-07
-1.18967e-07
-1.18968e-07
-1.1897e-07
-1.18971e-07
-1.18973e-07
-1.18974e-07
-1.18976e-07
-1.18977e-07
-1.18978e-07
-1.1898e-07
-1.18981e-07
-1.18983e-07
-1.18984e-07
-1.18985e-07
-1.18987e-07
-1.18988e-07
-1.1899e-07
-1.18991e-07
-1.18992e-07
-1.18994e-07
-1.18995e-07
-1.18997e-07
-1.18998e-07
-1.18999e-07
-1.19001e-07
-1.19002e-07
-1.19004e-07
-1.19005e-07
-1.19006e-07
-1.19008e-07
-1.19009e-07
-1.19011e-07
-1.19012e-07
-1.19013e-07
-1.19015e-07
-1.19016e-07
-1.19017e-07
-1.19019e-07
-1.1902e-07
-1.19022e-07
-1.19023e-07
-1.19024e-07
-1.19026e-07
-1.19027e-07
-1.19028e-07
-1.1903e-07
-1.19031e-07
-1.19033e-07
-1.19034e-07
-1.19035e-07
-1.19037e-07
-1.19038e-07
-1.19039e-07
-1.19041e-07
-1.19042e-07
-1.19043e-07
-1.19045e-07
-1.19046e-07
-1.19048e-07
-1.19049e-07
-1.1905e-07
-1.19052e-07
-1.19053e-07
-1.19054e-07
-1.19056e-07
-1.19057e-07
-1.19058e-07
-1.1906e-07
-1.19061e-07
-1.19062e-07
-1.19064e-07
-1.19065e-07
-1.19066e-07
-1.19068e-07
-1.19069e-07
-1.1907e-07
-1.19072e-07
-1.19073e-07
-1.19074e-07
-1.19076e-07
-1.19077e-07
-1.19078e-07
-1.1908e-07
-1.19081e-07
-1.19082e-07
-1.19084e-07
-1.19085e-07
-1.19086e-07
-1.19088e-07
-1.19089e-07
-1.1909e-07
-1.19092e-07
-1.19093e-07
-1.19094e-07
-1.19096e-07
-1.19097e-07
-1.19098e-07
-1.191e-07
-1.19101e-07
-1.19102e-07
-1.19104e-07
-1.19105e-07
-1.19106e-07
-1.19108e-07
-1.19109e-07
-1.1911e-07
-1.19111e-07
-1.19113e-07
-1.19114e-07
-1.19115e-07
-1.19117e-07
-1.19118e-07
-1.19119e-07
-1.19121e-07
-1.19122e-07
-1.19123e-07
-1.19124e-07
-1.19126e-07
-1.19127e-07
-1.19128e-07
-1.1913e-07
-1.19131e-07
-1.19132e-07
-1.19134e-07
-1.19135e-07
-1.19136e-07
-1.19137e-07
-1.19139e-07
-1.1914e-07
-1.19141e-07
-1.19143e-07
-1.19144e-07
-1.19145e-07
-1.19146e-07
-1.19148e-07
-1.19149e-07
-1.1915e-07
-1.19152e-07
-1.19153e-07
-1.19154e-07
-1.19155e-07
-1.19157e-07
-1.19158e-07
-1.19159e-07
-1.19161e-07
-1.19162e-07
-1.19163e-07
-1.19164e-07
-1.19166e-07
-1.19167e-07
-1.19168e-07
-1.19169e-07
-1.19171e-07
-1.19172e-07
-1.19173e-07
-1.19175e-07
-1.19176e-07
-1.19177e-07
-1.19178e-07
-1.1918e-07
-1.19181e-07
-1.19182e-07
-1.19183e-07
-1.19185e-07
-1.19186e-07
-1.19187e-07
-1.19188e-07
-1.1919e-07
-1.19191e-07
-1.19192e-07
-1.19194e-07
-1.19195e-07
-1.19196e-07
-1.19197e-07
-1.19199e-07
-1.192e-07
-1.19201e-07
-1.19202e-07
-1.19204e-07
-1.19205e-07
-1.19206e-07
-1.19207e-07
-1.19209e-07
-1.1921e-07
-1.19211e-07
-1.19212e-07
-1.19214e-07
-1.19215e-07
-1.19216e-07
-1.19217e-07
-1.19219e-07
-1.1922e-07
-1.19221e-07
-1.19222e-07
-1.19224e-07
-1.19225e-07
-1.19226e-07
-1.19227e-07
-1.19229e-07
-1.1923e-07
-1.19231e-07
-1.19232e-07
-1.19233e-07
-1.19235e-07
-1.19236e-07
-1.19237e-07
-1.19238e-07
-1.1924e-07
-1.19241e-07
-1.19242e-07
-1.19243e-07
-1.19245e-07
-1.19246e-07
-1.19247e-07
-1.19248e-07
-1.1925e-07
-1.19251e-07
-1.19252e-07
-1.19253e-07
-1.19254e-07
-1.19256e-07
-1.19257e-07
-1.19258e-07
-1.19259e-07
-1.19261e-07
-1.19262e-07
-1.19263e-07
-1.19264e-07
-1.19266e-07
-1.19267e-07
-1.19268e-07
-1.19269e-07
-1.1927e-07
-1.19272e-07
-1.19273e-07
-1.19274e-07
-1.19275e-07
-1.19277e-07
-1.19278e-07
-1.19279e-07
-1.1928e-07
-1.19281e-07
-1.19283e-07
-1.19284e-07
-1.19285e-07
-1.19286e-07
-1.19287e-07
-1.19289e-07
-1.1929e-07
-1.19291e-07
-1.19292e-07
-1.19294e-07
-1.19295e-07
-1.19296e-07
-1.19297e-07
-1.19298e-07
-1.193e-07
-1.19301e-07
-1.19302e-07
-1.19303e-07
-1.19304e-07
-1.19306e-07
-1.19307e-07
-1.19308e-07
-1.19309e-07
-1.1931e-07
-1.19312e-07
-1.19313e-07
-1.19314e-07
-1.19315e-07
-1.19316e-07
-1.19318e-07
-1.19319e-07
-1.1932e-07
-1.19321e-07
-1.19322e-07
-1.19324e-07
-1.19325e-07
-1.19326e-07
-1.19327e-07
-1.19328e-07
-1.1933e-07
-1.19331e-07
-1.19332e-07
-1.19333e-07
-1.19334e-07
-1.19336e-07
-1.19337e-07
-1.19338e-07
-1.19339e-07
-1.1934e-07
-1.19342e-07
-1.19343e-07
-1.19344e-07
-1.19345e-07
-1.19346e-07
-1.19348e-07
-1.19349e-07
-1.1935e-07
-1.19351e-07
-1.19352e-07
-1.19354e-07
-1.19355e-07
-1.19356e-07
-1.19357e-07
-1.19358e-07
-1.19359e-07
-1.19361e-07
-1.19362e-07
-1.19363e-07
-1.19364e-07
-1.19365e-07
-1.19367e-07
-1.19368e-07
-1.19369e-07
-1.1937e-07
-1.19371e-07
-1.19373e-07
-1.19374e-07
-1.19375e-07
-1.19376e-07
-1.19377e-07
-1.19378e-07
-1.1938e-07
-1.19381e-07
-1.19382e-07
-1.19383e-07
-1.19384e-07
-1.19386e-07
-1.19387e-07
-1.19388e-07
-1.19389e-07
-1.1939e-07
-1.19391e-07
-1.19393e-07
-1.19394e-07
-1.19395e-07
-1.19396e-07
-1.19397e-07
-1.19398e-07
-1.194e-07
-1.19401e-07
-1.19402e-07
-1.19403e-07
-1.19404e-07
-1.19406e-07
-1.19407e-07
-1.19408e-07
-1.19409e-07
-1.1941e-07
-1.19411e-07
-1.19413e-07
-1.19414e-07
-1.19415e-07
-1.19416e-07
-1.19417e-07
-1.19418e-07
-1.1942e-07
-1.19421e-07
-1.19422e-07
-1.19423e-07
-1.19424e-07
-1.19425e-07
-1.19427e-07
-1.19428e-07
-1.19429e-07
-1.1943e-07
-1.19431e-07
-1.19432e-07
-1.19434e-07
-1.19435e-07
-1.19436e-07
-1.19437e-07
-1.19438e-07
-1.19439e-07
-1.19441e-07
-1.19442e-07
-1.19443e-07
-1.19444e-07
-1.19445e-07
-1.19446e-07
-1.19448e-07
-1.19449e-07
-1.1945e-07
-1.19451e-07
-1.19452e-07
-1.19453e-07
-1.19455e-07
-1.19456e-07
-1.19457e-07
-1.19458e-07
-1.19459e-07
-1.1946e-07
-1.19461e-07
-1.19463e-07
-1.19464e-07
-1.19465e-07
-1.19466e-07
-1.19467e-07
-1.19468e-07
-1.1947e-07
-1.19471e-07
-1.19472e-07
-1.19473e-07
-1.19474e-07
-1.19475e-07
-1.19477e-07
-1.19478e-07
-1.19479e-07
-1.1948e-07
-1.19481e-07
-1.19482e-07
-1.19483e-07
-1.19485e-07
-1.19486e-07
-1.19487e-07
-1.19488e-07
-1.19489e-07
-1.1949e-07
-1.19491e-07
-1.19493e-07
-1.19494e-07
-1.19495e-07
-1.19496e-07
-1.19497e-07
-1.19498e-07
-1.195e-07
-1.19501e-07
-1.19502e-07
-1.19503e-07
-1.19504e-07
-1.19505e-07
-1.19506e-07
-1.19508e-07
-1.19509e-07
-1.1951e-07
-1.19511e-07
-1.19512e-07
-1.19513e-07
-1.19514e-07
-1.19516e-07
-1.19517e-07
-1.19518e-07
-1.19519e-07
-1.1952e-07
-1.19521e-07
-1.19522e-07
-1.19524e-07
-1.19525e-07
-1.19526e-07
-1.19527e-07
-1.19528e-07
-1.19529e-07
-1.1953e-07
-1.19532e-07
-1.19533e-07
-1.19534e-07
-1.19535e-07
-1.19536e-07
-1.19537e-07
-1.19538e-07
-1.1954e-07
-1.19541e-07
-1.19542e-07
-1.19543e-07
-1.19544e-07
-1.19545e-07
-1.19546e-07
-1.19548e-07
-1.19549e-07
-1.1955e-07
-1.19551e-07
-1.19552e-07
-1.19553e-07
-1.19554e-07
-1.19556e-07
-1.19557e-07
-1.19558e-07
-1.19559e-07
-1.1956e-07
-1.19561e-07
-1.19562e-07
-1.19564e-07
-1.19565e-07
-1.19566e-07
-1.19567e-07
-1.19568e-07
-1.19569e-07
-1.1957e-07
-1.19571e-07
-1.19573e-07
-1.19574e-07
-1.19575e-07
-1.19576e-07
-1.19577e-07
-1.19578e-07
-1.19579e-07
-1.19581e-07
-1.19582e-07
-1.19583e-07
-1.19584e-07
-1.19585e-07
-1.19586e-07
-1.19587e-07
-1.19588e-07
-1.1959e-07
-1.19591e-07
-1.19592e-07
-1.19593e-07
-1.19594e-07
-1.19595e-07
-1.19596e-07
-1.19597e-07
-1.19599e-07
-1.196e-07
-1.19601e-07
-1.19602e-07
-1.19603e-07
-1.19604e-07
-1.19605e-07
-1.19607e-07
-1.19608e-07
-1.19609e-07
-1.1961e-07
-1.19611e-07
-1.19612e-07
-1.19613e-07
-1.19614e-07
-1.19616e-07
-1.19617e-07
-1.19618e-07
-1.19619e-07
-1.1962e-07
-1.19621e-07
-1.19622e-07
-1.19623e-07
-1.19625e-07
-1.19626e-07
-1.19627e-07
-1.19628e-07
-1.19629e-07
-1.1963e-07
-1.19631e-07
-1.19632e-07
-1.19634e-07
-1.19635e-07
-1.19636e-07
-1.19637e-07
-1.19638e-07
-1.19639e-07
-1.1964e-07
-1.19641e-07
-1.19643e-07
-1.19644e-07
-1.19645e-07
-1.19646e-07
-1.19647e-07
-1.19648e-07
-1.19649e-07
-1.1965e-07
-1.19652e-07
-1.19653e-07
-1.19654e-07
-1.19655e-07
-1.19656e-07
-1.19657e-07
-1.19658e-07
-1.19659e-07
-1.1966e-07
-1.19662e-07
-1.19663e-07
-1.19664e-07
-1.19665e-07
-1.19666e-07
-1.19667e-07
-1.19668e-07
-1.19669e-07
-1.19671e-07
-1.19672e-07
-1.19673e-07
-1.19674e-07
-1.19675e-07
-1.19676e-07
-1.19677e-07
-1.19678e-07
-1.19679e-07
-1.19681e-07
-1.19682e-07
-1.19683e-07
-1.19684e-07
-1.19685e-07
-1.19686e-07
-1.19687e-07
-1.19688e-07
-1.1969e-07
-1.19691e-07
-1.19692e-07
-1.19693e-07
-1.19694e-07
-1.19695e-07
-1.19696e-07
-1.19697e-07
-1.19698e-07
-1.197e-07
-1.19701e-07
-1.19702e-07
-1.19703e-07
-1.19704e-07
-1.19705e-07
-1.19706e-07
-1.19707e-07
-1.19708e-07
-1.1971e-07
-1.19711e-07
-1.19712e-07
-1.19713e-07
-1.19714e-07
-1.19715e-07
-1.19716e-07
-1.19717e-07
-1.19719e-07
-1.1972e-07
-1.19721e-07
-1.19722e-07
-1.19723e-07
-1.19724e-07
-1.19725e-07
-1.19726e-07
-1.19727e-07
-1.19729e-07
-1.1973e-07
-1.19731e-07
-1.19732e-07
-1.19733e-07
-1.19734e-07
-1.19735e-07
-1.19736e-07
-1.19737e-07
-1.19738e-07
-1.1974e-07
-1.19741e-07
-1.19742e-07
-1.19743e-07
-1.19744e-07
-1.19745e-07
-1.19746e-07
-1.19747e-07
-1.19748e-07
-1.1975e-07
-1.19751e-07
-1.19752e-07
-1.19753e-07
-1.19754e-07
-1.19755e-07
-1.19756e-07
-1.19757e-07
-1.19758e-07
-1.1976e-07
-1.19761e-07
-1.19762e-07
-1.19763e-07
-1.19764e-07
-1.19765e-07
-1.19766e-07
-1.19767e-07
-1.19768e-07
-1.1977e-07
-1.19771e-07
-1.19772e-07
-1.19773e-07
-1.19774e-07
-1.19775e-07
-1.19776e-07
-1.19777e-07
-1.19778e-07
-1.19779e-07
-1.19781e-07
-1.19782e-07
-1.19783e-07
-1.19784e-07
-1.19785e-07
-1.19786e-07
-1.19787e-07
-1.19788e-07
-1.19789e-07
-1.19791e-07
-1.19792e-07
-1.19793e-07
-1.19794e-07
-1.19795e-07
-1.19796e-07
-1.19797e-07
-1.19798e-07
-1.19799e-07
-1.198e-07
-1.19802e-07
-1.19803e-07
-1.19804e-07
-1.19805e-07
-1.19806e-07
-1.19807e-07
-1.19808e-07
-1.19809e-07
-1.1981e-07
-1.19811e-07
-1.19813e-07
-1.19814e-07
-1.19815e-07
-1.19816e-07
-1.19817e-07
-1.19818e-07
-1.19819e-07
-1.1982e-07
-1.19821e-07
-1.19822e-07
-1.19824e-07
-1.19825e-07
-1.19826e-07
-1.19827e-07
-1.19828e-07
-1.19829e-07
-1.1983e-07
-1.19831e-07
-1.19832e-07
-1.19833e-07
-1.19835e-07
-1.19836e-07
-1.19837e-07
-1.19838e-07
-1.19839e-07
-1.1984e-07
-1.19841e-07
-1.19842e-07
-1.19843e-07
-1.19844e-07
-1.19846e-07
-1.19847e-07
-1.19848e-07
-1.19849e-07
-1.1985e-07
-1.19851e-07
-1.19852e-07
-1.19853e-07
-1.19854e-07
-1.19855e-07
-1.19857e-07
-1.19858e-07
-1.19859e-07
-1.1986e-07
-1.19861e-07
-1.19862e-07
-1.19863e-07
-1.19864e-07
-1.19865e-07
-1.19866e-07
-1.19867e-07
-1.19869e-07
-1.1987e-07
-1.19871e-07
-1.19872e-07
-1.19873e-07
-1.19874e-07
-1.19875e-07
-1.19876e-07
-1.19877e-07
-1.19878e-07
-1.1988e-07
-1.19881e-07
-1.19882e-07
-1.19883e-07
-1.19884e-07
-1.19885e-07
-1.19886e-07
-1.19887e-07
-1.19888e-07
-1.19889e-07
-1.1989e-07
-1.19892e-07
-1.19893e-07
-1.19894e-07
-1.19895e-07
-1.19896e-07
-1.19897e-07
-1.19898e-07
-1.19899e-07
-1.199e-07
-1.19901e-07
-1.19903e-07
-1.19904e-07
-1.19905e-07
-1.19906e-07
-1.19907e-07
-1.19908e-07
-1.19909e-07
-1.1991e-07
-1.19911e-07
-1.19912e-07
-1.19913e-07
-1.19915e-07
-1.19916e-07
-1.19917e-07
-1.19918e-07
-1.19919e-07
-1.1992e-07
-1.19921e-07
-1.19922e-07
-1.19923e-07
-1.19924e-07
-1.19925e-07
-1.19927e-07
-1.19928e-07
-1.19929e-07
-1.1993e-07
-1.19931e-07
-1.19932e-07
-1.19933e-07
-1.19934e-07
-1.19935e-07
-1.19936e-07
-1.19937e-07
-1.19939e-07
-1.1994e-07
-1.19941e-07
-1.19942e-07
-1.19943e-07
-1.19944e-07
-1.19945e-07
-1.19946e-07
-1.19947e-07
-1.19948e-07
-1.19949e-07
-1.19951e-07
-1.19952e-07
-1.19953e-07
-1.19954e-07
-1.19955e-07
-1.19956e-07
-1.19957e-07
-1.19958e-07
-1.19959e-07
-1.1996e-07
-1.19961e-07
-1.19963e-07
-1.19964e-07
-1.19965e-07
-1.19966e-07
-1.19967e-07
-1.19968e-07
-1.19969e-07
-1.1997e-07
-1.19971e-07
-1.19972e-07
-1.19973e-07
-1.19974e-07
-1.19976e-07
-1.19977e-07
-1.19978e-07
-1.19979e-07
-1.1998e-07
-1.19981e-07
-1.19982e-07
-1.19983e-07
-1.19984e-07
-1.19985e-07
-1.19986e-07
-1.19988e-07
-1.19989e-07
-1.1999e-07
-1.19991e-07
-1.19992e-07
-1.19993e-07
-1.19994e-07
-1.19995e-07
-1.19996e-07
-1.19997e-07
-1.19998e-07
-1.19999e-07
-1.20001e-07
-1.20002e-07
-1.20003e-07
-1.20004e-07
-1.20005e-07
-1.20006e-07
-1.20007e-07
-1.20008e-07
-1.20009e-07
-1.2001e-07
-1.20011e-07
-1.20013e-07
-1.20014e-07
-1.20015e-07
-1.20016e-07
-1.20017e-07
-1.20018e-07
-1.20019e-07
-1.2002e-07
-1.20021e-07
-1.20022e-07
-1.20023e-07
-1.20024e-07
-1.20026e-07
-1.20027e-07
-1.20028e-07
-1.20029e-07
-1.2003e-07
-1.20031e-07
-1.20032e-07
-1.20033e-07
-1.20034e-07
-1.20035e-07
-1.20036e-07
-1.20037e-07
-1.20039e-07
-1.2004e-07
-1.20041e-07
-1.20042e-07
-1.20043e-07
-1.20044e-07
-1.20045e-07
-1.20046e-07
-1.20047e-07
-1.20048e-07
-4.37342e-06
-9.22071e-06
-1.33064e-05
-1.63606e-05
-1.84647e-05
-1.97871e-05
-2.04983e-05
-2.07463e-05
-2.06526e-05
-2.03138e-05
-1.98067e-05
-1.91906e-05
-1.85111e-05
-1.78022e-05
-1.709e-05
-1.63934e-05
-1.57254e-05
-1.50945e-05
-1.45059e-05
-1.39622e-05
-1.3464e-05
-1.30113e-05
-1.2603e-05
-1.22372e-05
-1.19113e-05
-1.16229e-05
-1.1369e-05
-1.11469e-05
-1.09537e-05
-1.07868e-05
-1.06437e-05
-1.0522e-05
-1.04199e-05
-1.03353e-05
-1.02673e-05
-1.02148e-05
-1.01771e-05
-1.01532e-05
-1.01425e-05
-1.01442e-05
-1.01578e-05
-1.01824e-05
-1.02178e-05
-1.02633e-05
-1.03188e-05
-1.03839e-05
-1.04585e-05
-1.05424e-05
-1.06357e-05
-1.07385e-05
-1.08513e-05
-1.09754e-05
-1.11117e-05
-1.12613e-05
-1.1425e-05
-1.16039e-05
-1.1799e-05
-1.20114e-05
-1.22423e-05
-1.24931e-05
-1.27653e-05
-1.30606e-05
-1.33828e-05
-1.37362e-05
-1.41253e-05
-1.45545e-05
-1.5029e-05
-1.55544e-05
-1.61373e-05
-1.67889e-05
-1.75215e-05
-1.83487e-05
-1.92858e-05
-2.03555e-05
-2.15866e-05
-2.30118e-05
-2.46788e-05
-2.66466e-05
-2.89988e-05
-3.18458e-05
-3.53522e-05
-3.97609e-05
-4.54488e-05
-5.30567e-05
-6.37734e-05
-8.02111e-05
-0.000109754
-0.000179133
-0.000316953
-0.000446225
-0.000471693
-0.000442658
-0.000393565
-0.000336327
-0.000273937
-0.000209708
-0.000150022
-0.000101679
-6.76914e-05
-4.64069e-05
-3.40078e-05
-2.70098e-05
-2.31385e-05
-2.11445e-05
-2.03902e-05
-2.05471e-05
-2.14317e-05
-2.29274e-05
-2.49486e-05
-2.74241e-05
-3.029e-05
-3.34859e-05
-3.69541e-05
-4.06392e-05
-4.44883e-05
-4.84517e-05
-5.24834e-05
-5.65416e-05
-6.05889e-05
-6.45926e-05
-6.85248e-05
-7.23619e-05
-7.6085e-05
-7.96794e-05
-8.31339e-05
-8.64411e-05
-8.95966e-05
-9.25986e-05
-9.54474e-05
-9.81459e-05
-0.000100698
-0.00010311
-0.000105389
-0.000107542
-0.000109577
-0.000111506
-0.000113337
-0.000115082
-0.000116751
-0.000118358
-0.000119915
-0.000121436
-0.000122936
-0.000124432
-0.000125939
-0.000127479
-0.000129072
-0.000130741
-0.000132514
-0.000134415
-0.000136475
-0.000138725
-0.000141202
-0.000143942
-0.00014698
-0.000150351
-0.000154087
-0.000158214
-0.000162747
-0.000167682
-0.000172981
-0.000178573
-0.000184332
-0.000190064
-0.000195497
-0.000200292
-0.000204057
-0.000206385
-0.000206918
-0.00020539
-0.000201683
-0.000195791
-0.000187826
-0.000177966
-0.00016641
-0.000153359
-0.000139017
-0.000123608
-0.000107423
-9.08624e-05
-7.44482e-05
-5.88345e-05
-4.47025e-05
-3.26398e-05
-2.29732e-05
-1.56953e-05
-1.051e-05
-6.97434e-06
-4.63487e-06
-3.111e-06
-2.12066e-06
-1.47087e-06
-1.03641e-06
-7.38387e-07
-5.27804e-07
-3.74314e-07
-2.59032e-07
-1.70059e-07
-9.97599e-08
-4.31212e-08
3.23917e-09
4.16713e-08
7.38576e-08
1.01039e-07
1.24153e-07
1.4393e-07
1.60943e-07
1.75655e-07
1.88441e-07
1.99611e-07
2.0942e-07
2.18081e-07
2.25773e-07
2.32646e-07
2.38826e-07
2.44419e-07
2.49516e-07
2.54194e-07
2.58516e-07
2.62538e-07
2.66306e-07
2.69861e-07
2.73235e-07
2.76458e-07
2.79554e-07
2.82543e-07
2.85443e-07
2.8827e-07
2.91035e-07
2.9375e-07
2.96424e-07
2.99065e-07
3.01679e-07
3.04272e-07
3.0685e-07
3.09416e-07
3.11973e-07
3.14525e-07
3.17074e-07
3.19622e-07
3.22171e-07
3.24723e-07
3.27278e-07
3.29839e-07
3.32405e-07
3.34978e-07
3.37558e-07
3.40146e-07
3.42743e-07
3.45348e-07
3.47962e-07
3.50585e-07
3.53217e-07
3.55859e-07
3.5851e-07
3.61172e-07
3.63843e-07
3.66523e-07
3.69214e-07
3.71914e-07
3.74624e-07
3.77344e-07
3.80073e-07
3.82812e-07
3.85561e-07
3.88319e-07
3.91086e-07
3.93862e-07
3.96648e-07
3.99443e-07
4.02247e-07
4.0506e-07
4.07881e-07
4.10711e-07
4.13549e-07
4.16396e-07
4.19251e-07
4.22115e-07
4.24986e-07
4.27865e-07
4.30751e-07
4.33646e-07
4.36547e-07
4.39456e-07
4.42372e-07
4.45295e-07
4.48225e-07
4.51161e-07
4.54104e-07
4.57053e-07
4.60008e-07
4.6297e-07
4.65937e-07
4.68909e-07
4.71888e-07
4.74871e-07
4.7786e-07
4.80854e-07
4.83853e-07
4.86856e-07
4.89864e-07
4.92876e-07
4.95892e-07
4.98912e-07
5.01935e-07
5.04963e-07
5.07993e-07
5.11027e-07
5.14064e-07
5.17104e-07
5.20146e-07
5.23191e-07
5.26238e-07
5.29288e-07
5.32339e-07
5.35392e-07
5.38446e-07
5.41501e-07
5.44558e-07
5.47616e-07
5.50674e-07
5.53733e-07
5.56793e-07
5.59852e-07
5.62912e-07
5.65971e-07
5.6903e-07
5.72088e-07
5.75145e-07
5.78202e-07
5.81257e-07
5.8431e-07
5.87363e-07
5.90413e-07
5.93462e-07
5.96508e-07
5.99552e-07
6.02593e-07
6.05632e-07
6.08668e-07
6.117e-07
6.1473e-07
6.17755e-07
6.20777e-07
6.23796e-07
6.2681e-07
6.2982e-07
6.32825e-07
6.35826e-07
6.38822e-07
6.41813e-07
6.44799e-07
6.47779e-07
6.50754e-07
6.53723e-07
6.56687e-07
6.59644e-07
6.62595e-07
6.65539e-07
6.68477e-07
6.71408e-07
6.74332e-07
6.77249e-07
6.80159e-07
6.83061e-07
6.85956e-07
6.88843e-07
6.91721e-07
6.94592e-07
6.97455e-07
7.00308e-07
7.03154e-07
7.0599e-07
7.08818e-07
7.11636e-07
7.14446e-07
7.17246e-07
7.20036e-07
7.22817e-07
7.25587e-07
7.28348e-07
7.31099e-07
7.33839e-07
7.36569e-07
7.39289e-07
7.41998e-07
7.44696e-07
7.47383e-07
7.50059e-07
7.52723e-07
7.55377e-07
7.58019e-07
7.60649e-07
7.63268e-07
7.65874e-07
7.68469e-07
7.71052e-07
7.73622e-07
7.76181e-07
7.78726e-07
7.8126e-07
7.8378e-07
7.86288e-07
7.88783e-07
7.91265e-07
7.93734e-07
7.9619e-07
7.98632e-07
8.01062e-07
8.03477e-07
8.0588e-07
8.08268e-07
8.10643e-07
8.13004e-07
8.15351e-07
8.17684e-07
8.20003e-07
8.22308e-07
8.24599e-07
8.26876e-07
8.29138e-07
8.31385e-07
8.33618e-07
8.35837e-07
8.3804e-07
8.4023e-07
8.42404e-07
8.44563e-07
8.46708e-07
8.48837e-07
8.50952e-07
8.53051e-07
8.55135e-07
8.57204e-07
8.59258e-07
8.61297e-07
8.6332e-07
8.65327e-07
8.6732e-07
8.69296e-07
8.71258e-07
8.73203e-07
8.75133e-07
8.77048e-07
8.78946e-07
8.80829e-07
8.82696e-07
8.84548e-07
8.86383e-07
8.88203e-07
8.90007e-07
8.91795e-07
8.93567e-07
8.95323e-07
8.97063e-07
8.98787e-07
9.00495e-07
9.02187e-07
9.03863e-07
9.05522e-07
9.07166e-07
9.08794e-07
9.10405e-07
9.12001e-07
9.1358e-07
9.15143e-07
9.1669e-07
9.1822e-07
9.19735e-07
9.21233e-07
9.22716e-07
9.24182e-07
9.25631e-07
9.27065e-07
9.28483e-07
9.29884e-07
9.31269e-07
9.32638e-07
9.33991e-07
9.35327e-07
9.36648e-07
9.37952e-07
9.3924e-07
9.40513e-07
9.41769e-07
9.43008e-07
9.44232e-07
9.4544e-07
9.46631e-07
9.47807e-07
9.48967e-07
9.5011e-07
9.51238e-07
9.52349e-07
9.53445e-07
9.54524e-07
9.55588e-07
9.56636e-07
9.57668e-07
9.58684e-07
9.59684e-07
9.60669e-07
9.61638e-07
9.62591e-07
9.63528e-07
9.64449e-07
9.65355e-07
9.66246e-07
9.67122e-07
9.67983e-07
9.68829e-07
9.6966e-07
9.70477e-07
9.71278e-07
9.72065e-07
9.72837e-07
9.73594e-07
9.74335e-07
9.75062e-07
9.75774e-07
9.76471e-07
9.77153e-07
9.7782e-07
9.78472e-07
9.79109e-07
9.79731e-07
9.80337e-07
9.80929e-07
9.81506e-07
9.82067e-07
9.82609e-07
9.83133e-07
9.83639e-07
9.84127e-07
9.84598e-07
9.85051e-07
9.85487e-07
9.85906e-07
9.86309e-07
9.86697e-07
9.87069e-07
9.87426e-07
9.87769e-07
9.88096e-07
9.88409e-07
9.88708e-07
9.88992e-07
9.89263e-07
9.89519e-07
9.89761e-07
9.8999e-07
9.90204e-07
9.90405e-07
9.90592e-07
9.90766e-07
9.90926e-07
9.91072e-07
9.91205e-07
9.91324e-07
9.91429e-07
9.91521e-07
9.916e-07
9.91665e-07
9.91717e-07
9.91755e-07
9.91781e-07
9.91792e-07
9.91791e-07
9.91777e-07
9.91749e-07
9.91708e-07
9.91655e-07
9.91588e-07
9.91508e-07
9.91416e-07
9.9131e-07
9.91192e-07
9.91061e-07
9.90917e-07
9.9076e-07
9.90591e-07
9.90409e-07
9.90215e-07
9.90009e-07
9.89789e-07
9.89558e-07
9.89314e-07
9.89058e-07
9.8879e-07
9.88509e-07
9.88217e-07
9.87912e-07
9.87596e-07
9.87267e-07
9.86927e-07
9.86575e-07
9.86211e-07
9.85835e-07
9.85448e-07
9.85049e-07
9.84638e-07
9.84216e-07
9.83783e-07
9.83338e-07
9.82882e-07
9.82414e-07
9.81935e-07
9.81446e-07
9.80945e-07
9.80433e-07
9.7991e-07
9.79376e-07
9.78831e-07
9.78275e-07
9.77709e-07
9.77132e-07
9.76544e-07
9.75945e-07
9.75336e-07
9.74717e-07
9.74087e-07
9.73447e-07
9.72796e-07
9.72135e-07
9.71464e-07
9.70783e-07
9.70092e-07
9.69391e-07
9.68679e-07
9.67958e-07
9.67227e-07
9.66486e-07
9.65736e-07
9.64975e-07
9.64205e-07
9.63426e-07
9.62637e-07
9.61838e-07
9.61031e-07
9.60213e-07
9.59387e-07
9.58551e-07
9.57706e-07
9.56852e-07
9.55989e-07
9.55117e-07
9.54235e-07
9.53345e-07
9.52447e-07
9.51539e-07
9.50623e-07
9.49698e-07
9.48764e-07
9.47822e-07
9.46871e-07
9.45912e-07
9.44944e-07
9.43969e-07
9.42984e-07
9.41992e-07
9.40993e-07
9.39986e-07
9.38973e-07
9.37953e-07
9.36927e-07
9.35895e-07
9.34855e-07
9.3381e-07
9.32757e-07
9.31698e-07
9.30633e-07
9.29561e-07
9.28481e-07
9.27396e-07
9.26303e-07
9.25203e-07
9.24097e-07
9.22982e-07
9.21855e-07
9.20714e-07
9.1956e-07
9.1839e-07
9.17206e-07
9.16008e-07
9.14796e-07
9.13572e-07
9.12336e-07
9.11088e-07
9.09831e-07
9.08563e-07
9.07287e-07
9.06002e-07
9.0471e-07
9.0341e-07
9.02103e-07
9.00789e-07
8.99469e-07
8.98143e-07
8.96811e-07
8.95473e-07
8.9413e-07
8.92781e-07
8.91427e-07
8.90068e-07
8.88704e-07
8.87335e-07
8.85961e-07
8.84581e-07
8.83197e-07
8.81808e-07
8.80414e-07
8.79016e-07
8.77612e-07
8.76204e-07
8.74791e-07
8.73373e-07
8.7195e-07
8.70523e-07
8.69091e-07