0
-1.90845e-06
-3.71733e-06
-5.38796e-06
-6.92984e-06
-8.35315e-06
-9.66722e-06
-1.08806e-05
-1.2001e-05
-1.30357e-05
-1.39911e-05
-1.48732e-05
-1.56877e-05
-1.64394e-05
-1.71331e-05
-1.77731e-05
-1.83633e-05
-1.89075e-05
-1.94091e-05
-1.98711e-05
-2.02965e-05
-2.0688e-05
-2.10481e-05
-2.1379e-05
-2.1683e-05
-2.19619e-05
-2.22176e-05
-2.24519e-05
-2.26663e-05
-2.28622e-05
-2.30411e-05
-2.32041e-05
-2.33525e-05
-2.34873e-05
-2.36095e-05
-2.372e-05
-2.38198e-05
-2.39096e-05
-2.39902e-05
-2.40622e-05
-2.41263e-05
-2.41831e-05
-2.42331e-05
-2.42769e-05
-2.43149e-05
-2.43475e-05
-2.43753e-05
-2.43985e-05
-2.44175e-05
-2.44326e-05
-2.44441e-05
-2.44524e-05
-2.44576e-05
-2.44601e-05
-2.446e-05
-2.44575e-05
-2.44529e-05
-2.44463e-05
-2.44379e-05
-2.44278e-05
-2.44162e-05
-2.44032e-05
-2.4389e-05
-2.43736e-05
-2.43571e-05
-2.43397e-05
-2.43215e-05
-2.43024e-05
-2.42827e-05
-2.42623e-05
-2.42414e-05
-2.422e-05
-2.41981e-05
-2.41758e-05
-2.41532e-05
-2.41303e-05
-2.41071e-05
-2.40837e-05
-2.40601e-05
-2.40364e-05
-2.40125e-05
-2.39886e-05
-2.39645e-05
-2.39404e-05
-2.39163e-05
-2.38922e-05
-2.38681e-05
-2.3844e-05
-2.38199e-05
-2.37959e-05
-2.3772e-05
-2.37481e-05
-2.37244e-05
-2.37007e-05
-2.36771e-05
-2.36536e-05
-2.36303e-05
-2.36071e-05
-2.3584e-05
-2.35611e-05
-2.35383e-05
-2.35156e-05
-2.34931e-05
-2.34707e-05
-2.34485e-05
-2.34265e-05
-2.34046e-05
-2.33828e-05
-2.33613e-05
-2.33399e-05
-2.33186e-05
-2.32975e-05
-2.32766e-05
-2.32558e-05
-2.32352e-05
-2.32148e-05
-2.31946e-05
-2.31745e-05
-2.31545e-05
-2.31347e-05
-2.31151e-05
-2.30957e-05
-2.30764e-05
-2.30572e-05
-2.30382e-05
-2.30194e-05
-2.30008e-05
-2.29822e-05
-2.29639e-05
-2.29457e-05
-2.29276e-05
-2.29097e-05
-2.28919e-05
-2.28743e-05
-2.28569e-05
-2.28395e-05
-2.28223e-05
-2.28053e-05
-2.27884e-05
-2.27716e-05
-2.2755e-05
-2.27385e-05
-2.27222e-05
-2.27059e-05
-2.26898e-05
-2.26739e-05
-2.2658e-05
-2.26423e-05
-2.26267e-05
-2.26113e-05
-2.25959e-05
-2.25807e-05
-2.25656e-05
-2.25506e-05
-2.25358e-05
-2.2521e-05
-2.25064e-05
-2.24919e-05
-2.24775e-05
-2.24632e-05
-2.2449e-05
-2.24349e-05
-2.2421e-05
-2.24071e-05
-2.23933e-05
-2.23797e-05
-2.23661e-05
-2.23527e-05
-2.23393e-05
-2.23261e-05
-2.23129e-05
-2.22999e-05
-2.22869e-05
-2.22741e-05
-2.22613e-05
-2.22486e-05
-2.22361e-05
-2.22236e-05
-2.22112e-05
-2.21989e-05
-2.21866e-05
-2.21745e-05
-2.21625e-05
-2.21505e-05
-2.21386e-05
-2.21268e-05
-2.21151e-05
-2.21035e-05
-2.20919e-05
-2.20805e-05
-2.20691e-05
-2.20578e-05
-2.20465e-05
-2.20354e-05
-2.20243e-05
-2.20133e-05
-2.20024e-05
-2.19915e-05
-2.19808e-05
-2.19701e-05
-2.19594e-05
-2.19489e-05
-2.19384e-05
-2.19279e-05
-2.19176e-05
-2.19073e-05
-2.18971e-05
-2.18869e-05
-2.18769e-05
-2.18669e-05
-2.18569e-05
-2.1847e-05
-2.18372e-05
-2.18274e-05
-2.18178e-05
-2.18081e-05
-2.17986e-05
-2.1789e-05
-2.17796e-05
-2.17702e-05
-2.17609e-05
-2.17516e-05
-2.17424e-05
-2.17333e-05
-2.17242e-05
-2.17151e-05
-2.17062e-05
-2.16972e-05
-2.16884e-05
-2.16796e-05
-2.16708e-05
-2.16621e-05
-2.16535e-05
-2.16449e-05
-2.16363e-05
-2.16279e-05
-2.16194e-05
-2.1611e-05
-2.16027e-05
-2.15944e-05
-2.15862e-05
-2.1578e-05
-2.15699e-05
-2.15618e-05
-2.15538e-05
-2.15458e-05
-2.15378e-05
-2.153e-05
-2.15221e-05
-2.15143e-05
-2.15066e-05
-2.14989e-05
-2.14912e-05
-2.14836e-05
-2.1476e-05
-2.14685e-05
-2.1461e-05
-2.14536e-05
-2.14462e-05
-2.14389e-05
-2.14316e-05
-2.14243e-05
-2.14171e-05
-2.14099e-05
-2.14028e-05
-2.13957e-05
-2.13887e-05
-2.13817e-05
-2.13747e-05
-2.13678e-05
-2.13609e-05
-2.1354e-05
-2.13472e-05
-2.13405e-05
-2.13337e-05
-2.1327e-05
-2.13204e-05
-2.13138e-05
-2.13072e-05
-2.13007e-05
-2.12942e-05
-2.12877e-05
-2.12813e-05
-2.12749e-05
-2.12685e-05
-2.12622e-05
-2.12559e-05
-2.12497e-05
-2.12435e-05
-2.12373e-05
-2.12311e-05
-2.1225e-05
-2.12189e-05
-2.12129e-05
-2.12069e-05
-2.12009e-05
-2.1195e-05
-2.11891e-05
-2.11832e-05
-2.11774e-05
-2.11716e-05
-2.11658e-05
-2.116e-05
-2.11543e-05
-2.11487e-05
-2.1143e-05
-2.11374e-05
-2.11318e-05
-2.11263e-05
-2.11207e-05
-2.11152e-05
-2.11098e-05
-2.11043e-05
-2.10989e-05
-2.10936e-05
-2.10882e-05
-2.10829e-05
-2.10776e-05
-2.10724e-05
-2.10671e-05
-2.10619e-05
-2.10568e-05
-2.10516e-05
-2.10465e-05
-2.10414e-05
-2.10364e-05
-2.10313e-05
-2.10263e-05
-2.10213e-05
-2.10164e-05
-2.10115e-05
-2.10066e-05
-2.10017e-05
-2.09969e-05
-2.0992e-05
-2.09873e-05
-2.09825e-05
-2.09778e-05
-2.0973e-05
-2.09684e-05
-2.09637e-05
-2.0959e-05
-2.09544e-05
-2.09498e-05
-2.09453e-05
-2.09407e-05
-2.09362e-05
-2.09317e-05
-2.09273e-05
-2.09228e-05
-2.09184e-05
-2.0914e-05
-2.09096e-05
-2.09053e-05
-2.0901e-05
-2.08967e-05
-2.08924e-05
-2.08881e-05
-2.08839e-05
-2.08797e-05
-2.08755e-05
-2.08713e-05
-2.08672e-05
-2.08631e-05
-2.0859e-05
-2.08549e-05
-2.08508e-05
-2.08468e-05
-2.08428e-05
-2.08388e-05
-2.08348e-05
-2.08309e-05
-2.0827e-05
-2.0823e-05
-2.08192e-05
-2.08153e-05
-2.08114e-05
-2.08076e-05
-2.08038e-05
-2.08e-05
-2.07963e-05
-2.07925e-05
-2.07888e-05
-2.07851e-05
-2.07814e-05
-2.07777e-05
-2.07741e-05
-2.07705e-05
-2.07669e-05
-2.07633e-05
-2.07597e-05
-2.07561e-05
-2.07526e-05
-2.07491e-05
-2.07456e-05
-2.07421e-05
-2.07387e-05
-2.07352e-05
-2.07318e-05
-2.07284e-05
-2.0725e-05
-2.07216e-05
-2.07183e-05
-2.07149e-05
-2.07116e-05
-2.07083e-05
-2.0705e-05
-2.07018e-05
-2.06985e-05
-2.06953e-05
-2.06921e-05
-2.06889e-05
-2.06857e-05
-2.06826e-05
-2.06794e-05
-2.06763e-05
-2.06732e-05
-2.06701e-05
-2.0667e-05
-2.06639e-05
-2.06609e-05
-2.06578e-05
-2.06548e-05
-2.06518e-05
-2.06488e-05
-2.06459e-05
-2.06429e-05
-2.064e-05
-2.0637e-05
-2.06341e-05
-2.06312e-05
-2.06284e-05
-2.06255e-05
-2.06227e-05
-2.06198e-05
-2.0617e-05
-2.06142e-05
-2.06114e-05
-2.06086e-05
-2.06059e-05
-2.06031e-05
-2.06004e-05
-2.05977e-05
-2.0595e-05
-2.05923e-05
-2.05896e-05
-2.0587e-05
-2.05843e-05
-2.05817e-05
-2.05791e-05
-2.05765e-05
-2.05739e-05
-2.05713e-05
-2.05687e-05
-2.05662e-05
-2.05636e-05
-2.05611e-05
-2.05586e-05
-2.05561e-05
-2.05536e-05
-2.05511e-05
-2.05487e-05
-2.05462e-05
-2.05438e-05
-2.05414e-05
-2.0539e-05
-2.05366e-05
-2.05342e-05
-2.05318e-05
-2.05295e-05
-2.05271e-05
-2.05248e-05
-2.05225e-05
-2.05202e-05
-2.05179e-05
-2.05156e-05
-2.05133e-05
-2.0511e-05
-2.05088e-05
-2.05065e-05
-2.05043e-05
-2.05021e-05
-2.04999e-05
-2.04977e-05
-2.04955e-05
-2.04934e-05
-2.04912e-05
-2.04891e-05
-2.04869e-05
-2.04848e-05
-2.04827e-05
-2.04806e-05
-2.04785e-05
-2.04764e-05
-2.04743e-05
-2.04723e-05
-2.04702e-05
-2.04682e-05
-2.04662e-05
-2.04642e-05
-2.04622e-05
-2.04602e-05
-2.04582e-05
-2.04562e-05
-2.04542e-05
-2.04523e-05
-2.04503e-05
-2.04484e-05
-2.04465e-05
-2.04446e-05
-2.04427e-05
-2.04408e-05
-2.04389e-05
-2.0437e-05
-2.04351e-05
-2.04333e-05
-2.04315e-05
-2.04296e-05
-2.04278e-05
-2.0426e-05
-2.04242e-05
-2.04224e-05
-2.04206e-05
-2.04188e-05
-2.0417e-05
-2.04153e-05
-2.04135e-05
-2.04118e-05
-2.04101e-05
-2.04083e-05
-2.04066e-05
-2.04049e-05
-2.04032e-05
-2.04015e-05
-2.03999e-05
-2.03982e-05
-2.03965e-05
-2.03949e-05
-2.03932e-05
-2.03916e-05
-2.039e-05
-2.03883e-05
-2.03867e-05
-2.03851e-05
-2.03835e-05
-2.0382e-05
-2.03804e-05
-2.03788e-05
-2.03773e-05
-2.03757e-05
-2.03742e-05
-2.03726e-05
-2.03711e-05
-2.03696e-05
-2.03681e-05
-2.03666e-05
-2.03651e-05
-2.03636e-05
-2.03621e-05
-2.03606e-05
-2.03592e-05
-2.03577e-05
-2.03563e-05
-2.03548e-05
-2.03534e-05
-2.0352e-05
-2.03505e-05
-2.03491e-05
-2.03477e-05
-2.03463e-05
-2.03449e-05
-2.03436e-05
-2.03422e-05
-2.03408e-05
-2.03395e-05
-2.03381e-05
-2.03368e-05
-2.03354e-05
-2.03341e-05
-2.03328e-05
-2.03314e-05
-2.03301e-05
-2.03288e-05
-2.03275e-05
-2.03262e-05
-2.03249e-05
-2.03237e-05
-2.03224e-05
-2.03211e-05
-2.03199e-05
-2.03186e-05
-2.03174e-05
-2.03161e-05
-2.03149e-05
-2.03137e-05
-2.03125e-05
-2.03113e-05
-2.03101e-05
-2.03089e-05
-2.03077e-05
-2.03065e-05
-2.03053e-05
-3.1077e-05
-4.43293e-05
-5.67656e-05
-6.75187e-05
-7.65364e-05
-8.40029e-05
-9.01491e-05
-9.51942e-05
-9.93306e-05
-0.000102723
-0.000105511
-0.000107814
-0.000109733
-0.000111355
-0.000112757
-0.000114006
-0.000115161
-0.000116278
-0.000117411
-0.000118611
-0.000119932
-0.00012143
-0.000123172
-0.000125234
-0.000127713
-0.000130737
-0.000134483
-0.00013921
-0.000145322
-0.000153497
-0.000164991
-0.000182453
-0.000212571
-0.000276036
-0.000421658
-0.000648673
-0.000805026
-0.000861406
-0.000870618
-0.000859868
-0.000840932
-0.000818634
-0.000794739
-0.000769668
-0.000743223
-0.000714862
-0.00068378
-0.000648913
-0.000608903
-0.000562075
-0.000506492
-0.00044023
-0.000362146
-0.000273388
-0.000179172
-8.89179e-05
-1.26427e-05
4.42937e-05
8.29254e-05
0.00010792
0.000124111
0.000134915
0.000142321
0.000147389
0.000150683
0.000152525
0.000153123
0.000152631
0.000151177
0.000148874
0.000145826
0.000142131
0.000137883
0.000133166
0.000128062
0.000122644
0.000116978
0.000111124
0.000105134
9.90528e-05
9.29197e-05
8.67671e-05
8.0622e-05
7.45067e-05
6.84397e-05
6.24355e-05
5.6506e-05
5.0661e-05
4.49093e-05
3.92571e-05
3.37111e-05
2.82788e-05
2.29657e-05
1.77796e-05
1.27297e-05
7.82435e-06
3.07717e-06
-1.50106e-06
-5.89108e-06
-1.0077e-05
-1.40322e-05
-1.77327e-05
-2.11423e-05
-2.42248e-05
-2.69318e-05
-2.92141e-05
-3.10154e-05
-3.22851e-05
-3.29813e-05
-3.30999e-05
-3.26944e-05
-3.19208e-05
-3.1049e-05
-3.04484e-05
-3.05014e-05
-3.14559e-05
-3.34116e-05
-3.63227e-05
-4.00415e-05
-4.43627e-05
-4.90236e-05
-5.36707e-05
-5.78608e-05
-6.10869e-05
-6.28607e-05
-6.28485e-05
-6.09778e-05
-5.74637e-05
-5.27478e-05
-4.73618e-05
-4.17983e-05
-3.64339e-05
-3.15076e-05
-2.71367e-05
-2.33496e-05
-2.01202e-05
-1.73936e-05
-1.51044e-05
-1.31875e-05
-1.15832e-05
-1.02396e-05
-9.11284e-06
-8.16648e-06
-7.37051e-06
-6.70032e-06
-6.13567e-06
-5.6599e-06
-5.25923e-06
-4.92222e-06
-4.63932e-06
-4.4025e-06
-4.20504e-06
-4.04122e-06
-3.90622e-06
-3.79594e-06
-3.70687e-06
-3.63604e-06
-3.58089e-06
-3.53924e-06
-3.50924e-06
-3.48927e-06
-3.47797e-06
-3.47416e-06
-3.47682e-06
-3.48509e-06
-3.49822e-06
-3.51557e-06
-3.53659e-06
-3.5608e-06
-3.5878e-06
-3.61723e-06
-3.64879e-06
-3.68222e-06
-3.71729e-06
-3.75381e-06
-3.79161e-06
-3.83055e-06
-3.87049e-06
-3.91134e-06
-3.95299e-06
-3.99538e-06
-4.03841e-06
-4.08204e-06
-4.12621e-06
-4.17087e-06
-4.21599e-06
-4.26152e-06
-4.30743e-06
-4.3537e-06
-4.4003e-06
-4.44721e-06
-4.49441e-06
-4.54189e-06
-4.58962e-06
-4.63759e-06
-4.68579e-06
-4.73421e-06
-4.78284e-06
-4.83167e-06
-4.88068e-06
-4.92988e-06
-4.97924e-06
-5.02877e-06
-5.07846e-06
-5.12829e-06
-5.17827e-06
-5.22839e-06
-5.27864e-06
-5.32901e-06
-5.3795e-06
-5.43011e-06
-5.48082e-06
-5.53164e-06
-5.58256e-06
-5.63357e-06
-5.68467e-06
-5.73585e-06
-5.7871e-06
-5.83844e-06
-5.88984e-06
-5.9413e-06
-5.99282e-06
-6.0444e-06
-6.09603e-06
-6.1477e-06
-6.19941e-06
-6.25115e-06
-6.30293e-06
-6.35473e-06
-6.40656e-06
-6.4584e-06
-6.51026e-06
-6.56212e-06
-6.61399e-06
-6.66586e-06
-6.71772e-06
-6.76957e-06
-6.82141e-06
-6.87323e-06
-6.92503e-06
-6.97681e-06
-7.02855e-06
-7.08026e-06
-7.13193e-06
-7.18356e-06
-7.23513e-06
-7.28666e-06
-7.33813e-06
-7.38955e-06
-7.44089e-06
-7.49217e-06
-7.54338e-06
-7.59452e-06
-7.64557e-06
-7.69654e-06
-7.74742e-06
-7.79821e-06
-7.8489e-06
-7.8995e-06
-7.94999e-06
-8.00038e-06
-8.05066e-06
-8.10082e-06
-8.15087e-06
-8.20079e-06
-8.25059e-06
-8.30026e-06
-8.3498e-06
-8.39921e-06
-8.44847e-06
-8.4976e-06
-8.54658e-06
-8.59541e-06
-8.64409e-06
-8.69262e-06
-8.74098e-06
-8.78919e-06
-8.83723e-06
-8.8851e-06
-8.93281e-06
-8.98034e-06
-9.02769e-06
-9.07487e-06
-9.12186e-06
-9.16867e-06
-9.21529e-06
-9.26172e-06
-9.30796e-06
-9.354e-06
-9.39984e-06
-9.44549e-06
-9.49093e-06
-9.53616e-06
-9.58118e-06
-9.626e-06
-9.6706e-06
-9.71499e-06
-9.75915e-06
-9.8031e-06
-9.84683e-06
-9.89033e-06
-9.93361e-06
-9.97665e-06
-1.00195e-05
-1.00621e-05
-1.01044e-05
-1.01465e-05
-1.01884e-05
-1.023e-05
-1.02714e-05
-1.03126e-05
-1.03535e-05
-1.03941e-05
-1.04346e-05
-1.04747e-05
-1.05146e-05
-1.05543e-05
-1.05937e-05
-1.06329e-05
-1.06718e-05
-1.07104e-05
-1.07488e-05
-1.07869e-05
-1.08247e-05
-1.08623e-05
-1.08997e-05
-1.09367e-05
-1.09735e-05
-1.10101e-05
-1.10463e-05
-1.10823e-05
-1.11181e-05
-1.11535e-05
-1.11887e-05
-1.12237e-05
-1.12583e-05
-1.12927e-05
-1.13268e-05
-1.13606e-05
-1.13942e-05
-1.14275e-05
-1.14605e-05
-1.14932e-05
-1.15257e-05
-1.15579e-05
-1.15898e-05
-1.16215e-05
-1.16528e-05
-1.16839e-05
-1.17147e-05
-1.17453e-05
-1.17755e-05
-1.18055e-05
-1.18353e-05
-1.18647e-05
-1.18939e-05
-1.19228e-05
-1.19514e-05
-1.19797e-05
-1.20078e-05
-1.20356e-05
-1.20631e-05
-1.20903e-05
-1.21173e-05
-1.2144e-05
-1.21705e-05
-1.21966e-05
-1.22225e-05
-1.22481e-05
-1.22735e-05
-1.22986e-05
-1.23234e-05
-1.23479e-05
-1.23722e-05
-1.23962e-05
-1.24199e-05
-1.24434e-05
-1.24666e-05
-1.24896e-05
-1.25123e-05
-1.25347e-05
-1.25569e-05
-1.25788e-05
-1.26005e-05
-1.26219e-05
-1.2643e-05
-1.26639e-05
-1.26845e-05
-1.27049e-05
-1.27251e-05
-1.2745e-05
-1.27646e-05
-1.2784e-05
-1.28032e-05
-1.28221e-05
-1.28408e-05
-1.28592e-05
-1.28774e-05
-1.28954e-05
-1.29131e-05
-1.29306e-05
-1.29478e-05
-1.29649e-05
-1.29817e-05
-1.29982e-05
-1.30146e-05
-1.30307e-05
-1.30466e-05
-1.30623e-05
-1.30777e-05
-1.3093e-05
-1.3108e-05
-1.31228e-05
-1.31374e-05
-1.31517e-05
-1.31659e-05
-1.31799e-05
-1.31936e-05
-1.32072e-05
-1.32205e-05
-1.32336e-05
-1.32466e-05
-1.32593e-05
-1.32719e-05
-1.32842e-05
-1.32964e-05
-1.33084e-05
-1.33202e-05
-1.33318e-05
-1.33432e-05
-1.33544e-05
-1.33655e-05
-1.33764e-05
-1.33871e-05
-1.33976e-05
-1.3408e-05
-1.34182e-05
-1.34282e-05
-1.3438e-05
-1.34477e-05
-1.34572e-05
-1.34666e-05
-1.34758e-05
-1.34848e-05
-1.34937e-05
-1.35024e-05
-1.3511e-05
-1.35194e-05
-1.35277e-05
-1.35358e-05
-1.35438e-05
-1.35517e-05
-1.35594e-05
-1.35669e-05
-1.35743e-05
-1.35816e-05
-1.35888e-05
-1.35958e-05
-1.36027e-05
-1.36094e-05
-1.36161e-05
-1.36226e-05
-1.3629e-05
-1.36352e-05
-1.36414e-05
-1.36474e-05
-1.36533e-05
-1.36591e-05
-1.36647e-05
-1.36703e-05
-1.36757e-05
-1.36811e-05
-1.36863e-05
-1.36914e-05
-1.36964e-05
-1.37014e-05
-1.37062e-05
-1.37109e-05
-1.37155e-05
-1.37201e-05
-1.37245e-05
-1.37288e-05
-1.37331e-05
-1.37373e-05
-1.37414e-05
-1.37454e-05
-1.37493e-05
-1.37532e-05
-1.3757e-05
-1.37607e-05
-1.37643e-05
-1.37679e-05
-1.37713e-05
-1.37748e-05
-1.37781e-05
-1.37814e-05
-1.37846e-05
-1.37878e-05
-1.37909e-05
-1.3794e-05
-1.3797e-05
-1.37999e-05
-1.38028e-05
-1.38056e-05
-1.38084e-05
-1.38112e-05
-1.38138e-05
-1.38165e-05
-1.38191e-05
-1.38217e-05
-1.38242e-05
-1.38267e-05
-1.38292e-05
-1.38316e-05
-1.3834e-05
-1.38363e-05
-1.38387e-05
-1.3841e-05
-1.38432e-05
-1.38455e-05
-1.38477e-05
-1.38499e-05
-1.38521e-05
-1.38542e-05
-1.38563e-05
-1.38585e-05
-1.38606e-05
-1.38626e-05
-1.38647e-05
-1.38667e-05
-1.38688e-05
-1.38708e-05
-1.38728e-05
-1.38748e-05
-1.38768e-05
-1.38788e-05
-1.38807e-05
-1.38827e-05
-1.38847e-05
-1.38866e-05
-1.38886e-05
-1.38905e-05
-1.38925e-05
-1.38944e-05
-1.38964e-05
-1.38984e-05
-1.39003e-05
-1.39023e-05
-1.39042e-05
-1.39062e-05
-1.39082e-05
-1.39102e-05
-1.39121e-05
-1.39141e-05
-1.39161e-05
-1.39181e-05
-1.39201e-05
-1.39221e-05
-1.39241e-05
-1.39261e-05
-1.39282e-05
-1.39302e-05
-1.39323e-05
-1.39344e-05
-1.39365e-05
-1.39386e-05
-1.39407e-05
-1.39429e-05
-1.3945e-05
-1.39472e-05
-1.39494e-05
-1.39516e-05
-1.39539e-05
-1.39562e-05
-1.39585e-05
-1.39608e-05
-1.39631e-05
-1.39655e-05
-1.39679e-05
-1.39704e-05
-1.39728e-05
-1.39753e-05
-1.39779e-05
-1.39804e-05
-1.3983e-05
-1.39857e-05
-1.39883e-05
-1.3991e-05
-1.39937e-05
-1.39965e-05
-1.39993e-05
-1.40021e-05
-1.4005e-05
-1.40079e-05
-1.40109e-05
-1.40139e-05
-1.40169e-05
-1.402e-05
-1.40231e-05
-1.40263e-05
-1.40295e-05
-1.40327e-05
-1.4036e-05
-1.40394e-05
-1.40428e-05
-1.40462e-05
-1.40497e-05
-1.40532e-05
-1.40568e-05
-1.40604e-05
-1.4064e-05
-1.40677e-05
-1.40715e-05
-1.40753e-05
-1.40791e-05
-1.4083e-05
-1.40869e-05
-1.40909e-05
-1.40949e-05
-1.4099e-05
-1.41031e-05
-1.41073e-05
-1.41115e-05
-1.41158e-05
-1.41201e-05
-1.41244e-05
-1.41288e-05
-1.41333e-05
-1.41378e-05
-1.41423e-05
-1.41469e-05
-1.41515e-05
-1.41562e-05
-1.41609e-05
-1.41657e-05
-1.41705e-05
-1.41754e-05
-1.41803e-05
-1.41853e-05
-1.41903e-05
-1.41953e-05
-1.42004e-05
-1.42056e-05
-1.42108e-05
-1.4216e-05
-1.42213e-05
-1.42266e-05
-1.4232e-05
-1.42374e-05
-1.42428e-05
-1.42483e-05
-1.42539e-05
-1.42594e-05
-1.4265e-05
-1.42707e-05
-1.42764e-05
-1.42821e-05
-1.42879e-05
-1.42937e-05
-1.42996e-05
-1.43055e-05
-1.43114e-05
-1.43174e-05
-1.43234e-05
-1.43295e-05
-1.43356e-05
-1.43418e-05
-1.4348e-05
-1.43542e-05
-1.43605e-05
-1.43669e-05
-1.43732e-05
-1.43797e-05
-1.43861e-05
-1.43927e-05
-1.43992e-05
-1.44058e-05
-1.44125e-05
-1.44192e-05
-1.44259e-05
-1.44327e-05
-1.44395e-05
-1.44464e-05
-1.44533e-05
-1.44602e-05
-1.44673e-05
-1.44743e-05
-1.44814e-05
-1.44885e-05
-1.44957e-05
-1.45029e-05
-1.45102e-05
-1.45175e-05
-1.45248e-05
-1.45322e-05
-1.45397e-05
-1.45472e-05
-1.45547e-05
-1.45623e-05
-1.45699e-05
-1.45776e-05
-1.45853e-05
-1.4593e-05
-1.46009e-05
-1.46087e-05
-1.46166e-05
-1.46245e-05
-1.46325e-05
-1.46405e-05
-1.46486e-05
-1.46567e-05
-1.46648e-05
-1.4673e-05
-1.46812e-05
-1.46895e-05
-1.46978e-05
-1.47062e-05
-1.47145e-05
-1.4723e-05
-1.47314e-05
-1.47399e-05
-1.47484e-05
-1.4757e-05
-1.47656e-05
-1.47742e-05
-1.47829e-05
-1.47916e-05
-1.48004e-05
-1.48091e-05
-1.48179e-05
-1.48268e-05
-1.48357e-05
-1.48446e-05
-1.48535e-05
-1.48625e-05
-1.48715e-05
-1.48805e-05
-1.48895e-05
-1.48986e-05
-1.49078e-05
-1.49169e-05
-1.49261e-05
-1.49353e-05
-1.49445e-05
-1.49538e-05
-1.49631e-05
-1.49724e-05
-1.49817e-05
-1.49911e-05
-1.50005e-05
-1.50099e-05
-1.50193e-05
-1.50288e-05
-1.50383e-05
-1.50478e-05
-1.50574e-05
-1.50669e-05
-1.50765e-05
-1.50861e-05
-1.50957e-05
-1.51054e-05
-1.51151e-05
-1.51248e-05
-1.51345e-05
-1.51442e-05
-1.5154e-05
-1.51637e-05
-1.51735e-05
-1.51834e-05
-1.51932e-05
-1.5203e-05
-1.52129e-05
-1.52228e-05
-1.52327e-05
-1.52426e-05
-1.52526e-05
-1.52625e-05
-1.52725e-05
-1.52825e-05
-1.52925e-05
-1.53025e-05
-1.53125e-05
-1.53225e-05
-1.53326e-05
-1.53427e-05
-1.53528e-05
-1.53629e-05
-1.5373e-05
-1.53831e-05
-1.53932e-05
-1.54033e-05
-1.54135e-05
-1.54236e-05
-1.54338e-05
-1.54439e-05
-1.54541e-05
-1.54642e-05
-1.54744e-05
-1.54846e-05
-1.54948e-05
-1.55049e-05
-1.55151e-05
-1.55253e-05
-1.55355e-05
-1.55457e-05
-1.55559e-05
-1.55661e-05
-1.55763e-05
-1.55866e-05
-1.55968e-05
-1.5607e-05
-1.56172e-05
-1.56275e-05
-1.56377e-05
-1.56479e-05
-1.56582e-05
-1.56684e-05
-1.56787e-05
-1.56889e-05
-1.56992e-05
-1.57094e-05
-1.57197e-05
-1.573e-05
-1.57402e-05
-1.57505e-05
-1.57608e-05
-1.5771e-05
-1.57813e-05
-1.57916e-05
-1.58019e-05
-1.58121e-05
-1.58224e-05
-1.58327e-05
-1.5843e-05
-1.58533e-05
-1.58635e-05
-1.58738e-05
-1.58841e-05
-1.58944e-05
-1.59046e-05
-1.59149e-05
-1.59252e-05
-1.59354e-05
-1.59457e-05
-1.5956e-05
-1.59662e-05
-1.59765e-05
-1.59868e-05
-1.5997e-05
-1.60073e-05
-1.60175e-05
-1.60277e-05
-1.6038e-05
-1.60482e-05
-1.60585e-05
-1.60687e-05
-1.60789e-05
-1.60891e-05
-1.60994e-05
-1.61096e-05
-1.61198e-05
-1.613e-05
-1.61402e-05
-1.61505e-05
-1.61607e-05
-1.61709e-05
-1.61811e-05
-1.61912e-05
-1.62014e-05
-1.62116e-05
-1.62218e-05
-1.62319e-05
-1.62421e-05
-1.62522e-05
-1.62624e-05
-1.62725e-05
-1.62826e-05
-1.62928e-05
-1.63029e-05
-1.6313e-05
-1.6323e-05
-1.63331e-05
-1.63432e-05
-1.63533e-05
-1.63633e-05
-1.63733e-05
-1.63834e-05
-1.63934e-05
-1.64034e-05
-1.64134e-05
-1.64233e-05
-1.64333e-05
-1.64433e-05
-1.64532e-05
-1.64631e-05
-1.6473e-05
-1.64829e-05
-1.64928e-05
-1.65027e-05
-1.65125e-05
-1.65224e-05
-1.65322e-05
-1.6542e-05
-1.65518e-05
-1.65616e-05
-1.65714e-05
-1.65811e-05
-1.65909e-05
-1.66006e-05
-1.66103e-05
-1.662e-05
-1.66297e-05
-1.66393e-05
-1.6649e-05
-1.66586e-05
-1.66682e-05
-1.66778e-05
-1.66874e-05
-1.66969e-05
-1.67064e-05
-1.6716e-05
-1.67255e-05
-1.6735e-05
-1.67444e-05
-1.67539e-05
-1.67633e-05
-1.67727e-05
-1.67821e-05
-1.67915e-05
-1.68009e-05
-1.68102e-05
-1.68195e-05
-1.68288e-05
-1.68381e-05
-1.68474e-05
-1.68566e-05
-1.68658e-05
-1.6875e-05
-1.68842e-05
-1.68934e-05
-1.69025e-05
-1.69117e-05
-1.69208e-05
-1.69299e-05
-1.69389e-05
-1.6948e-05
-1.6957e-05
-1.6966e-05
-1.6975e-05
-1.6984e-05
-1.69929e-05
-1.70018e-05
-1.70107e-05
-1.70196e-05
-1.70285e-05
-1.70373e-05
-1.70462e-05
-1.7055e-05
-1.70637e-05
-1.70725e-05
-1.70812e-05
-1.70899e-05
-1.70986e-05
-1.71073e-05
-1.7116e-05
-1.71246e-05
-1.71332e-05
-1.71418e-05
-1.71504e-05
-1.71589e-05
-1.71674e-05
-1.71759e-05
-1.71844e-05
-1.71929e-05
-1.72013e-05
-1.72097e-05
-1.72181e-05
-1.72265e-05
-1.72348e-05
-1.72431e-05
-1.72514e-05
-1.72597e-05
-1.7268e-05
-1.72762e-05
-1.72844e-05
-1.72926e-05
-1.73008e-05
-1.73089e-05
-1.73171e-05
-1.73252e-05
-1.73332e-05
-1.73413e-05
-1.73493e-05
-1.73573e-05
-1.73653e-05
-1.73733e-05
-1.73812e-05
-1.73892e-05
-1.73971e-05
-1.7405e-05
-1.74128e-05
-1.74206e-05
-1.74285e-05
-1.74362e-05
-1.7444e-05
-1.74517e-05
-1.74595e-05
-1.74672e-05
-1.74748e-05
-1.74825e-05
-1.74901e-05
-1.74977e-05
-1.75053e-05
-1.75129e-05
-1.75204e-05
-1.75279e-05
-1.75354e-05
-1.75429e-05
-1.75504e-05
-1.75578e-05
-1.75652e-05
-1.75726e-05
-1.75799e-05
-1.75873e-05
-1.75946e-05
-1.76019e-05
-1.76092e-05
-1.76164e-05
-1.76236e-05
-1.76308e-05
-1.7638e-05
-1.76452e-05
-1.76523e-05
-1.76594e-05
-1.76665e-05
-1.76736e-05
-1.76806e-05
-1.76877e-05
-1.76947e-05
-1.77017e-05
-1.77086e-05
-1.77156e-05
-1.77225e-05
-1.77294e-05
-1.77362e-05
-1.77431e-05
-1.77499e-05
-1.77567e-05
-1.77635e-05
-1.77703e-05
-1.7777e-05
-1.77837e-05
-1.77904e-05
-1.77971e-05
-1.78037e-05
-1.78104e-05
-1.7817e-05
-1.78236e-05
-1.78301e-05
-1.78367e-05
-1.78432e-05
-1.78497e-05
-1.78562e-05
-1.78626e-05
-1.78691e-05
-1.78755e-05
-1.78819e-05
-1.78883e-05
-1.78946e-05
-1.79009e-05
-1.79072e-05
-1.79135e-05
-1.79198e-05
-1.7926e-05
-1.79323e-05
-1.79385e-05
-1.79447e-05
-1.79508e-05
-1.7957e-05
-1.79631e-05
-1.79692e-05
-1.79753e-05
-1.79813e-05
-1.79874e-05
-1.79934e-05
-1.79994e-05
-1.80053e-05
-1.80113e-05
-1.80172e-05
-1.80231e-05
-1.8029e-05
-1.80349e-05
-1.80408e-05
-1.80466e-05
-1.80524e-05
-1.80582e-05
-1.8064e-05
-1.80697e-05
-1.80755e-05
-1.80812e-05
-1.80869e-05
-1.80926e-05
-1.80982e-05
-1.81038e-05
-1.81095e-05
-1.81151e-05
-1.81206e-05
-1.81262e-05
-1.81317e-05
-1.81372e-05
-1.81427e-05
-1.81482e-05
-1.81537e-05
-1.81591e-05
-1.81645e-05
-1.81699e-05
-1.81753e-05
-1.81807e-05
-1.8186e-05
-1.81914e-05
-1.81967e-05
-1.8202e-05
-1.82072e-05
-1.82125e-05
-1.82177e-05
-1.82229e-05
-1.82281e-05
-1.82333e-05
-1.82384e-05
-1.82436e-05
-1.82487e-05
-1.82538e-05
-1.82589e-05
-1.8264e-05
-1.8269e-05
-1.8274e-05
-1.82791e-05
-1.82841e-05
-1.8289e-05
-1.8294e-05
-1.82989e-05
-1.83039e-05
-1.83088e-05
-1.83137e-05
-1.83185e-05
-1.83234e-05
-1.83282e-05
-1.8333e-05
-1.83378e-05
-1.83426e-05
-1.83474e-05
-1.83521e-05
-1.83569e-05
-1.83616e-05
-1.83663e-05
-1.8371e-05
-1.83756e-05
-1.83803e-05
-1.83849e-05
-1.83895e-05
-1.83941e-05
-1.83987e-05
-1.84033e-05
-1.84078e-05
-1.84123e-05
-1.84168e-05
-1.84213e-05
-1.84258e-05
-1.84303e-05
-1.84347e-05
-1.84392e-05
-1.84436e-05
-1.8448e-05
-1.84524e-05
-1.84567e-05
-1.84611e-05
-1.84654e-05
-1.84697e-05
-1.8474e-05
-1.84783e-05
-1.84826e-05
-1.84869e-05
-1.84911e-05
-1.84953e-05
-1.84996e-05
-1.85037e-05
-1.85079e-05
-1.85121e-05
-1.85162e-05
-1.85204e-05
-1.85245e-05
-1.85286e-05
-1.85327e-05
-1.85368e-05
-1.85408e-05
-1.85449e-05
-1.85489e-05
-1.85529e-05
-1.85569e-05
-1.85609e-05
-1.85649e-05
-1.85688e-05
-1.85728e-05
-1.85767e-05
-1.85806e-05
-1.85845e-05
-1.85884e-05
-1.85923e-05
-1.85961e-05
-1.86e-05
-1.86038e-05
-1.86076e-05
-1.86114e-05
-1.86152e-05
-1.8619e-05
-1.86227e-05
-1.86265e-05
-1.86302e-05
-1.86339e-05
-1.86376e-05
-1.86413e-05
-1.8645e-05
-1.86486e-05
-1.86523e-05
-1.86559e-05
-1.86595e-05
-1.86631e-05
-1.86667e-05
-1.86703e-05
-1.86739e-05
-1.86774e-05
-1.8681e-05
-1.86845e-05
-1.8688e-05
-1.86915e-05
-1.8695e-05
-1.86985e-05
-1.8702e-05
-1.87054e-05
-1.87089e-05
-1.87123e-05
-1.87157e-05
-1.87191e-05
-1.87225e-05
-1.87259e-05
-1.87292e-05
-1.87326e-05
-1.87359e-05
-1.87392e-05
-1.87426e-05
-1.87459e-05
-1.87492e-05
-1.87524e-05
-1.87557e-05
-1.8759e-05
-1.87622e-05
-1.87654e-05
-1.87686e-05
-1.87718e-05
-1.8775e-05
-1.87782e-05
-1.87814e-05
-1.87846e-05
-1.87877e-05
-1.87908e-05
-1.8794e-05
-1.87971e-05
-1.88002e-05
-1.88033e-05
-1.88063e-05
-1.88094e-05
-1.88125e-05
-1.88155e-05
-1.88185e-05
-1.88216e-05
-1.88246e-05
-1.88276e-05
-1.88306e-05
-1.88335e-05
-1.88365e-05
-1.88395e-05
-1.88424e-05
-1.88454e-05
-1.88483e-05
-1.88512e-05
-1.88541e-05
-1.8857e-05
-1.88599e-05
-1.88627e-05
-1.88656e-05
-1.88684e-05
-1.88713e-05
-1.88741e-05
-1.88769e-05
-1.88797e-05
-1.88825e-05
-1.88853e-05
-1.88881e-05
-1.88909e-05
-1.88936e-05
-1.88964e-05
-1.88991e-05
-1.89018e-05
-1.89045e-05
-1.89073e-05
-1.89099e-05
-1.89126e-05
-1.89153e-05
-1.8918e-05
-1.89206e-05
-1.89233e-05
-1.89259e-05
-1.89285e-05
-1.89312e-05
-1.89338e-05
-1.89364e-05
-1.8939e-05
-1.89415e-05
-1.89441e-05
-1.89467e-05
-1.89492e-05
-1.89518e-05
-1.89543e-05
-1.89568e-05
-1.89593e-05
-1.89618e-05
-1.89643e-05
-1.89668e-05
-1.89693e-05
-1.89718e-05
-1.89742e-05
-1.89767e-05
-1.89791e-05
-1.89816e-05
-1.8984e-05
-1.89864e-05
-1.89888e-05
-1.89912e-05
-1.89936e-05
-1.8996e-05
-1.89984e-05
-1.90007e-05
-1.90031e-05
-1.90054e-05
-1.90078e-05
-1.90101e-05
-1.90124e-05
-1.90147e-05
-1.9017e-05
-1.90193e-05
-1.90216e-05
-1.90239e-05
-1.90262e-05
-1.90284e-05
-1.90307e-05
-1.90329e-05
-1.90352e-05
-1.90374e-05
-1.90396e-05
-1.90418e-05
-1.9044e-05
-1.90462e-05
-1.90484e-05
-1.90506e-05
-1.90528e-05
-1.90549e-05
-1.90571e-05
-1.90592e-05
-1.90614e-05
-1.90635e-05
-1.90656e-05
-1.90678e-05
-1.90699e-05
-1.9072e-05
-1.90741e-05
-1.90762e-05
-1.90782e-05
-1.90803e-05
-1.90824e-05
-1.90844e-05
-1.90865e-05
-1.90885e-05
-1.90906e-05
-1.90926e-05
-1.90946e-05
-1.90966e-05
-1.90986e-05
-1.91006e-05
-1.91026e-05
-1.91046e-05
-1.91066e-05
-1.91086e-05
-1.91105e-05
-1.91125e-05
-1.91144e-05
-1.91164e-05
-1.91183e-05
-1.91202e-05
-1.91222e-05
-1.91241e-05
-2.99545e-05
-4.32721e-05
-5.57598e-05
-6.65442e-05
-7.55705e-05
-8.30218e-05
-8.91281e-05
-9.41076e-05
-9.81511e-05
-0.000101422
-0.000104057
-0.000106173
-0.000107868
-0.000109227
-0.00011032
-0.000111209
-0.000111948
-0.000112582
-0.000113155
-0.000113703
-0.000114261
-0.000114862
-0.000115537
-0.000116319
-0.00011724
-0.000118337
-0.000119651
-0.000121228
-0.000123128
-0.000125421
-0.000128201
-0.000131594
-0.000135775
-0.000140996
-0.000147638
-0.000156318
-0.000168091
-0.000184944
-0.000211024
-0.000256041
-0.000343189
-0.000507584
-0.000698389
-0.000799988
-0.000836656
-0.000841007
-0.000829896
-0.000811427
-0.00078929
-0.000764959
-0.000738784
-0.000710511
-0.000679507
-0.000644825
-0.000605214
-0.000559097
-0.000504614
-0.000439842
-0.000363441
-0.000275984
-0.000181778
-8.94854e-05
-9.30889e-06
5.22527e-05
9.5074e-05
0.000123342
0.000141983
0.000154689
0.000163679
0.000170152
0.000174742
0.000177806
0.000179567
0.000180187
0.000179797
0.000178511
0.000176435
0.000173666
0.000170297
0.000166414
0.000162099
0.000157425
0.000152461
0.000147266
0.000141895
0.000136395
0.000130809
0.000125173
0.000119518
0.000113873
0.000108262
0.000102709
9.72346e-05
9.18592e-05
8.66026e-05
8.14855e-05
7.65313e-05
7.1765e-05
6.72136e-05
6.29101e-05
5.88905e-05
5.51989e-05
5.18868e-05
4.90142e-05
4.6655e-05
4.48911e-05
4.38171e-05
4.35314e-05
4.41324e-05
4.56913e-05
4.82225e-05
5.16332e-05
5.5679e-05
5.99636e-05
6.40215e-05
6.75141e-05
7.02766e-05
7.23041e-05
7.36617e-05
7.43829e-05
7.44236e-05
7.36616e-05
7.19162e-05
6.89805e-05
6.46684e-05
5.88633e-05
5.15796e-05
4.30398e-05
3.36772e-05
2.41327e-05
1.51359e-05
7.34435e-06
1.18562e-06
-3.21921e-06
-6.02684e-06
-7.55931e-06
-8.18333e-06
-8.22485e-06
-7.93408e-06
-7.48253e-06
-6.97738e-06
-6.47981e-06
-6.02103e-06
-5.61417e-06
-5.26212e-06
-4.96251e-06
-4.71057e-06
-4.50073e-06
-4.32745e-06
-4.18562e-06
-4.07072e-06
-3.97881e-06
-3.90651e-06
-3.85095e-06
-3.80969e-06
-3.78066e-06
-3.76211e-06
-3.75255e-06
-3.75072e-06
-3.75554e-06
-3.7661e-06
-3.78162e-06
-3.80143e-06
-3.82496e-06
-3.85172e-06
-3.88131e-06
-3.91335e-06
-3.94754e-06
-3.98362e-06
-4.02135e-06
-4.06055e-06
-4.10105e-06
-4.14269e-06
-4.18536e-06
-4.22894e-06
-4.27334e-06
-4.31848e-06
-4.36429e-06
-4.4107e-06
-4.45767e-06
-4.50515e-06
-4.55309e-06
-4.60146e-06
-4.65023e-06
-4.69937e-06
-4.74886e-06
-4.79866e-06
-4.84878e-06
-4.89918e-06
-4.94985e-06
-5.00078e-06
-5.05195e-06
-5.10335e-06
-5.15497e-06
-5.20681e-06
-5.25884e-06
-5.31107e-06
-5.36348e-06
-5.41608e-06
-5.46884e-06
-5.52176e-06
-5.57484e-06
-5.62806e-06
-5.68143e-06
-5.73494e-06
-5.78858e-06
-5.84235e-06
-5.89623e-06
-5.95023e-06
-6.00434e-06
-6.05855e-06
-6.11286e-06
-6.16726e-06
-6.22175e-06
-6.27632e-06
-6.33098e-06
-6.3857e-06
-6.44049e-06
-6.49535e-06
-6.55026e-06
-6.60523e-06
-6.66024e-06
-6.7153e-06
-6.7704e-06
-6.82553e-06
-6.88069e-06
-6.93587e-06
-6.99107e-06
-7.04629e-06
-7.10152e-06
-7.15676e-06
-7.21199e-06
-7.26723e-06
-7.32245e-06
-7.37767e-06
-7.43286e-06
-7.48804e-06
-7.54319e-06
-7.5983e-06
-7.65339e-06
-7.70843e-06
-7.76343e-06
-7.81839e-06
-7.87329e-06
-7.92813e-06
-7.98291e-06
-8.03763e-06
-8.09227e-06
-8.14685e-06
-8.20134e-06
-8.25576e-06
-8.31008e-06
-8.36432e-06
-8.41846e-06
-8.47251e-06
-8.52645e-06
-8.58029e-06
-8.63401e-06
-8.68762e-06
-8.74112e-06
-8.79449e-06
-8.84773e-06
-8.90085e-06
-8.95383e-06
-9.00668e-06
-9.05939e-06
-9.11195e-06
-9.16436e-06
-9.21663e-06
-9.26874e-06
-9.32069e-06
-9.37247e-06
-9.4241e-06
-9.47555e-06
-9.52684e-06
-9.57795e-06
-9.62888e-06
-9.67963e-06
-9.73019e-06
-9.78057e-06
-9.83076e-06
-9.88075e-06
-9.93055e-06
-9.98015e-06
-1.00295e-05
-1.00787e-05
-1.01277e-05
-1.01765e-05
-1.0225e-05
-1.02734e-05
-1.03215e-05
-1.03694e-05
-1.04171e-05
-1.04645e-05
-1.05117e-05
-1.05587e-05
-1.06055e-05
-1.0652e-05
-1.06983e-05
-1.07443e-05
-1.07901e-05
-1.08356e-05
-1.08809e-05
-1.0926e-05
-1.09708e-05
-1.10153e-05
-1.10596e-05
-1.11037e-05
-1.11474e-05
-1.11909e-05
-1.12342e-05
-1.12772e-05
-1.13199e-05
-1.13623e-05
-1.14045e-05
-1.14464e-05
-1.14881e-05
-1.15294e-05
-1.15705e-05
-1.16113e-05
-1.16518e-05
-1.16921e-05
-1.17321e-05
-1.17717e-05
-1.18111e-05
-1.18503e-05
-1.18891e-05
-1.19277e-05
-1.19659e-05
-1.20039e-05
-1.20416e-05
-1.2079e-05
-1.21161e-05
-1.21529e-05
-1.21894e-05
-1.22256e-05
-1.22616e-05
-1.22972e-05
-1.23326e-05
-1.23676e-05
-1.24024e-05
-1.24369e-05
-1.2471e-05
-1.25049e-05
-1.25385e-05
-1.25718e-05
-1.26047e-05
-1.26374e-05
-1.26698e-05
-1.27019e-05
-1.27337e-05
-1.27652e-05
-1.27964e-05
-1.28273e-05
-1.28579e-05
-1.28882e-05
-1.29182e-05
-1.29479e-05
-1.29773e-05
-1.30065e-05
-1.30353e-05
-1.30638e-05
-1.3092e-05
-1.312e-05
-1.31476e-05
-1.3175e-05
-1.3202e-05
-1.32288e-05
-1.32553e-05
-1.32814e-05
-1.33073e-05
-1.33329e-05
-1.33582e-05
-1.33832e-05
-1.3408e-05
-1.34324e-05
-1.34566e-05
-1.34804e-05
-1.3504e-05
-1.35273e-05
-1.35503e-05
-1.35731e-05
-1.35955e-05
-1.36177e-05
-1.36396e-05
-1.36612e-05
-1.36826e-05
-1.37036e-05
-1.37244e-05
-1.3745e-05
-1.37652e-05
-1.37852e-05
-1.38049e-05
-1.38244e-05
-1.38436e-05
-1.38625e-05
-1.38812e-05
-1.38996e-05
-1.39177e-05
-1.39356e-05
-1.39533e-05
-1.39706e-05
-1.39878e-05
-1.40047e-05
-1.40213e-05
-1.40377e-05
-1.40538e-05
-1.40697e-05
-1.40854e-05
-1.41008e-05
-1.41159e-05
-1.41309e-05
-1.41456e-05
-1.416e-05
-1.41743e-05
-1.41883e-05
-1.4202e-05
-1.42156e-05
-1.42289e-05
-1.4242e-05
-1.42549e-05
-1.42676e-05
-1.428e-05
-1.42922e-05
-1.43043e-05
-1.43161e-05
-1.43277e-05
-1.43391e-05
-1.43502e-05
-1.43612e-05
-1.4372e-05
-1.43826e-05
-1.4393e-05
-1.44032e-05
-1.44132e-05
-1.4423e-05
-1.44326e-05
-1.4442e-05
-1.44513e-05
-1.44603e-05
-1.44692e-05
-1.44779e-05
-1.44864e-05
-1.44947e-05
-1.45029e-05
-1.45109e-05
-1.45187e-05
-1.45264e-05
-1.45338e-05
-1.45412e-05
-1.45483e-05
-1.45553e-05
-1.45621e-05
-1.45688e-05
-1.45753e-05
-1.45817e-05
-1.45879e-05
-1.4594e-05
-1.45999e-05
-1.46057e-05
-1.46114e-05
-1.46168e-05
-1.46222e-05
-1.46274e-05
-1.46325e-05
-1.46375e-05
-1.46423e-05
-1.4647e-05
-1.46515e-05
-1.46559e-05
-1.46602e-05
-1.46644e-05
-1.46685e-05
-1.46724e-05
-1.46762e-05
-1.46799e-05
-1.46835e-05
-1.46869e-05
-1.46903e-05
-1.46936e-05
-1.46967e-05
-1.46998e-05
-1.47027e-05
-1.47055e-05
-1.47083e-05
-1.47109e-05
-1.47135e-05
-1.4716e-05
-1.47183e-05
-1.47206e-05
-1.47228e-05
-1.4725e-05
-1.4727e-05
-1.47289e-05
-1.47308e-05
-1.47326e-05
-1.47344e-05
-1.4736e-05
-1.47376e-05
-1.47391e-05
-1.47406e-05
-1.4742e-05
-1.47433e-05
-1.47445e-05
-1.47458e-05
-1.47469e-05
-1.4748e-05
-1.4749e-05
-1.475e-05
-1.4751e-05
-1.47519e-05
-1.47527e-05
-1.47535e-05
-1.47543e-05
-1.4755e-05
-1.47556e-05
-1.47563e-05
-1.47568e-05
-1.47574e-05
-1.47579e-05
-1.47584e-05
-1.47588e-05
-1.47592e-05
-1.47596e-05
-1.476e-05
-1.47603e-05
-1.47606e-05
-1.47608e-05
-1.47611e-05
-1.47613e-05
-1.47615e-05
-1.47617e-05
-1.47618e-05
-1.4762e-05
-1.47621e-05
-1.47622e-05
-1.47623e-05
-1.47623e-05
-1.47624e-05
-1.47625e-05
-1.47625e-05
-1.47625e-05
-1.47625e-05
-1.47626e-05
-1.47626e-05
-1.47626e-05
-1.47626e-05
-1.47626e-05
-1.47626e-05
-1.47626e-05
-1.47626e-05
-1.47625e-05
-1.47625e-05
-1.47625e-05
-1.47625e-05
-1.47625e-05
-1.47625e-05
-1.47625e-05
-1.47624e-05
-1.47624e-05
-1.47624e-05
-1.47624e-05
-1.47625e-05
-1.47625e-05
-1.47625e-05
-1.47626e-05
-1.47626e-05
-1.47627e-05
-1.47628e-05
-1.47629e-05
-1.4763e-05
-1.47631e-05
-1.47633e-05
-1.47635e-05
-1.47637e-05
-1.47639e-05
-1.47641e-05
-1.47644e-05
-1.47647e-05
-1.4765e-05
-1.47653e-05
-1.47657e-05
-1.47661e-05
-1.47665e-05
-1.4767e-05
-1.47674e-05
-1.4768e-05
-1.47685e-05
-1.47691e-05
-1.47697e-05
-1.47704e-05
-1.47711e-05
-1.47718e-05
-1.47726e-05
-1.47734e-05
-1.47742e-05
-1.47751e-05
-1.4776e-05
-1.4777e-05
-1.4778e-05
-1.47791e-05
-1.47801e-05
-1.47813e-05
-1.47824e-05
-1.47836e-05
-1.47849e-05
-1.47862e-05
-1.47875e-05
-1.47889e-05
-1.47903e-05
-1.47918e-05
-1.47933e-05
-1.47948e-05
-1.47964e-05
-1.47981e-05
-1.47998e-05
-1.48015e-05
-1.48032e-05
-1.48051e-05
-1.48069e-05
-1.48088e-05
-1.48108e-05
-1.48128e-05
-1.48148e-05
-1.48169e-05
-1.4819e-05
-1.48212e-05
-1.48234e-05
-1.48257e-05
-1.4828e-05
-1.48304e-05
-1.48328e-05
-1.48352e-05
-1.48377e-05
-1.48403e-05
-1.48428e-05
-1.48455e-05
-1.48482e-05
-1.48509e-05
-1.48537e-05
-1.48565e-05
-1.48594e-05
-1.48623e-05
-1.48653e-05
-1.48683e-05
-1.48713e-05
-1.48744e-05
-1.48776e-05
-1.48808e-05
-1.4884e-05
-1.48872e-05
-1.48905e-05
-1.48939e-05
-1.48973e-05
-1.49007e-05
-1.49041e-05
-1.49077e-05
-1.49112e-05
-1.49148e-05
-1.49184e-05
-1.49221e-05
-1.49258e-05
-1.49296e-05
-1.49334e-05
-1.49373e-05
-1.49411e-05
-1.49451e-05
-1.49491e-05
-1.49531e-05
-1.49572e-05
-1.49613e-05
-1.49655e-05
-1.49697e-05
-1.49739e-05
-1.49783e-05
-1.49826e-05
-1.4987e-05
-1.49914e-05
-1.49959e-05
-1.50005e-05
-1.5005e-05
-1.50097e-05
-1.50143e-05
-1.50191e-05
-1.50238e-05
-1.50286e-05
-1.50335e-05
-1.50384e-05
-1.50433e-05
-1.50483e-05
-1.50534e-05
-1.50585e-05
-1.50636e-05
-1.50688e-05
-1.50741e-05
-1.50794e-05
-1.50847e-05
-1.50901e-05
-1.50955e-05
-1.5101e-05
-1.51065e-05
-1.51121e-05
-1.51177e-05
-1.51234e-05
-1.51291e-05
-1.51349e-05
-1.51407e-05
-1.51465e-05
-1.51524e-05
-1.51583e-05
-1.51643e-05
-1.51703e-05
-1.51764e-05
-1.51825e-05
-1.51886e-05
-1.51948e-05
-1.5201e-05
-1.52073e-05
-1.52136e-05
-1.52199e-05
-1.52263e-05
-1.52327e-05
-1.52391e-05
-1.52456e-05
-1.52522e-05
-1.52587e-05
-1.52653e-05
-1.5272e-05
-1.52786e-05
-1.52853e-05
-1.52921e-05
-1.52989e-05
-1.53057e-05
-1.53125e-05
-1.53194e-05
-1.53263e-05
-1.53333e-05
-1.53402e-05
-1.53472e-05
-1.53543e-05
-1.53614e-05
-1.53685e-05
-1.53756e-05
-1.53828e-05
-1.539e-05
-1.53972e-05
-1.54045e-05
-1.54117e-05
-1.54191e-05
-1.54264e-05
-1.54338e-05
-1.54412e-05
-1.54486e-05
-1.54561e-05
-1.54635e-05
-1.54711e-05
-1.54786e-05
-1.54861e-05
-1.54937e-05
-1.55013e-05
-1.5509e-05
-1.55166e-05
-1.55243e-05
-1.5532e-05
-1.55398e-05
-1.55475e-05
-1.55553e-05
-1.55631e-05
-1.55709e-05
-1.55788e-05
-1.55866e-05
-1.55945e-05
-1.56024e-05
-1.56104e-05
-1.56183e-05
-1.56263e-05
-1.56343e-05
-1.56423e-05
-1.56503e-05
-1.56584e-05
-1.56664e-05
-1.56745e-05
-1.56826e-05
-1.56907e-05
-1.56989e-05
-1.5707e-05
-1.57152e-05
-1.57234e-05
-1.57315e-05
-1.57398e-05
-1.5748e-05
-1.57562e-05
-1.57644e-05
-1.57727e-05
-1.57809e-05
-1.57892e-05
-1.57975e-05
-1.58058e-05
-1.58141e-05
-1.58224e-05
-1.58307e-05
-1.5839e-05
-1.58473e-05
-1.58556e-05
-1.5864e-05
-1.58723e-05
-1.58807e-05
-1.5889e-05
-1.58974e-05
-1.59058e-05
-1.59142e-05
-1.59225e-05
-1.59309e-05
-1.59394e-05
-1.59478e-05
-1.59562e-05
-1.59646e-05
-1.59731e-05
-1.59815e-05
-1.59899e-05
-1.59984e-05
-1.60069e-05
-1.60153e-05
-1.60238e-05
-1.60323e-05
-1.60408e-05
-1.60493e-05
-1.60578e-05
-1.60663e-05
-1.60748e-05
-1.60833e-05
-1.60918e-05
-1.61003e-05
-1.61089e-05
-1.61174e-05
-1.61259e-05
-1.61345e-05
-1.6143e-05
-1.61516e-05
-1.61601e-05
-1.61687e-05
-1.61772e-05
-1.61858e-05
-1.61943e-05
-1.62029e-05
-1.62114e-05
-1.622e-05
-1.62286e-05
-1.62371e-05
-1.62457e-05
-1.62543e-05
-1.62628e-05
-1.62714e-05
-1.628e-05
-1.62886e-05
-1.62972e-05
-1.63058e-05
-1.63144e-05
-1.63229e-05
-1.63315e-05
-1.63401e-05
-1.63487e-05
-1.63573e-05
-1.63659e-05
-1.63745e-05
-1.63831e-05
-1.63917e-05
-1.64003e-05
-1.64088e-05
-1.64174e-05
-1.6426e-05
-1.64346e-05
-1.64431e-05
-1.64517e-05
-1.64603e-05
-1.64688e-05
-1.64774e-05
-1.64859e-05
-1.64945e-05
-1.6503e-05
-1.65115e-05
-1.65201e-05
-1.65286e-05
-1.65371e-05
-1.65456e-05
-1.65541e-05
-1.65626e-05
-1.65711e-05
-1.65796e-05
-1.6588e-05
-1.65965e-05
-1.66049e-05
-1.66134e-05
-1.66218e-05
-1.66302e-05
-1.66386e-05
-1.66471e-05
-1.66555e-05
-1.66638e-05
-1.66722e-05
-1.66806e-05
-1.66889e-05
-1.66973e-05
-1.67056e-05
-1.67139e-05
-1.67223e-05
-1.67306e-05
-1.67388e-05
-1.67471e-05
-1.67554e-05
-1.67636e-05
-1.67719e-05
-1.67801e-05
-1.67883e-05
-1.67965e-05
-1.68047e-05
-1.68129e-05
-1.68211e-05
-1.68292e-05
-1.68374e-05
-1.68455e-05
-1.68536e-05
-1.68617e-05
-1.68698e-05
-1.68779e-05
-1.6886e-05
-1.6894e-05
-1.6902e-05
-1.69101e-05
-1.69181e-05
-1.6926e-05
-1.6934e-05
-1.6942e-05
-1.69499e-05
-1.69579e-05
-1.69658e-05
-1.69737e-05
-1.69816e-05
-1.69894e-05
-1.69973e-05
-1.70051e-05
-1.70129e-05
-1.70208e-05
-1.70285e-05
-1.70363e-05
-1.70441e-05
-1.70518e-05
-1.70596e-05
-1.70673e-05
-1.7075e-05
-1.70826e-05
-1.70903e-05
-1.7098e-05
-1.71056e-05
-1.71132e-05
-1.71208e-05
-1.71284e-05
-1.71359e-05
-1.71435e-05
-1.7151e-05
-1.71585e-05
-1.7166e-05
-1.71735e-05
-1.7181e-05
-1.71884e-05
-1.71958e-05
-1.72032e-05
-1.72106e-05
-1.7218e-05
-1.72253e-05
-1.72327e-05
-1.724e-05
-1.72473e-05
-1.72546e-05
-1.72619e-05
-1.72691e-05
-1.72763e-05
-1.72836e-05
-1.72908e-05
-1.72979e-05
-1.73051e-05
-1.73122e-05
-1.73194e-05
-1.73265e-05
-1.73335e-05
-1.73406e-05
-1.73477e-05
-1.73547e-05
-1.73617e-05
-1.73687e-05
-1.73757e-05
-1.73826e-05
-1.73896e-05
-1.73965e-05
-1.74034e-05
-1.74103e-05
-1.74172e-05
-1.7424e-05
-1.74308e-05
-1.74376e-05
-1.74444e-05
-1.74512e-05
-1.7458e-05
-1.74647e-05
-1.74714e-05
-1.74781e-05
-1.74848e-05
-1.74915e-05
-1.74981e-05
-1.75047e-05
-1.75113e-05
-1.75179e-05
-1.75245e-05
-1.7531e-05
-1.75376e-05
-1.75441e-05
-1.75506e-05
-1.7557e-05
-1.75635e-05
-1.75699e-05
-1.75763e-05
-1.75827e-05
-1.75891e-05
-1.75955e-05
-1.76018e-05
-1.76082e-05
-1.76145e-05
-1.76207e-05
-1.7627e-05
-1.76333e-05
-1.76395e-05
-1.76457e-05
-1.76519e-05
-1.76581e-05
-1.76642e-05
-1.76704e-05
-1.76765e-05
-1.76826e-05
-1.76887e-05
-1.76947e-05
-1.77008e-05
-1.77068e-05
-1.77128e-05
-1.77188e-05
-1.77248e-05
-1.77307e-05
-1.77366e-05
-1.77426e-05
-1.77485e-05
-1.77543e-05
-1.77602e-05
-1.7766e-05
-1.77719e-05
-1.77777e-05
-1.77834e-05
-1.77892e-05
-1.7795e-05
-1.78007e-05
-1.78064e-05
-1.78121e-05
-1.78178e-05
-1.78234e-05
-1.78291e-05
-1.78347e-05
-1.78403e-05
-1.78459e-05
-1.78514e-05
-1.7857e-05
-1.78625e-05
-1.7868e-05
-1.78735e-05
-1.7879e-05
-1.78845e-05
-1.78899e-05
-1.78953e-05
-1.79007e-05
-1.79061e-05
-1.79115e-05
-1.79169e-05
-1.79222e-05
-1.79275e-05
-1.79328e-05
-1.79381e-05
-1.79434e-05
-1.79486e-05
-1.79538e-05
-1.7959e-05
-1.79642e-05
-1.79694e-05
-1.79746e-05
-1.79797e-05
-1.79848e-05
-1.799e-05
-1.7995e-05
-1.80001e-05
-1.80052e-05
-1.80102e-05
-1.80152e-05
-1.80203e-05
-1.80252e-05
-1.80302e-05
-1.80352e-05
-1.80401e-05
-1.8045e-05
-1.80499e-05
-1.80548e-05
-1.80597e-05
-1.80646e-05
-1.80694e-05
-1.80742e-05
-1.8079e-05
-1.80838e-05
-1.80886e-05
-1.80933e-05
-1.80981e-05
-1.81028e-05
-1.81075e-05
-1.81122e-05
-1.81169e-05
-1.81215e-05
-1.81262e-05
-1.81308e-05
-1.81354e-05
-1.814e-05
-1.81446e-05
-1.81492e-05
-1.81537e-05
-1.81582e-05
-1.81628e-05
-1.81673e-05
-1.81717e-05
-1.81762e-05
-1.81807e-05
-1.81851e-05
-1.81895e-05
-1.81939e-05
-1.81983e-05
-1.82027e-05
-1.82071e-05
-1.82114e-05
-1.82157e-05
-1.82201e-05
-1.82244e-05
-1.82286e-05
-1.82329e-05
-1.82372e-05
-1.82414e-05
-1.82456e-05
-1.82498e-05
-1.8254e-05
-1.82582e-05
-1.82624e-05
-1.82665e-05
-1.82707e-05
-1.82748e-05
-1.82789e-05
-1.8283e-05
-1.82871e-05
-1.82911e-05
-1.82952e-05
-1.82992e-05
-1.83032e-05
-1.83072e-05
-1.83112e-05
-1.83152e-05
-1.83192e-05
-1.83231e-05
-1.83271e-05
-1.8331e-05
-1.83349e-05
-1.83388e-05
-1.83427e-05
-1.83465e-05
-1.83504e-05
-1.83542e-05
-1.8358e-05
-1.83618e-05
-1.83656e-05
-1.83694e-05
-1.83732e-05
-1.8377e-05
-1.83807e-05
-1.83844e-05
-1.83881e-05
-1.83918e-05
-1.83955e-05
-1.83992e-05
-1.84029e-05
-1.84065e-05
-1.84102e-05
-1.84138e-05
-1.84174e-05
-1.8421e-05
-1.84246e-05
-1.84282e-05
-1.84317e-05
-1.84353e-05
-1.84388e-05
-1.84423e-05
-1.84458e-05
-1.84493e-05
-1.84528e-05
-1.84563e-05
-1.84597e-05
-1.84632e-05
-1.84666e-05
-1.847e-05
-1.84734e-05
-1.84768e-05
-1.84802e-05
-1.84836e-05
-1.8487e-05
-1.84903e-05
-1.84936e-05
-1.8497e-05
-1.85003e-05
-1.85036e-05
-1.85069e-05
-1.85101e-05
-1.85134e-05
-1.85167e-05
-1.85199e-05
-1.85231e-05
-1.85263e-05
-1.85296e-05
-1.85327e-05
-1.85359e-05
-1.85391e-05
-1.85423e-05
-1.85454e-05
-1.85485e-05
-1.85517e-05
-1.85548e-05
-1.85579e-05
-1.8561e-05
-1.85641e-05
-1.85671e-05
-1.85702e-05
-1.85732e-05
-1.85763e-05
-1.85793e-05
-1.85823e-05
-1.85853e-05
-1.85883e-05
-1.85913e-05
-1.85943e-05
-1.85972e-05
-1.86002e-05
-1.86031e-05
-1.8606e-05
-1.8609e-05
-1.86119e-05
-1.86148e-05
-1.86176e-05
-1.86205e-05
-1.86234e-05
-1.86262e-05
-1.86291e-05
-1.86319e-05
-1.86347e-05
-1.86376e-05
-1.86404e-05
-1.86432e-05
-1.86459e-05
-1.86487e-05
-1.86515e-05
-1.86542e-05
-1.8657e-05
-1.86597e-05
-1.86624e-05
-1.86651e-05
-1.86679e-05
-1.86705e-05
-1.86732e-05
-1.86759e-05
-1.86786e-05
-1.86812e-05
-1.86839e-05
-1.86865e-05
-1.86891e-05
-1.86918e-05
-1.86944e-05
-1.8697e-05
-1.86995e-05
-1.87021e-05
-1.87047e-05
-1.87073e-05
-1.87098e-05
-1.87124e-05
-1.87149e-05
-1.87174e-05
-1.87199e-05
-1.87224e-05
-1.87249e-05
-1.87274e-05
-1.87299e-05
-1.87324e-05
-1.87348e-05
-1.87373e-05
-1.87397e-05
-1.87422e-05
-1.87446e-05
-1.8747e-05
-1.87494e-05
-1.87518e-05
-1.87542e-05
-1.87566e-05
-1.8759e-05
-1.87613e-05
-1.87637e-05
-1.8766e-05
-1.87684e-05
-1.87707e-05
-1.8773e-05
-1.87753e-05
-1.87777e-05
-1.878e-05
-1.87822e-05
-1.87845e-05
-1.87868e-05
-1.87891e-05
-1.87913e-05
-1.87936e-05
-1.87958e-05
-1.8798e-05
-1.88003e-05
-1.88025e-05
-1.88047e-05
-1.88069e-05
-1.88091e-05
-1.88113e-05
-1.88135e-05
-1.88156e-05
-1.88178e-05
-1.88199e-05
-1.88221e-05
-1.88242e-05
-1.88264e-05
-1.88285e-05
-1.88306e-05
-1.88327e-05
-1.88348e-05
-1.88369e-05
-1.8839e-05
-1.88411e-05
-1.88431e-05
-1.88452e-05
-1.88473e-05
-1.88493e-05
-1.88514e-05
-1.88534e-05
-1.88554e-05
-1.88574e-05
-1.88594e-05
-1.88615e-05
-1.88635e-05
-1.88654e-05
-1.88674e-05
-1.88694e-05
-1.88714e-05
-1.88733e-05
-1.88753e-05
-1.88772e-05
-1.88792e-05
-1.88811e-05
-1.8883e-05
-1.8885e-05
-1.88869e-05
-1.88888e-05
-1.88907e-05
-1.88926e-05
-1.88945e-05
-1.88964e-05
-1.88982e-05
-1.89001e-05
-1.8902e-05
-1.89038e-05
-1.89057e-05
-1.89075e-05
-1.89093e-05
-1.89112e-05
-1.8913e-05
-1.89148e-05
-1.89166e-05
-1.89184e-05
-1.89202e-05
-1.8922e-05
-1.89238e-05
-1.89256e-05
-1.89273e-05
-1.89291e-05
-1.89308e-05
-1.89326e-05
-1.89343e-05
-1.89361e-05
-1.89378e-05
-1.89395e-05
-1.89413e-05
-1.8943e-05
-1.89447e-05
-1.89464e-05
-1.89481e-05
-1.89498e-05
-1.89515e-05
-1.89531e-05
-1.89548e-05
-1.89565e-05
-1.89581e-05
-1.89598e-05
-1.89615e-05
-1.89631e-05
-1.89647e-05
-1.89664e-05
-1.8968e-05
-1.89696e-05
-1.89712e-05
-1.89728e-05
-1.89744e-05
-1.8976e-05
-1.89776e-05
-1.89792e-05
-1.89808e-05
-1.89824e-05
-1.89839e-05
-1.89855e-05
-1.89871e-05
-1.89886e-05
-1.89902e-05
-1.89917e-05
-1.89933e-05
-1.89948e-05
-1.89963e-05
-1.89978e-05
-1.89994e-05
-1.90009e-05
-1.90024e-05
-1.90039e-05
-1.90054e-05
-1.90069e-05
-1.90083e-05
-1.90098e-05
-1.90113e-05
-1.90128e-05
-1.90142e-05
-1.90157e-05
-1.90171e-05
-1.90186e-05
-1.902e-05
-1.90215e-05
-1.90229e-05
-1.90243e-05
-1.90258e-05
-1.90272e-05
-1.90286e-05
-1.903e-05
-1.90314e-05
-1.90328e-05
-1.90342e-05
-1.90356e-05
-1.9037e-05
-1.90383e-05
-1.90397e-05
-1.90411e-05
-1.90425e-05
-1.90438e-05
-1.90452e-05
-1.90465e-05
-1.90479e-05
-1.90492e-05
-1.90506e-05
-1.90519e-05
-1.90532e-05
-1.90545e-05
-1.90559e-05
-1.90572e-05
-1.90585e-05
-1.90598e-05
-1.90611e-05
-1.90624e-05
-1.90637e-05
-1.9065e-05
-1.90662e-05
-1.90675e-05
-1.90688e-05
-1.90701e-05
-1.90713e-05
-1.90726e-05
-1.90738e-05
-1.90751e-05
-1.90763e-05
-1.90776e-05
-1.90788e-05
-1.90801e-05
-1.90813e-05
-1.90825e-05
-1.90837e-05
-1.9085e-05
-1.90862e-05
-1.90874e-05
-1.90886e-05
-1.90898e-05
-1.9091e-05
-1.90922e-05
-1.90934e-05
-1.90946e-05
-1.90957e-05
-1.90969e-05
-1.90981e-05
-1.90993e-05
-1.91004e-05
-1.91016e-05
-1.91027e-05
-1.91039e-05
-1.9105e-05
-1.91062e-05
-1.91073e-05
-1.91085e-05
-1.91096e-05
-1.91107e-05
-1.91119e-05
-1.9113e-05
-1.91141e-05
-1.91152e-05
-1.91163e-05
-1.91174e-05
-1.91185e-05
-1.91196e-05
-1.91207e-05
-1.91218e-05
-1.91229e-05
-1.9124e-05
-1.91251e-05
-1.91261e-05
-1.91272e-05
-1.91283e-05
-1.91294e-05
-1.91304e-05
-1.91315e-05
-1.91325e-05
-1.91336e-05
-1.91346e-05
-1.91357e-05
-1.91367e-05
-1.91378e-05
-1.91388e-05
-1.91398e-05
-1.91408e-05
-1.91419e-05
-1.91429e-05
-1.91439e-05
-1.91449e-05
-1.91459e-05
-1.91469e-05
-1.91479e-05
-1.91489e-05
-1.91499e-05
-1.91509e-05
-1.91519e-05
-1.91529e-05
-1.91539e-05
-1.91549e-05
-1.91558e-05
-1.91568e-05
-1.91578e-05
-1.91587e-05
-1.91597e-05
-1.91607e-05
-1.91616e-05
-1.91626e-05
-1.91635e-05
-1.91645e-05
-1.91654e-05
-1.91664e-05
-1.91673e-05
-1.91682e-05
-1.91692e-05
-1.91701e-05
-1.9171e-05
-1.91719e-05
-1.91729e-05
-1.91738e-05
-1.91747e-05
-1.91756e-05
-1.91765e-05
-1.91774e-05
-1.91783e-05
-1.91792e-05
-1.91801e-05
-1.9181e-05
-1.91819e-05
-1.91828e-05
-1.91836e-05
-1.91845e-05
-1.91854e-05
-1.91863e-05
-1.91871e-05
-1.9188e-05
-1.91889e-05
-1.91897e-05
-1.91906e-05
-1.91914e-05
-1.91923e-05
-1.91932e-05
-1.9194e-05
-1.91948e-05
-1.91957e-05
-1.91965e-05
-1.91974e-05
-1.91982e-05
-1.9199e-05
-1.91999e-05
-1.92007e-05
-1.92015e-05
-1.92023e-05
-1.92031e-05
-1.9204e-05
-1.92048e-05
-1.92056e-05
-1.92064e-05
-1.92072e-05
-1.9208e-05
-1.92088e-05
-1.92096e-05
-1.92104e-05
-1.92112e-05
-1.92119e-05
-1.92127e-05
-1.92135e-05
-1.92143e-05
-1.92151e-05
-1.92158e-05
-1.92166e-05
-1.92174e-05
-1.92182e-05
-1.92189e-05
-1.92197e-05
-1.92204e-05
-1.92212e-05
-1.9222e-05
-1.92227e-05
-1.92235e-05
-1.92242e-05
-1.9225e-05
-1.92257e-05
-1.92264e-05
-1.92272e-05
-1.92279e-05
-1.92286e-05
-1.92294e-05
-1.92301e-05
-1.92308e-05
-1.92315e-05
-1.92323e-05
-1.9233e-05
-1.92337e-05
-1.92344e-05
-1.92351e-05
-1.92358e-05
-1.92365e-05
-1.92372e-05
-1.92379e-05
-1.92386e-05
-1.92393e-05
-1.924e-05
-1.92407e-05
-1.92414e-05
-1.92421e-05
-1.92428e-05
-1.92435e-05
-1.92442e-05
-1.92448e-05
-1.92455e-05
-1.92462e-05
-1.92469e-05
-1.92475e-05
-1.92482e-05
-1.92489e-05
-1.92495e-05
-1.92502e-05
-1.92509e-05
-1.92515e-05
-1.92522e-05
-1.92528e-05
-1.92535e-05
-1.92541e-05
-1.92548e-05
-1.92554e-05
-1.92561e-05
-1.92567e-05
-1.92573e-05
-1.9258e-05
-1.92586e-05
-1.92592e-05
-1.92599e-05
-1.92605e-05
-1.92611e-05
-1.92618e-05
-1.92624e-05
-1.9263e-05
-1.92636e-05
-1.92642e-05
-1.92648e-05
-1.92655e-05
-1.92661e-05
-1.92667e-05
-1.92673e-05
-1.92679e-05
-1.92685e-05
-1.92691e-05
-1.92697e-05
-1.92703e-05
-1.92709e-05
-1.92715e-05
-1.92721e-05
-1.92727e-05
-1.92732e-05
-1.92738e-05
-1.92744e-05
-1.9275e-05
-1.92756e-05
-1.92761e-05
-1.92767e-05
-1.92773e-05
-1.92779e-05
-1.92784e-05
-1.9279e-05
-1.92796e-05
-1.92801e-05
-1.92807e-05
-1.92813e-05
-1.92818e-05
-1.92824e-05
-1.92829e-05
-1.92835e-05
-1.9284e-05
-1.92846e-05
-1.92851e-05
-1.92857e-05
-1.92862e-05
-1.92868e-05
-1.92873e-05
-1.92879e-05
-1.92884e-05
-1.92889e-05
-1.92895e-05
-1.929e-05
-1.92905e-05
-1.92911e-05
-1.92916e-05
-1.92921e-05
-1.92926e-05
-1.92932e-05
-1.92937e-05
-1.92942e-05
-1.92947e-05
-1.92952e-05
-1.92958e-05
-1.92963e-05
-1.92968e-05
-1.92973e-05
-1.92978e-05
-1.92983e-05
-1.92988e-05
-1.92993e-05
-1.92998e-05
-1.93003e-05
-1.93008e-05
-1.93013e-05
-1.93018e-05
-1.93023e-05
-1.93028e-05
-1.93033e-05
-1.93038e-05
-1.93043e-05
-1.93048e-05
-1.93052e-05
-1.93057e-05
-1.93062e-05
-1.93067e-05
-1.93072e-05
-1.93076e-05
-1.93081e-05
-1.93086e-05
-1.93091e-05
-1.93095e-05
-1.931e-05
-1.93105e-05
-1.93109e-05
-1.93114e-05
-1.93119e-05
-1.93123e-05
-1.93128e-05
-1.93132e-05
-1.93137e-05
-1.93142e-05
-1.93146e-05
-1.93151e-05
-1.93155e-05
-1.9316e-05
-1.93164e-05
-1.93169e-05
-1.93173e-05
-1.93178e-05
-1.93182e-05
-1.93186e-05
-1.93191e-05
-1.93195e-05
-1.932e-05
-1.93204e-05
-1.93208e-05
-1.93213e-05
-1.93217e-05
-1.93221e-05
-1.93226e-05
-1.9323e-05
-1.93234e-05
-1.93239e-05
-1.93243e-05
-1.93247e-05
-1.93251e-05
-1.93255e-05
-1.9326e-05
-1.93264e-05
-1.93268e-05
-1.93272e-05
-1.93276e-05
-1.9328e-05
-1.93285e-05
-1.93289e-05
-1.93293e-05
-1.93297e-05
-1.93301e-05
-1.93305e-05
-1.93309e-05
-1.93313e-05
-1.93317e-05
-1.93321e-05
-1.93325e-05
-1.93329e-05
-1.93333e-05
-1.93337e-05
-1.93341e-05
-1.93345e-05
-1.93349e-05
-1.93353e-05
-1.93357e-05
-1.9336e-05
-1.93364e-05
-1.93368e-05
-1.93372e-05
-1.93376e-05
-1.9338e-05
-1.93383e-05
-1.93387e-05
-1.93391e-05
-1.93395e-05
-1.93399e-05
-1.93402e-05
-1.93406e-05
-1.9341e-05
-1.93414e-05
-1.93417e-05
-1.93421e-05
-1.93425e-05
-1.93428e-05
-1.93432e-05
-1.93436e-05
-1.93439e-05
-1.93443e-05
-1.93447e-05
-1.9345e-05
-1.93454e-05
-1.93457e-05
-1.93461e-05
-1.93464e-05
-1.93468e-05
-1.93472e-05
-1.93475e-05
-1.93479e-05
-1.93482e-05
-1.93486e-05
-1.93489e-05
-1.93493e-05
-1.93496e-05
-1.935e-05
-1.93503e-05
-1.93506e-05
-1.9351e-05
-1.93513e-05
-1.93517e-05
-1.9352e-05
-1.93523e-05
-1.93527e-05
-1.9353e-05
-1.93534e-05
-1.93537e-05
-1.9354e-05
-1.93544e-05
-1.93547e-05
-1.9355e-05
-1.93553e-05
-1.93557e-05
-1.9356e-05
-1.93563e-05
-1.93566e-05
-1.9357e-05
-1.93573e-05
-1.93576e-05
-1.93579e-05
-1.93583e-05
-1.93586e-05
-1.93589e-05
-1.93592e-05
-1.93595e-05
-1.93598e-05
-1.93602e-05
-1.93605e-05
-1.93608e-05
-1.93611e-05
-1.93614e-05
-1.93617e-05
-1.9362e-05
-1.93623e-05
-1.93626e-05
-1.9363e-05
-1.93633e-05
-1.93636e-05
-1.93639e-05
-1.93642e-05
-1.93645e-05
-1.93648e-05
-1.93651e-05
-1.93654e-05
-1.93657e-05
-1.9366e-05
-1.93663e-05
-1.93666e-05
-1.93669e-05
-1.93671e-05
-1.93674e-05
-1.93677e-05
-1.9368e-05
-1.93683e-05
-1.93686e-05
-1.93689e-05
-1.93692e-05
-1.93695e-05
-1.93698e-05
-1.937e-05
-1.93703e-05
-1.93706e-05
-1.93709e-05
-1.93712e-05
-1.93715e-05
-1.93717e-05
-1.9372e-05
-1.93723e-05
-1.93726e-05
-1.93728e-05
-1.93731e-05
-1.93734e-05
-1.93737e-05
-1.93739e-05
-1.93742e-05
-1.93745e-05
-1.93748e-05
-1.9375e-05
-1.93753e-05
-1.93756e-05
-1.93758e-05
-1.93761e-05
-1.93764e-05
-1.93766e-05
-1.93769e-05
-1.93772e-05
-1.93774e-05
-1.93777e-05
-1.9378e-05
-1.93782e-05
-1.93785e-05
-1.93787e-05
-1.9379e-05
-1.93793e-05
-1.93795e-05
-1.93798e-05
-1.938e-05
-1.93803e-05
-1.93805e-05
-1.93808e-05
-1.9381e-05
-1.93813e-05
-1.93815e-05
-1.93818e-05
-1.9382e-05
-1.93823e-05
-1.93825e-05
-1.93828e-05
-1.9383e-05
-1.93833e-05