0
-1.05161e-06
-2.08285e-06
-3.06828e-06
-4.00935e-06
-4.90823e-06
-5.76696e-06
-6.58747e-06
-7.37153e-06
-8.12083e-06
-8.83692e-06
-9.52126e-06
-1.01752e-05
-1.08002e-05
-1.13974e-05
-1.1968e-05
-1.25132e-05
-1.3034e-05
-1.35315e-05
-1.40067e-05
-1.44604e-05
-1.48937e-05
-1.53074e-05
-1.57023e-05
-1.60791e-05
-1.64387e-05
-1.67818e-05
-1.71091e-05
-1.74212e-05
-1.77187e-05
-1.80024e-05
-1.82727e-05
-1.85303e-05
-1.87757e-05
-1.90094e-05
-1.92319e-05
-1.94437e-05
-1.96452e-05
-1.98369e-05
-2.00192e-05
-2.01925e-05
-2.03572e-05
-2.05136e-05
-2.06621e-05
-2.08031e-05
-2.09368e-05
-2.10636e-05
-2.11838e-05
-2.12976e-05
-2.14053e-05
-2.15072e-05
-2.16035e-05
-2.16945e-05
-2.17804e-05
-2.18614e-05
-2.19377e-05
-2.20096e-05
-2.20771e-05
-2.21406e-05
-2.22001e-05
-2.22558e-05
-2.2308e-05
-2.23567e-05
-2.24021e-05
-2.24443e-05
-2.24836e-05
-2.25199e-05
-2.25535e-05
-2.25844e-05
-2.26128e-05
-2.26388e-05
-2.26625e-05
-2.26839e-05
-2.27033e-05
-2.27206e-05
-2.27359e-05
-2.27495e-05
-2.27612e-05
-2.27712e-05
-2.27797e-05
-2.27865e-05
-2.27919e-05
-2.27959e-05
-2.27986e-05
-2.27999e-05
-2.28e-05
-2.27989e-05
-2.27967e-05
-2.27935e-05
-2.27892e-05
-2.27839e-05
-2.27777e-05
-2.27706e-05
-2.27626e-05
-2.27539e-05
-2.27443e-05
-2.27341e-05
-2.27231e-05
-2.27114e-05
-2.26992e-05
-2.26863e-05
-2.26728e-05
-2.26588e-05
-2.26443e-05
-2.26293e-05
-2.26138e-05
-2.25978e-05
-2.25815e-05
-2.25647e-05
-2.25476e-05
-2.25301e-05
-2.25122e-05
-2.24941e-05
-2.24756e-05
-2.24568e-05
-2.24378e-05
-2.24185e-05
-2.2399e-05
-2.23792e-05
-2.23592e-05
-2.23391e-05
-2.23187e-05
-2.22982e-05
-2.22775e-05
-2.22566e-05
-2.22356e-05
-2.22145e-05
-2.21933e-05
-2.21719e-05
-2.21505e-05
-2.21289e-05
-2.21073e-05
-2.20856e-05
-2.20638e-05
-2.2042e-05
-2.20201e-05
-2.19981e-05
-2.19761e-05
-2.19541e-05
-2.19321e-05
-2.191e-05
-2.1888e-05
-2.18659e-05
-2.18438e-05
-2.18217e-05
-2.17996e-05
-2.17775e-05
-2.17554e-05
-2.17334e-05
-2.17113e-05
-2.16893e-05
-2.16673e-05
-2.16454e-05
-2.16235e-05
-2.16016e-05
-2.15797e-05
-2.15579e-05
-2.15362e-05
-2.15145e-05
-2.14928e-05
-2.14712e-05
-2.14497e-05
-2.14282e-05
-2.14068e-05
-2.13854e-05
-2.13641e-05
-2.13429e-05
-2.13218e-05
-2.13007e-05
-2.12796e-05
-2.12587e-05
-2.12378e-05
-2.1217e-05
-2.11963e-05
-2.11756e-05
-2.11551e-05
-2.11346e-05
-2.11142e-05
-2.10938e-05
-2.10736e-05
-2.10534e-05
-2.10333e-05
-2.10133e-05
-2.09934e-05
-2.09736e-05
-2.09539e-05
-2.09342e-05
-2.09146e-05
-2.08952e-05
-2.08758e-05
-2.08565e-05
-2.08373e-05
-2.08181e-05
-2.07991e-05
-2.07802e-05
-2.07613e-05
-2.07425e-05
-2.07239e-05
-2.07053e-05
-2.06868e-05
-2.06684e-05
-2.06501e-05
-2.06319e-05
-2.06137e-05
-2.05957e-05
-2.05777e-05
-2.05599e-05
-2.05421e-05
-2.05245e-05
-2.05069e-05
-2.04894e-05
-2.0472e-05
-2.04547e-05
-2.04375e-05
-2.04203e-05
-2.04033e-05
-2.03863e-05
-2.03695e-05
-2.03527e-05
-2.0336e-05
-2.03194e-05
-2.03029e-05
-2.02865e-05
-2.02702e-05
-2.0254e-05
-2.02378e-05
-2.02218e-05
-2.02058e-05
-2.01899e-05
-2.01741e-05
-2.01584e-05
-2.01428e-05
-2.01272e-05
-2.01118e-05
-2.00964e-05
-2.00812e-05
-2.0066e-05
-2.00508e-05
-2.00358e-05
-2.00209e-05
-2.0006e-05
-1.99913e-05
-1.99766e-05
-1.9962e-05
-1.99474e-05
-1.9933e-05
-1.99186e-05
-1.99044e-05
-1.98902e-05
-1.9876e-05
-1.9862e-05
-1.9848e-05
-1.98342e-05
-1.98204e-05
-1.98067e-05
-1.9793e-05
-1.97795e-05
-1.9766e-05
-1.97526e-05
-1.97392e-05
-1.9726e-05
-1.97128e-05
-1.96997e-05
-1.96867e-05
-1.96737e-05
-1.96609e-05
-1.96481e-05
-1.96353e-05
-1.96227e-05
-1.96101e-05
-1.95976e-05
-1.95852e-05
-1.95728e-05
-1.95605e-05
-1.95483e-05
-1.95362e-05
-1.95241e-05
-1.95121e-05
-1.95002e-05
-1.94883e-05
-1.94765e-05
-1.94648e-05
-1.94532e-05
-1.94416e-05
-1.94301e-05
-1.94186e-05
-1.94073e-05
-1.93959e-05
-1.93847e-05
-1.93735e-05
-1.93624e-05
-1.93514e-05
-1.93404e-05
-1.93295e-05
-1.93186e-05
-1.93078e-05
-1.92971e-05
-1.92864e-05
-1.92758e-05
-1.92653e-05
-1.92548e-05
-1.92444e-05
-1.92341e-05
-1.92238e-05
-1.92136e-05
-1.92034e-05
-1.91933e-05
-1.91833e-05
-1.91733e-05
-1.91634e-05
-1.91535e-05
-1.91437e-05
-1.9134e-05
-1.91243e-05
-1.91147e-05
-1.91051e-05
-1.90956e-05
-1.90861e-05
-1.90767e-05
-1.90674e-05
-1.90581e-05
-1.90489e-05
-1.90397e-05
-1.90306e-05
-1.90215e-05
-1.90125e-05
-1.90035e-05
-1.89946e-05
-1.89858e-05
-1.8977e-05
-1.89683e-05
-1.89596e-05
-1.89509e-05
-1.89424e-05
-1.89338e-05
-1.89253e-05
-1.89169e-05
-1.89085e-05
-1.89002e-05
-1.88919e-05
-1.88837e-05
-1.88755e-05
-1.88674e-05
-1.88593e-05
-1.88513e-05
-1.88433e-05
-1.88354e-05
-1.88275e-05
-1.88197e-05
-1.88119e-05
-1.88042e-05
-1.87965e-05
-1.87888e-05
-1.87812e-05
-1.87737e-05
-1.87662e-05
-1.87587e-05
-1.87513e-05
-1.87439e-05
-1.87366e-05
-1.87293e-05
-1.87221e-05
-1.87149e-05
-1.87078e-05
-1.87007e-05
-1.86936e-05
-1.86866e-05
-1.86796e-05
-1.86727e-05
-1.86658e-05
-1.86589e-05
-1.86521e-05
-1.86454e-05
-1.86387e-05
-1.8632e-05
-1.86254e-05
-1.86188e-05
-1.86122e-05
-1.86057e-05
-1.85992e-05
-1.85928e-05
-1.85864e-05
-1.858e-05
-1.85737e-05
-1.85674e-05
-1.85612e-05
-1.8555e-05
-1.85488e-05
-1.85427e-05
-1.85366e-05
-1.85306e-05
-1.85246e-05
-1.85186e-05
-1.85127e-05
-1.85068e-05
-1.85009e-05
-1.84951e-05
-1.84893e-05
-1.84836e-05
-1.84778e-05
-1.84722e-05
-1.84665e-05
-1.84609e-05
-1.84553e-05
-1.84498e-05
-1.84443e-05
-1.84388e-05
-1.84334e-05
-1.8428e-05
-1.84226e-05
-1.84173e-05
-1.84119e-05
-1.84067e-05
-1.84014e-05
-1.83962e-05
-1.83911e-05
-1.83859e-05
-1.83808e-05
-1.83757e-05
-1.83707e-05
-1.83657e-05
-1.83607e-05
-1.83558e-05
-1.83508e-05
-1.83459e-05
-1.83411e-05
-1.83363e-05
-1.83315e-05
-1.83267e-05
-1.8322e-05
-1.83173e-05
-1.83126e-05
-1.83079e-05
-1.83033e-05
-1.82987e-05
-1.82942e-05
-1.82896e-05
-1.82851e-05
-1.82807e-05
-1.82762e-05
-1.82718e-05
-1.82674e-05
-1.82631e-05
-1.82587e-05
-1.82544e-05
-1.82501e-05
-1.82459e-05
-1.82417e-05
-1.82375e-05
-1.82333e-05
-1.82291e-05
-1.8225e-05
-1.82209e-05
-1.82169e-05
-1.82128e-05
-1.82088e-05
-1.82048e-05
-1.82009e-05
-1.81969e-05
-1.8193e-05
-1.81891e-05
-1.81852e-05
-1.81814e-05
-1.81776e-05
-1.81738e-05
-1.817e-05
-1.81663e-05
-1.81626e-05
-1.81589e-05
-1.81552e-05
-1.81516e-05
-1.81479e-05
-1.81443e-05
-1.81408e-05
-1.81372e-05
-1.81337e-05
-1.81302e-05
-1.81267e-05
-1.81232e-05
-1.81198e-05
-1.81163e-05
-1.81129e-05
-1.81096e-05
-1.81062e-05
-1.81029e-05
-1.80996e-05
-1.80963e-05
-1.8093e-05
-1.80898e-05
-1.80865e-05
-1.80833e-05
-1.80801e-05
-1.8077e-05
-1.80738e-05
-1.80707e-05
-1.80676e-05
-1.80645e-05
-1.80614e-05
-1.80584e-05
-1.80554e-05
-1.80524e-05
-1.80494e-05
-1.80464e-05
-1.80435e-05
-1.80405e-05
-1.80376e-05
-1.80347e-05
-1.80319e-05
-1.8029e-05
-1.80262e-05
-1.80234e-05
-1.80206e-05
-1.80178e-05
-1.8015e-05
-1.80123e-05
-1.80095e-05
-1.80068e-05
-1.80041e-05
-1.80015e-05
-1.79988e-05
-1.79962e-05
-1.79936e-05
-1.79909e-05
-1.79884e-05
-1.79858e-05
-1.79832e-05
-1.79807e-05
-1.79782e-05
-1.79757e-05
-1.79732e-05
-1.79707e-05
-1.79683e-05
-1.79658e-05
-1.79634e-05
-1.7961e-05
-1.79586e-05
-1.79562e-05
-1.79539e-05
-1.79515e-05
-1.79492e-05
-1.79469e-05
-1.79446e-05
-1.79423e-05
-1.794e-05
-1.79378e-05
-1.79355e-05
-1.79333e-05
-1.79311e-05
-1.79289e-05
-1.79267e-05
-1.79245e-05
-1.79224e-05
-1.79202e-05
-1.79181e-05
-1.7916e-05
-1.79139e-05
-1.79118e-05
-1.79098e-05
-1.79077e-05
-1.79057e-05
-1.79036e-05
-1.79016e-05
-1.78996e-05
-1.78976e-05
-1.78957e-05
-1.78937e-05
-1.78917e-05
-1.78898e-05
-1.78879e-05
-1.7886e-05
-1.78841e-05
-1.78822e-05
-1.78803e-05
-1.78785e-05
-1.78766e-05
-1.78748e-05
-1.78729e-05
-1.78711e-05
-1.78693e-05
-1.78675e-05
-1.78658e-05
-1.7864e-05
-1.78623e-05
-1.78605e-05
-1.78588e-05
-1.78571e-05
-1.78554e-05
-1.78537e-05
-1.7852e-05
-1.78503e-05
-1.78486e-05
-1.7847e-05
-1.78454e-05
-1.78437e-05
-1.78421e-05
-1.78405e-05
-1.78389e-05
-1.78373e-05
-1.78357e-05
-1.78342e-05
-1.78326e-05
-1.78311e-05
-2.41362e-05
-3.20102e-05
-3.95613e-05
-4.62842e-05
-5.21369e-05
-5.72131e-05
-6.16349e-05
-6.55206e-05
-6.89763e-05
-7.20963e-05
-7.49646e-05
-7.76586e-05
-8.02523e-05
-8.28207e-05
-8.54445e-05
-8.82182e-05
-9.12615e-05
-9.47395e-05
-9.89022e-05
-0.000104166
-0.00011131
-0.000122026
-0.000140772
-0.000181623
-0.000269628
-0.000390834
-0.000462819
-0.000491716
-0.000501046
-0.000501927
-0.000499128
-0.000494667
-0.000489388
-0.00048364
-0.000477573
-0.000471253
-0.000464717
-0.000457988
-0.000451085
-0.000444024
-0.00043682
-0.000429488
-0.000422041
-0.000414489
-0.000406843
-0.000399114
-0.000391307
-0.000383432
-0.000375493
-0.000367496
-0.000359443
-0.000351337
-0.000343178
-0.000334967
-0.000326699
-0.000318372
-0.000309978
-0.000301508
-0.00029295
-0.000284287
-0.0002755
-0.000266561
-0.000257438
-0.00024809
-0.000238464
-0.000228494
-0.000218096
-0.000207163
-0.00019556
-0.00018311
-0.000169587
-0.000154695
-0.000138051
-0.000119161
-9.7398e-05
-7.19999e-05
-4.21243e-05
-7.04249e-06
3.34091e-05
7.8069e-05
0.00012378
0.000165821
0.000199944
0.000224485
0.000240522
0.000250392
0.000256282
0.000259703
0.000261548
0.000262326
0.000262336
0.000261776
0.000260801
0.000259545
0.000258137
0.000256704
0.000255374
0.000254272
0.00025351
0.000253167
0.000253263
0.000253729
0.000254404
0.000255075
0.000255577
0.000255838
0.000255882
0.000255781
0.000255598
0.000255365
0.000255074
0.000254694
0.000254172
0.000253448
0.000252457
0.000251141
0.000249452
0.000247356
0.000244836
0.000241893
0.000238539
0.0002348
0.000230706
0.000226293
0.000221592
0.000216636
0.000211451
0.000206058
0.000200471
0.000194698
0.00018874
0.000182594
0.000176247
0.000169684
0.000162881
0.000155812
0.000148445
0.000140741
0.000132664
0.000124175
0.00011524
0.000105836
9.59632e-05
8.56526e-05
7.49858e-05
6.41171e-05
5.32782e-05
4.27838e-05
3.30016e-05
2.42928e-05
1.69364e-05
1.10606e-05
6.62111e-06
3.43694e-06
1.25583e-06
-1.81906e-07
-1.10052e-06
-1.67398e-06
-2.02659e-06
-2.24217e-06
-2.37495e-06
-2.45886e-06
-2.51468e-06
-2.55483e-06
-2.58663e-06
-2.6143e-06
-2.64023e-06
-2.66573e-06
-2.69149e-06
-2.71783e-06
-2.7449e-06
-2.77274e-06
-2.80131e-06
-2.83057e-06
-2.86048e-06
-2.89096e-06
-2.92198e-06
-2.95348e-06
-2.98543e-06
-3.01778e-06
-3.05052e-06
-3.08361e-06
-3.11703e-06
-3.15077e-06
-3.1848e-06
-3.21912e-06
-3.25372e-06
-3.28857e-06
-3.32369e-06
-3.35905e-06
-3.39465e-06
-3.43049e-06
-3.46656e-06
-3.50286e-06
-3.53938e-06
-3.57612e-06
-3.61307e-06
-3.65024e-06
-3.68761e-06
-3.7252e-06
-3.76298e-06
-3.80097e-06
-3.83916e-06
-3.87754e-06
-3.91612e-06
-3.95489e-06
-3.99386e-06
-4.03301e-06
-4.07234e-06
-4.11187e-06
-4.15157e-06
-4.19146e-06
-4.23152e-06
-4.27176e-06
-4.31217e-06
-4.35276e-06
-4.39352e-06
-4.43445e-06
-4.47554e-06
-4.5168e-06
-4.55822e-06
-4.59981e-06
-4.64155e-06
-4.68344e-06
-4.7255e-06
-4.7677e-06
-4.81006e-06
-4.85256e-06
-4.89521e-06
-4.93801e-06
-4.98095e-06
-5.02402e-06
-5.06724e-06
-5.11059e-06
-5.15407e-06
-5.19769e-06
-5.24143e-06
-5.2853e-06
-5.3293e-06
-5.37341e-06
-5.41765e-06
-5.46201e-06
-5.50648e-06
-5.55106e-06
-5.59575e-06
-5.64056e-06
-5.68546e-06
-5.73048e-06
-5.77559e-06
-5.8208e-06
-5.86611e-06
-5.91151e-06
-5.95701e-06
-6.00259e-06
-6.04826e-06
-6.09401e-06
-6.13985e-06
-6.18577e-06
-6.23176e-06
-6.27782e-06
-6.32396e-06
-6.37017e-06
-6.41645e-06
-6.46278e-06
-6.50918e-06
-6.55564e-06
-6.60216e-06
-6.64873e-06
-6.69535e-06
-6.74202e-06
-6.78874e-06
-6.8355e-06
-6.88231e-06
-6.92915e-06
-6.97602e-06
-7.02294e-06
-7.06988e-06
-7.11685e-06
-7.16385e-06
-7.21087e-06
-7.25791e-06
-7.30496e-06
-7.35204e-06
-7.39913e-06
-7.44622e-06
-7.49333e-06
-7.54044e-06
-7.58755e-06
-7.63467e-06
-7.68178e-06
-7.72888e-06
-7.77598e-06
-7.82307e-06
-7.87014e-06
-7.9172e-06
-7.96425e-06
-8.01127e-06
-8.05827e-06
-8.10524e-06
-8.15219e-06
-8.1991e-06
-8.24599e-06
-8.29283e-06
-8.33964e-06
-8.38641e-06
-8.43314e-06
-8.47982e-06
-8.52645e-06
-8.57303e-06
-8.61956e-06
-8.66603e-06
-8.71245e-06
-8.7588e-06
-8.80509e-06
-8.85132e-06
-8.89748e-06
-8.94358e-06
-8.98959e-06
-9.03554e-06
-9.08141e-06
-9.1272e-06
-9.17291e-06
-9.21853e-06
-9.26407e-06
-9.30952e-06
-9.35489e-06
-9.40015e-06
-9.44533e-06
-9.49041e-06
-9.53539e-06
-9.58027e-06
-9.62504e-06
-9.66971e-06
-9.71428e-06
-9.75873e-06
-9.80308e-06
-9.84731e-06
-9.89142e-06
-9.93542e-06
-9.9793e-06
-1.00231e-05
-1.00667e-05
-1.01102e-05
-1.01536e-05
-1.01968e-05
-1.024e-05
-1.0283e-05
-1.03258e-05
-1.03686e-05
-1.04111e-05
-1.04536e-05
-1.04959e-05
-1.05381e-05
-1.05801e-05
-1.0622e-05
-1.06637e-05
-1.07053e-05
-1.07467e-05
-1.0788e-05
-1.08291e-05
-1.08701e-05
-1.09109e-05
-1.09515e-05
-1.0992e-05
-1.10324e-05
-1.10725e-05
-1.11125e-05
-1.11524e-05
-1.11921e-05
-1.12316e-05
-1.12709e-05
-1.13101e-05
-1.13491e-05
-1.13879e-05
-1.14266e-05
-1.14651e-05
-1.15034e-05
-1.15415e-05
-1.15795e-05
-1.16172e-05
-1.16548e-05
-1.16923e-05
-1.17295e-05
-1.17665e-05
-1.18034e-05
-1.18401e-05
-1.18766e-05
-1.19129e-05
-1.1949e-05
-1.19849e-05
-1.20207e-05
-1.20562e-05
-1.20916e-05
-1.21268e-05
-1.21618e-05
-1.21966e-05
-1.22312e-05
-1.22656e-05
-1.22998e-05
-1.23338e-05
-1.23676e-05
-1.24012e-05
-1.24347e-05
-1.24679e-05
-1.25009e-05
-1.25338e-05
-1.25664e-05
-1.25988e-05
-1.26311e-05
-1.26631e-05
-1.2695e-05
-1.27266e-05
-1.27581e-05
-1.27893e-05
-1.28204e-05
-1.28512e-05
-1.28818e-05
-1.29123e-05
-1.29425e-05
-1.29726e-05
-1.30024e-05
-1.3032e-05
-1.30615e-05
-1.30907e-05
-1.31197e-05
-1.31486e-05
-1.31772e-05
-1.32056e-05
-1.32338e-05
-1.32619e-05
-1.32897e-05
-1.33173e-05
-1.33448e-05
-1.3372e-05
-1.3399e-05
-1.34258e-05
-1.34525e-05
-1.34789e-05
-1.35051e-05
-1.35312e-05
-1.3557e-05
-1.35827e-05
-1.36081e-05
-1.36334e-05
-1.36584e-05
-1.36833e-05
-1.37079e-05
-1.37324e-05
-1.37567e-05
-1.37808e-05
-1.38047e-05
-1.38283e-05
-1.38518e-05
-1.38752e-05
-1.38983e-05
-1.39212e-05
-1.39439e-05
-1.39665e-05
-1.39888e-05
-1.4011e-05
-1.4033e-05
-1.40548e-05
-1.40764e-05
-1.40978e-05
-1.4119e-05
-1.41401e-05
-1.41609e-05
-1.41816e-05
-1.42021e-05
-1.42224e-05
-1.42426e-05
-1.42625e-05
-1.42823e-05
-1.43019e-05
-1.43213e-05
-1.43406e-05
-1.43596e-05
-1.43785e-05
-1.43972e-05
-1.44158e-05
-1.44342e-05
-1.44523e-05
-1.44704e-05
-1.44882e-05
-1.45059e-05
-1.45234e-05
-1.45408e-05
-1.4558e-05
-1.4575e-05
-1.45918e-05
-1.46085e-05
-1.4625e-05
-1.46414e-05
-1.46576e-05
-1.46736e-05
-1.46895e-05
-1.47053e-05
-1.47208e-05
-1.47362e-05
-1.47515e-05
-1.47666e-05
-1.47815e-05
-1.47963e-05
-1.4811e-05
-1.48255e-05
-1.48398e-05
-1.48541e-05
-1.48681e-05
-1.4882e-05
-1.48958e-05
-1.49094e-05
-1.49229e-05
-1.49363e-05
-1.49495e-05
-1.49625e-05
-1.49754e-05
-1.49882e-05
-1.50009e-05
-1.50134e-05
-1.50258e-05
-1.5038e-05
-1.50501e-05
-1.50621e-05
-1.5074e-05
-1.50857e-05
-1.50973e-05
-1.51087e-05
-1.51201e-05
-1.51313e-05
-1.51424e-05
-1.51533e-05
-1.51641e-05
-1.51749e-05
-1.51854e-05
-1.51959e-05
-1.52063e-05
-1.52165e-05
-1.52266e-05
-1.52366e-05
-1.52465e-05
-1.52563e-05
-1.5266e-05
-1.52755e-05
-1.5285e-05
-1.52943e-05
-1.53035e-05
-1.53127e-05
-1.53217e-05
-1.53306e-05
-1.53394e-05
-1.53481e-05
-1.53567e-05
-1.53652e-05
-1.53736e-05
-1.5382e-05
-1.53902e-05
-1.53983e-05
-1.54063e-05
-1.54143e-05
-1.54221e-05
-1.54299e-05
-1.54375e-05
-1.54451e-05
-1.54526e-05
-1.546e-05
-1.54673e-05
-1.54745e-05
-1.54817e-05
-1.54887e-05
-1.54957e-05
-1.55026e-05
-1.55094e-05
-1.55162e-05
-1.55228e-05
-1.55294e-05
-1.55359e-05
-1.55423e-05
-1.55487e-05
-1.5555e-05
-1.55612e-05
-1.55673e-05
-1.55734e-05
-1.55794e-05
-1.55854e-05
-1.55912e-05
-1.5597e-05
-1.56028e-05
-1.56085e-05
-1.56141e-05
-1.56196e-05
-1.56251e-05
-1.56305e-05
-1.56359e-05
-1.56412e-05
-1.56465e-05
-1.56517e-05
-1.56568e-05
-1.56619e-05
-1.56669e-05
-1.56719e-05
-1.56768e-05
-1.56817e-05
-1.56865e-05
-1.56913e-05
-1.5696e-05
-1.57006e-05
-1.57052e-05
-1.57098e-05
-1.57143e-05
-1.57188e-05
-1.57232e-05
-1.57276e-05
-1.57319e-05
-1.57362e-05
-1.57405e-05
-1.57447e-05
-1.57488e-05
-1.57529e-05
-1.5757e-05
-1.5761e-05
-1.5765e-05
-1.57689e-05
-1.57728e-05
-1.57767e-05
-1.57805e-05
-1.57842e-05
-1.5788e-05
-1.57917e-05
-1.57953e-05
-1.5799e-05
-1.58026e-05
-1.58061e-05
-1.58096e-05
-1.58131e-05
-1.58166e-05
-1.582e-05
-1.58234e-05
-1.58268e-05
-1.58301e-05
-1.58334e-05
-1.58367e-05
-1.58399e-05
-1.58431e-05
-1.58463e-05
-1.58495e-05
-1.58526e-05
-1.58558e-05
-1.58588e-05
-1.58619e-05
-1.5865e-05
-1.5868e-05
-1.5871e-05
-1.5874e-05
-1.58769e-05
-1.58799e-05
-1.58828e-05
-1.58857e-05
-1.58886e-05
-1.58914e-05
-1.58943e-05
-1.58971e-05
-1.58999e-05
-1.59027e-05
-1.59055e-05
-1.59082e-05
-1.5911e-05
-1.59137e-05
-1.59164e-05
-1.59191e-05
-1.59218e-05
-1.59245e-05
-1.59271e-05
-1.59298e-05
-1.59324e-05
-1.5935e-05
-1.59377e-05
-1.59403e-05
-1.59429e-05
-1.59455e-05
-1.59481e-05
-1.59506e-05
-1.59532e-05
-1.59558e-05
-1.59583e-05
-1.59609e-05
-1.59634e-05
-1.59659e-05
-1.59685e-05
-1.5971e-05
-1.59735e-05
-1.5976e-05
-1.59785e-05
-1.5981e-05
-1.59835e-05
-1.5986e-05
-1.59885e-05
-1.5991e-05
-1.59934e-05
-1.59959e-05
-1.59984e-05
-1.60008e-05
-1.60033e-05
-1.60058e-05
-1.60082e-05
-1.60107e-05
-1.60131e-05
-1.60156e-05
-1.6018e-05
-1.60204e-05
-1.60229e-05
-1.60253e-05
-1.60277e-05
-1.60302e-05
-1.60326e-05
-1.6035e-05
-1.60375e-05
-1.60399e-05
-1.60423e-05
-1.60447e-05
-1.60471e-05
-1.60496e-05
-1.6052e-05
-1.60544e-05
-1.60568e-05
-1.60592e-05
-1.60616e-05
-1.6064e-05
-1.60665e-05
-1.60689e-05
-1.60713e-05
-1.60737e-05
-1.60761e-05
-1.60785e-05
-1.60809e-05
-1.60833e-05
-1.60857e-05
-1.60881e-05
-1.60905e-05
-1.60929e-05
-1.60953e-05
-1.60977e-05
-1.61001e-05
-1.61025e-05
-1.61049e-05
-1.61073e-05
-1.61097e-05
-1.6112e-05
-1.61144e-05
-1.61168e-05
-1.61192e-05
-1.61215e-05
-1.61239e-05
-1.61263e-05
-1.61287e-05
-1.6131e-05
-1.61334e-05
-1.61358e-05
-1.61381e-05
-1.61405e-05
-1.61428e-05
-1.61452e-05
-1.61476e-05
-1.61499e-05
-1.61523e-05
-1.61547e-05
-1.6157e-05
-1.61594e-05
-1.61618e-05
-1.61641e-05
-1.61665e-05
-1.61689e-05
-1.61712e-05
-1.61736e-05
-1.6176e-05
-1.61784e-05
-1.61807e-05
-1.61831e-05
-1.61855e-05
-1.61879e-05
-1.61902e-05
-1.61926e-05
-1.6195e-05
-1.61974e-05
-1.61998e-05
-1.62022e-05
-1.62045e-05
-1.62069e-05
-1.62093e-05
-1.62117e-05
-1.62141e-05
-1.62165e-05
-1.62189e-05
-1.62213e-05
-1.62237e-05
-1.62261e-05
-1.62285e-05
-1.62309e-05
-1.62333e-05
-1.62357e-05
-1.62381e-05
-1.62405e-05
-1.62429e-05
-1.62453e-05
-1.62477e-05
-1.62501e-05
-1.62526e-05
-1.6255e-05
-1.62574e-05
-1.62598e-05
-1.62622e-05
-1.62646e-05
-1.62671e-05
-1.62695e-05
-1.62719e-05
-1.62743e-05
-1.62767e-05
-1.62792e-05
-1.62816e-05
-1.6284e-05
-1.62864e-05
-1.62888e-05
-1.62913e-05
-1.62937e-05
-1.62961e-05
-1.62986e-05
-1.6301e-05
-1.63034e-05
-1.63059e-05
-1.63083e-05
-1.63107e-05
-1.63132e-05
-1.63156e-05
-1.6318e-05
-1.63205e-05
-1.63229e-05
-1.63253e-05
-1.63278e-05
-1.63302e-05
-1.63327e-05
-1.63351e-05
-1.63375e-05
-1.634e-05
-1.63424e-05
-1.63449e-05
-1.63473e-05
-1.63497e-05
-1.63522e-05
-1.63546e-05
-1.63571e-05
-1.63595e-05
-1.63619e-05
-1.63644e-05
-1.63668e-05
-1.63692e-05
-1.63717e-05
-1.63741e-05
-1.63765e-05
-1.63789e-05
-1.63814e-05
-1.63838e-05
-1.63862e-05
-1.63886e-05
-1.6391e-05
-1.63934e-05
-1.63959e-05
-1.63983e-05
-1.64007e-05
-1.64031e-05
-1.64055e-05
-1.64079e-05
-1.64103e-05
-1.64127e-05
-1.6415e-05
-1.64174e-05
-1.64198e-05
-1.64222e-05
-1.64246e-05
-1.64269e-05
-1.64293e-05
-1.64317e-05
-1.6434e-05
-1.64364e-05
-1.64387e-05
-1.64411e-05
-1.64434e-05
-1.64458e-05
-1.64481e-05
-1.64505e-05
-1.64528e-05
-1.64551e-05
-1.64574e-05
-1.64597e-05
-1.64621e-05
-1.64644e-05
-1.64667e-05
-1.6469e-05
-1.64713e-05
-1.64736e-05
-1.64759e-05
-1.64781e-05
-1.64804e-05
-1.64827e-05
-1.64849e-05
-1.64872e-05
-1.64895e-05
-1.64917e-05
-1.6494e-05
-1.64962e-05
-1.64984e-05
-1.65007e-05
-1.65029e-05
-1.65051e-05
-1.65073e-05
-1.65096e-05
-1.65118e-05
-1.6514e-05
-1.65162e-05
-1.65183e-05
-1.65205e-05
-1.65227e-05
-1.65249e-05
-1.65271e-05
-1.65292e-05
-1.65314e-05
-1.65335e-05
-1.65357e-05
-1.65378e-05
-1.65399e-05
-1.65421e-05
-1.65442e-05
-1.65463e-05
-1.65484e-05
-1.65505e-05
-1.65526e-05
-1.65547e-05
-1.65568e-05
-1.65589e-05
-1.6561e-05
-1.6563e-05
-1.65651e-05
-1.65672e-05
-1.65692e-05
-1.65713e-05
-1.65733e-05
-1.65753e-05
-1.65774e-05
-1.65794e-05
-1.65814e-05
-1.65834e-05
-1.65854e-05
-1.65874e-05
-1.65894e-05
-1.65914e-05
-1.65933e-05
-1.65953e-05
-1.65973e-05
-1.65992e-05
-1.66012e-05
-1.66031e-05
-1.66051e-05
-1.6607e-05
-1.6609e-05
-1.66109e-05
-1.66128e-05
-1.66147e-05
-1.66166e-05
-1.66185e-05
-1.66204e-05
-1.66223e-05
-1.66242e-05
-1.6626e-05
-1.66279e-05
-1.66298e-05
-1.66316e-05
-1.66335e-05
-1.66353e-05
-1.66371e-05
-1.6639e-05
-1.66408e-05
-1.66426e-05
-1.66444e-05
-1.66462e-05
-1.6648e-05
-1.66498e-05
-1.66516e-05
-1.66534e-05
-1.66551e-05
-1.66569e-05
-1.66587e-05
-1.66604e-05
-1.66622e-05
-1.66639e-05
-1.66657e-05
-1.66674e-05
-1.66691e-05
-1.66708e-05
-1.66725e-05
-1.66742e-05
-1.66759e-05
-1.66776e-05
-2.30562e-05
-3.10159e-05
-3.86408e-05
-4.54174e-05
-5.13003e-05
-5.63811e-05
-6.07793e-05
-6.46098e-05
-6.79743e-05
-7.09608e-05
-7.36454e-05
-7.60944e-05
-7.83672e-05
-8.05178e-05
-8.25975e-05
-8.46568e-05
-8.67487e-05
-8.89311e-05
-9.12719e-05
-9.38552e-05
-9.67924e-05
-0.00010024
-0.00010443
-0.000109737
-0.000116812
-0.000126898
-0.000142655
-0.000170428
-0.000224766
-0.0003217
-0.000415249
-0.000463356
-0.000483994
-0.000491037
-0.000491385
-0.000488382
-0.000483641
-0.000477936
-0.000471641
-0.000464938
-0.000457923
-0.000450649
-0.000443153
-0.000435461
-0.000427597
-0.000419581
-0.000411431
-0.000403166
-0.000394799
-0.000386347
-0.000377823
-0.000369238
-0.000360603
-0.000351928
-0.000343221
-0.00033449
-0.000325741
-0.000316976
-0.000308201
-0.000299414
-0.000290616
-0.000281805
-0.000272973
-0.000264115
-0.000255217
-0.000246265
-0.000237239
-0.000228113
-0.000218853
-0.000209417
-0.000199753
-0.000189792
-0.000179447
-0.000168611
-0.000157143
-0.000144866
-0.000131552
-0.000116906
-0.000100549
-8.19945e-05
-6.06295e-05
-3.57115e-05
-6.41508e-06
2.79997e-05
6.77758e-05
0.000111967
0.00015776
0.000200719
0.000236591
0.000263417
0.000281979
0.000294514
0.000303289
0.000309963
0.000315569
0.000320701
0.000325641
0.000330426
0.000334878
0.000338704
0.000341677
0.000343739
0.000344997
0.000345618
0.000345748
0.00034548
0.00034486
0.000343893
0.000342558
0.000340822
0.000338647
0.000336003
0.000332869
0.000329242
0.000325136
0.000320583
0.000315627
0.000310319
0.000304714
0.000298866
0.000292826
0.000286639
0.000280345
0.000273975
0.000267555
0.000261105
0.000254639
0.000248168
0.000241698
0.00023523
0.000228764
0.000222294
0.000215814
0.000209314
0.00020278
0.000196196
0.000189544
0.000182799
0.000175938
0.000168928
0.000161739
0.000154331
0.000146664
0.000138697
0.000130385
0.000121685
0.000112564
0.000102997
9.29859e-05
8.25667e-05
7.1834e-05
6.09493e-05
5.01584e-05
3.97849e-05
3.01952e-05
2.1742e-05
1.46774e-05
9.09824e-06
4.93062e-06
1.97586e-06
-2.39118e-08
-1.325e-06
-2.14384e-06
-2.64558e-06
-2.94684e-06
-3.12554e-06
-3.23168e-06
-3.29627e-06
-3.33808e-06
-3.36819e-06
-3.39298e-06
-3.416e-06
-3.43915e-06
-3.46337e-06
-3.48908e-06
-3.51637e-06
-3.54522e-06
-3.57551e-06
-3.60709e-06
-3.63983e-06
-3.67358e-06
-3.70823e-06
-3.74367e-06
-3.7798e-06
-3.81655e-06
-3.85385e-06
-3.89164e-06
-3.92988e-06
-3.96852e-06
-4.00754e-06
-4.0469e-06
-4.08658e-06
-4.12656e-06
-4.16683e-06
-4.20736e-06
-4.24815e-06
-4.28918e-06
-4.33045e-06
-4.37195e-06
-4.41367e-06
-4.4556e-06
-4.49774e-06
-4.54008e-06
-4.58262e-06
-4.62536e-06
-4.66828e-06
-4.71139e-06
-4.75469e-06
-4.79816e-06
-4.84181e-06
-4.88563e-06
-4.92963e-06
-4.97379e-06
-5.01811e-06
-5.0626e-06
-5.10725e-06
-5.15206e-06
-5.19702e-06
-5.24213e-06
-5.28739e-06
-5.3328e-06
-5.37836e-06
-5.42405e-06
-5.46989e-06
-5.51586e-06
-5.56197e-06
-5.60821e-06
-5.65458e-06
-5.70108e-06
-5.7477e-06
-5.79445e-06
-5.84132e-06
-5.8883e-06
-5.9354e-06
-5.98261e-06
-6.02993e-06
-6.07736e-06
-6.1249e-06
-6.17253e-06
-6.22027e-06
-6.26811e-06
-6.31603e-06
-6.36406e-06
-6.41217e-06
-6.46036e-06
-6.50865e-06
-6.55701e-06
-6.60545e-06
-6.65397e-06
-6.70257e-06
-6.75123e-06
-6.79997e-06
-6.84877e-06
-6.89763e-06
-6.94656e-06
-6.99554e-06
-7.04458e-06
-7.09367e-06
-7.14281e-06
-7.192e-06
-7.24123e-06
-7.2905e-06
-7.33982e-06
-7.38917e-06
-7.43855e-06
-7.48796e-06
-7.53741e-06
-7.58688e-06
-7.63637e-06
-7.68588e-06
-7.73541e-06
-7.78496e-06
-7.83452e-06
-7.88408e-06
-7.93366e-06
-7.98324e-06
-8.03281e-06
-8.08239e-06
-8.13197e-06
-8.18154e-06
-8.23109e-06
-8.28064e-06
-8.33017e-06
-8.37969e-06
-8.42918e-06
-8.47865e-06
-8.5281e-06
-8.57752e-06
-8.6269e-06
-8.67626e-06
-8.72558e-06
-8.77485e-06
-8.82409e-06
-8.87329e-06
-8.92243e-06
-8.97153e-06
-9.02058e-06
-9.06957e-06
-9.1185e-06
-9.16738e-06
-9.21619e-06
-9.26494e-06
-9.31362e-06
-9.36223e-06
-9.41077e-06
-9.45924e-06
-9.50763e-06
-9.55594e-06
-9.60416e-06
-9.65231e-06
-9.70036e-06
-9.74833e-06
-9.79621e-06
-9.84399e-06
-9.89167e-06
-9.93926e-06
-9.98675e-06
-1.00341e-05
-1.00814e-05
-1.01286e-05
-1.01756e-05
-1.02226e-05
-1.02694e-05
-1.03161e-05
-1.03627e-05
-1.04092e-05
-1.04556e-05
-1.05018e-05
-1.05479e-05
-1.05939e-05
-1.06397e-05
-1.06854e-05
-1.0731e-05
-1.07765e-05
-1.08218e-05
-1.08669e-05
-1.09119e-05
-1.09568e-05
-1.10015e-05
-1.10461e-05
-1.10905e-05
-1.11348e-05
-1.11789e-05
-1.12229e-05
-1.12667e-05
-1.13103e-05
-1.13538e-05
-1.13972e-05
-1.14403e-05
-1.14833e-05
-1.15261e-05
-1.15688e-05
-1.16113e-05
-1.16536e-05
-1.16957e-05
-1.17377e-05
-1.17795e-05
-1.18211e-05
-1.18626e-05
-1.19038e-05
-1.19449e-05
-1.19858e-05
-1.20265e-05
-1.2067e-05
-1.21073e-05
-1.21475e-05
-1.21874e-05
-1.22272e-05
-1.22668e-05
-1.23061e-05
-1.23453e-05
-1.23843e-05
-1.24231e-05
-1.24617e-05
-1.25001e-05
-1.25383e-05
-1.25763e-05
-1.26141e-05
-1.26517e-05
-1.2689e-05
-1.27262e-05
-1.27632e-05
-1.28e-05
-1.28365e-05
-1.28729e-05
-1.2909e-05
-1.2945e-05
-1.29807e-05
-1.30162e-05
-1.30515e-05
-1.30866e-05
-1.31215e-05
-1.31562e-05
-1.31906e-05
-1.32249e-05
-1.32589e-05
-1.32927e-05
-1.33263e-05
-1.33597e-05
-1.33929e-05
-1.34258e-05
-1.34586e-05
-1.34911e-05
-1.35234e-05
-1.35555e-05
-1.35873e-05
-1.3619e-05
-1.36504e-05
-1.36816e-05
-1.37126e-05
-1.37434e-05
-1.37739e-05
-1.38042e-05
-1.38344e-05
-1.38643e-05
-1.38939e-05
-1.39234e-05
-1.39526e-05
-1.39816e-05
-1.40104e-05
-1.4039e-05
-1.40674e-05
-1.40955e-05
-1.41235e-05
-1.41512e-05
-1.41787e-05
-1.42059e-05
-1.4233e-05
-1.42598e-05
-1.42864e-05
-1.43128e-05
-1.4339e-05
-1.4365e-05
-1.43907e-05
-1.44163e-05
-1.44416e-05
-1.44667e-05
-1.44916e-05
-1.45162e-05
-1.45407e-05
-1.4565e-05
-1.4589e-05
-1.46128e-05
-1.46364e-05
-1.46598e-05
-1.4683e-05
-1.4706e-05
-1.47288e-05
-1.47513e-05
-1.47737e-05
-1.47958e-05
-1.48178e-05
-1.48395e-05
-1.4861e-05
-1.48823e-05
-1.49034e-05
-1.49244e-05
-1.49451e-05
-1.49656e-05
-1.49859e-05
-1.5006e-05
-1.50259e-05
-1.50456e-05
-1.50651e-05
-1.50844e-05
-1.51035e-05
-1.51224e-05
-1.51412e-05
-1.51597e-05
-1.5178e-05
-1.51962e-05
-1.52141e-05
-1.52319e-05
-1.52494e-05
-1.52668e-05
-1.5284e-05
-1.5301e-05
-1.53178e-05
-1.53345e-05
-1.53509e-05
-1.53672e-05
-1.53832e-05
-1.53992e-05
-1.54149e-05
-1.54304e-05
-1.54458e-05
-1.5461e-05
-1.5476e-05
-1.54908e-05
-1.55055e-05
-1.552e-05
-1.55343e-05
-1.55485e-05
-1.55624e-05
-1.55763e-05
-1.55899e-05
-1.56034e-05
-1.56167e-05
-1.56299e-05
-1.56429e-05
-1.56557e-05
-1.56684e-05
-1.56809e-05
-1.56932e-05
-1.57054e-05
-1.57175e-05
-1.57294e-05
-1.57411e-05
-1.57527e-05
-1.57641e-05
-1.57754e-05
-1.57865e-05
-1.57975e-05
-1.58083e-05
-1.5819e-05
-1.58295e-05
-1.58399e-05
-1.58502e-05
-1.58603e-05
-1.58703e-05
-1.58801e-05
-1.58898e-05
-1.58994e-05
-1.59088e-05
-1.5918e-05
-1.59272e-05
-1.59362e-05
-1.59451e-05
-1.59538e-05
-1.59624e-05
-1.59709e-05
-1.59793e-05
-1.59875e-05
-1.59956e-05
-1.60036e-05
-1.60114e-05
-1.60192e-05
-1.60268e-05
-1.60343e-05
-1.60416e-05
-1.60489e-05
-1.6056e-05
-1.6063e-05
-1.60699e-05
-1.60767e-05
-1.60834e-05
-1.609e-05
-1.60965e-05
-1.61028e-05
-1.61091e-05
-1.61152e-05
-1.61213e-05
-1.61272e-05
-1.6133e-05
-1.61388e-05
-1.61444e-05
-1.615e-05
-1.61554e-05
-1.61607e-05
-1.6166e-05
-1.61711e-05
-1.61762e-05
-1.61812e-05
-1.61861e-05
-1.61909e-05
-1.61956e-05
-1.62002e-05
-1.62047e-05
-1.62092e-05
-1.62135e-05
-1.62178e-05
-1.6222e-05
-1.62261e-05
-1.62302e-05
-1.62341e-05
-1.6238e-05
-1.62419e-05
-1.62456e-05
-1.62493e-05
-1.62529e-05
-1.62564e-05
-1.62598e-05
-1.62632e-05
-1.62665e-05
-1.62698e-05
-1.62729e-05
-1.62761e-05
-1.62791e-05
-1.62821e-05
-1.6285e-05
-1.62879e-05
-1.62907e-05
-1.62934e-05
-1.62961e-05
-1.62987e-05
-1.63012e-05
-1.63037e-05
-1.63062e-05
-1.63085e-05
-1.63109e-05
-1.63132e-05
-1.63154e-05
-1.63175e-05
-1.63197e-05
-1.63217e-05
-1.63237e-05
-1.63257e-05
-1.63276e-05
-1.63295e-05
-1.63313e-05
-1.63331e-05
-1.63348e-05
-1.63365e-05
-1.63382e-05
-1.63398e-05
-1.63413e-05
-1.63428e-05
-1.63443e-05
-1.63457e-05
-1.63471e-05
-1.63485e-05
-1.63498e-05
-1.6351e-05
-1.63523e-05
-1.63534e-05
-1.63546e-05
-1.63557e-05
-1.63568e-05
-1.63578e-05
-1.63588e-05
-1.63598e-05
-1.63607e-05
-1.63616e-05
-1.63625e-05
-1.63633e-05
-1.63641e-05
-1.63649e-05
-1.63657e-05
-1.63664e-05
-1.63671e-05
-1.63677e-05
-1.63684e-05
-1.6369e-05
-1.63696e-05
-1.63702e-05
-1.63707e-05
-1.63712e-05
-1.63717e-05
-1.63722e-05
-1.63727e-05
-1.63731e-05
-1.63735e-05
-1.63739e-05
-1.63743e-05
-1.63746e-05
-1.6375e-05
-1.63753e-05
-1.63756e-05
-1.63759e-05
-1.63762e-05
-1.63764e-05
-1.63767e-05
-1.63769e-05
-1.63772e-05
-1.63774e-05
-1.63776e-05
-1.63778e-05
-1.63779e-05
-1.63781e-05
-1.63783e-05
-1.63784e-05
-1.63786e-05
-1.63787e-05
-1.63789e-05
-1.6379e-05
-1.63791e-05
-1.63792e-05
-1.63793e-05
-1.63794e-05
-1.63795e-05
-1.63796e-05
-1.63797e-05
-1.63798e-05
-1.63799e-05
-1.638e-05
-1.638e-05
-1.63801e-05
-1.63802e-05
-1.63802e-05
-1.63803e-05
-1.63804e-05
-1.63804e-05
-1.63805e-05
-1.63805e-05
-1.63806e-05
-1.63806e-05
-1.63807e-05
-1.63807e-05
-1.63808e-05
-1.63809e-05
-1.63809e-05
-1.6381e-05
-1.6381e-05
-1.63811e-05
-1.63811e-05
-1.63812e-05
-1.63812e-05
-1.63813e-05
-1.63814e-05
-1.63814e-05
-1.63815e-05
-1.63816e-05
-1.63816e-05
-1.63817e-05
-1.63818e-05
-1.63819e-05
-1.6382e-05
-1.6382e-05
-1.63821e-05
-1.63822e-05
-1.63823e-05
-1.63824e-05
-1.63825e-05
-1.63826e-05
-1.63827e-05
-1.63829e-05
-1.6383e-05
-1.63831e-05
-1.63832e-05
-1.63834e-05
-1.63835e-05
-1.63836e-05
-1.63838e-05
-1.6384e-05
-1.63841e-05
-1.63843e-05
-1.63844e-05
-1.63846e-05
-1.63848e-05
-1.6385e-05
-1.63852e-05
-1.63853e-05
-1.63855e-05
-1.63857e-05
-1.63859e-05
-1.63861e-05
-1.63863e-05
-1.63865e-05
-1.63868e-05
-1.6387e-05
-1.63872e-05
-1.63874e-05
-1.63876e-05
-1.63879e-05
-1.63881e-05
-1.63883e-05
-1.63886e-05
-1.63888e-05
-1.63891e-05
-1.63893e-05
-1.63896e-05
-1.63899e-05
-1.63901e-05
-1.63904e-05
-1.63907e-05
-1.6391e-05
-1.63913e-05
-1.63916e-05
-1.63919e-05
-1.63922e-05
-1.63926e-05
-1.63929e-05
-1.63932e-05
-1.63936e-05
-1.63939e-05
-1.63943e-05
-1.63947e-05
-1.6395e-05
-1.63954e-05
-1.63958e-05
-1.63962e-05
-1.63966e-05
-1.6397e-05
-1.63974e-05
-1.63978e-05
-1.63983e-05
-1.63987e-05
-1.63992e-05
-1.63996e-05
-1.64001e-05
-1.64006e-05
-1.6401e-05
-1.64015e-05
-1.6402e-05
-1.64025e-05
-1.6403e-05
-1.64035e-05
-1.64041e-05
-1.64046e-05
-1.64051e-05
-1.64057e-05
-1.64062e-05
-1.64068e-05
-1.64074e-05
-1.64079e-05
-1.64085e-05
-1.64091e-05
-1.64097e-05
-1.64103e-05
-1.64109e-05
-1.64116e-05
-1.64122e-05
-1.64128e-05
-1.64135e-05
-1.64141e-05
-1.64148e-05
-1.64154e-05
-1.64161e-05
-1.64168e-05
-1.64175e-05
-1.64182e-05
-1.64189e-05
-1.64196e-05
-1.64203e-05
-1.6421e-05
-1.64218e-05
-1.64225e-05
-1.64232e-05
-1.6424e-05
-1.64248e-05
-1.64255e-05
-1.64263e-05
-1.64271e-05
-1.64279e-05
-1.64287e-05
-1.64295e-05
-1.64303e-05
-1.64311e-05
-1.6432e-05
-1.64328e-05
-1.64336e-05
-1.64345e-05
-1.64353e-05
-1.64362e-05
-1.6437e-05
-1.64379e-05
-1.64388e-05
-1.64397e-05
-1.64406e-05
-1.64415e-05
-1.64423e-05
-1.64432e-05
-1.64442e-05
-1.64451e-05
-1.6446e-05
-1.64469e-05
-1.64478e-05
-1.64488e-05
-1.64497e-05
-1.64506e-05
-1.64516e-05
-1.64525e-05
-1.64535e-05
-1.64544e-05
-1.64554e-05
-1.64564e-05
-1.64573e-05
-1.64583e-05
-1.64593e-05
-1.64603e-05
-1.64612e-05
-1.64622e-05
-1.64632e-05
-1.64642e-05
-1.64652e-05
-1.64662e-05
-1.64672e-05
-1.64682e-05
-1.64692e-05
-1.64702e-05
-1.64712e-05
-1.64723e-05
-1.64733e-05
-1.64743e-05
-1.64753e-05
-1.64763e-05
-1.64774e-05
-1.64784e-05
-1.64794e-05
-1.64805e-05
-1.64815e-05
-1.64825e-05
-1.64836e-05
-1.64846e-05
-1.64857e-05
-1.64867e-05
-1.64877e-05
-1.64888e-05
-1.64898e-05
-1.64909e-05
-1.64919e-05
-1.6493e-05
-1.6494e-05
-1.64951e-05
-1.64961e-05
-1.64972e-05
-1.64983e-05
-1.64993e-05
-1.65004e-05
-1.65014e-05
-1.65025e-05
-1.65036e-05
-1.65046e-05
-1.65057e-05
-1.65067e-05
-1.65078e-05
-1.65089e-05
-1.65099e-05
-1.6511e-05
-1.6512e-05
-1.65131e-05
-1.65142e-05
-1.65152e-05
-1.65163e-05
-1.65174e-05
-1.65184e-05
-1.65195e-05
-1.65206e-05
-1.65216e-05
-1.65227e-05
-1.65237e-05
-1.65248e-05
-1.65259e-05
-1.65269e-05
-1.6528e-05
-1.65291e-05
-1.65301e-05
-1.65312e-05
-1.65322e-05
-1.65333e-05
-1.65344e-05
-1.65354e-05
-1.65365e-05
-1.65375e-05
-1.65386e-05
-1.65396e-05
-1.65407e-05
-1.65417e-05
-1.65428e-05
-1.65438e-05
-1.65449e-05
-1.65459e-05
-1.6547e-05
-1.6548e-05
-1.65491e-05
-1.65501e-05
-1.65512e-05
-1.65522e-05
-1.65533e-05
-1.65543e-05
-1.65553e-05
-1.65564e-05
-1.65574e-05
-1.65584e-05
-1.65595e-05
-1.65605e-05
-1.65615e-05
-1.65626e-05
-1.65636e-05
-1.65646e-05
-1.65657e-05
-1.65667e-05
-1.65677e-05
-1.65687e-05
-1.65697e-05
-1.65708e-05
-1.65718e-05
-1.65728e-05
-1.65738e-05
-1.65748e-05
-1.65758e-05
-1.65768e-05
-1.65778e-05
-1.65788e-05
-1.65798e-05
-1.65809e-05
-1.65819e-05
-1.65828e-05
-1.65838e-05
-1.65848e-05
-1.65858e-05
-1.65868e-05
-1.65878e-05
-1.65888e-05
-1.65898e-05
-1.65908e-05
-1.65918e-05
-1.65927e-05
-1.65937e-05
-1.65947e-05
-1.65957e-05
-1.65966e-05
-1.65976e-05
-1.65986e-05
-1.65995e-05
-1.66005e-05
-1.66015e-05
-1.66024e-05
-1.66034e-05
-1.66043e-05
-1.66053e-05
-1.66063e-05
-1.66072e-05
-1.66082e-05
-1.66091e-05
-1.66101e-05
-1.6611e-05
-1.66119e-05
-1.66129e-05
-1.66138e-05
-1.66147e-05
-1.66157e-05
-1.66166e-05
-1.66175e-05
-1.66185e-05
-1.66194e-05
-1.66203e-05
-1.66212e-05
-1.66222e-05
-1.66231e-05
-1.6624e-05
-1.66249e-05
-1.66258e-05
-1.66267e-05
-1.66276e-05
-1.66285e-05
-1.66294e-05
-1.66303e-05
-1.66312e-05
-1.66321e-05
-1.6633e-05
-1.66339e-05
-1.66348e-05
-1.66357e-05
-1.66366e-05
-1.66375e-05
-1.66384e-05
-1.66392e-05
-1.66401e-05
-1.6641e-05
-1.66419e-05
-1.66428e-05
-1.66436e-05
-1.66445e-05
-1.66454e-05
-1.66462e-05
-1.66471e-05
-1.66479e-05
-1.66488e-05
-1.66497e-05
-1.66505e-05
-1.66514e-05
-1.66522e-05
-1.66531e-05
-1.66539e-05
-1.66548e-05
-1.66556e-05
-1.66564e-05
-1.66573e-05
-1.66581e-05
-1.6659e-05
-1.66598e-05
-1.66606e-05
-1.66615e-05
-1.66623e-05
-1.66631e-05
-1.66639e-05
-1.66647e-05
-1.66656e-05
-1.66664e-05
-1.66672e-05
-1.6668e-05
-1.66688e-05
-1.66696e-05
-1.66704e-05
-1.66713e-05
-1.66721e-05
-1.66729e-05
-1.66737e-05
-1.66745e-05
-1.66753e-05
-1.6676e-05
-1.66768e-05
-1.66776e-05
-1.66784e-05
-1.66792e-05
-1.668e-05
-1.66808e-05
-1.66816e-05
-1.66823e-05
-1.66831e-05
-1.66839e-05
-1.66847e-05
-1.66854e-05
-1.66862e-05
-1.6687e-05
-1.66878e-05
-1.66885e-05
-1.66893e-05
-1.669e-05
-1.66908e-05
-1.66916e-05
-1.66923e-05
-1.66931e-05
-1.66938e-05
-1.66946e-05
-1.66953e-05
-1.66961e-05
-1.66968e-05
-1.66976e-05
-1.66983e-05
-1.66991e-05
-1.66998e-05
-1.67005e-05
-1.67013e-05
-1.6702e-05
-1.67027e-05
-1.67035e-05
-1.67042e-05
-1.67049e-05
-1.67057e-05
-1.67064e-05
-1.67071e-05
-1.67078e-05
-1.67085e-05
-1.67093e-05
-1.671e-05
-1.67107e-05
-1.67114e-05
-1.67121e-05
-1.67128e-05
-1.67135e-05
-1.67143e-05
-1.6715e-05
-1.67157e-05
-1.67164e-05
-1.67171e-05
-1.67178e-05
-1.67185e-05
-1.67192e-05
-1.67199e-05
-1.67205e-05
-1.67212e-05
-1.67219e-05
-1.67226e-05
-1.67233e-05
-1.6724e-05
-1.67247e-05
-1.67254e-05
-1.6726e-05
-1.67267e-05
-1.67274e-05
-1.67281e-05
-1.67288e-05
-1.67294e-05
-1.67301e-05
-1.67308e-05
-1.67314e-05
-1.67321e-05
-1.67328e-05
-1.67334e-05
-1.67341e-05
-1.67348e-05
-1.67354e-05
-1.67361e-05
-1.67367e-05
-1.67374e-05
-1.67381e-05
-1.67387e-05
-1.67394e-05
-1.674e-05
-1.67407e-05
-1.67413e-05
-1.6742e-05
-1.67426e-05
-1.67433e-05
-1.67439e-05
-1.67445e-05
-1.67452e-05
-1.67458e-05
-1.67465e-05
-1.67471e-05
-1.67477e-05
-1.67484e-05
-1.6749e-05
-1.67496e-05
-1.67503e-05
-1.67509e-05
-1.67515e-05
-1.67521e-05
-1.67528e-05
-1.67534e-05
-1.6754e-05
-1.67546e-05
-1.67553e-05
-1.67559e-05
-1.67565e-05
-1.67571e-05
-1.67577e-05
-1.67583e-05
-1.67589e-05
-1.67596e-05
-1.67602e-05
-1.67608e-05
-1.67614e-05
-1.6762e-05
-1.67626e-05
-1.67632e-05
-1.67638e-05
-1.67644e-05
-1.6765e-05
-1.67656e-05
-1.67662e-05
-1.67668e-05
-1.67674e-05
-1.6768e-05
-1.67686e-05
-1.67692e-05
-1.67697e-05
-1.67703e-05
-1.67709e-05
-1.67715e-05
-1.67721e-05
-1.67727e-05
-1.67733e-05
-1.67738e-05
-1.67744e-05
-1.6775e-05
-1.67756e-05
-1.67762e-05
-1.67767e-05
-1.67773e-05
-1.67779e-05
-1.67785e-05
-1.6779e-05
-1.67796e-05
-1.67802e-05
-1.67807e-05
-1.67813e-05
-1.67819e-05
-1.67824e-05
-1.6783e-05
-1.67836e-05
-1.67841e-05
-1.67847e-05
-1.67852e-05
-1.67858e-05
-1.67864e-05
-1.67869e-05
-1.67875e-05
-1.6788e-05
-1.67886e-05
-1.67891e-05
-1.67897e-05
-1.67902e-05
-1.67908e-05
-1.67913e-05
-1.67919e-05
-1.67924e-05
-1.6793e-05
-1.67935e-05
-1.6794e-05
-1.67946e-05
-1.67951e-05
-1.67957e-05
-1.67962e-05
-1.67967e-05
-1.67973e-05
-1.67978e-05
-1.67983e-05
-1.67989e-05
-1.67994e-05
-1.67999e-05
-1.68005e-05
-1.6801e-05
-1.68015e-05
-1.6802e-05
-1.68026e-05
-1.68031e-05
-1.68036e-05
-1.68041e-05
-1.68047e-05
-1.68052e-05
-1.68057e-05
-1.68062e-05
-1.68067e-05
-1.68073e-05
-1.68078e-05
-1.68083e-05
-1.68088e-05
-1.68093e-05
-1.68098e-05
-1.68103e-05
-1.68108e-05
-1.68113e-05
-1.68118e-05
-1.68124e-05
-1.68129e-05
-1.68134e-05
-1.68139e-05
-1.68144e-05
-1.68149e-05
-1.68154e-05
-1.68159e-05
-1.68164e-05
-1.68169e-05
-1.68174e-05
-1.68179e-05
-1.68183e-05
-1.68188e-05
-1.68193e-05
-1.68198e-05
-1.68203e-05
-1.68208e-05
-1.68213e-05
-1.68218e-05
-1.68223e-05
-1.68227e-05
-1.68232e-05
-1.68237e-05
-1.68242e-05
-1.68247e-05
-1.68252e-05
-1.68256e-05
-1.68261e-05
-1.68266e-05
-1.68271e-05
-1.68275e-05
-1.6828e-05
-1.68285e-05
-1.6829e-05
-1.68294e-05
-1.68299e-05
-1.68304e-05
-1.68308e-05
-1.68313e-05
-1.68318e-05
-1.68322e-05
-1.68327e-05
-1.68332e-05
-1.68336e-05
-1.68341e-05
-1.68346e-05
-1.6835e-05
-1.68355e-05
-1.68359e-05
-1.68364e-05
-1.68369e-05
-1.68373e-05
-1.68378e-05
-1.68382e-05
-1.68387e-05
-1.68391e-05
-1.68396e-05
-1.684e-05
-1.68405e-05
-1.68409e-05
-1.68414e-05
-1.68418e-05
-1.68423e-05
-1.68427e-05
-1.68432e-05
-1.68436e-05
-1.6844e-05
-1.68445e-05
-1.68449e-05
-1.68454e-05
-1.68458e-05
-1.68462e-05
-1.68467e-05
-1.68471e-05
-1.68475e-05
-1.6848e-05
-1.68484e-05
-1.68488e-05
-1.68493e-05
-1.68497e-05
-1.68501e-05
-1.68506e-05
-1.6851e-05
-1.68514e-05
-1.68519e-05
-1.68523e-05
-1.68527e-05
-1.68531e-05
-1.68535e-05
-1.6854e-05
-1.68544e-05
-1.68548e-05
-1.68552e-05
-1.68556e-05
-1.68561e-05
-1.68565e-05
-1.68569e-05
-1.68573e-05
-1.68577e-05
-1.68581e-05
-1.68586e-05
-1.6859e-05
-1.68594e-05
-1.68598e-05
-1.68602e-05
-1.68606e-05
-1.6861e-05
-1.68614e-05
-1.68618e-05
-1.68622e-05
-1.68626e-05
-1.6863e-05
-1.68634e-05
-1.68638e-05
-1.68642e-05
-1.68646e-05
-1.6865e-05
-1.68654e-05
-1.68658e-05
-1.68662e-05
-1.68666e-05
-1.6867e-05
-1.68674e-05
-1.68678e-05
-1.68682e-05
-1.68686e-05
-1.6869e-05
-1.68694e-05
-1.68697e-05
-1.68701e-05
-1.68705e-05
-1.68709e-05
-1.68713e-05
-1.68717e-05
-1.68721e-05
-1.68724e-05
-1.68728e-05
-1.68732e-05
-1.68736e-05
-1.6874e-05
-1.68743e-05
-1.68747e-05
-1.68751e-05
-1.68755e-05
-1.68759e-05
-1.68762e-05
-1.68766e-05
-1.6877e-05
-1.68773e-05
-1.68777e-05
-1.68781e-05
-1.68785e-05
-1.68788e-05
-1.68792e-05
-1.68796e-05
-1.68799e-05
-1.68803e-05
-1.68807e-05
-1.6881e-05
-1.68814e-05
-1.68818e-05
-1.68821e-05
-1.68825e-05
-1.68828e-05
-1.68832e-05
-1.68836e-05
-1.68839e-05
-1.68843e-05
-1.68846e-05
-1.6885e-05
-1.68853e-05
-1.68857e-05
-1.6886e-05
-1.68864e-05
-1.68867e-05
-1.68871e-05
-1.68874e-05
-1.68878e-05
-1.68881e-05
-1.68885e-05
-1.68888e-05
-1.68892e-05
-1.68895e-05
-1.68899e-05
-1.68902e-05
-1.68906e-05
-1.68909e-05
-1.68912e-05
-1.68916e-05
-1.68919e-05
-1.68923e-05
-1.68926e-05
-1.68929e-05
-1.68933e-05
-1.68936e-05
-1.6894e-05
-1.68943e-05
-1.68946e-05
-1.6895e-05
-1.68953e-05
-1.68956e-05
-1.6896e-05
-1.68963e-05
-1.68966e-05
-1.68969e-05
-1.68973e-05
-1.68976e-05
-1.68979e-05
-1.68982e-05
-1.68986e-05
-1.68989e-05
-1.68992e-05
-1.68995e-05
-1.68999e-05
-1.69002e-05
-1.69005e-05
-1.69008e-05
-1.69012e-05
-1.69015e-05
-1.69018e-05
-1.69021e-05
-1.69024e-05
-1.69027e-05
-1.69031e-05
-1.69034e-05
-1.69037e-05
-1.6904e-05
-1.69043e-05
-1.69046e-05
-1.69049e-05
-1.69052e-05
-1.69055e-05
-1.69059e-05
-1.69062e-05
-1.69065e-05
-1.69068e-05
-1.69071e-05
-1.69074e-05
-1.69077e-05
-1.6908e-05
-1.69083e-05
-1.69086e-05
-1.69089e-05
-1.69092e-05
-1.69095e-05
-1.69098e-05
-1.69101e-05
-1.69104e-05
-1.69107e-05
-1.6911e-05
-1.69113e-05
-1.69116e-05
-1.69119e-05
-1.69122e-05
-1.69125e-05
-1.69128e-05
-1.69131e-05
-1.69133e-05
-1.69136e-05
-1.69139e-05
-1.69142e-05
-1.69145e-05
-1.69148e-05
-1.69151e-05
-1.69154e-05
-1.69157e-05
-1.69159e-05
-1.69162e-05
-1.69165e-05
-1.69168e-05
-1.69171e-05
-1.69174e-05
-1.69176e-05
-1.69179e-05
-1.69182e-05
-1.69185e-05
-1.69188e-05
-1.6919e-05
-1.69193e-05
-1.69196e-05
-1.69199e-05
-1.69201e-05
-1.69204e-05
-1.69207e-05
-1.6921e-05
-1.69212e-05
-1.69215e-05
-1.69218e-05
-1.6922e-05
-1.69223e-05
-1.69226e-05
-1.69229e-05
-1.69231e-05
-1.69234e-05
-1.69237e-05
-1.69239e-05
-1.69242e-05
-1.69245e-05
-1.69247e-05
-1.6925e-05
-1.69253e-05
-1.69255e-05
-1.69258e-05
-1.6926e-05
-1.69263e-05
-1.69266e-05
-1.69268e-05
-1.69271e-05
-1.69273e-05
-1.69276e-05
-1.69279e-05
-1.69281e-05
-1.69284e-05
-1.69286e-05
-1.69289e-05
-1.69291e-05
-1.69294e-05
-1.69296e-05
-1.69299e-05
-1.69301e-05
-1.69304e-05
-1.69306e-05
-1.69309e-05
-1.69311e-05
-1.69314e-05
-1.69316e-05
-1.69319e-05
-1.69321e-05
-1.69324e-05
-1.69326e-05
-1.69329e-05
-1.69331e-05
-1.69334e-05
-1.69336e-05
-1.69339e-05
-1.69341e-05
-1.69343e-05
-1.69346e-05
-1.69348e-05
-1.69351e-05
-1.69353e-05
-1.69355e-05
-1.69358e-05
-1.6936e-05
-1.69362e-05
-1.69365e-05
-1.69367e-05
-1.6937e-05
-1.69372e-05
-1.69374e-05
-1.69377e-05
-1.69379e-05
-1.69381e-05
-1.69384e-05
-1.69386e-05
-1.69388e-05
-1.69391e-05
-1.69393e-05
-1.69395e-05
-1.69397e-05
-1.694e-05
-1.69402e-05
-1.69404e-05
-1.69407e-05
-1.69409e-05
-1.69411e-05
-1.69413e-05
-1.69416e-05
-1.69418e-05
-1.6942e-05
-1.69422e-05
-1.69424e-05
-1.69427e-05
-1.69429e-05
-1.69431e-05
-1.69433e-05
-1.69436e-05
-1.69438e-05
-1.6944e-05
-1.69442e-05
-1.69444e-05
-1.69446e-05
-1.69449e-05
-1.69451e-05
-1.69453e-05
-1.69455e-05
-1.69457e-05
-1.69459e-05
-1.69461e-05
-1.69464e-05
-1.69466e-05
-1.69468e-05
-1.6947e-05
-1.69472e-05
-1.69474e-05
-1.69476e-05
-1.69478e-05
-1.6948e-05
-1.69483e-05
-1.69485e-05
-1.69487e-05
-1.69489e-05
-1.69491e-05
-1.69493e-05
-1.69495e-05
-1.69497e-05
-1.69499e-05
-1.69501e-05
-1.69503e-05
-1.69505e-05
-1.69507e-05
-1.69509e-05
-1.69511e-05
-1.69513e-05
-1.69515e-05
-1.69517e-05
-1.69519e-05
-1.69521e-05
-1.69523e-05
-1.69525e-05
-1.69527e-05
-1.69529e-05
-1.69531e-05
-1.69533e-05
-1.69535e-05
-1.69537e-05
-1.69539e-05
-1.69541e-05
-1.69543e-05
-1.69545e-05
-1.69547e-05
-1.69549e-05
-1.69551e-05
-1.69552e-05
-1.69554e-05
-1.69556e-05
-1.69558e-05
-1.6956e-05
-1.69562e-05
-1.69564e-05
-1.69566e-05
-1.69568e-05
-1.69569e-05
-1.69571e-05
-1.69573e-05
-1.69575e-05
-1.69577e-05
-1.69579e-05
-1.69581e-05
-1.69582e-05
-1.69584e-05
-1.69586e-05
-1.69588e-05
-1.6959e-05
-1.69592e-05
-1.69593e-05
-1.69595e-05
-1.69597e-05
-1.69599e-05
-1.69601e-05
-1.69602e-05
-1.69604e-05
-1.69606e-05
-1.69608e-05
-1.6961e-05
-1.69611e-05
-1.69613e-05
-1.69615e-05
-1.69617e-05
-1.69618e-05
-1.6962e-05
-1.69622e-05
-1.69624e-05
-1.69625e-05
-1.69627e-05
-1.69629e-05
-1.69631e-05
-1.69632e-05
-1.69634e-05
-1.69636e-05
-1.69637e-05
-1.69639e-05
-1.69641e-05
-1.69643e-05
-1.69644e-05
-1.69646e-05
-1.69648e-05
-1.69649e-05
-1.69651e-05
-1.69653e-05
-1.69654e-05
-1.69656e-05
-1.69658e-05
-1.69659e-05
-1.69661e-05
-1.69663e-05
-1.69664e-05
-1.69666e-05
-1.69668e-05
-1.69669e-05
-1.69671e-05
-1.69672e-05
-1.69674e-05
-1.69676e-05
-1.69677e-05
-1.69679e-05
-1.6968e-05
-1.69682e-05
-1.69684e-05
-1.69685e-05
-1.69687e-05
-1.69688e-05
-1.6969e-05
-1.69692e-05
-1.69693e-05
-1.69695e-05
-1.69696e-05
-1.69698e-05
-1.69699e-05
-1.69701e-05
-1.69703e-05
-1.69704e-05
-1.69706e-05
-1.69707e-05
-1.69709e-05
-1.6971e-05
-1.69712e-05
-1.69713e-05
-1.69715e-05
-1.69716e-05
-1.69718e-05
-1.69719e-05
-1.69721e-05
-1.69722e-05
-1.69724e-05
-1.69725e-05
-1.69727e-05
-1.69728e-05
-1.6973e-05
-1.69731e-05
-1.69733e-05
-1.69734e-05
-1.69736e-05
-1.69737e-05
-1.69739e-05
-1.6974e-05
-1.69742e-05
-1.69743e-05
-1.69745e-05
-1.69746e-05
-1.69747e-05
-1.69749e-05
-1.6975e-05
-1.69752e-05
-1.69753e-05
-1.69755e-05
-1.69756e-05
-1.69757e-05
-1.69759e-05
-1.6976e-05
-1.69762e-05
-1.69763e-05
-1.69765e-05
-1.69766e-05
-1.69767e-05
-1.69769e-05
-1.6977e-05
-1.69771e-05
-1.69773e-05
-1.69774e-05
-1.69776e-05
-1.69777e-05
-1.69778e-05
-1.6978e-05
-1.69781e-05
-1.69782e-05
-1.69784e-05
-1.69785e-05
-1.69787e-05
-1.69788e-05
-1.69789e-05
-1.69791e-05
-1.69792e-05
-1.69793e-05
-1.69795e-05
-1.69796e-05
-1.69797e-05
-1.69799e-05
-1.698e-05
-1.69801e-05
-1.69803e-05
-1.69804e-05
-1.69805e-05
-1.69806e-05
-1.69808e-05
-1.69809e-05
-1.6981e-05
-1.69812e-05
-1.69813e-05
-1.69814e-05
-1.69815e-05
-1.69817e-05
-1.69818e-05
-1.69819e-05
-1.69821e-05
-1.69822e-05
-1.69823e-05
-1.69824e-05
-1.69826e-05
-1.69827e-05
-1.69828e-05
-1.69829e-05
-1.69831e-05
-1.69832e-05
-1.69833e-05
-1.69834e-05
-1.69836e-05
-1.69837e-05
-1.69838e-05
-1.69839e-05
-1.69841e-05
-1.69842e-05
-1.69843e-05
-1.69844e-05
-1.69845e-05
-1.69847e-05
-1.69848e-05
-1.69849e-05
-1.6985e-05
-1.69851e-05
-1.69853e-05
-1.69854e-05
-1.69855e-05
-1.69856e-05
-1.69857e-05
-1.69859e-05
-1.6986e-05
-1.69861e-05
-1.69862e-05
-1.69863e-05
-1.69864e-05
-1.69866e-05
-1.69867e-05
-1.69868e-05
-1.69869e-05
-1.6987e-05
-1.69871e-05
-1.69873e-05
-1.69874e-05
-1.69875e-05
-1.69876e-05
-1.69877e-05
-1.69878e-05
-1.69879e-05
-1.69881e-05
-1.69882e-05
-1.69883e-05
-1.69884e-05
-1.69885e-05
-1.69886e-05
-1.69887e-05
-1.69888e-05
-1.69889e-05
-1.69891e-05
-1.69892e-05
-1.69893e-05
-1.69894e-05
-1.69895e-05
-1.69896e-05
-1.69897e-05
-1.69898e-05
-1.69899e-05
-1.699e-05
-1.69902e-05
-1.69903e-05
-1.69904e-05
-1.69905e-05
-1.69906e-05
-1.69907e-05
-1.69908e-05
-1.69909e-05
-1.6991e-05
-1.69911e-05
-1.69912e-05
-1.69913e-05
-1.69914e-05
-1.69915e-05
-1.69916e-05
-1.69918e-05
-1.69919e-05
-1.6992e-05
-1.69921e-05
-1.69922e-05
-1.69923e-05
-1.69924e-05
-1.69925e-05
-1.69926e-05
-1.69927e-05
-1.69928e-05
-1.69929e-05
-1.6993e-05
-1.69931e-05
-1.69932e-05
-1.69933e-05
-1.69934e-05
-1.69935e-05
-1.69936e-05
-1.69937e-05
-1.69938e-05
-1.69939e-05
-1.6994e-05
-1.69941e-05
-1.69942e-05
-1.69943e-05
-1.69944e-05
-1.69945e-05
-1.69946e-05
-1.69947e-05
-1.69948e-05
-1.69949e-05
-1.6995e-05
-1.69951e-05
-1.69952e-05
-1.69953e-05
-1.69954e-05
-1.69955e-05
-1.69956e-05
-1.69957e-05
-1.69958e-05
-1.69958e-05
-1.69959e-05
-1.6996e-05
-1.69961e-05
-1.69962e-05
-1.69963e-05
-1.69964e-05
-1.69965e-05
-1.69966e-05
-1.69967e-05
-1.69968e-05
-1.69969e-05
-1.6997e-05
-1.69971e-05
-1.69972e-05
-1.69973e-05
-1.69973e-05
-1.69974e-05
-1.69975e-05
-1.69976e-05
-1.69977e-05
-1.69978e-05
-1.69979e-05
-1.6998e-05
-1.69981e-05
-1.69982e-05
-1.69983e-05
-1.69983e-05
-1.69984e-05
-1.69985e-05
-1.69986e-05
-1.69987e-05
-1.69988e-05
-1.69989e-05
-1.6999e-05
-1.69991e-05
-1.69991e-05
-1.69992e-05
-1.69993e-05
-1.69994e-05
-1.69995e-05
-1.69996e-05
-1.69997e-05
-1.69998e-05
-1.69998e-05
-1.69999e-05
-1.7e-05
-1.70001e-05
-1.70002e-05
-1.70003e-05
-1.70004e-05
-1.70004e-05
-1.70005e-05
-1.70006e-05
-1.70007e-05
-1.70008e-05
-1.70009e-05
-1.7001e-05
-1.7001e-05
-1.70011e-05
-1.70012e-05
-1.70013e-05
-1.70014e-05
-1.70015e-05
-1.70015e-05
-1.70016e-05
-1.70017e-05
-1.70018e-05
-1.70019e-05
-1.7002e-05
-1.7002e-05
-1.70021e-05
-1.70022e-05
-1.70023e-05
-1.70024e-05
-1.70024e-05
-1.70025e-05
-1.70026e-05
-1.70027e-05
-1.70028e-05
-1.70028e-05
-1.70029e-05
-1.7003e-05
-1.70031e-05
-1.70032e-05
-1.70032e-05
-1.70033e-05
-1.70034e-05
-1.70035e-05
-1.70036e-05
-1.70036e-05
-1.70037e-05
-1.70038e-05
-1.70039e-05
-1.7004e-05
-1.7004e-05
-1.70041e-05
-1.70042e-05
-1.70043e-05
-1.70043e-05
-1.70044e-05
-1.70045e-05
-1.70046e-05
-1.70046e-05
-1.70047e-05
-1.70048e-05
-1.70049e-05
-1.7005e-05
-1.7005e-05
-1.70051e-05
-1.70052e-05
-1.70053e-05
-1.70053e-05
-1.70054e-05
-1.70055e-05
-1.70056e-05
-1.70056e-05
-1.70057e-05
-1.70058e-05
-1.70059e-05
-1.70059e-05
-1.7006e-05
-1.70061e-05
-1.70061e-05
-1.70062e-05
-1.70063e-05
-1.70064e-05
-1.70064e-05
-1.70065e-05
-1.70066e-05
-1.70067e-05
-1.70067e-05
-1.70068e-05
-1.70069e-05
-1.70069e-05
-1.7007e-05
-1.70071e-05
-1.70072e-05
-1.70072e-05
-1.70073e-05
-1.70074e-05
-1.70074e-05
-1.70075e-05
-1.70076e-05
-1.70077e-05
-1.70077e-05
-1.70078e-05
-1.70079e-05
-1.70079e-05
-1.7008e-05
-1.70081e-05
-1.70081e-05
-1.70082e-05
-1.70083e-05
-1.70084e-05
-1.70084e-05
-1.70085e-05
-1.70086e-05
-1.70086e-05
-1.70087e-05
-1.70088e-05
-1.70088e-05
-1.70089e-05
-1.7009e-05
-1.7009e-05
-1.70091e-05
-1.70092e-05
-1.70092e-05
-1.70093e-05
-1.70094e-05
-1.70094e-05
-1.70095e-05
-1.70096e-05
-1.70096e-05
-1.70097e-05
-1.70098e-05
-1.70098e-05
-1.70099e-05
-1.701e-05
-1.701e-05
-1.70101e-05
-1.70102e-05
-1.70102e-05
-1.70103e-05
-1.70104e-05
-1.70104e-05
-1.70105e-05
-1.70106e-05
-1.70106e-05
-1.70107e-05
-1.70107e-05
-1.70108e-05
-1.70109e-05
-1.70109e-05
-1.7011e-05
-1.70111e-05
-1.70111e-05
-1.70112e-05
-1.70113e-05
-1.70113e-05
-1.70114e-05
-1.70114e-05
-1.70115e-05
-1.70116e-05
-1.70116e-05
-1.70117e-05
-1.70118e-05
-1.70118e-05
-1.70119e-05
-1.70119e-05
-1.7012e-05
-1.70121e-05
-1.70121e-05
-1.70122e-05
-1.70123e-05
-1.70123e-05
-1.70124e-05
-1.70124e-05
-1.70125e-05
-1.70126e-05
-1.70126e-05
-1.70127e-05
-1.70127e-05
-1.70128e-05
-1.70129e-05
-1.70129e-05
-1.7013e-05
-1.7013e-05
-1.70131e-05
-1.70132e-05
-1.70132e-05
-1.70133e-05
-1.70133e-05
-1.70134e-05
-1.70135e-05
-1.70135e-05
-1.70136e-05
-1.70136e-05
-1.70137e-05
-1.70138e-05
-1.70138e-05
-1.70139e-05
-1.70139e-05
-1.7014e-05
-1.70141e-05
-1.70141e-05
-1.70142e-05
-1.70142e-05
-1.70143e-05
-1.70143e-05
-1.70144e-05
-1.70145e-05
-1.70145e-05
-1.70146e-05
-1.70146e-05
-1.70147e-05
-1.70147e-05
-1.70148e-05
-1.70149e-05
-1.70149e-05
-1.7015e-05
-1.7015e-05
-1.70151e-05
-1.70151e-05
-1.70152e-05
-1.70152e-05
-1.70153e-05
-1.70154e-05
-1.70154e-05
-1.70155e-05
-1.70155e-05
-1.70156e-05
-1.70156e-05
-1.70157e-05
-1.70157e-05
-1.70158e-05
-1.70159e-05
-1.70159e-05
-1.7016e-05
-1.7016e-05
-1.70161e-05
-1.70161e-05
-1.70162e-05
-1.70162e-05
-1.70163e-05
-1.70163e-05
-1.70164e-05
-1.70165e-05
-1.70165e-05
-1.70166e-05
-1.70166e-05
-1.70167e-05
-1.70167e-05
-1.70168e-05
-1.70168e-05
-1.70169e-05
-1.70169e-05
-1.7017e-05
-1.7017e-05
-1.70171e-05
-1.70171e-05
-1.70172e-05
-1.70173e-05
-1.70173e-05
-1.70174e-05
-1.70174e-05
-1.70175e-05
-1.70175e-05
-1.70176e-05
-1.70176e-05
-1.70177e-05
-1.70177e-05
-1.70178e-05
-1.70178e-05
-1.70179e-05
-1.70179e-05
-1.7018e-05
-1.7018e-05
-1.70181e-05
-1.70181e-05
-1.70182e-05
-1.70182e-05
-1.70183e-05
-1.70183e-05
-1.70184e-05
-1.70184e-05
-1.70185e-05
-1.70185e-05
-1.70186e-05
-1.70186e-05
-1.70187e-05
-1.70187e-05
-1.70188e-05
-1.70188e-05
-1.70189e-05
-1.70189e-05
-1.7019e-05
-1.7019e-05
-1.70191e-05
-1.70191e-05
-1.70192e-05
-1.70192e-05
-1.70193e-05
-1.70193e-05
-1.70194e-05
-1.70194e-05
-1.70195e-05
-1.70195e-05
-1.70196e-05
-1.70196e-05
-1.70197e-05
-1.70197e-05
-1.70198e-05
-1.70198e-05
-1.70199e-05
-1.70199e-05
-1.702e-05
-1.702e-05
-1.70201e-05
-1.70201e-05
-1.70202e-05
-1.70202e-05
-1.70203e-05