0
4.85244e-07
9.18072e-07
1.27878e-06
1.57717e-06
1.82253e-06
2.02242e-06
2.1832e-06
2.3103e-06
2.4083e-06
2.48112e-06
2.53197e-06
2.56361e-06
2.57849e-06
2.57876e-06
2.56633e-06
2.54293e-06
2.51007e-06
2.46913e-06
2.42125e-06
2.3675e-06
2.30879e-06
2.24601e-06
2.17991e-06
2.1112e-06
2.0405e-06
1.96838e-06
1.89534e-06
1.82183e-06
1.74824e-06
1.6749e-06
1.60212e-06
1.53016e-06
1.45922e-06
1.38949e-06
1.32113e-06
1.25428e-06
1.18902e-06
1.12545e-06
1.06362e-06
1.00357e-06
9.45328e-07
8.88919e-07
8.34352e-07
7.81627e-07
7.30737e-07
6.81666e-07
6.34396e-07
5.889e-07
5.45149e-07
5.0311e-07
4.62746e-07
4.24018e-07
3.86884e-07
3.51299e-07
3.17219e-07
2.84598e-07
2.53388e-07
2.23543e-07
1.95015e-07
1.67759e-07
1.41728e-07
1.16876e-07
9.31589e-08
7.05319e-08
4.89522e-08
2.83778e-08
8.76779e-09
-9.91761e-09
-2.7717e-08
-4.46677e-08
-6.08058e-08
-7.61664e-08
-9.07831e-08
-1.04688e-07
-1.17913e-07
-1.30489e-07
-1.42442e-07
-1.53803e-07
-1.64597e-07
-1.74849e-07
-1.84585e-07
-1.93827e-07
-2.02599e-07
-2.10921e-07
-2.18815e-07
-2.263e-07
-2.33394e-07
-2.40116e-07
-2.46483e-07
-2.5251e-07
-2.58215e-07
-2.63611e-07
-2.68714e-07
-2.73536e-07
-2.7809e-07
-2.82389e-07
-2.86445e-07
-2.90269e-07
-2.93871e-07
-2.97262e-07
-3.00451e-07
-3.03449e-07
-3.06262e-07
-3.08902e-07
-3.11378e-07
-3.13701e-07
-3.15879e-07
-3.1792e-07
-3.19832e-07
-3.2162e-07
-3.23292e-07
-3.24853e-07
-3.26308e-07
-3.27661e-07
-3.28918e-07
-3.30083e-07
-3.31159e-07
-3.3215e-07
-3.33059e-07
-3.33889e-07
-3.34643e-07
-3.35325e-07
-3.35936e-07
-3.36481e-07
-3.36961e-07
-3.37379e-07
-3.37738e-07
-3.3804e-07
-3.38287e-07
-3.38482e-07
-3.38627e-07
-3.38723e-07
-3.38773e-07
-3.38779e-07
-3.38742e-07
-3.38665e-07
-3.38548e-07
-3.38394e-07
-3.38203e-07
-3.37979e-07
-3.37721e-07
-3.37432e-07
-3.37112e-07
-3.36764e-07
-3.36387e-07
-3.35984e-07
-3.35556e-07
-3.35103e-07
-3.34626e-07
-3.34128e-07
-3.33607e-07
-3.33067e-07
-3.32506e-07
-3.31927e-07
-3.3133e-07
-3.30716e-07
-3.30085e-07
-3.29439e-07
-3.28777e-07
-3.28102e-07
-3.27412e-07
-3.2671e-07
-3.25995e-07
-3.25269e-07
-3.24531e-07
-3.23782e-07
-3.23023e-07
-3.22254e-07
-3.21476e-07
-3.20689e-07
-3.19894e-07
-3.1909e-07
-3.1828e-07
-3.17462e-07
-3.16637e-07
-3.15806e-07
-3.14968e-07
-3.14125e-07
-3.13277e-07
-3.12423e-07
-3.11565e-07
-3.10702e-07
-3.09835e-07
-3.08965e-07
-3.0809e-07
-3.07212e-07
-3.06331e-07
-3.05447e-07
-3.0456e-07
-3.03671e-07
-3.0278e-07
-3.01887e-07
-3.00991e-07
-3.00094e-07
-2.99196e-07
-2.98296e-07
-2.97396e-07
-2.96494e-07
-2.95592e-07
-2.94688e-07
-2.93785e-07
-2.92881e-07
-2.91977e-07
-2.91073e-07
-2.90169e-07
-2.89265e-07
-2.88362e-07
-2.87459e-07
-2.86556e-07
-2.85655e-07
-2.84754e-07
-2.83854e-07
-2.82955e-07
-2.82057e-07
-2.81161e-07
-2.80265e-07
-2.79372e-07
-2.78479e-07
-2.77588e-07
-2.76699e-07
-2.75812e-07
-2.74926e-07
-2.74042e-07
-2.7316e-07
-2.72281e-07
-2.71403e-07
-2.70527e-07
-2.69654e-07
-2.68783e-07
-2.67914e-07
-2.67048e-07
-2.66184e-07
-2.65322e-07
-2.64463e-07
-2.63607e-07
-2.62753e-07
-2.61902e-07
-2.61054e-07
-2.60208e-07
-2.59366e-07
-2.58526e-07
-2.57689e-07
-2.56855e-07
-2.56024e-07
-2.55196e-07
-2.54371e-07
-2.53549e-07
-2.52731e-07
-2.51915e-07
-2.51102e-07
-2.50293e-07
-2.49487e-07
-2.48684e-07
-2.47885e-07
-2.47089e-07
-2.46296e-07
-2.45506e-07
-2.4472e-07
-2.43937e-07
-2.43158e-07
-2.42382e-07
-2.41609e-07
-2.4084e-07
-2.40074e-07
-2.39312e-07
-2.38554e-07
-2.37799e-07
-2.37047e-07
-2.36299e-07
-2.35555e-07
-2.34814e-07
-2.34076e-07
-2.33343e-07
-2.32613e-07
-2.31886e-07
-2.31163e-07
-2.30444e-07
-2.29728e-07
-2.29016e-07
-2.28308e-07
-2.27603e-07
-2.26902e-07
-2.26205e-07
-2.25511e-07
-2.24821e-07
-2.24135e-07
-2.23452e-07
-2.22773e-07
-2.22098e-07
-2.21426e-07
-2.20759e-07
-2.20094e-07
-2.19434e-07
-2.18777e-07
-2.18124e-07
-2.17474e-07
-2.16829e-07
-2.16187e-07
-2.15548e-07
-2.14913e-07
-2.14282e-07
-2.13655e-07
-2.13031e-07
-2.12411e-07
-2.11795e-07
-2.11182e-07
-2.10573e-07
-2.09968e-07
-2.09366e-07
-2.08768e-07
-2.08174e-07
-2.07583e-07
-2.06996e-07
-2.06413e-07
-2.05833e-07
-2.05256e-07
-2.04684e-07
-2.04115e-07
-2.03549e-07
-2.02987e-07
-2.02429e-07
-2.01874e-07
-2.01323e-07
-2.00775e-07
-2.00231e-07
-1.99691e-07
-1.99154e-07
-1.9862e-07
-1.9809e-07
-1.97565e-07
-1.97045e-07
-1.96532e-07
-1.96026e-07
-1.95528e-07
-1.95037e-07
-1.94554e-07
-1.94079e-07
-1.93611e-07
-1.93151e-07
-1.92698e-07
-1.92252e-07
-1.91813e-07
-1.9138e-07
-1.90954e-07
-1.90533e-07
-1.90119e-07
-1.8971e-07
-1.89306e-07
-1.88907e-07
-1.88512e-07
-1.88123e-07
-1.87737e-07
-1.87356e-07
-1.86979e-07
-1.86605e-07
-1.86234e-07
-1.85866e-07
-1.85502e-07
-1.85139e-07
-1.84779e-07
-1.84421e-07
-1.84066e-07
-1.83712e-07
-1.83361e-07
-1.83011e-07
-1.82664e-07
-1.82318e-07
-1.81974e-07
-1.81632e-07
-1.81292e-07
-1.80953e-07
-1.80617e-07
-1.80282e-07
-1.79948e-07
-1.79617e-07
-1.79287e-07
-1.7896e-07
-1.78634e-07
-1.78309e-07
-1.77987e-07
-1.77666e-07
-1.77347e-07
-1.7703e-07
-1.76715e-07
-1.76401e-07
-1.7609e-07
-1.7578e-07
-1.75472e-07
-1.75166e-07
-1.74862e-07
-1.7456e-07
-1.74259e-07
-1.73961e-07
-1.73664e-07
-1.73369e-07
-1.73076e-07
-1.72785e-07
-1.72496e-07
-1.72209e-07
-1.71924e-07
-1.71641e-07
-3.2936e-06
-7.12052e-06
-1.06767e-05
-1.36961e-05
-1.61578e-05
-1.81157e-05
-1.96408e-05
-2.08026e-05
-2.16638e-05
-2.22787e-05
-2.26944e-05
-2.29512e-05
-2.30829e-05
-2.31182e-05
-2.30816e-05
-2.29932e-05
-2.28698e-05
-2.27248e-05
-2.25699e-05
-2.24148e-05
-2.22674e-05
-2.2134e-05
-2.20198e-05
-2.19291e-05
-2.18655e-05
-2.18328e-05
-2.18349e-05
-2.18753e-05
-2.19576e-05
-2.2085e-05
-2.22615e-05
-2.24922e-05
-2.27834e-05
-2.31424e-05
-2.35769e-05
-2.40965e-05
-2.47147e-05
-2.54473e-05
-2.63124e-05
-2.73362e-05
-2.85505e-05
-2.9997e-05
-3.17308e-05
-3.38286e-05
-3.63955e-05
-3.95845e-05
-4.36281e-05
-4.89013e-05
-5.60645e-05
-6.64592e-05
-8.35097e-05
-0.000119274
-0.000201523
-0.000305892
-0.000354686
-0.00036366
-0.000357058
-0.000345554
-0.000332361
-0.00031805
-0.000302341
-0.000284552
-0.000263713
-0.000238678
-0.000208379
-0.000172431
-0.00013212
-9.11525e-05
-5.47527e-05
-2.68698e-05
-8.13677e-06
3.41758e-06
1.03646e-05
1.46452e-05
1.7391e-05
1.91784e-05
2.02887e-05
2.08647e-05
2.09886e-05
2.07162e-05
2.00919e-05
1.91552e-05
1.79434e-05
1.64928e-05
1.48388e-05
1.30156e-05
1.10559e-05
8.99057e-06
6.84824e-06
4.655e-06
2.43424e-06
2.06659e-07
-2.00996e-06
-4.20059e-06
-6.35258e-06
-8.45587e-06
-1.05027e-05
-1.2487e-05
-1.44049e-05
-1.62539e-05
-1.80327e-05
-1.97411e-05
-2.13807e-05
-2.29534e-05
-2.44608e-05
-2.5907e-05
-2.72955e-05
-2.86308e-05
-2.99171e-05
-3.11586e-05
-3.23621e-05
-3.35326e-05
-3.46777e-05
-3.58023e-05
-3.69155e-05
-3.80248e-05
-3.91407e-05
-4.02729e-05
-4.14317e-05
-4.26297e-05
-4.38807e-05
-4.52007e-05
-4.66063e-05
-4.81149e-05
-4.97455e-05
-5.15185e-05
-5.34565e-05
-5.55801e-05
-5.79057e-05
-6.04469e-05
-6.32062e-05
-6.61638e-05
-6.92727e-05
-7.244e-05
-7.55151e-05
-7.82715e-05
-8.0407e-05
-8.15829e-05
-8.1465e-05
-7.97924e-05
-7.64334e-05
-7.14178e-05
-6.49333e-05
-5.7291e-05
-4.88985e-05
-4.02362e-05
-3.18183e-05
-2.41389e-05
-1.7582e-05
-1.23468e-05
-8.42306e-06
-5.63826e-06
-3.74343e-06
-2.48943e-06
-1.67155e-06
-1.13888e-06
-7.88684e-07
-5.54245e-07
-3.93385e-07
-2.79786e-07
-1.97085e-07
-1.35056e-07
-8.72413e-08
-4.94918e-08
-1.90833e-08
5.8189e-09
2.64863e-08
4.38261e-08
5.85045e-08
7.10242e-08
8.17736e-08
9.10587e-08
9.91249e-08
1.06172e-07
1.12362e-07
1.17833e-07
1.22696e-07
1.27046e-07
1.30963e-07
1.34514e-07
1.37755e-07
1.40735e-07
1.43494e-07
1.46067e-07
1.48483e-07
1.50768e-07
1.52942e-07
1.55023e-07
1.57028e-07
1.58969e-07
1.60858e-07
1.62704e-07
1.64516e-07
1.663e-07
1.68062e-07
1.69808e-07
1.71542e-07
1.73267e-07
1.74987e-07
1.76705e-07
1.78422e-07
1.80142e-07
1.81865e-07
1.83593e-07
1.85328e-07
1.8707e-07
1.88821e-07
1.90581e-07
1.92351e-07
1.94131e-07
1.95923e-07
1.97727e-07
1.99542e-07
2.0137e-07
2.03211e-07
2.05064e-07
2.06931e-07
2.08811e-07
2.10705e-07
2.12613e-07
2.14535e-07
2.1647e-07
2.1842e-07
2.20385e-07
2.22363e-07
2.24357e-07
2.26365e-07
2.28388e-07
2.30425e-07
2.32477e-07
2.34545e-07
2.36627e-07
2.38724e-07
2.40837e-07
2.42964e-07
2.45107e-07
2.47265e-07
2.49439e-07
2.51627e-07
2.53831e-07
2.56051e-07
2.58285e-07
2.60536e-07
2.62801e-07
2.65083e-07
2.67379e-07
2.69692e-07
2.7202e-07
2.74363e-07
2.76722e-07
2.79097e-07
2.81487e-07
2.83893e-07
2.86315e-07
2.88752e-07
2.91205e-07
2.93674e-07
2.96158e-07
2.98658e-07
3.01174e-07
3.03705e-07
3.06252e-07
3.08814e-07
3.11392e-07
3.13986e-07
3.16595e-07
3.1922e-07
3.21861e-07
3.24516e-07
3.27188e-07
3.29875e-07
3.32577e-07
3.35294e-07
3.38028e-07
3.40776e-07
3.43539e-07
3.46318e-07
3.49112e-07
3.51922e-07
3.54746e-07
3.57585e-07
3.6044e-07
3.63309e-07
3.66193e-07
3.69092e-07
3.72006e-07
3.74935e-07
3.77878e-07
3.80836e-07
3.83808e-07
3.86795e-07
3.89796e-07
3.92811e-07
3.95841e-07
3.98884e-07
4.01942e-07
4.05013e-07
4.08099e-07
4.11198e-07
4.14311e-07
4.17437e-07
4.20577e-07
4.2373e-07
4.26897e-07
4.30076e-07
4.33269e-07
4.36475e-07
4.39693e-07
4.42924e-07
4.46168e-07
4.49424e-07
4.52693e-07
4.55973e-07
4.59266e-07
4.62571e-07
4.65888e-07
4.69216e-07
4.72556e-07
4.75907e-07
4.7927e-07
4.82644e-07
4.86028e-07
4.89424e-07
4.9283e-07
4.96247e-07
4.99675e-07
5.03112e-07
5.0656e-07
5.10017e-07
5.13485e-07
5.16962e-07
5.20448e-07
5.23944e-07
5.27449e-07
5.30962e-07
5.34485e-07
5.38016e-07
5.41556e-07
5.45104e-07
5.48659e-07
5.52223e-07
5.55795e-07
5.59374e-07
5.6296e-07
5.66554e-07
5.70154e-07
5.73762e-07
5.77376e-07
5.80996e-07
5.84623e-07
5.88255e-07
5.91893e-07
5.95537e-07
5.99187e-07
6.02841e-07
6.06501e-07
6.10165e-07
6.13834e-07
6.17508e-07
6.21185e-07
6.24867e-07
6.28552e-07
6.32241e-07
6.35933e-07
6.39629e-07
6.43327e-07
6.47028e-07
6.50732e-07
6.54438e-07
6.58145e-07
6.61855e-07
6.65567e-07
6.69279e-07
6.72993e-07
6.76708e-07
6.80424e-07
6.84141e-07
6.87857e-07
6.91574e-07
6.95291e-07
6.99007e-07
7.02723e-07
7.06438e-07
7.10151e-07
7.13864e-07
7.17575e-07
7.21285e-07
7.24993e-07
7.28698e-07
7.32401e-07
7.36102e-07
7.398e-07
7.43494e-07
7.47186e-07
7.50874e-07
7.54558e-07
7.58239e-07
7.61915e-07
7.65587e-07
7.69255e-07
7.72917e-07
7.76575e-07
7.80227e-07
7.83874e-07
7.87515e-07
7.91151e-07
7.9478e-07
7.98403e-07
8.02019e-07
8.05628e-07
8.09231e-07
8.12826e-07
8.16414e-07
8.19994e-07
8.23567e-07
8.27131e-07
8.30687e-07
8.34235e-07
8.37773e-07
8.41303e-07
8.44824e-07
8.48336e-07
8.51838e-07
8.5533e-07
8.58813e-07
8.62285e-07
8.65747e-07
8.69198e-07
8.72639e-07
8.76069e-07
8.79487e-07
8.82895e-07
8.8629e-07
8.89674e-07
8.93047e-07
8.96407e-07
8.99754e-07
9.0309e-07
9.06412e-07
9.09722e-07
9.13019e-07
9.16303e-07
9.19573e-07
9.2283e-07
9.26073e-07
9.29302e-07
9.32517e-07
9.35718e-07
9.38904e-07
9.42076e-07
9.45233e-07
9.48375e-07
9.51502e-07
9.54615e-07
9.57712e-07
9.60794e-07
9.63862e-07
9.66913e-07
9.6995e-07
9.7297e-07
9.75975e-07
9.78964e-07
9.81936e-07
9.84892e-07
9.87831e-07
9.90754e-07
9.9366e-07
9.96548e-07
9.99419e-07
1.00227e-06
1.00511e-06
1.00793e-06
1.01073e-06
1.01351e-06
1.01628e-06
1.01902e-06
1.02175e-06
1.02446e-06
1.02715e-06
1.02982e-06
1.03247e-06
1.03511e-06
1.03772e-06
1.04032e-06
1.04289e-06
1.04545e-06
1.04798e-06
1.0505e-06
1.05299e-06
1.05547e-06
1.05793e-06
1.06036e-06
1.06278e-06
1.06517e-06
1.06755e-06
1.0699e-06
1.07223e-06
1.07453e-06
1.07682e-06
1.07907e-06
1.08131e-06
1.08352e-06
1.08571e-06
1.08788e-06
1.09002e-06
1.09214e-06
1.09424e-06
1.09631e-06
1.09837e-06
1.1004e-06
1.10241e-06
1.10439e-06
1.10636e-06
1.1083e-06
1.11022e-06
1.11211e-06
1.11399e-06
1.11584e-06
1.11767e-06
1.11948e-06
1.12127e-06
1.12303e-06
1.12478e-06
1.1265e-06
1.12819e-06
1.12987e-06
1.13152e-06
1.13315e-06
1.13476e-06
1.13635e-06
1.13791e-06
1.13945e-06
1.14097e-06
1.14247e-06
1.14394e-06
1.14539e-06
1.14682e-06
1.14822e-06
1.14961e-06
1.15097e-06
1.15231e-06
1.15362e-06
1.15492e-06
1.15619e-06
1.15744e-06
1.15866e-06
1.15986e-06
1.16104e-06
1.1622e-06
1.16334e-06
1.16445e-06
1.16554e-06
1.16661e-06
1.16765e-06
1.16868e-06
1.16968e-06
1.17066e-06
1.17161e-06
1.17254e-06
1.17345e-06
1.17434e-06
1.17521e-06
1.17605e-06
1.17687e-06
1.17767e-06
1.17845e-06
1.17921e-06
1.17994e-06
1.18065e-06
1.18134e-06
1.182e-06
1.18265e-06
1.18327e-06
1.18387e-06
1.18445e-06
1.18501e-06
1.18554e-06
1.18606e-06
1.18655e-06
1.18702e-06
1.18747e-06
1.1879e-06
1.1883e-06
1.18869e-06
1.18905e-06
1.18939e-06
1.18971e-06
1.19001e-06
1.19029e-06
1.19055e-06
1.19078e-06
1.191e-06
1.19119e-06
1.19137e-06
1.19152e-06
1.19165e-06
1.19176e-06
1.19185e-06
1.19192e-06
1.19197e-06
1.192e-06
1.19201e-06
1.192e-06
1.19197e-06
1.19193e-06
1.19186e-06
1.19177e-06
1.19167e-06
1.19155e-06
1.19141e-06
1.19125e-06
1.19107e-06
1.19087e-06
1.19065e-06
1.19042e-06
1.19017e-06
1.1899e-06
1.18961e-06
1.1893e-06
1.18897e-06
1.18863e-06
1.18827e-06
1.18788e-06
1.18749e-06
1.18707e-06
1.18663e-06
1.18618e-06
1.1857e-06
1.18521e-06
1.18471e-06
1.18418e-06
1.18364e-06
1.18307e-06
1.18249e-06
1.1819e-06
1.18128e-06
1.18065e-06
1.18e-06
1.17933e-06
1.17865e-06
1.17795e-06
1.17723e-06
1.17649e-06
1.17573e-06
1.17495e-06
1.17415e-06
1.17333e-06
1.17248e-06
1.17161e-06
1.17072e-06
1.1698e-06
1.16887e-06
1.16791e-06
1.16693e-06
1.16594e-06
1.16492e-06
1.16388e-06
1.16282e-06
1.16175e-06
1.16066e-06
1.15955e-06
1.15842e-06
1.15728e-06
1.15612e-06
1.15494e-06
1.15375e-06
1.15254e-06
1.15131e-06
1.15007e-06
1.14882e-06
1.14755e-06
1.14627e-06
1.14497e-06
1.14366e-06
1.14233e-06
1.141e-06
1.13964e-06
1.13828e-06
1.13689e-06
1.1355e-06
1.13409e-06
1.13267e-06
1.13124e-06
1.1298e-06
1.12834e-06
1.12687e-06
1.12538e-06
1.12389e-06
1.12238e-06
1.12086e-06
1.11932e-06
1.11778e-06
1.11622e-06
1.11465e-06
1.11307e-06
1.11148e-06
1.10987e-06
1.10826e-06
1.10663e-06
1.10499e-06
1.10334e-06
1.10168e-06
1.10001e-06
1.09832e-06
1.09663e-06
1.09492e-06
1.09321e-06
1.09148e-06
1.08974e-06
1.08799e-06
1.08624e-06
1.08447e-06
1.08269e-06
1.0809e-06
1.0791e-06
1.07729e-06
1.07547e-06
1.07364e-06
1.0718e-06
1.06996e-06
1.0681e-06
1.06623e-06
1.06436e-06
1.06247e-06
1.06058e-06
1.05867e-06
1.05676e-06
1.05484e-06
1.05291e-06
1.05097e-06
1.04902e-06
1.04707e-06
1.0451e-06
1.04313e-06
1.04115e-06
1.03916e-06
1.03717e-06
1.03516e-06
1.03315e-06
1.03113e-06
1.0291e-06
1.02707e-06
1.02502e-06
1.02297e-06
1.02092e-06
1.01885e-06
1.01678e-06
1.0147e-06
1.01261e-06
1.01052e-06
1.00842e-06
1.00632e-06
1.00421e-06
1.00209e-06
9.99966e-07
9.97838e-07
9.95706e-07
9.93569e-07
9.91428e-07
9.89282e-07
9.87132e-07
9.84977e-07
9.82818e-07
9.80655e-07
9.78487e-07
9.76315e-07
9.74139e-07
9.71959e-07
9.69774e-07
9.67585e-07
9.65392e-07
9.63194e-07
9.60993e-07
9.58787e-07
9.56577e-07
9.54363e-07
9.52144e-07
9.49922e-07
9.47696e-07
9.45465e-07
9.43231e-07
9.40992e-07
9.3875e-07
9.36503e-07
9.34253e-07
9.31999e-07
9.29741e-07
9.2748e-07
9.25215e-07
9.22946e-07
9.20674e-07
9.18398e-07
9.16118e-07
9.13833e-07
9.11539e-07
9.09235e-07
9.06921e-07
9.04596e-07
9.0226e-07
8.99913e-07
8.97555e-07
8.95186e-07
8.92807e-07
8.90418e-07
8.88019e-07
8.85612e-07
8.83197e-07
8.80774e-07
8.78344e-07
8.75907e-07
8.73464e-07
8.71015e-07
8.68562e-07
8.66103e-07
8.6364e-07
8.61174e-07
8.58704e-07
8.5623e-07
8.53754e-07
8.51276e-07
8.48795e-07
8.46312e-07
8.43827e-07
8.41341e-07
8.38853e-07
8.36365e-07
8.33875e-07
8.31385e-07
8.28894e-07
8.26402e-07
8.23911e-07
8.21419e-07
8.18927e-07
8.16435e-07
8.13943e-07
8.11451e-07
8.08959e-07
8.06468e-07
8.03978e-07
8.01488e-07
7.98998e-07
7.96509e-07
7.94021e-07
7.91534e-07
7.89048e-07
7.86562e-07
7.84077e-07
7.81594e-07
7.79111e-07
7.7663e-07
7.74149e-07
7.7167e-07
7.69192e-07
7.66715e-07
7.6424e-07
7.61766e-07
7.59293e-07
7.56822e-07
7.54352e-07
7.51884e-07
7.49417e-07
7.46952e-07
7.44488e-07
7.42026e-07
7.39566e-07
7.37107e-07
7.3465e-07
7.32195e-07
7.29742e-07
7.2729e-07
7.24841e-07
7.22393e-07
7.19947e-07
7.17504e-07
7.15062e-07
7.12622e-07
7.10185e-07
7.07749e-07
7.05316e-07
7.02885e-07
7.00456e-07
6.9803e-07
6.95605e-07
6.93183e-07
6.90764e-07
6.88347e-07
6.85932e-07
6.8352e-07
6.8111e-07
6.78702e-07
6.76298e-07
6.73896e-07
6.71496e-07
6.69099e-07
6.66705e-07
6.64314e-07
6.61925e-07
6.59539e-07
6.57156e-07
6.54776e-07
6.52398e-07
6.50024e-07
6.47652e-07
6.45284e-07
6.42918e-07
6.40556e-07
6.38197e-07
6.3584e-07
6.33487e-07
6.31137e-07
6.2879e-07
6.26447e-07
6.24106e-07
6.21769e-07
6.19436e-07
6.17105e-07
6.14778e-07
6.12454e-07
6.10134e-07
6.07817e-07
6.05504e-07
6.03194e-07
6.00888e-07
5.98585e-07
5.96286e-07
5.9399e-07
5.91698e-07
5.8941e-07
5.87126e-07
5.84845e-07
5.82567e-07
5.80294e-07
5.78024e-07
5.75759e-07
5.73497e-07
5.71238e-07
5.68984e-07
5.66734e-07
5.64487e-07
5.62245e-07
5.60006e-07
5.57772e-07
5.55541e-07
5.53314e-07
5.51092e-07
5.48874e-07
5.46659e-07
5.44449e-07
5.42243e-07
5.40041e-07
5.37843e-07
5.3565e-07
5.3346e-07
5.31275e-07
5.29094e-07
5.26918e-07
5.24745e-07
5.22577e-07
5.20414e-07
5.18254e-07
5.16099e-07
5.13948e-07
5.11802e-07
5.0966e-07
5.07523e-07
5.0539e-07
5.03261e-07
5.01137e-07
4.99017e-07
4.96902e-07
4.94791e-07
4.92685e-07
4.90584e-07
4.88487e-07
4.86394e-07
4.84306e-07
4.82223e-07
4.80144e-07
4.7807e-07
4.76e-07
4.73935e-07
4.71875e-07
4.6982e-07
4.67769e-07
4.65722e-07
4.63681e-07
4.61644e-07
4.59612e-07
4.57584e-07
4.55562e-07
4.53544e-07
4.51531e-07
4.49522e-07
4.47518e-07
4.4552e-07
4.43525e-07
4.41536e-07
4.39552e-07
4.37572e-07
4.35597e-07
4.33627e-07
4.31662e-07
4.29701e-07
4.27746e-07
4.25795e-07
4.23849e-07
4.21908e-07
4.19972e-07
4.18041e-07
4.16114e-07
4.14193e-07
4.12276e-07
4.10365e-07
4.08458e-07
4.06556e-07
4.04659e-07
4.02767e-07
4.0088e-07
3.98998e-07
3.9712e-07
3.95248e-07
3.93381e-07
3.9152e-07
3.89664e-07
3.87814e-07
3.85969e-07
3.84129e-07
3.82296e-07
3.80468e-07
3.78645e-07
3.76828e-07
3.75017e-07
3.73211e-07
3.7141e-07
3.69615e-07
3.67826e-07
3.66041e-07
3.64262e-07
3.62489e-07
3.6072e-07
3.58957e-07
3.57199e-07
3.55447e-07
3.53699e-07
3.51957e-07
3.50219e-07
3.48487e-07
3.4676e-07
3.45038e-07
3.4332e-07
3.41608e-07
3.39901e-07
3.38199e-07
3.36501e-07
3.34809e-07
3.33121e-07
3.31439e-07
3.29761e-07
3.28088e-07
3.2642e-07
3.24757e-07
3.23098e-07
3.21445e-07
3.19796e-07
3.18152e-07
3.16513e-07
3.14878e-07
3.13248e-07
3.11623e-07
3.10003e-07
3.08388e-07
3.06777e-07
3.05171e-07
3.03569e-07
3.01969e-07
3.00372e-07
2.98777e-07
2.97183e-07
2.95591e-07
2.94e-07
2.9241e-07
2.90822e-07
2.89235e-07
2.8765e-07
2.86067e-07
2.84486e-07
2.82907e-07
2.8133e-07
2.79756e-07
2.78185e-07
2.76616e-07
2.75051e-07
2.73489e-07
2.71931e-07
2.70376e-07
2.68825e-07
2.67278e-07
2.65735e-07
2.64196e-07
2.62661e-07
2.61131e-07
2.59605e-07
2.58084e-07
2.56567e-07
2.55055e-07
2.53548e-07
2.52045e-07
2.50548e-07
2.49055e-07
2.47568e-07
2.46085e-07
2.44608e-07
2.43135e-07
2.41668e-07
2.40206e-07
2.38748e-07
2.37296e-07
2.3585e-07
2.34408e-07
2.32972e-07
2.3154e-07
2.30114e-07
2.28693e-07
2.27277e-07
2.25867e-07
2.24461e-07
2.23061e-07
2.21666e-07
2.20276e-07
2.18891e-07
2.17511e-07
2.16137e-07
2.14767e-07
2.13403e-07
2.12044e-07
2.1069e-07
2.0934e-07
2.07996e-07
2.06657e-07
2.05323e-07
2.03994e-07
2.0267e-07
2.01351e-07
2.00036e-07
1.98727e-07
1.97422e-07
1.96123e-07
1.94828e-07
1.93539e-07
1.92254e-07
1.90973e-07
1.89698e-07
1.88428e-07
1.87162e-07
1.85901e-07
1.84644e-07
1.83393e-07
1.82146e-07
1.80904e-07
1.79666e-07
1.78433e-07
1.77205e-07
1.75982e-07
1.74763e-07
1.73548e-07
1.72338e-07
1.71133e-07
1.69932e-07
1.68736e-07
1.67544e-07
1.66357e-07
1.65174e-07
1.63996e-07
1.62822e-07
1.61653e-07
1.60487e-07
1.59327e-07
1.58171e-07
1.57019e-07
1.55871e-07
1.54728e-07
1.53589e-07
1.52454e-07
1.51324e-07
1.50198e-07
1.49076e-07
1.47959e-07
1.46845e-07
1.45736e-07
1.44631e-07
1.43531e-07
1.42434e-07
1.41342e-07
1.40254e-07
1.39169e-07
1.38089e-07
1.37014e-07
1.35942e-07
1.34874e-07
1.33811e-07
1.32751e-07
1.31695e-07
1.30644e-07
1.29597e-07
1.28553e-07
1.27514e-07
1.26478e-07
1.25446e-07
1.24419e-07
1.23395e-07
1.22375e-07
1.2136e-07
1.20348e-07
1.1934e-07
1.18335e-07
1.17335e-07
1.16339e-07
1.15346e-07
1.14357e-07
1.13372e-07
1.12391e-07
1.11413e-07
1.1044e-07
1.0947e-07
1.08504e-07
1.07541e-07
1.06583e-07
1.05628e-07
1.04676e-07
1.03729e-07
1.02785e-07
1.01845e-07
1.00908e-07
9.99751e-08
9.90458e-08
9.81201e-08
9.71981e-08
9.62796e-08
9.53647e-08
9.44533e-08
9.35456e-08
9.26414e-08
9.17407e-08
9.08435e-08
8.99499e-08
8.90598e-08
8.81731e-08
8.729e-08
8.64103e-08
8.55341e-08
8.46613e-08
8.37919e-08
8.2926e-08
8.20635e-08
8.12044e-08
8.03487e-08
7.94964e-08
7.86474e-08
7.78018e-08
7.69595e-08
7.61206e-08
7.5285e-08
7.44527e-08
7.36238e-08
7.27981e-08
7.19757e-08
7.11565e-08
7.03407e-08
6.9528e-08
6.87187e-08
6.79125e-08
6.71096e-08
6.63098e-08
6.55133e-08
6.47199e-08
6.39297e-08
6.31427e-08
6.23589e-08
6.15781e-08
6.08005e-08
6.00261e-08
5.92547e-08
5.84864e-08
5.77213e-08
5.69592e-08
5.62001e-08
5.54442e-08
5.46912e-08
5.39413e-08
5.31945e-08
5.24506e-08
5.17098e-08
5.0972e-08
5.02371e-08
4.95052e-08
4.87763e-08
4.80503e-08
4.73273e-08
4.66072e-08
4.589e-08
4.51758e-08
4.44644e-08
4.3756e-08
4.30504e-08
4.23477e-08
4.16478e-08
4.09509e-08
4.02567e-08
3.95654e-08
3.88769e-08
3.81912e-08
3.75083e-08
3.68283e-08
3.6151e-08
3.54764e-08
3.48047e-08
3.41357e-08
3.34694e-08
3.28059e-08
3.2145e-08
3.14869e-08
3.08315e-08
3.01788e-08
2.95288e-08
2.88815e-08
2.82368e-08
2.75948e-08
2.69554e-08
2.63187e-08
2.56846e-08
2.50531e-08
2.44242e-08
2.37979e-08
2.31742e-08
2.25531e-08
2.19346e-08
2.13186e-08
2.07051e-08
2.00942e-08
1.94859e-08
1.888e-08
1.82767e-08
1.76759e-08
1.70776e-08
1.64817e-08
1.58884e-08
1.52975e-08
1.4709e-08
1.4123e-08
1.35395e-08
1.29584e-08
1.23797e-08
1.18034e-08
1.12295e-08
1.0658e-08
1.00889e-08
9.52219e-09
8.95783e-09
8.39583e-09
7.83619e-09
7.27888e-09
6.72391e-09
6.17125e-09
5.62092e-09
5.07289e-09
4.52715e-09
3.9837e-09
3.44254e-09
2.90364e-09
2.36701e-09
1.83262e-09
1.30049e-09
7.70588e-10
2.42915e-10
-2.8254e-10
-8.05784e-10
-1.32683e-09
-1.84567e-09
-2.36234e-09
-2.87683e-09
-3.38915e-09
-3.89931e-09
-4.40731e-09
-4.91318e-09
-5.41691e-09
-5.91852e-09
-6.418e-09
-6.91538e-09
-7.41066e-09
-7.90384e-09
-8.39494e-09
-8.88396e-09
-9.37091e-09
-9.8558e-09
-1.03386e-08
-1.08194e-08
-1.12982e-08
-1.17749e-08
-1.22496e-08
-1.27223e-08
-1.3193e-08
-1.36617e-08
-1.41284e-08
-1.45932e-08
-1.50559e-08
-1.55167e-08
-1.59755e-08
-1.64324e-08
-1.68874e-08
-1.73404e-08
-1.77914e-08
-1.82406e-08
-1.86879e-08
-1.91332e-08
-1.95767e-08
-2.00182e-08
-2.04579e-08
-2.08957e-08
-2.13317e-08
-2.17658e-08
-2.2198e-08
-2.26284e-08
-2.30569e-08
-2.34837e-08
-2.39086e-08
-2.43317e-08
-2.4753e-08
-2.51725e-08
-2.55902e-08
-2.60061e-08
-2.64202e-08
-2.68326e-08
-2.72432e-08
-2.76521e-08
-2.80592e-08
-2.84645e-08
-2.88682e-08
-2.92701e-08
-2.96702e-08
-3.00687e-08
-3.04655e-08
-3.08605e-08
-3.12539e-08
-3.16456e-08
-3.20356e-08
-3.24239e-08
-3.28106e-08
-3.31956e-08
-3.3579e-08
-3.39607e-08
-3.43408e-08
-3.47193e-08
-3.50961e-08
-3.54713e-08
-3.58449e-08
-3.62169e-08
-3.65873e-08
-3.69561e-08
-3.73234e-08
-3.7689e-08
-3.80531e-08
-3.84156e-08
-3.87766e-08
-3.9136e-08
-3.94939e-08
-3.98502e-08
-4.0205e-08
-4.05583e-08
-4.091e-08
-4.12603e-08
-4.1609e-08
-4.19562e-08
-4.23019e-08
-4.26462e-08
-4.2989e-08
-4.33303e-08
-4.36701e-08
-4.40084e-08
-4.43453e-08
-4.46808e-08
-4.50148e-08
-4.53474e-08
-4.56785e-08
-4.60082e-08
-4.63365e-08
-4.66634e-08
-4.69889e-08
-4.73129e-08
-4.76356e-08
-4.79569e-08
-4.82768e-08
-4.85953e-08
-4.89124e-08
-4.92282e-08
-4.95426e-08
-4.98557e-08
-5.01674e-08
-5.04777e-08
-5.07868e-08
-5.10944e-08
-5.14008e-08
-5.17058e-08
-5.20096e-08
-5.2312e-08
-5.26131e-08
-5.29129e-08
-5.32114e-08
-5.35086e-08
-5.38046e-08
-5.40993e-08
-5.43927e-08
-5.46848e-08
-5.49756e-08
-5.52653e-08
-5.55536e-08
-5.58407e-08
-5.61266e-08
-5.64112e-08
-5.66947e-08
-5.69768e-08
-5.72578e-08
-5.75376e-08
-5.78161e-08
-5.80935e-08
-5.83696e-08
-5.86446e-08
-5.89183e-08
-5.91909e-08
-5.94623e-08
-5.97325e-08
-6.00016e-08
-6.02695e-08
-6.05363e-08
-6.08018e-08
-6.10663e-08
-6.13296e-08
-6.15918e-08
-6.18528e-08
-6.21127e-08
-6.23715e-08
-6.26291e-08
-6.28857e-08
-6.31411e-08
-6.33955e-08
-6.36487e-08
-6.39009e-08
-6.41519e-08
-6.44019e-08
-6.46508e-08
-6.48986e-08
-6.51453e-08
-6.5391e-08
-6.56356e-08
-6.58792e-08
-6.61217e-08
-6.63631e-08
-6.66036e-08
-6.68429e-08
-6.70813e-08
-6.73186e-08
-6.75549e-08
-6.77901e-08
-6.80244e-08
-6.82576e-08
-6.84899e-08
-6.87211e-08
-6.89513e-08
-6.91805e-08
-6.94088e-08
-6.96361e-08
-6.98623e-08
-7.00876e-08
-7.0312e-08
-7.05353e-08
-7.07577e-08
-7.09791e-08
-7.11996e-08
-7.14191e-08
-7.16377e-08
-7.18553e-08
-7.2072e-08
-7.22878e-08
-7.25026e-08
-7.27165e-08
-7.29295e-08
-7.31415e-08
-7.33527e-08
-7.35629e-08
-7.37722e-08
-7.39806e-08
-7.41882e-08
-7.43948e-08
-7.46005e-08
-7.48054e-08
-7.50093e-08
-7.52124e-08
-7.54146e-08
-7.56159e-08
-7.58164e-08
-7.6016e-08
-7.62147e-08
-7.64126e-08
-7.66096e-08
-7.68058e-08
-7.70012e-08
-7.71957e-08
-7.73893e-08
-7.75821e-08
-7.77741e-08
-7.79653e-08
-7.81556e-08
-7.83451e-08
-7.85338e-08
-7.87217e-08
-7.89088e-08
-7.9095e-08
-7.92805e-08
-7.94652e-08
-7.96491e-08
-7.98321e-08
-8.00144e-08
-8.01959e-08
-8.03767e-08
-8.05566e-08
-8.07358e-08
-8.09142e-08
-8.10918e-08
-8.12687e-08
-8.14448e-08
-8.16202e-08
-8.17948e-08
-8.19686e-08
-8.21417e-08
-8.23141e-08
-8.24857e-08
-8.26566e-08
-8.28267e-08
-8.29961e-08
-8.31648e-08
-8.33328e-08
-8.35e-08
-8.36665e-08
-8.38323e-08
-8.39974e-08
-8.41618e-08
-8.43255e-08
-8.44884e-08
-8.46507e-08
-8.48123e-08
-8.49732e-08
-8.51333e-08
-8.52929e-08
-8.54517e-08
-8.56098e-08
-8.57673e-08
-8.59241e-08
-8.60802e-08
-8.62356e-08
-8.63904e-08
-8.65445e-08
-8.6698e-08
-8.68508e-08
-8.70029e-08
-8.71544e-08
-8.73052e-08
-8.74554e-08
-8.7605e-08
-8.77539e-08
-8.79021e-08
-8.80498e-08
-8.81968e-08
-8.83432e-08
-8.84889e-08
-8.8634e-08
-8.87785e-08
-8.89224e-08
-8.90657e-08
-8.92084e-08
-8.93504e-08
-8.94918e-08
-8.96327e-08
-8.97729e-08
-8.99126e-08
-9.00516e-08
-9.019e-08
-9.03279e-08
-9.04652e-08
-9.06018e-08
-9.07379e-08
-9.08734e-08
-9.10084e-08
-9.11427e-08
-9.12765e-08
-9.14097e-08
-9.15424e-08
-9.16745e-08
-9.1806e-08
-9.1937e-08
-9.20674e-08
-9.21972e-08
-9.23265e-08
-9.24552e-08
-9.25834e-08
-9.27111e-08
-9.28382e-08
-9.29647e-08
-9.30908e-08
-9.32162e-08
-9.33412e-08
-9.34656e-08
-9.35895e-08
-9.37129e-08
-9.38357e-08
-9.3958e-08
-9.40798e-08
-9.42011e-08
-9.43219e-08
-9.44421e-08
-9.45619e-08
-9.46811e-08
-9.47998e-08
-9.49181e-08
-9.50358e-08
-9.5153e-08
-9.52697e-08
-9.5386e-08
-9.55017e-08
-9.56169e-08
-9.57317e-08
-9.5846e-08
-9.59597e-08
-9.6073e-08
-9.61859e-08
-9.62982e-08
-9.64101e-08
-9.65215e-08
-9.66324e-08
-9.67429e-08
-9.68529e-08
-9.69624e-08
-9.70714e-08
-9.718e-08
-9.72882e-08
-9.73959e-08
-9.75031e-08
-9.76099e-08
-9.77162e-08
-9.78221e-08
-9.79275e-08
-9.80325e-08
-9.8137e-08
-9.82411e-08
-9.83448e-08
-9.8448e-08
-9.85508e-08
-9.86531e-08
-9.8755e-08
-9.88565e-08
-9.89576e-08
-9.90582e-08
-9.91584e-08
-9.92582e-08
-9.93576e-08
-9.94566e-08
-9.95551e-08
-9.96532e-08
-9.97509e-08
-9.98482e-08
-9.99451e-08
-1.00042e-07
-1.00138e-07
-1.00233e-07
-1.00329e-07
-1.00423e-07
-1.00518e-07
-1.00612e-07
-1.00706e-07
-1.00799e-07
-1.00892e-07
-1.00984e-07
-1.01077e-07
-1.01168e-07
-1.0126e-07
-1.01351e-07
-1.01441e-07
-1.01531e-07
-1.01621e-07
-1.01711e-07
-1.018e-07
-1.01888e-07
-1.01977e-07
-1.02065e-07
-1.02152e-07
-1.0224e-07
-1.02326e-07
-1.02413e-07
-1.02499e-07
-1.02585e-07
-1.0267e-07
-1.02755e-07
-1.0284e-07
-1.02924e-07
-1.03008e-07
-1.03092e-07
-1.03175e-07
-1.03258e-07
-1.03341e-07
-1.03423e-07
-1.03505e-07
-1.03587e-07
-1.03668e-07
-1.03749e-07
-1.03829e-07
-1.0391e-07
-1.0399e-07
-1.04069e-07
-1.04148e-07
-1.04227e-07
-1.04306e-07
-1.04384e-07
-1.04462e-07
-1.0454e-07
-1.04617e-07
-1.04694e-07
-1.04771e-07
-1.04847e-07
-1.04923e-07
-1.04999e-07
-1.05074e-07
-1.05149e-07
-1.05224e-07
-1.05298e-07
-1.05372e-07
-1.05446e-07
-1.0552e-07
-1.05593e-07
-1.05666e-07
-1.05738e-07
-1.05811e-07
-1.05883e-07
-1.05955e-07
-1.06026e-07
-1.06097e-07
-1.06168e-07
-1.06238e-07
-1.06309e-07
-1.06379e-07
-1.06448e-07
-1.06518e-07
-1.06587e-07
-1.06656e-07
-1.06724e-07
-1.06792e-07
-1.0686e-07
-1.06928e-07
-1.06996e-07
-1.07063e-07
-1.0713e-07
-1.07196e-07
-1.07262e-07
-1.07328e-07
-1.07394e-07
-1.0746e-07
-1.07525e-07
-1.0759e-07
-1.07655e-07
-1.07719e-07
-1.07783e-07
-1.07847e-07
-1.07911e-07
-1.07974e-07
-1.08037e-07
-1.081e-07
-1.08163e-07
-1.08225e-07
-1.08287e-07
-1.08349e-07
-1.08411e-07
-1.08472e-07
-1.08533e-07
-1.08594e-07
-1.08654e-07
-1.08715e-07
-1.08775e-07
-1.08835e-07
-1.08894e-07
-1.08954e-07
-1.09013e-07
-1.09072e-07
-1.0913e-07
-1.09189e-07
-1.09247e-07
-1.09305e-07
-1.09363e-07
-1.0942e-07
-1.09477e-07
-1.09534e-07
-1.09591e-07
-1.09648e-07
-1.09704e-07
-1.0976e-07
-1.09816e-07
-1.09871e-07
-1.09927e-07
-1.09982e-07
-1.10037e-07
-1.10092e-07
-1.10146e-07
-1.102e-07
-1.10254e-07
-1.10308e-07
-1.10362e-07
-1.10415e-07
-1.10468e-07
-1.10521e-07
-1.10574e-07
-1.10627e-07
-1.10679e-07
-1.10731e-07
-1.10783e-07
-1.10835e-07
-1.10886e-07
-1.10938e-07
-1.10989e-07
-1.1104e-07
-1.1109e-07
-1.11141e-07
-1.11191e-07
-1.11241e-07
-1.11291e-07
-1.11341e-07
-1.1139e-07
-1.11439e-07
-1.11488e-07
-1.11537e-07
-1.11586e-07
-1.11634e-07
-1.11683e-07
-1.11731e-07
-1.11779e-07
-1.11826e-07
-1.11874e-07
-1.11921e-07
-1.11968e-07
-1.12015e-07
-1.12062e-07
-1.12109e-07
-1.12155e-07
-1.12201e-07
-1.12247e-07
-1.12293e-07
-1.12339e-07
-1.12384e-07
-1.1243e-07
-1.12475e-07
-1.1252e-07
-1.12564e-07
-1.12609e-07
-1.12653e-07
-1.12697e-07
-1.12742e-07
-1.12785e-07
-1.12829e-07
-1.12873e-07
-1.12916e-07
-1.12959e-07
-1.13002e-07
-1.13045e-07
-1.13088e-07
-1.1313e-07
-1.13172e-07
-1.13215e-07
-1.13257e-07
-1.13298e-07
-1.1334e-07
-1.13382e-07
-1.13423e-07
-1.13464e-07
-1.13505e-07
-1.13546e-07
-1.13587e-07
-1.13627e-07
-1.13667e-07
-1.13708e-07
-1.13748e-07
-1.13788e-07
-1.13827e-07
-1.13867e-07
-1.13906e-07
-1.13946e-07
-1.13985e-07
-1.14024e-07
-1.14062e-07
-1.14101e-07
-1.1414e-07
-1.14178e-07
-1.14216e-07
-1.14254e-07
-1.14292e-07
-1.1433e-07
-1.14367e-07
-1.14405e-07
-1.14442e-07
-1.14479e-07
-1.14516e-07
-1.14553e-07
-1.1459e-07
-1.14627e-07
-1.14663e-07
-1.14699e-07
-1.14735e-07
-1.14771e-07
-1.14807e-07
-1.14843e-07
-1.14879e-07
-1.14914e-07
-1.14949e-07
-1.14985e-07
-1.1502e-07
-1.15055e-07
-1.15089e-07
-1.15124e-07
-1.15159e-07
-1.15193e-07
-1.15227e-07
-1.15261e-07
-1.15295e-07
-1.15329e-07
-1.15363e-07
-1.15396e-07
-1.1543e-07
-1.15463e-07
-1.15496e-07
-1.15529e-07
-1.15562e-07
-1.15595e-07
-1.15628e-07
-1.1566e-07
-1.15693e-07
-1.15725e-07
-1.15757e-07
-1.15789e-07
-1.15821e-07
-1.15853e-07
-1.15885e-07
-1.15916e-07
-1.15948e-07
-1.15979e-07
-1.1601e-07
-1.16041e-07
-1.16072e-07
-1.16103e-07
-1.16134e-07
-1.16165e-07
-1.16195e-07
-1.16225e-07
-1.16256e-07
-1.16286e-07
-1.16316e-07
-1.16346e-07
-1.16376e-07
-1.16405e-07
-1.16435e-07
-1.16464e-07
-1.16494e-07
-1.16523e-07
-1.16552e-07
-1.16581e-07
-1.1661e-07
-1.16639e-07
-1.16668e-07
-1.16696e-07
-1.16725e-07
-1.16753e-07
-1.16781e-07
-1.16809e-07
-1.16837e-07
-1.16865e-07
-1.16893e-07
-1.16921e-07
-1.16949e-07
-1.16976e-07
-1.17003e-07
-1.17031e-07
-1.17058e-07
-1.17085e-07
-1.17112e-07
-1.17139e-07
-1.17166e-07
-1.17192e-07
-1.17219e-07
-1.17246e-07
-1.17272e-07
-1.17298e-07
-1.17324e-07
-1.17351e-07
-1.17377e-07
-1.17403e-07
-1.17428e-07
-1.17454e-07
-1.1748e-07
-1.17505e-07
-1.17531e-07
-1.17556e-07
-1.17581e-07
-1.17606e-07
-1.17631e-07
-1.17656e-07
-1.17681e-07
-1.17706e-07
-1.17731e-07
-1.17755e-07
-1.1778e-07
-1.17804e-07
-1.17828e-07
-1.17853e-07
-1.17877e-07
-1.17901e-07
-1.17925e-07
-1.17949e-07
-1.17972e-07
-1.17996e-07
-1.1802e-07
-1.18043e-07
-1.18067e-07
-1.1809e-07
-1.18113e-07
-1.18136e-07
-1.1816e-07
-1.18183e-07
-1.18205e-07
-1.18228e-07
-1.18251e-07
-1.18274e-07
-1.18296e-07
-1.18319e-07
-1.18341e-07
-1.18363e-07
-1.18386e-07
-1.18408e-07
-1.1843e-07
-1.18452e-07
-1.18474e-07
-1.18496e-07
-1.18518e-07
-1.18539e-07
-1.18561e-07
-1.18582e-07
-1.18604e-07
-1.18625e-07
-1.18646e-07
-1.18668e-07
-1.18689e-07
-1.1871e-07
-1.18731e-07
-1.18752e-07
-1.18773e-07
-1.18793e-07
-1.18814e-07
-1.18835e-07
-3.23181e-06
-7.05011e-06
-1.06013e-05
-1.362e-05
-1.60846e-05
-1.80485e-05
-1.95822e-05
-2.07549e-05
-2.16289e-05
-2.22584e-05
-2.26905e-05
-2.29653e-05
-2.31166e-05
-2.31737e-05
-2.31608e-05
-2.30983e-05
-2.30028e-05
-2.28887e-05
-2.2768e-05
-2.26507e-05
-2.25447e-05
-2.24568e-05
-2.23924e-05
-2.23569e-05
-2.23555e-05
-2.23929e-05
-2.24736e-05
-2.26019e-05
-2.27824e-05
-2.30213e-05
-2.33258e-05
-2.37039e-05
-2.41643e-05
-2.47188e-05
-2.53822e-05
-2.61718e-05
-2.71097e-05
-2.82253e-05
-2.9554e-05
-3.11461e-05
-3.30659e-05
-3.54021e-05
-3.82819e-05
-4.18891e-05
-4.65024e-05
-5.25787e-05
-6.09127e-05
-7.30578e-05
-9.25408e-05
-0.000128563
-0.000200748
-0.000298477
-0.000348751
-0.000360205
-0.000354701
-0.000343479
-0.000330242
-0.000315704
-0.000299594
-0.000281191
-0.000259479
-0.00023328
-0.000201578
-0.00016423
-0.000123034
-8.22757e-05
-4.72835e-05
-2.14165e-05
-4.53639e-06
5.70855e-06
1.18639e-05
1.56968e-05
1.8187e-05
1.98197e-05
2.08291e-05
2.13358e-05
2.14112e-05
2.11053e-05
2.04594e-05
1.9511e-05
1.8296e-05
1.68497e-05
1.52065e-05
1.33997e-05
1.14615e-05
9.42183e-06
7.30876e-06
5.14772e-06
2.96158e-06
7.70527e-07
-1.40815e-06
-3.55971e-06
-5.67189e-06
-7.73495e-06
-9.74121e-06
-1.16848e-05
-1.35621e-05
-1.53707e-05
-1.7109e-05
-1.87771e-05
-2.03768e-05
-2.19092e-05
-2.33766e-05
-2.4783e-05
-2.61319e-05
-2.74268e-05
-2.86724e-05
-2.98736e-05
-3.10367e-05
-3.21659e-05
-3.32685e-05
-3.43506e-05
-3.5421e-05
-3.64876e-05
-3.75589e-05
-3.86448e-05
-3.97567e-05
-4.09077e-05
-4.21114e-05
-4.33826e-05
-4.4737e-05
-4.61932e-05
-4.77713e-05
-4.94923e-05
-5.13761e-05
-5.34435e-05
-5.5714e-05
-5.82e-05
-6.09019e-05
-6.38029e-05
-6.68519e-05
-6.99561e-05
-7.29624e-05
-7.5638e-05
-7.76802e-05
-7.87497e-05
-7.85087e-05
-7.66944e-05
-7.31765e-05
-6.79932e-05
-6.1347e-05
-5.35805e-05
-4.51379e-05
-3.65416e-05
-2.83343e-05
-2.10116e-05
-1.49198e-05
-1.01905e-05
-6.7475e-06
-4.37141e-06
-2.79709e-06
-1.78173e-06
-1.13619e-06
-7.26951e-07
-4.65806e-07
-2.96721e-07
-1.84898e-07
-1.08967e-07
-5.58434e-08
-1.74895e-08
1.10766e-08
3.29824e-08
5.02264e-08
6.41131e-08
7.55146e-08
8.503e-08
9.30824e-08
9.99788e-08
1.05948e-07
1.11164e-07
1.15764e-07
1.19854e-07
1.23522e-07
1.26837e-07
1.29859e-07
1.32634e-07
1.35203e-07
1.37599e-07
1.3985e-07
1.4198e-07
1.44008e-07
1.45953e-07
1.47828e-07
1.49645e-07
1.51415e-07
1.53147e-07
1.54847e-07
1.56523e-07
1.5818e-07
1.59823e-07
1.61456e-07
1.63081e-07
1.64702e-07
1.66322e-07
1.67942e-07
1.69565e-07
1.71192e-07
1.72824e-07
1.74463e-07
1.76109e-07
1.77764e-07
1.79428e-07
1.81101e-07
1.82786e-07
1.84481e-07
1.86187e-07
1.87905e-07
1.89635e-07
1.91377e-07
1.93132e-07
1.949e-07
1.96681e-07
1.98475e-07
2.00282e-07
2.02103e-07
2.03937e-07
2.05786e-07
2.07648e-07
2.09524e-07
2.11414e-07
2.13319e-07
2.15238e-07
2.17171e-07
2.19118e-07
2.21081e-07
2.23057e-07
2.25049e-07
2.27055e-07
2.29076e-07
2.31111e-07
2.33162e-07
2.35227e-07
2.37307e-07
2.39403e-07
2.41513e-07
2.43639e-07
2.45779e-07
2.47935e-07
2.50106e-07
2.52293e-07
2.54494e-07
2.56711e-07
2.58943e-07
2.61191e-07
2.63454e-07
2.65732e-07
2.68025e-07
2.70335e-07
2.72659e-07
2.74999e-07
2.77355e-07
2.79726e-07
2.82112e-07
2.84514e-07
2.86932e-07
2.89365e-07
2.91813e-07
2.94277e-07
2.96757e-07
2.99252e-07
3.01762e-07
3.04288e-07
3.0683e-07
3.09387e-07
3.11959e-07
3.14547e-07
3.1715e-07
3.19769e-07
3.22403e-07
3.25052e-07
3.27717e-07
3.30397e-07
3.33092e-07
3.35802e-07
3.38528e-07
3.41268e-07
3.44024e-07
3.46795e-07
3.49581e-07
3.52381e-07
3.55197e-07
3.58027e-07
3.60873e-07
3.63733e-07
3.66607e-07
3.69497e-07
3.724e-07
3.75319e-07
3.78251e-07
3.81198e-07
3.8416e-07
3.87135e-07
3.90125e-07
3.93129e-07
3.96146e-07
3.99178e-07
4.02223e-07
4.05282e-07
4.08354e-07
4.1144e-07
4.1454e-07
4.17653e-07
4.20778e-07
4.23917e-07
4.2707e-07
4.30234e-07
4.33412e-07
4.36602e-07
4.39805e-07
4.43021e-07
4.46248e-07
4.49488e-07
4.5274e-07
4.56004e-07
4.59279e-07
4.62567e-07
4.65866e-07
4.69176e-07
4.72497e-07
4.7583e-07
4.79174e-07
4.82528e-07
4.85893e-07
4.89269e-07
4.92655e-07
4.96052e-07
4.99458e-07
5.02875e-07
5.06301e-07
5.09737e-07
5.13182e-07
5.16637e-07
5.20101e-07
5.23574e-07
5.27055e-07
5.30545e-07
5.34044e-07
5.37551e-07
5.41066e-07
5.44589e-07
5.4812e-07
5.51658e-07
5.55204e-07
5.58757e-07
5.62317e-07
5.65884e-07
5.69458e-07
5.73038e-07
5.76624e-07
5.80216e-07
5.83814e-07
5.87418e-07
5.91028e-07
5.94642e-07
5.98262e-07
6.01887e-07
6.05516e-07
6.0915e-07
6.12788e-07
6.1643e-07
6.20076e-07
6.23726e-07
6.27379e-07
6.31036e-07
6.34695e-07
6.38358e-07
6.42023e-07
6.4569e-07
6.4936e-07
6.53031e-07
6.56705e-07
6.60379e-07
6.64056e-07
6.67733e-07
6.71411e-07
6.7509e-07
6.78769e-07
6.82449e-07
6.86129e-07
6.89808e-07
6.93487e-07
6.97166e-07
7.00843e-07
7.0452e-07
7.08195e-07
7.11868e-07
7.1554e-07
7.1921e-07
7.22878e-07
7.26544e-07
7.30206e-07
7.33866e-07
7.37523e-07
7.41177e-07
7.44827e-07
7.48473e-07
7.52116e-07
7.55754e-07
7.59388e-07
7.63017e-07
7.66641e-07
7.70261e-07
7.73875e-07
7.77484e-07
7.81087e-07
7.84684e-07
7.88275e-07
7.91859e-07
7.95437e-07
7.99008e-07
8.02573e-07
8.0613e-07
8.09679e-07
8.13221e-07
8.16755e-07
8.20282e-07
8.23799e-07
8.27309e-07
8.3081e-07
8.34302e-07
8.37784e-07
8.41258e-07
8.44722e-07
8.48176e-07
8.51621e-07
8.55055e-07
8.58479e-07
8.61893e-07
8.65296e-07
8.68688e-07
8.72069e-07
8.75438e-07
8.78797e-07
8.82143e-07
8.85478e-07
8.88801e-07
8.92111e-07
8.95409e-07
8.98695e-07
9.01968e-07
9.05228e-07
9.08474e-07
9.11708e-07
9.14928e-07
9.18134e-07
9.21327e-07
9.24506e-07
9.2767e-07
9.3082e-07
9.33956e-07
9.37077e-07
9.40184e-07
9.43277e-07
9.46354e-07
9.49417e-07
9.52465e-07
9.55498e-07
9.58515e-07
9.61518e-07
9.64504e-07
9.67475e-07
9.7043e-07
9.73368e-07
9.7629e-07
9.79196e-07
9.82085e-07
9.84957e-07
9.87813e-07
9.90651e-07
9.93471e-07
9.96275e-07
9.9906e-07
1.00183e-06
1.00458e-06
1.00731e-06
1.01002e-06
1.01272e-06
1.0154e-06
1.01805e-06
1.02069e-06
1.02331e-06
1.02592e-06
1.0285e-06
1.03106e-06
1.03361e-06
1.03613e-06
1.03864e-06
1.04112e-06
1.04359e-06
1.04604e-06
1.04846e-06
1.05087e-06
1.05325e-06
1.05561e-06
1.05795e-06
1.06027e-06
1.06256e-06
1.06483e-06
1.06708e-06
1.06931e-06
1.07151e-06
1.07369e-06
1.07585e-06
1.07798e-06
1.08009e-06
1.08219e-06
1.08425e-06
1.0863e-06
1.08833e-06
1.09033e-06
1.09231e-06
1.09427e-06
1.09621e-06
1.09812e-06
1.10002e-06
1.10189e-06
1.10374e-06
1.10557e-06
1.10738e-06
1.10916e-06
1.11093e-06
1.11267e-06
1.11439e-06
1.11608e-06
1.11776e-06
1.11941e-06
1.12104e-06
1.12265e-06
1.12424e-06
1.12581e-06
1.12735e-06
1.12887e-06
1.13037e-06
1.13184e-06
1.1333e-06
1.13473e-06
1.13614e-06
1.13753e-06
1.13889e-06
1.14023e-06
1.14155e-06
1.14285e-06
1.14413e-06
1.14538e-06
1.14661e-06
1.14782e-06
1.14901e-06
1.15017e-06
1.15131e-06
1.15243e-06
1.15353e-06
1.15461e-06
1.15566e-06
1.15669e-06
1.1577e-06
1.15869e-06
1.15965e-06
1.16059e-06
1.16151e-06
1.16241e-06
1.16329e-06
1.16414e-06
1.16497e-06
1.16578e-06
1.16657e-06
1.16734e-06
1.16808e-06
1.16881e-06
1.16951e-06
1.17019e-06
1.17084e-06
1.17148e-06
1.17209e-06
1.17269e-06
1.17326e-06
1.17381e-06
1.17433e-06
1.17484e-06
1.17533e-06
1.17579e-06
1.17623e-06
1.17665e-06
1.17705e-06
1.17743e-06
1.17779e-06
1.17813e-06
1.17844e-06
1.17874e-06
1.17901e-06
1.17927e-06
1.1795e-06
1.17971e-06
1.1799e-06
1.18008e-06
1.18023e-06
1.18036e-06
1.18047e-06
1.18056e-06
1.18063e-06
1.18068e-06
1.18071e-06
1.18072e-06
1.18071e-06
1.18069e-06
1.18064e-06
1.18058e-06
1.1805e-06
1.1804e-06
1.18028e-06
1.18015e-06
1.17999e-06
1.17982e-06
1.17963e-06
1.17942e-06
1.17919e-06
1.17894e-06
1.17868e-06
1.17839e-06
1.17809e-06
1.17777e-06
1.17744e-06
1.17708e-06
1.17671e-06
1.17632e-06
1.17591e-06
1.17548e-06
1.17503e-06
1.17457e-06
1.17409e-06
1.17359e-06
1.17307e-06
1.17254e-06
1.17198e-06
1.17141e-06
1.17083e-06
1.17022e-06
1.1696e-06
1.16896e-06
1.16831e-06
1.16763e-06
1.16694e-06
1.16623e-06
1.16549e-06
1.16474e-06
1.16396e-06
1.16315e-06
1.16233e-06
1.16148e-06
1.16061e-06
1.15972e-06
1.15881e-06
1.15788e-06
1.15693e-06
1.15595e-06
1.15496e-06
1.15395e-06
1.15293e-06
1.15188e-06
1.15082e-06
1.14974e-06
1.14864e-06
1.14753e-06
1.1464e-06
1.14526e-06
1.1441e-06
1.14292e-06
1.14173e-06
1.14053e-06
1.13931e-06
1.13807e-06
1.13682e-06
1.13556e-06
1.13429e-06
1.133e-06
1.13169e-06
1.13037e-06
1.12904e-06
1.1277e-06
1.12634e-06
1.12497e-06
1.12359e-06
1.12219e-06
1.12079e-06
1.11937e-06
1.11793e-06
1.11649e-06
1.11503e-06
1.11356e-06
1.11207e-06
1.11058e-06
1.10907e-06
1.10755e-06
1.10602e-06
1.10448e-06
1.10293e-06
1.10136e-06
1.09979e-06
1.0982e-06
1.0966e-06
1.09499e-06
1.09337e-06
1.09174e-06
1.09009e-06
1.08844e-06
1.08677e-06
1.0851e-06
1.08341e-06
1.08172e-06
1.08001e-06
1.07829e-06
1.07656e-06
1.07483e-06
1.07308e-06
1.07132e-06
1.06956e-06
1.06778e-06
1.06599e-06
1.0642e-06
1.06239e-06
1.06058e-06
1.05875e-06
1.05692e-06
1.05508e-06
1.05322e-06
1.05136e-06
1.04949e-06
1.04762e-06
1.04573e-06
1.04384e-06
1.04193e-06
1.04002e-06
1.0381e-06
1.03617e-06
1.03424e-06
1.03229e-06
1.03034e-06
1.02838e-06
1.02641e-06
1.02443e-06
1.02245e-06
1.02046e-06
1.01846e-06
1.01646e-06
1.01445e-06
1.01243e-06
1.0104e-06
1.00837e-06
1.00633e-06
1.00428e-06
1.00223e-06
1.00017e-06
9.98102e-07
9.96032e-07
9.93957e-07
9.91877e-07
9.89792e-07
9.87703e-07
9.8561e-07
9.83512e-07
9.81409e-07
9.79302e-07
9.77191e-07
9.75076e-07
9.72956e-07
9.70832e-07
9.68704e-07
9.66572e-07
9.64435e-07
9.62294e-07
9.60149e-07
9.57999e-07
9.55846e-07
9.53688e-07
9.51526e-07
9.49359e-07
9.47189e-07
9.45015e-07
9.42836e-07
9.40654e-07
9.38467e-07
9.36277e-07
9.34083e-07
9.31884e-07
9.29682e-07
9.27476e-07
9.25267e-07
9.23053e-07
9.20836e-07
9.18616e-07
9.16392e-07
9.14164e-07
9.1193e-07
9.09689e-07
9.07437e-07
9.05176e-07
9.02903e-07
9.00619e-07
8.98324e-07
8.96018e-07
8.93701e-07
8.91374e-07
8.89037e-07
8.86691e-07
8.84336e-07
8.81973e-07
8.79602e-07
8.77223e-07
8.74838e-07
8.72447e-07
8.7005e-07
8.67648e-07
8.65241e-07
8.6283e-07
8.60415e-07
8.57996e-07
8.55574e-07
8.53149e-07
8.50722e-07
8.48292e-07
8.4586e-07
8.43426e-07
8.40991e-07
8.38554e-07
8.36116e-07
8.33678e-07
8.31238e-07
8.28798e-07
8.26357e-07
8.23915e-07
8.21474e-07
8.19032e-07
8.1659e-07
8.14149e-07
8.11707e-07
8.09266e-07
8.06825e-07
8.04384e-07
8.01944e-07
7.99504e-07
7.97065e-07
7.94627e-07
7.92189e-07
7.89752e-07
7.87316e-07
7.84881e-07
7.82447e-07
7.80013e-07
7.77581e-07
7.7515e-07
7.7272e-07
7.70291e-07
7.67863e-07
7.65436e-07
7.63011e-07
7.60587e-07
7.58164e-07
7.55743e-07
7.53323e-07
7.50904e-07
7.48487e-07
7.46072e-07
7.43658e-07
7.41246e-07
7.38835e-07
7.36426e-07
7.34019e-07
7.31613e-07
7.29209e-07
7.26807e-07
7.24407e-07
7.22009e-07
7.19612e-07
7.17218e-07
7.14825e-07
7.12435e-07
7.10046e-07
7.0766e-07
7.05275e-07
7.02893e-07
7.00513e-07
6.98135e-07
6.95759e-07
6.93386e-07
6.91015e-07
6.88646e-07
6.8628e-07
6.83916e-07
6.81555e-07
6.79195e-07
6.76839e-07
6.74485e-07
6.72133e-07
6.69785e-07
6.67438e-07
6.65095e-07
6.62754e-07
6.60416e-07
6.5808e-07
6.55747e-07
6.53418e-07
6.51091e-07
6.48766e-07
6.46445e-07
6.44127e-07
6.41812e-07
6.39499e-07
6.3719e-07
6.34884e-07
6.32581e-07
6.3028e-07
6.27984e-07
6.2569e-07
6.23399e-07
6.21112e-07
6.18828e-07
6.16547e-07
6.1427e-07
6.11995e-07
6.09725e-07
6.07457e-07
6.05193e-07
6.02933e-07
6.00676e-07
5.98422e-07
5.96172e-07
5.93925e-07
5.91682e-07
5.89443e-07
5.87207e-07
5.84975e-07
5.82747e-07
5.80522e-07
5.78301e-07
5.76084e-07
5.7387e-07
5.71661e-07
5.69455e-07
5.67253e-07
5.65054e-07
5.6286e-07
5.60669e-07
5.58483e-07
5.563e-07
5.54121e-07
5.51947e-07
5.49776e-07
5.47609e-07
5.45447e-07
5.43288e-07
5.41133e-07
5.38983e-07
5.36837e-07
5.34694e-07
5.32556e-07
5.30422e-07
5.28293e-07
5.26167e-07
5.24046e-07
5.21929e-07
5.19816e-07
5.17707e-07
5.15603e-07
5.13503e-07
5.11407e-07
5.09316e-07
5.07229e-07
5.05146e-07
5.03068e-07
5.00994e-07
4.98924e-07
4.96859e-07
4.94799e-07
4.92742e-07
4.90691e-07
4.88643e-07
4.86601e-07
4.84562e-07
4.82528e-07
4.80499e-07
4.78474e-07
4.76454e-07
4.74438e-07
4.72427e-07
4.7042e-07
4.68418e-07
4.66421e-07
4.64428e-07
4.6244e-07
4.60456e-07
4.58477e-07
4.56503e-07
4.54534e-07
4.52568e-07
4.50608e-07
4.48652e-07
4.46701e-07
4.44755e-07
4.42814e-07
4.40877e-07
4.38944e-07
4.37017e-07
4.35094e-07
4.33176e-07
4.31263e-07
4.29354e-07
4.27451e-07
4.25552e-07
4.23657e-07
4.21768e-07
4.19883e-07
4.18003e-07
4.16128e-07
4.14258e-07
4.12392e-07
4.10532e-07
4.08676e-07
4.06824e-07
4.04978e-07
4.03137e-07
4.013e-07
3.99468e-07
3.97641e-07
3.9582e-07
3.94004e-07
3.92193e-07
3.90388e-07
3.88588e-07
3.86794e-07
3.85005e-07
3.83221e-07
3.81443e-07
3.79671e-07
3.77903e-07
3.76142e-07
3.74385e-07
3.72634e-07
3.70888e-07
3.69147e-07
3.67412e-07
3.65681e-07
3.63956e-07
3.62236e-07
3.60521e-07
3.58811e-07
3.57106e-07
3.55406e-07
3.53711e-07
3.52021e-07
3.50336e-07
3.48656e-07
3.4698e-07
3.4531e-07
3.43644e-07
3.41983e-07
3.40327e-07
3.38676e-07
3.3703e-07
3.35388e-07
3.33751e-07
3.32119e-07
3.30491e-07
3.28869e-07
3.27251e-07
3.25637e-07
3.24029e-07
3.22425e-07
3.20825e-07
3.19231e-07
3.17641e-07
3.16055e-07
3.14474e-07
3.12898e-07
3.11327e-07
3.0976e-07
3.08197e-07
3.06639e-07
3.05084e-07
3.03532e-07
3.01981e-07
3.00432e-07
2.98885e-07
2.97338e-07
2.95794e-07
2.9425e-07
2.92708e-07
2.91168e-07
2.89629e-07
2.88093e-07
2.86558e-07
2.85026e-07
2.83496e-07
2.81969e-07
2.80444e-07
2.78923e-07
2.77404e-07
2.75889e-07
2.74378e-07
2.7287e-07
2.71366e-07
2.69866e-07
2.68369e-07
2.66877e-07
2.65389e-07
2.63906e-07
2.62427e-07
2.60952e-07
2.59482e-07
2.58016e-07
2.56556e-07
2.55099e-07
2.53648e-07
2.52202e-07
2.5076e-07
2.49323e-07
2.47891e-07
2.46464e-07
2.45042e-07
2.43625e-07
2.42213e-07
2.40807e-07
2.39405e-07
2.38008e-07
2.36616e-07
2.35229e-07
2.33847e-07
2.32471e-07
2.31099e-07
2.29732e-07
2.28371e-07
2.27014e-07
2.25662e-07
2.24316e-07
2.22974e-07
2.21638e-07
2.20306e-07
2.18979e-07
2.17658e-07
2.16341e-07
2.15029e-07
2.13722e-07
2.1242e-07
2.11122e-07
2.0983e-07
2.08542e-07
2.0726e-07
2.05982e-07
2.04709e-07
2.0344e-07
2.02177e-07
2.00918e-07
1.99664e-07
1.98414e-07
1.9717e-07
1.9593e-07
1.94694e-07
1.93464e-07
1.92238e-07
1.91016e-07
1.89799e-07
1.88587e-07
1.87379e-07
1.86176e-07
1.84977e-07
1.83783e-07
1.82593e-07
1.81408e-07
1.80227e-07
1.79051e-07
1.77879e-07
1.76712e-07
1.75549e-07
1.7439e-07
1.73236e-07
1.72086e-07
1.7094e-07
1.69799e-07
1.68662e-07
1.67529e-07
1.664e-07
1.65276e-07
1.64156e-07
1.63041e-07
1.61929e-07
1.60822e-07
1.59719e-07
1.5862e-07
1.57525e-07
1.56434e-07
1.55348e-07
1.54265e-07
1.53187e-07
1.52113e-07
1.51043e-07
1.49977e-07
1.48915e-07
1.47857e-07
1.46803e-07
1.45753e-07
1.44707e-07
1.43665e-07
1.42627e-07
1.41593e-07
1.40563e-07
1.39536e-07
1.38514e-07
1.37496e-07
1.36481e-07
1.3547e-07
1.34464e-07
1.33461e-07
1.32462e-07
1.31466e-07
1.30475e-07
1.29487e-07
1.28504e-07
1.27523e-07
1.26547e-07
1.25575e-07
1.24606e-07
1.23641e-07
1.22679e-07
1.21722e-07
1.20768e-07
1.19817e-07
1.18871e-07
1.17928e-07
1.16988e-07
1.16053e-07
1.15121e-07
1.14192e-07
1.13267e-07
1.12346e-07
1.11428e-07
1.10514e-07
1.09603e-07
1.08696e-07
1.07793e-07
1.06893e-07
1.05996e-07
1.05103e-07
1.04214e-07
1.03328e-07
1.02445e-07
1.01566e-07
1.0069e-07
9.9818e-08
9.89491e-08
9.80836e-08
9.72215e-08
9.63628e-08
9.55075e-08
9.46556e-08
9.3807e-08
9.29617e-08
9.21197e-08
9.12811e-08
9.04458e-08
8.96138e-08
8.8785e-08
8.79596e-08
8.71373e-08
8.63184e-08
8.55027e-08
8.46902e-08
8.38809e-08
8.30749e-08
8.2272e-08
8.14724e-08
8.06759e-08
7.98825e-08
7.90924e-08
7.83054e-08
7.75215e-08
7.67407e-08
7.59631e-08
7.51885e-08
7.44171e-08
7.36487e-08
7.28834e-08
7.21212e-08
7.1362e-08
7.06059e-08
6.98528e-08
6.91027e-08
6.83556e-08
6.76115e-08
6.68705e-08
6.61323e-08
6.53972e-08
6.4665e-08
6.39358e-08
6.32095e-08
6.24862e-08
6.17657e-08
6.10482e-08
6.03336e-08
5.96219e-08
5.8913e-08
5.8207e-08
5.75039e-08
5.68036e-08
5.61062e-08
5.54115e-08
5.47198e-08
5.40308e-08
5.33446e-08
5.26612e-08
5.19806e-08
5.13027e-08
5.06277e-08
4.99553e-08
4.92857e-08
4.86189e-08
4.79548e-08
4.72933e-08
4.66346e-08
4.59786e-08
4.53252e-08
4.46746e-08
4.40266e-08
4.33812e-08
4.27385e-08
4.20985e-08
4.1461e-08
4.08262e-08
4.0194e-08
3.95643e-08
3.89373e-08
3.83129e-08
3.7691e-08
3.70717e-08
3.64549e-08
3.58407e-08
3.5229e-08
3.46198e-08
3.40131e-08
3.3409e-08
3.28073e-08
3.22082e-08
3.16115e-08
3.10173e-08
3.04255e-08
2.98362e-08
2.92493e-08
2.86649e-08
2.80828e-08
2.75032e-08
2.6926e-08
2.63512e-08
2.57788e-08
2.52088e-08
2.46411e-08
2.40758e-08
2.35129e-08
2.29523e-08
2.2394e-08
2.1838e-08
2.12844e-08
2.07331e-08
2.01841e-08
1.96373e-08
1.90929e-08
1.85507e-08
1.80108e-08
1.74731e-08
1.69377e-08
1.64045e-08
1.58736e-08
1.53449e-08
1.48184e-08
1.42941e-08
1.3772e-08
1.32521e-08
1.27343e-08
1.22188e-08
1.17054e-08
1.11941e-08
1.0685e-08
1.01781e-08
9.67323e-09
9.17052e-09
8.66993e-09
8.17144e-09
7.67504e-09
7.18074e-09
6.68852e-09
6.19837e-09
5.71029e-09
5.22426e-09
4.74028e-09
4.25835e-09
3.77844e-09
3.30056e-09
2.8247e-09
2.35084e-09
1.87899e-09
1.40913e-09
9.41259e-10
4.75363e-10
1.14372e-11
-4.50527e-10
-9.10537e-10
-1.3686e-09
-1.82472e-09
-2.27892e-09
-2.73119e-09
-3.18154e-09
-3.62999e-09
-4.07653e-09
-4.52118e-09
-4.96395e-09
-5.40483e-09
-5.84385e-09
-6.281e-09
-6.7163e-09
-7.14975e-09
-7.58136e-09
-8.01113e-09
-8.43908e-09
-8.86521e-09
-9.28953e-09
-9.71204e-09
-1.01328e-08
-1.05517e-08
-1.09688e-08
-1.13842e-08
-1.17978e-08
-1.22096e-08
-1.26197e-08
-1.30281e-08
-1.34347e-08
-1.38395e-08
-1.42427e-08
-1.46441e-08
-1.50438e-08
-1.54418e-08
-1.58381e-08
-1.62327e-08
-1.66257e-08