0
2.16936e-07
4.18703e-07
5.95178e-07
7.49171e-07
8.83502e-07
1.00045e-06
1.10197e-06
1.18969e-06
1.26506e-06
1.32929e-06
1.38339e-06
1.42825e-06
1.46467e-06
1.49338e-06
1.51505e-06
1.53029e-06
1.53967e-06
1.54373e-06
1.54292e-06
1.53769e-06
1.52845e-06
1.5156e-06
1.49949e-06
1.48047e-06
1.45887e-06
1.43499e-06
1.4091e-06
1.38147e-06
1.35233e-06
1.3219e-06
1.29039e-06
1.258e-06
1.22488e-06
1.19121e-06
1.15712e-06
1.12274e-06
1.08818e-06
1.05356e-06
1.01896e-06
9.84463e-07
9.50146e-07
9.16077e-07
8.82317e-07
8.48919e-07
8.1593e-07
7.83392e-07
7.51342e-07
7.19811e-07
6.88826e-07
6.58408e-07
6.28578e-07
5.99349e-07
5.70735e-07
5.42745e-07
5.15385e-07
4.8866e-07
4.62572e-07
4.3712e-07
4.12305e-07
3.88123e-07
3.64569e-07
3.41639e-07
3.19325e-07
2.97622e-07
2.76521e-07
2.56013e-07
2.3609e-07
2.16741e-07
1.97955e-07
1.79724e-07
1.62034e-07
1.44876e-07
1.28237e-07
1.12106e-07
9.64723e-08
8.13233e-08
6.66477e-08
5.24338e-08
3.867e-08
2.53451e-08
1.24476e-08
-3.36319e-11
-1.21097e-08
-2.37914e-08
-3.50896e-08
-4.60147e-08
-5.65771e-08
-6.6787e-08
-7.66543e-08
-8.61886e-08
-9.53997e-08
-1.04297e-07
-1.12889e-07
-1.21185e-07
-1.29193e-07
-1.36923e-07
-1.44382e-07
-1.51578e-07
-1.58519e-07
-1.65213e-07
-1.71667e-07
-1.77888e-07
-1.83885e-07
-1.89664e-07
-1.95233e-07
-2.006e-07
-2.05772e-07
-2.10754e-07
-2.15553e-07
-2.20175e-07
-2.24626e-07
-2.2891e-07
-2.33034e-07
-2.37001e-07
-2.40817e-07
-2.44487e-07
-2.48015e-07
-2.51404e-07
-2.54661e-07
-2.57787e-07
-2.60788e-07
-2.63667e-07
-2.66427e-07
-2.69073e-07
-2.71608e-07
-2.74034e-07
-2.76356e-07
-2.78576e-07
-2.80697e-07
-2.82721e-07
-2.84653e-07
-2.86493e-07
-2.88246e-07
-2.89913e-07
-2.91497e-07
-2.93001e-07
-2.94426e-07
-2.95775e-07
-2.97051e-07
-2.98255e-07
-2.9939e-07
-3.00457e-07
-3.01459e-07
-3.02397e-07
-3.03274e-07
-3.04091e-07
-3.0485e-07
-3.05553e-07
-3.06202e-07
-3.06797e-07
-3.07341e-07
-3.07835e-07
-3.08281e-07
-3.0868e-07
-3.09033e-07
-3.09342e-07
-3.09609e-07
-3.09833e-07
-3.10018e-07
-3.10163e-07
-3.10271e-07
-3.10341e-07
-3.10376e-07
-3.10377e-07
-3.10344e-07
-3.10278e-07
-3.10181e-07
-3.10053e-07
-3.09896e-07
-3.0971e-07
-3.09496e-07
-3.09255e-07
-3.08988e-07
-3.08695e-07
-3.08378e-07
-3.08037e-07
-3.07673e-07
-3.07287e-07
-3.06879e-07
-3.0645e-07
-3.06001e-07
-3.05532e-07
-3.05044e-07
-3.04538e-07
-3.04014e-07
-3.03472e-07
-3.02914e-07
-3.0234e-07
-3.01751e-07
-3.01146e-07
-3.00526e-07
-2.99893e-07
-2.99246e-07
-2.98586e-07
-2.97913e-07
-2.97228e-07
-2.96531e-07
-2.95823e-07
-2.95103e-07
-2.94374e-07
-2.93634e-07
-2.92884e-07
-2.92124e-07
-2.91356e-07
-2.90579e-07
-2.89793e-07
-2.88999e-07
-2.88198e-07
-2.87389e-07
-2.86573e-07
-2.8575e-07
-2.84921e-07
-2.84085e-07
-2.83244e-07
-2.82396e-07
-2.81543e-07
-2.80685e-07
-2.79822e-07
-2.78954e-07
-2.78082e-07
-2.77206e-07
-2.76325e-07
-2.75441e-07
-2.74553e-07
-2.73662e-07
-2.72767e-07
-2.7187e-07
-2.7097e-07
-2.70067e-07
-2.69162e-07
-2.68254e-07
-2.67345e-07
-2.66433e-07
-2.6552e-07
-2.64606e-07
-2.63689e-07
-2.62772e-07
-2.61854e-07
-2.60934e-07
-2.60014e-07
-2.59094e-07
-2.58172e-07
-2.57251e-07
-2.56329e-07
-2.55407e-07
-2.54484e-07
-2.53562e-07
-2.52641e-07
-2.51719e-07
-2.50798e-07
-2.49878e-07
-2.48958e-07
-2.4804e-07
-2.47121e-07
-2.46204e-07
-2.45288e-07
-2.44374e-07
-2.4346e-07
-2.42548e-07
-2.41637e-07
-2.40728e-07
-2.39821e-07
-2.38915e-07
-2.38011e-07
-2.37108e-07
-2.36208e-07
-2.35309e-07
-2.34413e-07
-2.33519e-07
-2.32627e-07
-2.31737e-07
-2.3085e-07
-2.29965e-07
-2.29083e-07
-2.28203e-07
-2.27325e-07
-2.2645e-07
-2.25578e-07
-2.24709e-07
-2.23842e-07
-2.22978e-07
-2.22118e-07
-2.2126e-07
-2.20405e-07
-2.19553e-07
-2.18704e-07
-2.17858e-07
-2.17015e-07
-2.16176e-07
-2.1534e-07
-2.14507e-07
-2.13677e-07
-2.12851e-07
-2.12028e-07
-2.11208e-07
-2.10392e-07
-2.0958e-07
-2.0877e-07
-2.07965e-07
-2.07163e-07
-2.06364e-07
-2.05569e-07
-2.04778e-07
-2.0399e-07
-2.03207e-07
-2.02426e-07
-2.0165e-07
-2.00877e-07
-2.00108e-07
-1.99343e-07
-1.98581e-07
-1.97824e-07
-1.9707e-07
-1.9632e-07
-1.95574e-07
-1.94831e-07
-1.94093e-07
-1.93359e-07
-1.92628e-07
-1.91901e-07
-1.91179e-07
-1.9046e-07
-1.89745e-07
-1.89034e-07
-1.88328e-07
-1.87625e-07
-1.86926e-07
-1.86231e-07
-1.8554e-07
-1.84854e-07
-1.84173e-07
-1.83497e-07
-1.82828e-07
-1.82164e-07
-1.81507e-07
-1.80856e-07
-1.80211e-07
-1.79572e-07
-1.7894e-07
-1.78314e-07
-1.77695e-07
-1.77081e-07
-1.76474e-07
-1.75873e-07
-1.75277e-07
-1.74688e-07
-1.74104e-07
-1.73526e-07
-1.72953e-07
-1.72386e-07
-1.71824e-07
-1.71268e-07
-1.70716e-07
-1.7017e-07
-1.69629e-07
-1.69092e-07
-1.68561e-07
-1.68034e-07
-1.67511e-07
-1.66994e-07
-1.6648e-07
-1.65971e-07
-1.65467e-07
-1.64966e-07
-1.6447e-07
-1.63978e-07
-1.6349e-07
-1.63006e-07
-1.62526e-07
-1.6205e-07
-1.61578e-07
-1.61109e-07
-1.60645e-07
-1.60184e-07
-1.59726e-07
-1.59272e-07
-1.58822e-07
-1.58375e-07
-1.57932e-07
-1.57492e-07
-1.57056e-07
-1.56623e-07
-1.56193e-07
-1.55766e-07
-1.55343e-07
-1.54922e-07
-1.54504e-07
-1.54089e-07
-1.53677e-07
-1.53268e-07
-1.52861e-07
-1.52458e-07
-1.52057e-07
-1.51658e-07
-1.51263e-07
-1.5087e-07
-1.5048e-07
-1.50092e-07
-1.49707e-07
-1.49325e-07
-1.48945e-07
-2.24531e-06
-4.85136e-06
-7.32794e-06
-9.50041e-06
-1.1352e-05
-1.2914e-05
-1.42287e-05
-1.53382e-05
-1.62813e-05
-1.70922e-05
-1.7802e-05
-1.84378e-05
-1.90248e-05
-1.95854e-05
-2.01408e-05
-2.07113e-05
-2.13169e-05
-2.19791e-05
-2.27205e-05
-2.35688e-05
-2.45567e-05
-2.57271e-05
-2.71383e-05
-2.88729e-05
-3.10555e-05
-3.38874e-05
-3.77316e-05
-4.33519e-05
-5.28223e-05
-7.3768e-05
-0.000117087
-0.00016331
-0.000183947
-0.000190298
-0.000191322
-0.000190658
-0.000189398
-0.000187849
-0.000186118
-0.000184252
-0.000182277
-0.000180206
-0.00017805
-0.000175813
-0.0001735
-0.000171114
-0.000168658
-0.000166133
-0.000163539
-0.000160878
-0.000158149
-0.000155351
-0.00015248
-0.000149534
-0.000146506
-0.00014339
-0.000140177
-0.000136856
-0.000133411
-0.000129825
-0.000126074
-0.000122128
-0.00011795
-0.000113491
-0.000108686
-0.000103455
-9.76878e-05
-9.12438e-05
-8.39365e-05
-7.55239e-05
-6.57024e-05
-5.41165e-05
-4.04194e-05
-2.44365e-05
-6.48378e-06
1.22757e-05
2.98776e-05
4.43824e-05
5.49163e-05
6.18718e-05
6.62561e-05
6.90196e-05
7.08008e-05
7.19597e-05
7.2685e-05
7.30764e-05
7.31921e-05
7.30711e-05
7.27434e-05
7.22344e-05
7.15674e-05
7.07644e-05
6.98469e-05
6.88354e-05
6.77492e-05
6.66066e-05
6.54252e-05
6.42216e-05
6.30118e-05
6.18101e-05
6.06299e-05
5.94839e-05
5.83842e-05
5.73426e-05
5.63699e-05
5.5476e-05
5.46703e-05
5.39625e-05
5.3361e-05
5.28734e-05
5.25083e-05
5.22736e-05
5.218e-05
5.22384e-05
5.24688e-05
5.28898e-05
5.35189e-05
5.43717e-05
5.54564e-05
5.67707e-05
5.82939e-05
5.99804e-05
6.17451e-05
6.34669e-05
6.49824e-05
6.61166e-05
6.67112e-05
6.66689e-05
6.5974e-05
6.46848e-05
6.28971e-05
6.07118e-05
5.82117e-05
5.54543e-05
5.24741e-05
4.92881e-05
4.59027e-05
4.23208e-05
3.85479e-05
3.4599e-05
3.05057e-05
2.63246e-05
2.21432e-05
1.8079e-05
1.42732e-05
1.08657e-05
7.96741e-06
5.63343e-06
3.85329e-06
2.56237e-06
1.6666e-06
1.06714e-06
6.77387e-07
4.29372e-07
2.73947e-07
1.77544e-07
1.18129e-07
8.16323e-08
5.92422e-08
4.55073e-08
3.70812e-08
3.19175e-08
2.87658e-08
2.68612e-08
2.57341e-08
2.50949e-08
2.4764e-08
2.46293e-08
2.46203e-08
2.46924e-08
2.48173e-08
2.49768e-08
2.5159e-08
2.53566e-08
2.55645e-08
2.57797e-08
2.60001e-08
2.62243e-08
2.64517e-08
2.66816e-08
2.6914e-08
2.71485e-08
2.73853e-08
2.76242e-08
2.78653e-08
2.81088e-08
2.83547e-08
2.86031e-08
2.88541e-08
2.91077e-08
2.93641e-08
2.96234e-08
2.98856e-08
3.01509e-08
3.04193e-08
3.06909e-08
3.09658e-08
3.1244e-08
3.15257e-08
3.18108e-08
3.20995e-08
3.23919e-08
3.26879e-08
3.29877e-08
3.32914e-08
3.35989e-08
3.39104e-08
3.42259e-08
3.45455e-08
3.48693e-08
3.51972e-08
3.55294e-08
3.5866e-08
3.62069e-08
3.65523e-08
3.69022e-08
3.72567e-08
3.76159e-08
3.79797e-08
3.83483e-08
3.87217e-08
3.91e-08
3.94832e-08
3.98715e-08
4.02648e-08
4.06633e-08
4.10669e-08
4.14759e-08
4.18901e-08
4.23097e-08
4.27348e-08
4.31654e-08
4.36016e-08
4.40434e-08
4.44909e-08
4.49442e-08
4.54033e-08
4.58684e-08
4.63394e-08
4.68164e-08
4.72995e-08
4.77888e-08
4.82843e-08
4.8786e-08
4.92942e-08
4.98088e-08
5.03298e-08
5.08574e-08
5.13916e-08
5.19325e-08
5.24802e-08
5.30346e-08
5.3596e-08
5.41643e-08
5.47396e-08
5.53219e-08
5.59115e-08
5.65082e-08
5.71122e-08
5.77236e-08
5.83423e-08
5.89685e-08
5.96023e-08
6.02437e-08
6.08927e-08
6.15495e-08
6.2214e-08
6.28865e-08
6.35668e-08
6.42552e-08
6.49516e-08
6.56561e-08
6.63688e-08
6.70897e-08
6.7819e-08
6.85566e-08
6.93027e-08
7.00573e-08
7.08204e-08
7.15922e-08
7.23726e-08
7.31618e-08
7.39598e-08
7.47666e-08
7.55824e-08
7.64072e-08
7.7241e-08
7.80839e-08
7.8936e-08
7.97973e-08
8.06679e-08
8.15478e-08
8.24371e-08
8.33358e-08
8.42441e-08
8.51619e-08
8.60893e-08
8.70264e-08
8.79732e-08
8.89298e-08
8.98961e-08
9.08724e-08
9.18586e-08
9.28547e-08
9.38609e-08
9.48771e-08
9.59035e-08
9.694e-08
9.79867e-08
9.90437e-08
1.00111e-07
1.01189e-07
1.02277e-07
1.03375e-07
1.04484e-07
1.05603e-07
1.06733e-07
1.07874e-07
1.09025e-07
1.10187e-07
1.11359e-07
1.12542e-07
1.13736e-07
1.14941e-07
1.16157e-07
1.17383e-07
1.1862e-07
1.19868e-07
1.21128e-07
1.22398e-07
1.23679e-07
1.24971e-07
1.26274e-07
1.27588e-07
1.28913e-07
1.3025e-07
1.31597e-07
1.32956e-07
1.34326e-07
1.35706e-07
1.37098e-07
1.38502e-07
1.39916e-07
1.41342e-07
1.42778e-07
1.44226e-07
1.45686e-07
1.47156e-07
1.48638e-07
1.50131e-07
1.51635e-07
1.5315e-07
1.54677e-07
1.56214e-07
1.57763e-07
1.59323e-07
1.60895e-07
1.62477e-07
1.64071e-07
1.65676e-07
1.67292e-07
1.68919e-07
1.70557e-07
1.72206e-07
1.73867e-07
1.75538e-07
1.7722e-07
1.78914e-07
1.80618e-07
1.82333e-07
1.84059e-07
1.85796e-07
1.87544e-07
1.89303e-07
1.91072e-07
1.92852e-07
1.94643e-07
1.96445e-07
1.98257e-07
2.00079e-07
2.01912e-07
2.03756e-07
2.0561e-07
2.07474e-07
2.09349e-07
2.11234e-07
2.13129e-07
2.15035e-07
2.1695e-07
2.18875e-07
2.20811e-07
2.22756e-07
2.24711e-07
2.26676e-07
2.28651e-07
2.30635e-07
2.32629e-07
2.34632e-07
2.36645e-07
2.38667e-07
2.40698e-07
2.42739e-07
2.44789e-07
2.46847e-07
2.48915e-07
2.50991e-07
2.53077e-07
2.55171e-07
2.57273e-07
2.59384e-07
2.61504e-07
2.63632e-07
2.65768e-07
2.67912e-07
2.70064e-07
2.72224e-07
2.74392e-07
2.76568e-07
2.78751e-07
2.80942e-07
2.8314e-07
2.85346e-07
2.87559e-07
2.89778e-07
2.92005e-07
2.94239e-07
2.96479e-07
2.98727e-07
3.0098e-07
3.0324e-07
3.05507e-07
3.07779e-07
3.10058e-07
3.12342e-07
3.14633e-07
3.16929e-07
3.1923e-07
3.21537e-07
3.23849e-07
3.26167e-07
3.28489e-07
3.30817e-07
3.33149e-07
3.35487e-07
3.37829e-07
3.40176e-07
3.42527e-07
3.44883e-07
3.47243e-07
3.49607e-07
3.51975e-07
3.54347e-07
3.56722e-07
3.59101e-07
3.61483e-07
3.63868e-07
3.66256e-07
3.68647e-07
3.71041e-07
3.73437e-07
3.75836e-07
3.78236e-07
3.80639e-07
3.83044e-07
3.8545e-07
3.87858e-07
3.90267e-07
3.92678e-07
3.95089e-07
3.97502e-07
3.99915e-07
4.02329e-07
4.04743e-07
4.07158e-07
4.09572e-07
4.11985e-07
4.14397e-07
4.16807e-07
4.19216e-07
4.21623e-07
4.24027e-07
4.2643e-07
4.2883e-07
4.31228e-07
4.33623e-07
4.36016e-07
4.38406e-07
4.40793e-07
4.43178e-07
4.45559e-07
4.47938e-07
4.50313e-07
4.52685e-07
4.55054e-07
4.57419e-07
4.59781e-07
4.62139e-07
4.64493e-07
4.66843e-07
4.69189e-07
4.7153e-07
4.73868e-07
4.762e-07
4.78528e-07
4.80851e-07
4.83169e-07
4.85481e-07
4.87789e-07
4.90091e-07
4.92387e-07
4.94678e-07
4.96963e-07
4.99241e-07
5.01514e-07
5.0378e-07
5.06039e-07
5.08292e-07
5.10539e-07
5.12778e-07
5.1501e-07
5.17235e-07
5.19452e-07
5.21662e-07
5.23865e-07
5.26059e-07
5.28246e-07
5.30424e-07
5.32595e-07
5.34757e-07
5.3691e-07
5.39055e-07
5.4119e-07
5.43317e-07
5.45435e-07
5.47544e-07
5.49643e-07
5.51733e-07
5.53814e-07
5.55884e-07
5.57945e-07
5.59996e-07
5.62036e-07
5.64066e-07
5.66086e-07
5.68096e-07
5.70095e-07
5.72083e-07
5.7406e-07
5.76026e-07
5.77981e-07
5.79925e-07
5.81857e-07
5.83778e-07
5.85688e-07
5.87585e-07
5.89471e-07
5.91345e-07
5.93207e-07
5.95057e-07
5.96894e-07
5.98719e-07
6.00532e-07
6.02332e-07
6.0412e-07
6.05894e-07
6.07656e-07
6.09405e-07
6.1114e-07
6.12863e-07
6.14572e-07
6.16268e-07
6.1795e-07
6.1962e-07
6.21275e-07
6.22918e-07
6.24547e-07
6.26162e-07
6.27765e-07
6.29353e-07
6.30929e-07
6.3249e-07
6.34038e-07
6.35573e-07
6.37093e-07
6.38599e-07
6.40092e-07
6.4157e-07
6.43034e-07
6.44483e-07
6.45918e-07
6.47339e-07
6.48745e-07
6.50136e-07
6.51512e-07
6.52874e-07
6.5422e-07
6.55552e-07
6.56868e-07
6.58169e-07
6.59455e-07
6.60725e-07
6.6198e-07
6.63219e-07
6.64443e-07
6.65651e-07
6.66843e-07
6.6802e-07
6.69181e-07
6.70325e-07
6.71454e-07
6.72567e-07
6.73664e-07
6.74744e-07
6.75809e-07
6.76857e-07
6.77889e-07
6.78904e-07
6.79904e-07
6.80886e-07
6.81853e-07
6.82803e-07
6.83736e-07
6.84653e-07
6.85553e-07
6.86434e-07
6.87296e-07
6.88139e-07
6.88962e-07
6.89766e-07
6.90549e-07
6.91313e-07
6.92057e-07
6.92781e-07
6.93485e-07
6.9417e-07
6.94836e-07
6.95482e-07
6.96108e-07
6.96716e-07
6.97305e-07
6.97875e-07
6.98426e-07
6.98959e-07
6.99474e-07
6.9997e-07
7.00448e-07
7.00908e-07
7.0135e-07
7.01774e-07
7.0218e-07
7.02569e-07
7.0294e-07
7.03293e-07
7.03629e-07
7.03948e-07
7.04249e-07
7.04533e-07
7.048e-07
7.0505e-07
7.05282e-07
7.05498e-07
7.05697e-07
7.05879e-07
7.06044e-07
7.06192e-07
7.06324e-07
7.06439e-07
7.06537e-07
7.06619e-07
7.06684e-07
7.06733e-07
7.06765e-07
7.06781e-07
7.06781e-07
7.06764e-07
7.06731e-07
7.06682e-07
7.06617e-07
7.06536e-07
7.06439e-07
7.06326e-07
7.06196e-07
7.06052e-07
7.05891e-07
7.05714e-07
7.05522e-07
7.05315e-07
7.05091e-07
7.04852e-07
7.04598e-07
7.04328e-07
7.04043e-07
7.03743e-07
7.03428e-07
7.03097e-07
7.02751e-07
7.0239e-07
7.02014e-07
7.01624e-07
7.01218e-07
7.00798e-07
7.00363e-07
6.99913e-07
6.99448e-07
6.9897e-07
6.98476e-07
6.97969e-07
6.97447e-07
6.96911e-07
6.96361e-07
6.95797e-07
6.9522e-07
6.9463e-07
6.94027e-07
6.9341e-07
6.92781e-07
6.92139e-07
6.91484e-07
6.90816e-07
6.90136e-07
6.89444e-07
6.88738e-07
6.88021e-07
6.87291e-07
6.86548e-07
6.85794e-07
6.85027e-07
6.84248e-07
6.83457e-07
6.82654e-07
6.81839e-07
6.81012e-07
6.80173e-07
6.79322e-07
6.78459e-07
6.77585e-07
6.76699e-07
6.75801e-07
6.74892e-07
6.73971e-07
6.73039e-07
6.72095e-07
6.7114e-07
6.70174e-07
6.69197e-07
6.68208e-07
6.67208e-07
6.66198e-07
6.65176e-07
6.64144e-07
6.631e-07
6.62046e-07
6.60982e-07
6.59907e-07
6.58821e-07
6.57725e-07
6.56618e-07
6.55502e-07
6.54375e-07
6.53238e-07
6.5209e-07
6.50933e-07
6.49766e-07
6.4859e-07
6.47403e-07
6.46207e-07
6.45001e-07
6.43786e-07
6.42561e-07
6.41327e-07
6.40084e-07
6.38832e-07
6.3757e-07
6.36299e-07
6.35018e-07
6.33725e-07
6.32421e-07
6.31104e-07
6.29775e-07
6.28433e-07
6.27079e-07
6.25711e-07
6.24332e-07
6.2294e-07
6.21536e-07
6.20119e-07
6.18691e-07
6.17252e-07
6.15801e-07
6.14339e-07
6.12867e-07
6.11384e-07
6.0989e-07
6.08387e-07
6.06874e-07
6.05352e-07
6.0382e-07
6.02279e-07
6.0073e-07
5.99172e-07
5.97606e-07
5.96031e-07
5.94449e-07
5.92859e-07
5.91262e-07
5.89658e-07
5.88046e-07
5.86427e-07
5.84802e-07
5.8317e-07
5.81532e-07
5.79887e-07
5.78237e-07
5.7658e-07
5.74918e-07
5.7325e-07
5.71577e-07
5.69898e-07
5.68214e-07
5.66525e-07
5.64831e-07
5.63132e-07
5.61429e-07
5.59721e-07
5.58008e-07
5.56291e-07
5.5457e-07
5.52844e-07
5.51115e-07
5.49382e-07
5.47645e-07
5.45904e-07
5.44159e-07
5.42411e-07
5.4066e-07
5.38905e-07
5.37147e-07
5.35386e-07
5.33622e-07
5.31856e-07
5.30086e-07
5.28313e-07
5.26538e-07
5.2476e-07
5.2298e-07
5.21197e-07
5.19412e-07
5.17625e-07
5.15836e-07
5.14044e-07
5.12251e-07
5.10455e-07
5.08658e-07
5.06859e-07
5.05059e-07
5.03256e-07
5.01453e-07
4.99648e-07
4.97841e-07
4.96033e-07
4.94224e-07
4.92414e-07
4.90603e-07
4.88791e-07
4.86978e-07
4.85164e-07
4.83349e-07
4.81533e-07
4.79717e-07
4.77901e-07
4.76083e-07
4.74266e-07
4.72448e-07
4.7063e-07
4.68811e-07
4.66992e-07
4.65173e-07
4.63355e-07
4.61536e-07
4.59717e-07
4.57898e-07
4.5608e-07
4.54262e-07
4.52444e-07
4.50627e-07
4.4881e-07
4.46993e-07
4.45177e-07
4.43362e-07
4.41548e-07
4.39734e-07
4.37921e-07
4.36109e-07
4.34298e-07
4.32487e-07
4.30678e-07
4.2887e-07
4.27063e-07
4.25257e-07
4.23453e-07
4.2165e-07
4.19848e-07
4.18047e-07
4.16248e-07
4.14451e-07
4.12655e-07
4.1086e-07
4.09068e-07
4.07277e-07
4.05488e-07
4.037e-07
4.01915e-07
4.00131e-07
3.98349e-07
3.96569e-07
3.94792e-07
3.93016e-07
3.91242e-07
3.89471e-07
3.87702e-07
3.85935e-07
3.84171e-07
3.82408e-07
3.80648e-07
3.78891e-07
3.77136e-07
3.75384e-07
3.73634e-07
3.71886e-07
3.70142e-07
3.68399e-07
3.6666e-07
3.64923e-07
3.6319e-07
3.61459e-07
3.5973e-07
3.58005e-07
3.56283e-07
3.54563e-07
3.52847e-07
3.51133e-07
3.49423e-07
3.47716e-07
3.46012e-07
3.44311e-07
3.42613e-07
3.40918e-07
3.39227e-07
3.37539e-07
3.35854e-07
3.34172e-07
3.32494e-07
3.3082e-07
3.29148e-07
3.27481e-07
3.25816e-07
3.24155e-07
3.22498e-07
3.20844e-07
3.19194e-07
3.17548e-07
3.15905e-07
3.14265e-07
3.1263e-07
3.10998e-07
3.0937e-07
3.07745e-07
3.06125e-07
3.04508e-07
3.02895e-07
3.01287e-07
2.99682e-07
2.98082e-07
2.96485e-07
2.94893e-07
2.93306e-07
2.91722e-07
2.90143e-07
2.88568e-07
2.86998e-07
2.85431e-07
2.8387e-07
2.82312e-07
2.80759e-07
2.79211e-07
2.77666e-07
2.76127e-07
2.74591e-07
2.7306e-07
2.71533e-07
2.70011e-07
2.68493e-07
2.6698e-07
2.65471e-07
2.63966e-07
2.62466e-07
2.6097e-07
2.59478e-07
2.57991e-07
2.56508e-07
2.5503e-07
2.53556e-07
2.52087e-07
2.50622e-07
2.49161e-07
2.47705e-07
2.46253e-07
2.44805e-07
2.43362e-07
2.41923e-07
2.40489e-07
2.39059e-07
2.37633e-07
2.36212e-07
2.34796e-07
2.33383e-07
2.31975e-07
2.30572e-07
2.29173e-07
2.27778e-07
2.26387e-07
2.25001e-07
2.2362e-07
2.22243e-07
2.2087e-07
2.19502e-07
2.18138e-07
2.16778e-07
2.15423e-07
2.14072e-07
2.12726e-07
2.11384e-07
2.10046e-07
2.08713e-07
2.07384e-07
2.0606e-07
2.04739e-07
2.03424e-07
2.02113e-07
2.00806e-07
1.99503e-07
1.98205e-07
1.96911e-07
1.95622e-07
1.94337e-07
1.93056e-07
1.9178e-07
1.90508e-07
1.8924e-07
1.87977e-07
1.86718e-07
1.85464e-07
1.84214e-07
1.82968e-07
1.81727e-07
1.80489e-07
1.79254e-07
1.78022e-07
1.76794e-07
1.75568e-07
1.74344e-07
1.73123e-07
1.71905e-07
1.7069e-07
1.69476e-07
1.68266e-07
1.67058e-07
1.65853e-07
1.6465e-07
1.6345e-07
1.62253e-07
1.61059e-07
1.59868e-07
1.5868e-07
1.57495e-07
1.56313e-07
1.55135e-07
1.5396e-07
1.52788e-07
1.5162e-07
1.50455e-07
1.49293e-07
1.48136e-07
1.46982e-07
1.45831e-07
1.44685e-07
1.43542e-07
1.42403e-07
1.41268e-07
1.40137e-07
1.3901e-07
1.37886e-07
1.36767e-07
1.35652e-07
1.34541e-07
1.33434e-07
1.32331e-07
1.31233e-07
1.30138e-07
1.29048e-07
1.27962e-07
1.2688e-07
1.25803e-07
1.2473e-07
1.23661e-07
1.22596e-07
1.21536e-07
1.2048e-07
1.19428e-07
1.1838e-07
1.17337e-07
1.16299e-07
1.15264e-07
1.14234e-07
1.13208e-07
1.12187e-07
1.1117e-07
1.10157e-07
1.09149e-07
1.08145e-07
1.07145e-07
1.0615e-07
1.05159e-07
1.04172e-07
1.0319e-07
1.02212e-07
1.01238e-07
1.00268e-07
9.93033e-08
9.83424e-08
9.73859e-08
9.64336e-08
9.54855e-08
9.45418e-08
9.36023e-08
9.2667e-08
9.17359e-08
9.08091e-08
8.98865e-08
8.89681e-08
8.80538e-08
8.71438e-08
8.62379e-08
8.53362e-08
8.44386e-08
8.35451e-08
8.26557e-08
8.17705e-08
8.08894e-08
8.00123e-08
7.91393e-08
7.82703e-08
7.74054e-08
7.65445e-08
7.56876e-08
7.48348e-08
7.39859e-08
7.3141e-08
7.23e-08
7.1463e-08
7.06299e-08
6.98008e-08
6.89755e-08
6.81542e-08
6.73367e-08
6.65231e-08
6.57133e-08
6.49073e-08
6.41052e-08
6.33069e-08
6.25123e-08
6.17216e-08
6.09345e-08
6.01513e-08
5.93718e-08
5.85959e-08
5.78238e-08
5.70554e-08
5.62907e-08
5.55296e-08
5.47721e-08
5.40183e-08
5.32681e-08
5.25215e-08
5.17785e-08
5.1039e-08
5.03031e-08
4.95708e-08
4.8842e-08
4.81166e-08
4.73948e-08
4.66765e-08
4.59616e-08
4.52502e-08
4.45423e-08
4.38377e-08
4.31366e-08
4.24389e-08
4.17445e-08
4.10535e-08
4.03659e-08
3.96816e-08
3.90006e-08
3.8323e-08
3.76486e-08
3.69776e-08
3.63098e-08
3.56452e-08
3.49839e-08
3.43258e-08
3.3671e-08
3.30193e-08
3.23708e-08
3.17255e-08
3.10834e-08
3.04444e-08
2.98085e-08
2.91757e-08
2.85461e-08
2.79195e-08
2.7296e-08
2.66756e-08
2.60582e-08
2.54439e-08
2.48326e-08
2.42242e-08
2.36189e-08
2.30166e-08
2.24172e-08
2.18208e-08
2.12273e-08
2.06368e-08
2.00492e-08
1.94644e-08
1.88826e-08
1.83037e-08
1.77276e-08
1.71543e-08
1.65839e-08
1.60163e-08
1.54516e-08
1.48896e-08
1.43304e-08
1.3774e-08
1.32204e-08
1.26695e-08
1.21214e-08
1.15759e-08
1.10332e-08
1.04932e-08
9.95588e-09
9.42123e-09
8.88924e-09
8.3599e-09
7.8332e-09
7.30913e-09
6.78767e-09
6.26882e-09
5.75256e-09
5.23887e-09
4.72775e-09
4.21919e-09
3.71317e-09
3.20968e-09
2.70871e-09
2.21025e-09
1.71428e-09
1.2208e-09
7.29796e-10
2.4125e-10
-2.44846e-10
-7.28502e-10
-1.20973e-09
-1.68855e-09
-2.16495e-09
-2.63897e-09
-3.1106e-09
-3.57987e-09
-4.04677e-09
-4.51132e-09
-4.97354e-09
-5.43343e-09
-5.891e-09
-6.34627e-09
-6.79925e-09
-7.24994e-09
-7.69836e-09
-8.14452e-09
-8.58842e-09
-9.03009e-09
-9.46953e-09
-9.90675e-09
-1.03418e-08
-1.07746e-08
-1.12052e-08
-1.16337e-08
-1.20599e-08
-1.24841e-08
-1.2906e-08
-1.33259e-08
-1.37436e-08
-1.41592e-08
-1.45727e-08
-1.49841e-08
-1.53935e-08
-1.58007e-08
-1.62059e-08
-1.6609e-08
-1.70101e-08
-1.74092e-08
-1.78062e-08
-1.82012e-08
-1.85942e-08
-1.89852e-08
-1.93742e-08
-1.97613e-08
-2.01464e-08
-2.05295e-08
-2.09107e-08
-2.12899e-08
-2.16672e-08
-2.20426e-08
-2.24161e-08
-2.27877e-08
-2.31574e-08
-2.35252e-08
-2.38911e-08
-2.42552e-08
-2.46174e-08
-2.49778e-08
-2.53363e-08
-2.5693e-08
-2.60479e-08
-2.6401e-08
-2.67523e-08
-2.71018e-08
-2.74495e-08
-2.77954e-08
-2.81396e-08
-2.8482e-08
-2.88227e-08
-2.91616e-08
-2.94988e-08
-2.98343e-08
-3.01681e-08
-3.05001e-08
-3.08305e-08
-3.11592e-08
-3.14862e-08
-3.18115e-08
-3.21352e-08
-3.24572e-08
-3.27775e-08
-3.30963e-08
-3.34134e-08
-3.37289e-08
-3.40427e-08
-3.4355e-08
-3.46657e-08
-3.49747e-08
-3.52822e-08
-3.55882e-08
-3.58925e-08
-3.61953e-08
-3.64966e-08
-3.67963e-08
-3.70945e-08
-3.73911e-08
-3.76863e-08
-3.79799e-08
-3.8272e-08
-3.85627e-08
-3.88518e-08
-3.91395e-08
-3.94257e-08
-3.97104e-08
-3.99937e-08
-4.02755e-08
-4.05558e-08
-4.08348e-08
-4.11123e-08
-4.13884e-08
-4.16631e-08
-4.19363e-08
-4.22082e-08
-4.24787e-08
-4.27478e-08
-4.30155e-08
-4.32819e-08
-4.35469e-08
-4.38105e-08
-4.40728e-08
-4.43337e-08
-4.45933e-08
-4.48516e-08
-4.51085e-08
-4.53642e-08
-4.56185e-08
-4.58715e-08
-4.61232e-08
-4.63737e-08
-4.66228e-08
-4.68707e-08
-4.71173e-08
-4.73627e-08
-4.76068e-08
-4.78496e-08
-4.80912e-08
-4.83316e-08
-4.85708e-08
-4.88087e-08
-4.90454e-08
-4.92809e-08
-4.95152e-08
-4.97482e-08
-4.99801e-08
-5.02108e-08
-5.04404e-08
-5.06687e-08
-5.08959e-08
-5.1122e-08
-5.13468e-08
-5.15706e-08
-5.17931e-08
-5.20146e-08
-5.22349e-08
-5.24541e-08
-5.26722e-08
-5.28891e-08
-5.3105e-08
-5.33197e-08
-5.35333e-08
-5.37459e-08
-5.39574e-08
-5.41678e-08
-5.43771e-08
-5.45853e-08
-5.47925e-08
-5.49987e-08
-5.52037e-08
-5.54078e-08
-5.56108e-08
-5.58127e-08
-5.60137e-08
-5.62136e-08
-5.64125e-08
-5.66103e-08
-5.68072e-08
-5.70031e-08
-5.7198e-08
-5.73918e-08
-5.75847e-08
-5.77766e-08
-5.79676e-08
-5.81575e-08
-5.83465e-08
-5.85346e-08
-5.87216e-08
-5.89078e-08
-5.90929e-08
-5.92772e-08
-5.94605e-08
-5.96429e-08
-5.98243e-08
-6.00048e-08
-6.01844e-08
-6.03631e-08
-6.05409e-08
-6.07178e-08
-6.08938e-08
-6.10689e-08
-6.12431e-08
-6.14165e-08
-6.15889e-08
-6.17605e-08
-6.19312e-08
-6.2101e-08
-6.227e-08
-6.24382e-08
-6.26054e-08
-6.27719e-08
-6.29375e-08
-6.31022e-08
-6.32661e-08
-6.34292e-08
-6.35915e-08
-6.3753e-08
-6.39136e-08
-6.40734e-08
-6.42324e-08
-6.43906e-08
-6.45481e-08
-6.47047e-08
-6.48605e-08
-6.50156e-08
-6.51698e-08
-6.53233e-08
-6.54761e-08
-6.5628e-08
-6.57792e-08
-6.59296e-08
-6.60793e-08
-6.62282e-08
-6.63764e-08
-6.65238e-08
-6.66705e-08
-6.68164e-08
-6.69616e-08
-6.71061e-08
-6.72499e-08
-6.73929e-08
-6.75352e-08
-6.76768e-08
-6.78177e-08
-6.79579e-08
-6.80974e-08
-6.82362e-08
-6.83743e-08
-6.85117e-08
-6.86484e-08
-6.87845e-08
-6.89198e-08
-6.90545e-08
-6.91885e-08
-6.93219e-08
-6.94545e-08
-6.95866e-08
-6.97179e-08
-6.98486e-08
-6.99787e-08
-7.01081e-08
-7.02368e-08
-7.03649e-08
-7.04924e-08
-7.06193e-08
-7.07455e-08
-7.08711e-08
-7.0996e-08
-7.11204e-08
-7.12441e-08
-7.13672e-08
-7.14897e-08
-7.16116e-08
-7.17329e-08
-7.18536e-08
-7.19737e-08
-7.20932e-08
-7.22121e-08
-7.23304e-08
-7.24481e-08
-7.25652e-08
-7.26818e-08
-7.27978e-08
-7.29132e-08
-7.30281e-08
-7.31424e-08
-7.32561e-08
-7.33693e-08
-7.34819e-08
-7.35939e-08
-7.37054e-08
-7.38164e-08
-7.39268e-08
-7.40366e-08
-7.41459e-08
-7.42547e-08
-7.4363e-08
-7.44707e-08
-7.45779e-08
-7.46846e-08
-7.47907e-08
-7.48963e-08
-7.50014e-08
-7.5106e-08
-7.52101e-08
-7.53137e-08
-7.54167e-08
-7.55193e-08
-7.56213e-08
-7.57229e-08
-7.5824e-08
-7.59245e-08
-7.60246e-08
-7.61242e-08
-7.62233e-08
-7.6322e-08
-7.64201e-08
-7.65178e-08
-7.6615e-08
-7.67117e-08
-7.68079e-08
-7.69037e-08
-7.6999e-08
-7.70939e-08
-7.71883e-08
-7.72822e-08
-7.73757e-08
-7.74688e-08
-7.75613e-08
-7.76535e-08
-7.77452e-08
-7.78364e-08
-7.79272e-08
-7.80176e-08
-7.81075e-08
-7.8197e-08
-7.82861e-08
-7.83747e-08
-7.84629e-08
-7.85507e-08
-7.86381e-08
-7.87251e-08
-7.88116e-08
-7.88977e-08
-7.89834e-08
-7.90687e-08
-7.91536e-08
-7.9238e-08
-7.93221e-08
-7.94058e-08
-7.9489e-08
-7.95719e-08
-7.96544e-08
-7.97364e-08
-7.98181e-08
-7.98994e-08
-7.99803e-08
-8.00609e-08
-8.0141e-08
-8.02208e-08
-8.03001e-08
-8.03791e-08
-8.04578e-08
-8.0536e-08
-8.06139e-08
-8.06914e-08
-8.07685e-08
-8.08453e-08
-8.09217e-08
-8.09978e-08
-8.10735e-08
-8.11488e-08
-8.12238e-08
-8.12984e-08
-8.13727e-08
-8.14466e-08
-8.15202e-08
-8.15934e-08
-8.16663e-08
-8.17388e-08
-8.1811e-08
-8.18829e-08
-8.19544e-08
-8.20256e-08
-8.20964e-08
-8.21669e-08
-8.22371e-08
-8.2307e-08
-8.23765e-08
-8.24457e-08
-8.25146e-08
-8.25831e-08
-8.26513e-08
-8.27193e-08
-8.27869e-08
-8.28541e-08
-8.29211e-08
-8.29878e-08
-8.30541e-08
-8.31202e-08
-8.31859e-08
-8.32513e-08
-8.33164e-08
-8.33813e-08
-8.34458e-08
-8.351e-08
-8.35739e-08
-8.36375e-08
-8.37009e-08
-8.37639e-08
-2.17472e-06
-4.77551e-06
-7.24904e-06
-9.42099e-06
-1.12745e-05
-1.28403e-05
-1.41607e-05
-1.52777e-05
-1.623e-05
-1.70521e-05
-1.7775e-05
-1.84265e-05
-1.90317e-05
-1.96137e-05
-2.01944e-05
-2.07946e-05
-2.14358e-05
-2.21404e-05
-2.29335e-05
-2.38444e-05
-2.49101e-05
-2.61777e-05
-2.77115e-05
-2.96042e-05
-3.19957e-05
-3.51096e-05
-3.93362e-05
-4.54395e-05
-5.51566e-05
-7.30279e-05
-0.000108448
-0.000154592
-0.000179673
-0.000188674
-0.000190694
-0.000190353
-0.000189213
-0.000187723
-0.000186025
-0.000184181
-0.00018222
-0.000180158
-0.000178007
-0.000175772
-0.000173457
-0.000171067
-0.000168603
-0.000166067
-0.000163461
-0.000160783
-0.000158034
-0.000155211
-0.000152312
-0.000149332
-0.000146266
-0.000143105
-0.000139839
-0.000136456
-0.000132939
-0.000129267
-0.000125414
-0.000121345
-0.000117017
-0.000112374
-0.000107344
-0.00010183
-9.57055e-05
-8.8806e-05
-8.09138e-05
-7.17501e-05
-6.09737e-05
-4.82129e-05
-3.31745e-05
-1.58966e-05
2.86706e-06
2.14275e-05
3.7645e-05
5.00488e-05
5.85215e-05
6.3925e-05
6.7315e-05
6.94857e-05
7.09097e-05
7.18377e-05
7.23992e-05
7.26656e-05
7.26811e-05
7.24783e-05
7.20835e-05
7.15201e-05
7.08102e-05
6.99753e-05
6.90358e-05
6.80111e-05
6.69198e-05
6.57795e-05
6.46074e-05
6.34192e-05
6.22296e-05
6.10522e-05
5.98995e-05
5.8784e-05
5.77174e-05
5.67101e-05
5.57722e-05
5.49133e-05
5.41435e-05
5.34713e-05
5.29046e-05
5.24526e-05
5.21236e-05
5.19273e-05
5.18742e-05
5.19783e-05
5.22606e-05
5.27399e-05
5.34342e-05
5.43578e-05
5.5519e-05
5.69125e-05
5.85131e-05
6.02656e-05
6.20782e-05
6.38128e-05
6.5298e-05
6.63497e-05
6.68167e-05
6.66177e-05
6.57595e-05
6.43159e-05
6.23926e-05
6.00914e-05
5.74916e-05
5.4646e-05
5.15843e-05
4.83204e-05
4.48593e-05
4.1204e-05
3.73616e-05
3.33519e-05
2.92141e-05
2.50131e-05
2.08475e-05
1.68436e-05
1.3145e-05
9.88651e-06
7.1632e-06
5.00902e-06
3.39373e-06
2.23999e-06
1.44966e-06
9.2612e-07
5.88248e-07
3.743e-07
2.40582e-07
1.57691e-07
1.0653e-07
7.49934e-08
5.5534e-08
4.34968e-08
3.60272e-08
3.13789e-08
2.84833e-08
2.66844e-08
2.55781e-08
2.49133e-08
2.45333e-08
2.43392e-08
2.42681e-08
2.42795e-08
2.43472e-08
2.44539e-08
2.45882e-08
2.47423e-08
2.49113e-08
2.50913e-08
2.52801e-08
2.5476e-08
2.56776e-08
2.58843e-08
2.60953e-08
2.63104e-08
2.65291e-08
2.67513e-08
2.69769e-08
2.72057e-08
2.74377e-08
2.76728e-08
2.79111e-08
2.81526e-08
2.83972e-08
2.8645e-08
2.88961e-08
2.91503e-08
2.94079e-08
2.96688e-08
2.99332e-08
3.02009e-08
3.04721e-08
3.07469e-08
3.10252e-08
3.13072e-08
3.15928e-08
3.18823e-08
3.21755e-08
3.24726e-08
3.27736e-08
3.30786e-08
3.33876e-08
3.37007e-08
3.4018e-08
3.43394e-08
3.46652e-08
3.49952e-08
3.53297e-08
3.56686e-08
3.6012e-08
3.636e-08
3.67126e-08
3.70699e-08
3.74319e-08
3.77988e-08
3.81705e-08
3.85472e-08
3.89289e-08
3.93156e-08
3.97075e-08
4.01045e-08
4.05068e-08
4.09145e-08
4.13275e-08
4.17459e-08
4.21698e-08
4.25994e-08
4.30345e-08
4.34754e-08
4.3922e-08
4.43744e-08
4.48328e-08
4.52971e-08
4.57674e-08
4.62438e-08
4.67264e-08
4.72152e-08
4.77103e-08
4.82117e-08
4.87196e-08
4.92339e-08
4.97548e-08
5.02823e-08
5.08165e-08
5.13575e-08
5.19052e-08
5.24599e-08
5.30215e-08
5.35901e-08
5.41658e-08
5.47486e-08
5.53387e-08
5.5936e-08
5.65407e-08
5.71528e-08
5.77723e-08
5.83995e-08
5.90342e-08
5.96766e-08
6.03267e-08
6.09847e-08
6.16505e-08
6.23242e-08
6.3006e-08
6.36958e-08
6.43938e-08
6.50999e-08
6.58144e-08
6.65371e-08
6.72682e-08
6.80078e-08
6.87559e-08
6.95125e-08
7.02778e-08
7.10518e-08
7.18346e-08
7.26261e-08
7.34266e-08
7.4236e-08
7.50544e-08
7.58819e-08
7.67184e-08
7.75642e-08
7.84192e-08
7.92835e-08
8.01572e-08
8.10402e-08
8.19328e-08
8.28348e-08
8.37464e-08
8.46677e-08
8.55986e-08
8.65393e-08
8.74898e-08
8.84501e-08
8.94203e-08
9.04004e-08
9.13906e-08
9.23908e-08
9.3401e-08
9.44214e-08
9.5452e-08
9.64929e-08
9.7544e-08
9.86054e-08
9.96772e-08
1.00759e-07
1.01852e-07
1.02955e-07
1.04069e-07
1.05193e-07
1.06328e-07
1.07473e-07
1.08629e-07
1.09796e-07
1.10974e-07
1.12162e-07
1.13362e-07
1.14572e-07
1.15793e-07
1.17024e-07
1.18267e-07
1.19521e-07
1.20786e-07
1.22061e-07
1.23348e-07
1.24646e-07
1.25955e-07
1.27275e-07
1.28606e-07
1.29948e-07
1.31302e-07
1.32666e-07
1.34042e-07
1.35429e-07
1.36827e-07
1.38237e-07
1.39657e-07
1.41089e-07
1.42532e-07
1.43986e-07
1.45452e-07
1.46929e-07
1.48417e-07
1.49916e-07
1.51426e-07
1.52948e-07
1.54481e-07
1.56025e-07
1.57581e-07
1.59147e-07
1.60725e-07
1.62314e-07
1.63914e-07
1.65526e-07
1.67148e-07
1.68782e-07
1.70426e-07
1.72082e-07
1.73749e-07
1.75427e-07
1.77116e-07
1.78816e-07
1.80526e-07
1.82248e-07
1.83981e-07
1.85724e-07
1.87479e-07
1.89244e-07
1.91019e-07
1.92806e-07
1.94603e-07
1.96411e-07
1.98229e-07
2.00058e-07
2.01898e-07
2.03748e-07
2.05608e-07
2.07478e-07
2.09359e-07
2.1125e-07
2.13152e-07
2.15063e-07
2.16984e-07
2.18916e-07
2.20857e-07
2.22808e-07
2.24769e-07
2.2674e-07
2.2872e-07
2.3071e-07
2.32709e-07
2.34718e-07
2.36736e-07
2.38764e-07
2.408e-07
2.42846e-07
2.44901e-07
2.46965e-07
2.49037e-07
2.51119e-07
2.53209e-07
2.55308e-07
2.57415e-07
2.59531e-07
2.61655e-07
2.63787e-07
2.65927e-07
2.68076e-07
2.70232e-07
2.72396e-07
2.74568e-07
2.76748e-07
2.78935e-07
2.8113e-07
2.83331e-07
2.85541e-07
2.87757e-07
2.8998e-07
2.9221e-07
2.94447e-07
2.9669e-07
2.9894e-07
3.01197e-07
3.03459e-07
3.05728e-07
3.08003e-07
3.10284e-07
3.12571e-07
3.14863e-07
3.17161e-07
3.19464e-07
3.21773e-07
3.24087e-07
3.26406e-07
3.2873e-07
3.31059e-07
3.33394e-07
3.35732e-07
3.38076e-07
3.40424e-07
3.42776e-07
3.45133e-07
3.47494e-07
3.49858e-07
3.52227e-07
3.54599e-07
3.56974e-07
3.59353e-07
3.61735e-07
3.6412e-07
3.66507e-07
3.68898e-07
3.71291e-07
3.73686e-07
3.76083e-07
3.78482e-07
3.80884e-07
3.83287e-07
3.85691e-07
3.88097e-07
3.90504e-07
3.92912e-07
3.95321e-07
3.97731e-07
4.00142e-07
4.02552e-07
4.04963e-07
4.07372e-07
4.0978e-07
4.12187e-07
4.14593e-07
4.16996e-07
4.19398e-07
4.21797e-07
4.24195e-07
4.2659e-07
4.28983e-07
4.31374e-07
4.33762e-07
4.36148e-07
4.38531e-07
4.40912e-07
4.43289e-07
4.45664e-07
4.48035e-07
4.50404e-07
4.52769e-07
4.5513e-07
4.57488e-07
4.59843e-07
4.62193e-07
4.6454e-07
4.66882e-07
4.6922e-07
4.71554e-07
4.73883e-07
4.76208e-07
4.78527e-07
4.80842e-07
4.83152e-07
4.85456e-07
4.87755e-07
4.90048e-07
4.92336e-07
4.94617e-07
4.96893e-07
4.99163e-07
5.01426e-07
5.03683e-07
5.05933e-07
5.08176e-07
5.10413e-07
5.12642e-07
5.14865e-07
5.1708e-07
5.19287e-07
5.21487e-07
5.23679e-07
5.25863e-07
5.28039e-07
5.30207e-07
5.32367e-07
5.34518e-07
5.3666e-07
5.38794e-07
5.40919e-07
5.43035e-07
5.45142e-07
5.47239e-07
5.49327e-07
5.51406e-07
5.53475e-07
5.55534e-07
5.57583e-07
5.59622e-07
5.6165e-07
5.63669e-07
5.65677e-07
5.67674e-07
5.69661e-07
5.71637e-07
5.73602e-07
5.75556e-07
5.77499e-07
5.79431e-07
5.81351e-07
5.83259e-07
5.85156e-07
5.87042e-07
5.88915e-07
5.90776e-07
5.92626e-07
5.94463e-07
5.96288e-07
5.981e-07
5.999e-07
6.01688e-07
6.03463e-07
6.05225e-07
6.06974e-07
6.0871e-07
6.10433e-07
6.12143e-07
6.13839e-07
6.15523e-07
6.17193e-07
6.1885e-07
6.20494e-07
6.22124e-07
6.23742e-07
6.25346e-07
6.26937e-07
6.28514e-07
6.30078e-07
6.31629e-07
6.33165e-07
6.34688e-07
6.36197e-07
6.37692e-07
6.39173e-07
6.4064e-07
6.42092e-07
6.43531e-07
6.44954e-07
6.46363e-07
6.47758e-07
6.49138e-07
6.50503e-07
6.51853e-07
6.53188e-07
6.54508e-07
6.55813e-07
6.57102e-07
6.58377e-07
6.59636e-07
6.60879e-07
6.62107e-07
6.6332e-07
6.64517e-07
6.65698e-07
6.66863e-07
6.68013e-07
6.69147e-07
6.70265e-07
6.71367e-07
6.72453e-07
6.73523e-07
6.74576e-07
6.75614e-07
6.76636e-07
6.77641e-07
6.7863e-07
6.79603e-07
6.80559e-07
6.81499e-07
6.82421e-07
6.83325e-07
6.8421e-07
6.85076e-07
6.85922e-07
6.86749e-07
6.87556e-07
6.88343e-07
6.8911e-07
6.89858e-07
6.90587e-07
6.91296e-07
6.91986e-07
6.92656e-07
6.93308e-07
6.93941e-07
6.94555e-07
6.9515e-07
6.95727e-07
6.96286e-07
6.96826e-07
6.97348e-07
6.97853e-07
6.98339e-07
6.98808e-07
6.99258e-07
6.99692e-07
7.00107e-07
7.00506e-07
7.00886e-07
7.0125e-07
7.01596e-07
7.01925e-07
7.02238e-07
7.02533e-07
7.02811e-07
7.03072e-07
7.03316e-07
7.03544e-07
7.03754e-07
7.03949e-07
7.04126e-07
7.04287e-07
7.04431e-07
7.04559e-07
7.0467e-07
7.04765e-07
7.04844e-07
7.04907e-07
7.04953e-07
7.04983e-07
7.04996e-07
7.04994e-07
7.04976e-07
7.04942e-07
7.04891e-07
7.04825e-07
7.04743e-07
7.04645e-07
7.04532e-07
7.04403e-07
7.04258e-07
7.04098e-07
7.03922e-07
7.0373e-07
7.03523e-07
7.03301e-07
7.03064e-07
7.02811e-07
7.02543e-07
7.0226e-07
7.01962e-07
7.01649e-07
7.01321e-07
7.00978e-07
7.00621e-07
7.00248e-07
6.99861e-07
6.99459e-07
6.99043e-07
6.98612e-07
6.98167e-07
6.97708e-07
6.97234e-07
6.96746e-07
6.96244e-07
6.95728e-07
6.95198e-07
6.94656e-07
6.941e-07
6.93531e-07
6.92949e-07
6.92354e-07
6.91746e-07
6.91126e-07
6.90493e-07
6.89848e-07
6.8919e-07
6.8852e-07
6.87838e-07
6.87143e-07
6.86436e-07
6.85716e-07
6.84985e-07
6.84241e-07
6.83486e-07
6.82718e-07
6.81939e-07
6.81147e-07
6.80344e-07
6.79529e-07
6.78702e-07
6.77863e-07
6.77013e-07
6.76152e-07
6.75278e-07
6.74394e-07
6.73497e-07
6.7259e-07
6.71671e-07
6.70741e-07
6.698e-07
6.68848e-07
6.67885e-07
6.66911e-07
6.65925e-07
6.6493e-07
6.63923e-07
6.62906e-07
6.61878e-07
6.60839e-07
6.5979e-07
6.58731e-07
6.57661e-07
6.56581e-07
6.55491e-07
6.54391e-07
6.53281e-07
6.5216e-07
6.5103e-07
6.49891e-07
6.48741e-07
6.47582e-07
6.46413e-07
6.45235e-07
6.44047e-07
6.4285e-07
6.41644e-07
6.40429e-07
6.39205e-07
6.37971e-07
6.36728e-07
6.35473e-07
6.34207e-07
6.32928e-07
6.31637e-07
6.30334e-07
6.29018e-07
6.27689e-07
6.26348e-07
6.24994e-07
6.23628e-07
6.2225e-07
6.20861e-07
6.1946e-07
6.18047e-07
6.16624e-07
6.15189e-07
6.13744e-07
6.12289e-07
6.10824e-07
6.09349e-07
6.07865e-07
6.06371e-07
6.04868e-07
6.03357e-07
6.01837e-07
6.00309e-07
5.98772e-07
5.97228e-07
5.95676e-07
5.94116e-07
5.92549e-07
5.90975e-07
5.89394e-07
5.87806e-07
5.86212e-07
5.84611e-07
5.83004e-07
5.81391e-07
5.79772e-07
5.78147e-07
5.76516e-07
5.7488e-07
5.73238e-07
5.71591e-07
5.6994e-07
5.68283e-07
5.66621e-07
5.64954e-07
5.63283e-07
5.61607e-07
5.59927e-07
5.58242e-07
5.56554e-07
5.54861e-07
5.53164e-07
5.51464e-07
5.49759e-07
5.48051e-07
5.4634e-07
5.44625e-07
5.42907e-07
5.41185e-07
5.3946e-07
5.37732e-07
5.36001e-07
5.34268e-07
5.32531e-07
5.30792e-07
5.2905e-07
5.27305e-07
5.25558e-07
5.23809e-07
5.22057e-07
5.20303e-07
5.18547e-07
5.16789e-07
5.15029e-07
5.13267e-07
5.11504e-07
5.09738e-07
5.07971e-07
5.06202e-07
5.04432e-07
5.0266e-07
5.00887e-07
4.99113e-07
4.97338e-07
4.95561e-07
4.93783e-07
4.92005e-07
4.90225e-07
4.88444e-07
4.86663e-07
4.84881e-07
4.83098e-07
4.81315e-07
4.79531e-07
4.77747e-07
4.75962e-07
4.74177e-07
4.72392e-07
4.70607e-07
4.68821e-07
4.67036e-07
4.6525e-07
4.63465e-07
4.61679e-07
4.59894e-07
4.58109e-07
4.56324e-07
4.5454e-07
4.52756e-07
4.50973e-07
4.4919e-07
4.47408e-07
4.45626e-07
4.43845e-07
4.42065e-07
4.40286e-07
4.38508e-07
4.3673e-07
4.34954e-07
4.33178e-07
4.31404e-07
4.29631e-07
4.27859e-07
4.26088e-07
4.24319e-07
4.2255e-07
4.20784e-07
4.19019e-07
4.17255e-07
4.15493e-07
4.13732e-07
4.11973e-07
4.10216e-07
4.08461e-07
4.06707e-07
4.04955e-07
4.03205e-07
4.01457e-07
3.99711e-07
3.97967e-07
3.96225e-07
3.94485e-07
3.92748e-07
3.91012e-07
3.89279e-07
3.87548e-07
3.85819e-07
3.84093e-07
3.82369e-07
3.80648e-07
3.78929e-07
3.77212e-07
3.75498e-07
3.73787e-07
3.72078e-07
3.70372e-07
3.68669e-07
3.66968e-07
3.6527e-07
3.63575e-07
3.61883e-07
3.60194e-07
3.58507e-07
3.56824e-07
3.55144e-07
3.53466e-07
3.51792e-07
3.5012e-07
3.48452e-07
3.46787e-07
3.45125e-07
3.43466e-07
3.41811e-07
3.40158e-07
3.38509e-07
3.36864e-07
3.35221e-07
3.33582e-07
3.31947e-07
3.30315e-07
3.28686e-07
3.27061e-07
3.25439e-07
3.23821e-07
3.22206e-07
3.20595e-07
3.18987e-07
3.17384e-07
3.15783e-07
3.14187e-07
3.12594e-07
3.11005e-07
3.0942e-07
3.07838e-07
3.06261e-07
3.04688e-07
3.03119e-07
3.01554e-07
2.99993e-07
2.98437e-07
2.96884e-07
2.95336e-07
2.93792e-07
2.92253e-07
2.90717e-07
2.89186e-07
2.87659e-07
2.86137e-07
2.84619e-07
2.83105e-07
2.81595e-07
2.8009e-07
2.78589e-07
2.77092e-07
2.756e-07
2.74111e-07
2.72628e-07
2.71148e-07
2.69673e-07
2.68202e-07
2.66735e-07
2.65273e-07
2.63815e-07
2.62361e-07
2.60911e-07
2.59466e-07
2.58025e-07
2.56589e-07
2.55157e-07
2.53729e-07
2.52305e-07
2.50886e-07
2.4947e-07
2.4806e-07
2.46653e-07
2.45251e-07
2.43853e-07
2.4246e-07
2.4107e-07
2.39685e-07
2.38305e-07
2.36928e-07
2.35556e-07
2.34188e-07
2.32825e-07
2.31466e-07
2.30111e-07
2.2876e-07
2.27414e-07
2.26072e-07
2.24734e-07
2.23401e-07
2.22072e-07
2.20747e-07
2.19427e-07
2.1811e-07
2.16798e-07
2.15491e-07
2.14187e-07
2.12888e-07
2.11594e-07
2.10303e-07
2.09017e-07
2.07735e-07
2.06458e-07
2.05184e-07
2.03915e-07
2.02651e-07
2.0139e-07
2.00134e-07
1.98882e-07
1.97634e-07
1.96391e-07
1.95152e-07
1.93917e-07
1.92686e-07
1.9146e-07
1.90238e-07
1.8902e-07
1.87807e-07
1.86597e-07
1.85392e-07
1.8419e-07
1.82991e-07
1.81796e-07
1.80603e-07
1.79412e-07
1.78225e-07
1.7704e-07
1.75857e-07
1.74677e-07
1.73499e-07
1.72324e-07
1.71151e-07
1.69981e-07
1.68814e-07
1.6765e-07
1.66488e-07
1.65329e-07
1.64173e-07
1.6302e-07
1.6187e-07
1.60724e-07
1.5958e-07
1.5844e-07
1.57303e-07
1.56169e-07
1.55039e-07
1.53912e-07
1.52789e-07
1.51669e-07
1.50553e-07
1.49441e-07
1.48333e-07
1.47228e-07
1.46127e-07
1.4503e-07
1.43936e-07
1.42847e-07
1.41761e-07
1.4068e-07
1.39602e-07
1.38529e-07
1.37459e-07
1.36394e-07
1.35332e-07
1.34275e-07
1.33222e-07
1.32173e-07
1.31128e-07
1.30087e-07
1.29051e-07
1.28018e-07
1.2699e-07
1.25966e-07
1.24946e-07
1.23931e-07
1.22919e-07
1.21912e-07
1.20909e-07
1.19911e-07
1.18916e-07
1.17926e-07
1.1694e-07
1.15958e-07
1.1498e-07
1.14007e-07
1.13038e-07
1.12073e-07
1.11112e-07
1.10156e-07
1.09203e-07
1.08255e-07
1.07311e-07
1.06371e-07
1.05436e-07
1.04504e-07
1.03577e-07
1.02654e-07
1.01735e-07
1.0082e-07
9.99092e-08
9.90026e-08
9.81001e-08
9.72017e-08
9.63074e-08
9.54171e-08
9.4531e-08
9.36488e-08
9.27707e-08
9.18967e-08
9.10266e-08
9.01606e-08
8.92985e-08
8.84405e-08
8.75864e-08
8.67362e-08
8.589e-08
8.50478e-08
8.42094e-08
8.3375e-08
8.25445e-08
8.17178e-08
8.0895e-08
8.0076e-08
7.92609e-08
7.84497e-08
7.76422e-08
7.68385e-08
7.60386e-08
7.52425e-08
7.44501e-08
7.36615e-08
7.28766e-08
7.20955e-08
7.1318e-08
7.05442e-08
6.97741e-08
6.90076e-08
6.82448e-08
6.74856e-08
6.673e-08
6.59781e-08
6.52297e-08
6.44849e-08
6.37436e-08
6.30059e-08
6.22717e-08
6.15411e-08
6.08139e-08
6.00902e-08
5.937e-08
5.86533e-08
5.794e-08
5.72302e-08
5.65237e-08
5.58207e-08
5.5121e-08
5.44247e-08
5.37318e-08
5.30422e-08
5.2356e-08
5.16731e-08
5.09934e-08
5.03171e-08
4.96441e-08
4.89743e-08
4.83077e-08
4.76444e-08
4.69843e-08
4.63274e-08
4.56738e-08
4.50233e-08
4.43759e-08
4.37317e-08
4.30907e-08
4.24527e-08
4.18179e-08
4.11862e-08
4.05576e-08
3.9932e-08
3.93095e-08
3.86901e-08
3.80736e-08
3.74602e-08
3.68498e-08
3.62424e-08
3.56379e-08
3.50365e-08
3.4438e-08
3.38424e-08
3.32497e-08
3.266e-08
3.20731e-08
3.14892e-08
3.09081e-08
3.03299e-08
2.97545e-08
2.91819e-08
2.86122e-08
2.80453e-08
2.74812e-08
2.69199e-08
2.63613e-08
2.58056e-08
2.52525e-08
2.47022e-08
2.41546e-08
2.36097e-08
2.30676e-08
2.25281e-08
2.19913e-08
2.14571e-08
2.09256e-08
2.03967e-08
1.98705e-08
1.93469e-08
1.88258e-08
1.83074e-08
1.77916e-08
1.72783e-08
1.67675e-08
1.62593e-08
1.57537e-08
1.52505e-08
1.47499e-08
1.42517e-08
1.37561e-08
1.32629e-08
1.27722e-08
1.22839e-08
1.17981e-08
1.13147e-08
1.08337e-08
1.03551e-08
9.87889e-09
9.40509e-09
8.93365e-09
8.46457e-09
7.99784e-09
7.53345e-09
7.07139e-09
6.61165e-09
6.15421e-09
5.69906e-09
5.2462e-09
4.79561e-09
4.34729e-09
3.90121e-09
3.45738e-09
3.01578e-09
2.5764e-09
2.13923e-09
1.70426e-09
1.27147e-09
8.40869e-10
4.12432e-10
-1.38474e-11
-4.37979e-10
-8.59974e-10
-1.27984e-09
-1.69759e-09
-2.11324e-09
-2.52678e-09
-2.93824e-09
-3.34763e-09
-3.75494e-09
-4.1602e-09
-4.56342e-09
-4.96459e-09
-5.36374e-09
-5.76087e-09
-6.156e-09
-6.54912e-09
-6.94026e-09
-7.32942e-09
-7.71661e-09
-8.10184e-09
-8.48512e-09
-8.86645e-09
-9.24586e-09
-9.62334e-09
-9.99892e-09
-1.03726e-08
-1.07444e-08
-1.11142e-08
-1.14823e-08
-1.18484e-08
-1.22127e-08
-1.25751e-08
-1.29357e-08
-1.32945e-08
-1.36515e-08
-1.40066e-08
-1.43599e-08
-1.47115e-08
-1.50612e-08
-1.54092e-08
-1.57554e-08
-1.60999e-08
-1.64426e-08
-1.67835e-08
-1.71227e-08
-1.74602e-08
-1.7796e-08
-1.81301e-08
-1.84625e-08
-1.87931e-08
-1.91221e-08
-1.94495e-08
-1.97751e-08
-2.00991e-08
-2.04215e-08
-2.07422e-08
-2.10613e-08
-2.13787e-08
-2.16945e-08
-2.20088e-08
-2.23214e-08
-2.26324e-08
-2.29419e-08
-2.32497e-08
-2.3556e-08
-2.38608e-08
-2.4164e-08
-2.44656e-08
-2.47657e-08
-2.50643e-08
-2.53613e-08
-2.56569e-08
-2.59509e-08
-2.62434e-08
-2.65345e-08
-2.6824e-08
-2.71121e-08
-2.73987e-08
-2.76838e-08
-2.79675e-08
-2.82498e-08
-2.85306e-08
-2.88099e-08
-2.90879e-08
-2.93644e-08
-2.96395e-08
-2.99132e-08
-3.01856e-08
-3.04565e-08
-3.0726e-08
-3.09942e-08
-3.1261e-08
-3.15264e-08
-3.17905e-08
-3.20533e-08
-3.23147e-08
-3.25747e-08
-3.28335e-08
-3.30909e-08
-3.3347e-08
-3.36018e-08
-3.38553e-08
-3.41075e-08
-3.43584e-08
-3.4608e-08
-3.48564e-08
-3.51035e-08
-3.53493e-08
-3.55939e-08
-3.58372e-08
-3.60793e-08
-3.63202e-08
-3.65598e-08
-3.67982e-08
-3.70354e-08
-3.72714e-08
-3.75062e-08
-3.77398e-08
-3.79722e-08
-3.82034e-08
-3.84334e-08
-3.86623e-08
-3.889e-08
-3.91165e-08
-3.93419e-08
-3.95661e-08
-3.97892e-08
-4.00112e-08
-4.0232e-08
-4.04517e-08
-4.06703e-08
-4.08877e-08
-4.11041e-08
-4.13193e-08
-4.15335e-08
-4.17466e-08
-4.19586e-08
-4.21695e-08
-4.23793e-08
-4.25881e-08
-4.27958e-08
-4.30025e-08
-4.32081e-08
-4.34126e-08
-4.36161e-08
-4.38186e-08
-4.40201e-08
-4.42205e-08
-4.44199e-08
-4.46183e-08
-4.48157e-08
-4.50121e-08
-4.52075e-08
-4.54019e-08
-4.55953e-08
-4.57877e-08
-4.59792e-08
-4.61697e-08
-4.63592e-08
-4.65478e-08
-4.67354e-08
-4.6922e-08
-4.71077e-08
-4.72925e-08
-4.74763e-08
-4.76593e-08
-4.78412e-08
-4.80223e-08
-4.82024e-08
-4.83816e-08
-4.856e-08
-4.87374e-08
-4.89139e-08
-4.90895e-08
-4.92643e-08
-4.94381e-08
-4.96111e-08
-4.97832e-08
-4.99545e-08
-5.01248e-08
-5.02944e-08
-5.0463e-08
-5.06308e-08
-5.07978e-08
-5.09639e-08
-5.11292e-08
-5.12936e-08
-5.14573e-08
-5.16201e-08
-5.1782e-08
-5.19432e-08
-5.21036e-08
-5.22631e-08
-5.24219e-08
-5.25798e-08
-5.2737e-08
-5.28933e-08
-5.30489e-08
-5.32037e-08
-5.33577e-08
-5.35109e-08
-5.36634e-08
-5.38151e-08
-5.39661e-08
-5.41163e-08
-5.42657e-08
-5.44144e-08
-5.45624e-08
-5.47096e-08
-5.4856e-08
-5.50018e-08
-5.51468e-08
-5.52911e-08
-5.54346e-08
-5.55775e-08
-5.57196e-08
-5.5861e-08
-5.60017e-08
-5.61417e-08
-5.6281e-08
-5.64197e-08
-5.65576e-08
-5.66948e-08
-5.68314e-08
-5.69673e-08
-5.71024e-08
-5.7237e-08
-5.73708e-08
-5.7504e-08
-5.76365e-08
-5.77684e-08
-5.78996e-08
-5.80302e-08
-5.81601e-08
-5.82894e-08
-5.8418e-08
-5.8546e-08
-5.86733e-08
-5.88001e-08
-5.89262e-08
-5.90516e-08
-5.91765e-08
-5.93007e-08
-5.94243e-08
-5.95474e-08
-5.96697e-08
-5.97915e-08
-5.99127e-08
-6.00333e-08
-6.01533e-08
-6.02727e-08
-6.03916e-08
-6.05098e-08
-6.06274e-08
-6.07445e-08
-6.0861e-08
-6.09769e-08
-6.10923e-08
-6.12071e-08
-6.13213e-08
-6.14349e-08
-6.15481e-08
-6.16606e-08
-6.17726e-08
-6.1884e-08
-6.19949e-08
-6.21053e-08
-6.22151e-08
-6.23244e-08
-6.24331e-08
-6.25413e-08
-6.2649e-08
-6.27562e-08
-6.28628e-08
-6.29689e-08
-6.30745e-08
-6.31796e-08
-6.32842e-08
-6.33882e-08
-6.34918e-08
-6.35948e-08
-6.36974e-08
-6.37994e-08
-6.39009e-08
-6.4002e-08
-6.41026e-08
-6.42026e-08
-6.43022e-08
-6.44013e-08
-6.45e-08
-6.45981e-08
-6.46958e-08
-6.4793e-08
-6.48897e-08
-6.4986e-08
-6.50818e-08
-6.51771e-08
-6.5272e-08
-6.53664e-08
-6.54604e-08
-6.55539e-08
-6.56469e-08
-6.57395e-08
-6.58317e-08
-6.59234e-08
-6.60147e-08
-6.61055e-08
-6.61959e-08
-6.62859e-08
-6.63755e-08
-6.64646e-08
-6.65532e-08
-6.66415e-08
-6.67293e-08
-6.68167e-08
-6.69037e-08
-6.69903e-08
-6.70765e-08
-6.71622e-08
-6.72476e-08
-6.73325e-08
-6.7417e-08
-6.75012e-08
-6.75849e-08
-6.76682e-08
-6.77511e-08
-6.78337e-08
-6.79158e-08
-6.79976e-08
-6.80789e-08
-6.81599e-08
-6.82405e-08
-6.83207e-08
-6.84005e-08
-6.848e-08
-6.85591e-08
-6.86378e-08
-6.87161e-08
-6.87941e-08
-6.88717e-08
-6.89489e-08
-6.90258e-08
-6.91023e-08
-6.91784e-08
-6.92542e-08
-6.93296e-08
-6.94047e-08
-6.94794e-08
-6.95537e-08
-6.96278e-08
-6.97014e-08
-6.97748e-08
-6.98477e-08
-6.99204e-08
-6.99927e-08
-7.00646e-08
-7.01362e-08
-7.02075e-08
-7.02785e-08
-7.03491e-08
-7.04194e-08
-7.04894e-08
-7.0559e-08
-7.06283e-08
-7.06973e-08
-7.0766e-08
-7.08343e-08
-7.09024e-08
-7.09701e-08
-7.10375e-08
-7.11046e-08
-7.11714e-08
-7.12378e-08
-7.1304e-08
-7.13699e-08
-7.14354e-08
-7.15007e-08
-7.15656e-08
-7.16303e-08
-7.16946e-08
-7.17587e-08
-7.18224e-08
-7.18859e-08
-7.19491e-08
-7.20119e-08
-7.20745e-08
-7.21368e-08
-7.21989e-08
-7.22606e-08
-7.2322e-08
-7.23832e-08
-7.24441e-08
-7.25047e-08
-7.25651e-08
-7.26251e-08
-7.26849e-08
-7.27444e-08
-7.28037e-08
-7.28626e-08
-7.29213e-08
-7.29798e-08
-7.30379e-08
-7.30958e-08
-7.31535e-08
-7.32109e-08
-7.3268e-08
-7.33248e-08
-7.33814e-08
-7.34378e-08
-7.34939e-08
-7.35497e-08
-7.36053e-08
-7.36606e-08
-7.37157e-08
-7.37706e-08
-7.38251e-08
-7.38795e-08
-7.39336e-08
-7.39874e-08
-7.40411e-08
-7.40944e-08
-7.41476e-08
-7.42005e-08
-7.42531e-08
-7.43055e-08
-7.43577e-08
-7.44097e-08
-7.44614e-08
-7.45129e-08
-7.45641e-08
-7.46152e-08
-7.4666e-08
-7.47166e-08
-7.47669e-08
-7.4817e-08
-7.48669e-08
-7.49166e-08
-7.49661e-08
-7.50153e-08
-7.50644e-08
-7.51132e-08
-7.51618e-08
-7.52101e-08
-7.52583e-08
-7.53062e-08
-7.5354e-08
-7.54015e-08
-7.54488e-08
-7.54959e-08
-7.55428e-08
-7.55895e-08
-7.5636e-08
-7.56823e-08
-7.57284e-08
-7.57743e-08
-7.58199e-08
-7.58654e-08
-7.59107e-08
-7.59558e-08
-7.60007e-08
-7.60453e-08
-7.60898e-08
-7.61341e-08
-7.61782e-08
-7.62222e-08
-7.62659e-08
-7.63094e-08
-7.63528e-08
-7.63959e-08
-7.64389e-08
-7.64817e-08
-7.65242e-08
-7.65667e-08
-7.66089e-08
-7.66509e-08
-7.66928e-08
-7.67345e-08
-7.6776e-08
-7.68173e-08
-7.68584e-08
-7.68994e-08
-7.69402e-08
-7.69808e-08
-7.70212e-08
-7.70615e-08
-7.71016e-08
-7.71415e-08
-7.71813e-08
-7.72209e-08
-7.72603e-08
-7.72995e-08
-7.73386e-08
-7.73775e-08
-7.74162e-08
-7.74548e-08
-7.74932e-08
-7.75315e-08
-7.75696e-08
-7.76075e-08
-7.76453e-08
-7.76829e-08
-7.77203e-08
-7.77576e-08
-7.77947e-08
-7.78317e-08
-7.78685e-08
-7.79051e-08
-7.79417e-08
-7.7978e-08
-7.80142e-08
-7.80502e-08
-7.80861e-08
-7.81219e-08
-7.81575e-08
-7.81929e-08
-7.82282e-08
-7.82633e-08
-7.82983e-08
-7.83332e-08
-7.83679e-08
-7.84024e-08
-7.84369e-08
-7.84711e-08
-7.85053e-08
-7.85392e-08
-7.85731e-08
-7.86068e-08
-7.86404e-08
-7.86738e-08
-7.87071e-08
-7.87402e-08
-7.87732e-08
-7.88061e-08
-7.88388e-08
-7.88714e-08
-7.89039e-08
-7.89362e-08
-7.89684e-08
-7.90005e-08
-7.90324e-08
-7.90642e-08
-7.90959e-08
-7.91275e-08
-7.91589e-08
-7.91901e-08
-7.92213e-08
-7.92523e-08
-7.92832e-08
-7.9314e-08
-7.93447e-08
-7.93752e-08
-7.94056e-08
-7.94358e-08
-7.9466e-08
-7.9496e-08
-7.95259e-08
-7.95557e-08
-7.95854e-08
-7.96149e-08
-7.96443e-08
-7.96736e-08
-7.97028e-08
-7.97319e-08
-7.97608e-08
-7.97897e-08
-7.98184e-08
-7.9847e-08
-7.98755e-08
-7.99039e-08
-7.99321e-08
-7.99603e-08
-7.99883e-08
-8.00162e-08
-8.0044e-08
-8.00717e-08
-8.00993e-08
-8.01268e-08
-8.01541e-08
-8.01814e-08
-8.02085e-08
-8.02355e-08
-8.02625e-08
-8.02893e-08
-8.0316e-08
-8.03426e-08
-8.03691e-08
-8.03955e-08
-8.04218e-08
-8.0448e-08
-8.04741e-08
-8.05001e-08
-8.05259e-08
-8.05517e-08
-8.05774e-08
-8.0603e-08
-8.06284e-08
-8.06538e-08
-8.06791e-08
-8.07043e-08
-8.07293e-08
-8.07543e-08
-8.07792e-08
-8.0804e-08
-8.08287e-08
-8.08532e-08
-8.08777e-08
-8.09021e-08
-8.09264e-08
-8.09506e-08
-8.09747e-08
-8.09988e-08
-8.10227e-08
-8.10465e-08
-8.10703e-08
-8.10939e-08
-8.11175e-08
-8.11409e-08
-8.11643e-08
-8.11876e-08
-8.12108e-08
-8.12339e-08
-8.12569e-08
-8.12798e-08