0
-2.27734e-06
-4.3698e-06
-6.24704e-06
-7.92993e-06
-9.43847e-06
-1.07906e-05
-1.20023e-05
-1.30878e-05
-1.40598e-05
-1.49298e-05
-1.57079e-05
-1.64033e-05
-1.70241e-05
-1.75776e-05
-1.80706e-05
-1.8509e-05
-1.88981e-05
-1.92429e-05
-1.95477e-05
-1.98164e-05
-2.00525e-05
-2.02594e-05
-2.04399e-05
-2.05967e-05
-2.0732e-05
-2.08481e-05
-2.09469e-05
-2.10301e-05
-2.10994e-05
-2.11561e-05
-2.12015e-05
-2.12369e-05
-2.12632e-05
-2.12815e-05
-2.12926e-05
-2.12972e-05
-2.12962e-05
-2.129e-05
-2.12794e-05
-2.12648e-05
-2.12467e-05
-2.12255e-05
-2.12016e-05
-2.11753e-05
-2.11469e-05
-2.11168e-05
-2.10852e-05
-2.10522e-05
-2.10181e-05
-2.09832e-05
-2.09475e-05
-2.09112e-05
-2.08744e-05
-2.08372e-05
-2.07999e-05
-2.07623e-05
-2.07247e-05
-2.06871e-05
-2.06496e-05
-2.06122e-05
-2.0575e-05
-2.0538e-05
-2.05013e-05
-2.04648e-05
-2.04287e-05
-2.03929e-05
-2.03575e-05
-2.03225e-05
-2.02879e-05
-2.02537e-05
-2.02199e-05
-2.01865e-05
-2.01536e-05
-2.01211e-05
-2.0089e-05
-2.00574e-05
-2.00262e-05
-1.99955e-05
-1.99652e-05
-1.99353e-05
-1.99058e-05
-1.98768e-05
-1.98482e-05
-1.982e-05
-1.97922e-05
-1.97648e-05
-1.97378e-05
-1.97112e-05
-1.96849e-05
-1.9659e-05
-1.96335e-05
-1.96084e-05
-1.95836e-05
-1.95592e-05
-1.95351e-05
-1.95113e-05
-1.94878e-05
-1.94647e-05
-1.94418e-05
-1.94193e-05
-1.93971e-05
-1.93751e-05
-1.93535e-05
-1.93321e-05
-1.93109e-05
-1.92901e-05
-1.92695e-05
-1.92491e-05
-1.9229e-05
-1.92091e-05
-1.91895e-05
-1.91701e-05
-1.91509e-05
-1.9132e-05
-1.91132e-05
-1.90947e-05
-1.90763e-05
-1.90582e-05
-1.90402e-05
-1.90225e-05
-1.90049e-05
-1.89875e-05
-1.89703e-05
-1.89533e-05
-1.89364e-05
-1.89197e-05
-1.89032e-05
-1.88868e-05
-1.88705e-05
-1.88545e-05
-1.88385e-05
-1.88228e-05
-1.88071e-05
-1.87916e-05
-1.87763e-05
-1.8761e-05
-1.87459e-05
-1.8731e-05
-1.87161e-05
-1.87014e-05
-1.86868e-05
-1.86724e-05
-1.8658e-05
-1.86438e-05
-1.86296e-05
-1.86156e-05
-1.86017e-05
-1.85879e-05
-1.85742e-05
-1.85607e-05
-1.85472e-05
-1.85338e-05
-1.85205e-05
-1.85073e-05
-1.84942e-05
-1.84812e-05
-1.84683e-05
-1.84555e-05
-1.84428e-05
-1.84302e-05
-1.84176e-05
-1.84052e-05
-1.83928e-05
-1.83805e-05
-1.83683e-05
-1.83562e-05
-1.83441e-05
-1.83322e-05
-1.83203e-05
-1.83085e-05
-1.82968e-05
-1.82851e-05
-1.82736e-05
-1.82621e-05
-1.82507e-05
-1.82393e-05
-1.8228e-05
-1.82168e-05
-1.82057e-05
-1.81946e-05
-1.81836e-05
-1.81727e-05
-1.81619e-05
-1.81511e-05
-1.81404e-05
-1.81297e-05
-1.81191e-05
-1.81086e-05
-1.80982e-05
-1.80878e-05
-1.80774e-05
-1.80671e-05
-1.80569e-05
-1.80468e-05
-1.80367e-05
-1.80266e-05
-1.80166e-05
-1.80067e-05
-1.79968e-05
-1.7987e-05
-1.79772e-05
-1.79675e-05
-1.79579e-05
-1.79483e-05
-1.79388e-05
-1.79293e-05
-1.79199e-05
-1.79105e-05
-1.79012e-05
-1.78919e-05
-1.78827e-05
-1.78736e-05
-1.78645e-05
-1.78555e-05
-1.78465e-05
-1.78376e-05
-1.78287e-05
-1.78199e-05
-1.78111e-05
-1.78024e-05
-1.77937e-05
-1.77851e-05
-1.77766e-05
-1.77681e-05
-1.77597e-05
-1.77513e-05
-1.77429e-05
-1.77347e-05
-1.77264e-05
-1.77182e-05
-1.77101e-05
-1.7702e-05
-1.7694e-05
-1.7686e-05
-1.76781e-05
-1.76702e-05
-1.76624e-05
-1.76547e-05
-1.76469e-05
-1.76393e-05
-1.76316e-05
-1.76241e-05
-1.76166e-05
-1.76091e-05
-1.76017e-05
-1.75943e-05
-1.75869e-05
-1.75797e-05
-1.75724e-05
-1.75652e-05
-1.75581e-05
-1.7551e-05
-1.7544e-05
-1.7537e-05
-1.753e-05
-1.75231e-05
-1.75163e-05
-1.75094e-05
-1.75027e-05
-1.7496e-05
-1.74893e-05
-1.74826e-05
-1.74761e-05
-1.74695e-05
-1.7463e-05
-1.74566e-05
-1.74501e-05
-1.74438e-05
-1.74375e-05
-1.74312e-05
-1.74249e-05
-1.74187e-05
-1.74126e-05
-1.74065e-05
-1.74004e-05
-1.73944e-05
-1.73884e-05
-1.73824e-05
-1.73765e-05
-1.73707e-05
-1.73648e-05
-1.73591e-05
-1.73533e-05
-1.73476e-05
-1.7342e-05
-1.73363e-05
-1.73307e-05
-1.73252e-05
-1.73197e-05
-1.73142e-05
-1.73088e-05
-1.73034e-05
-1.7298e-05
-1.72927e-05
-1.72875e-05
-1.72822e-05
-1.7277e-05
-1.72718e-05
-1.72667e-05
-1.72616e-05
-1.72566e-05
-1.72515e-05
-1.72466e-05
-1.72416e-05
-1.72367e-05
-1.72318e-05
-1.7227e-05
-1.72222e-05
-1.72174e-05
-1.72126e-05
-1.72079e-05
-1.72033e-05
-1.71986e-05
-1.7194e-05
-1.71895e-05
-1.71849e-05
-1.71804e-05
-1.71759e-05
-1.71715e-05
-1.71671e-05
-1.71627e-05
-1.71584e-05
-1.71541e-05
-1.71498e-05
-1.71455e-05
-1.71413e-05
-1.71371e-05
-1.7133e-05
-1.71289e-05
-1.71248e-05
-1.71207e-05
-1.71167e-05
-1.71127e-05
-1.71087e-05
-1.71047e-05
-1.71008e-05
-1.70969e-05
-1.70931e-05
-1.70892e-05
-1.70854e-05
-1.70817e-05
-1.70779e-05
-1.70742e-05
-1.70705e-05
-1.70669e-05
-1.70632e-05
-1.70596e-05
-1.7056e-05
-1.70525e-05
-1.7049e-05
-1.70455e-05
-1.7042e-05
-1.70385e-05
-1.70351e-05
-1.70317e-05
-1.70283e-05
-1.7025e-05
-1.70217e-05
-1.70184e-05
-1.70151e-05
-1.70119e-05
-1.70086e-05
-1.70054e-05
-1.70023e-05
-1.69991e-05
-1.6996e-05
-1.69929e-05
-1.69898e-05
-1.69868e-05
-1.69837e-05
-1.69807e-05
-1.69777e-05
-1.69748e-05
-1.69718e-05
-1.69689e-05
-1.6966e-05
-1.69632e-05
-1.69603e-05
-1.69575e-05
-1.69547e-05
-1.69519e-05
-1.69491e-05
-1.69464e-05
-1.69436e-05
-1.69409e-05
-1.69383e-05
-1.69356e-05
-1.69329e-05
-1.69303e-05
-1.69277e-05
-1.69251e-05
-1.69226e-05
-1.692e-05
-1.69175e-05
-1.6915e-05
-1.69125e-05
-1.69101e-05
-1.69076e-05
-1.69052e-05
-1.69028e-05
-1.69004e-05
-1.6898e-05
-1.68957e-05
-1.68933e-05
-1.6891e-05
-1.68887e-05
-1.68864e-05
-1.68841e-05
-1.68819e-05
-1.68797e-05
-1.68775e-05
-1.68753e-05
-1.68731e-05
-1.68709e-05
-1.68688e-05
-1.68666e-05
-1.68645e-05
-1.68624e-05
-1.68603e-05
-1.68583e-05
-1.68562e-05
-1.68542e-05
-1.68522e-05
-1.68502e-05
-1.68482e-05
-1.68462e-05
-1.68442e-05
-1.68423e-05
-1.68404e-05
-1.68385e-05
-1.68366e-05
-1.68347e-05
-1.68328e-05
-1.6831e-05
-1.68291e-05
-1.68273e-05
-1.68255e-05
-1.68237e-05
-1.68219e-05
-1.68201e-05
-1.68184e-05
-1.68166e-05
-1.68149e-05
-1.68132e-05
-1.68115e-05
-1.68098e-05
-1.68081e-05
-1.68064e-05
-1.68048e-05
-1.68031e-05
-1.68015e-05
-1.67999e-05
-1.67983e-05
-1.67967e-05
-1.67951e-05
-1.67935e-05
-1.6792e-05
-1.67904e-05
-1.67889e-05
-1.67874e-05
-1.67859e-05
-1.67844e-05
-1.67829e-05
-1.67814e-05
-1.678e-05
-1.67785e-05
-1.67771e-05
-1.67756e-05
-1.67742e-05
-1.67728e-05
-1.67714e-05
-1.677e-05
-1.67686e-05
-1.67673e-05
-1.67659e-05
-1.67646e-05
-1.67632e-05
-1.67619e-05
-1.67606e-05
-1.67593e-05
-1.6758e-05
-1.67567e-05
-1.67554e-05
-1.67542e-05
-1.67529e-05
-1.67517e-05
-1.67504e-05
-1.67492e-05
-1.6748e-05
-1.67468e-05
-1.67456e-05
-1.67444e-05
-1.67432e-05
-1.6742e-05
-1.67409e-05
-1.67397e-05
-1.67385e-05
-1.67374e-05
-1.67363e-05
-1.67352e-05
-1.6734e-05
-1.67329e-05
-1.67318e-05
-1.67307e-05
-1.67297e-05
-1.67286e-05
-1.67275e-05
-1.67265e-05
-1.67254e-05
-1.67244e-05
-1.67233e-05
-1.67223e-05
-1.67213e-05
-1.67203e-05
-1.67193e-05
-1.67183e-05
-1.67173e-05
-1.67163e-05
-1.67153e-05
-1.67144e-05
-1.67134e-05
-1.67125e-05
-1.67115e-05
-1.67106e-05
-1.67097e-05
-1.67087e-05
-1.67078e-05
-1.67069e-05
-1.6706e-05
-1.67051e-05
-1.67042e-05
-1.67033e-05
-1.67024e-05
-1.67016e-05
-1.67007e-05
-1.66998e-05
-1.6699e-05
-1.66981e-05
-1.66973e-05
-1.66965e-05
-1.66956e-05
-1.66948e-05
-1.6694e-05
-1.66932e-05
-1.66924e-05
-1.66916e-05
-1.66908e-05
-1.669e-05
-1.66892e-05
-1.66885e-05
-1.66877e-05
-1.66869e-05
-1.66862e-05
-1.66854e-05
-1.66847e-05
-1.66839e-05
-1.66832e-05
-1.66825e-05
-1.66817e-05
-1.6681e-05
-1.66803e-05
-1.66796e-05
-1.66789e-05
-1.66782e-05
-1.66775e-05
-1.66768e-05
-1.66761e-05
-1.66754e-05
-1.66747e-05
-1.66741e-05
-1.66734e-05
-1.66727e-05
-1.66721e-05
-1.66714e-05
-1.66708e-05
-1.66701e-05
-1.66695e-05
-1.66689e-05
-1.66682e-05
-1.66676e-05
-1.6667e-05
-1.66664e-05
-1.66658e-05
-1.66652e-05
-1.66646e-05
-1.6664e-05
-1.66634e-05
-1.66628e-05
-1.66622e-05
-1.66616e-05
-1.6661e-05
-1.66604e-05
-1.66599e-05
-1.66593e-05
-1.66587e-05
-1.66582e-05
-1.66576e-05
-1.66571e-05
-1.66565e-05
-1.6656e-05
-1.66555e-05
-1.66549e-05
-1.66544e-05
-1.66539e-05
-1.66533e-05
-1.66528e-05
-1.66523e-05
-1.66518e-05
-1.66513e-05
-1.66508e-05
-1.66503e-05
-1.66498e-05
-1.66493e-05
-1.66488e-05
-1.66483e-05
-1.66478e-05
-1.66473e-05
-1.66468e-05
-1.66464e-05
-1.66459e-05
-1.66454e-05
-1.6645e-05
-1.66445e-05
-1.6644e-05
-1.66436e-05
-1.66431e-05
-1.66427e-05
-1.66422e-05
-1.66418e-05
-1.66413e-05
-1.66409e-05
-1.66405e-05
-1.664e-05
-1.66396e-05
-1.66392e-05
-1.66388e-05
-1.66383e-05
-1.66379e-05
-1.66375e-05
-1.66371e-05
-1.66367e-05
-1.66363e-05
-1.66359e-05
-1.66355e-05
-1.66351e-05
-1.66347e-05
-1.66343e-05
-1.66339e-05
-1.66335e-05
-1.66331e-05
-1.66327e-05
-1.66324e-05
-1.6632e-05
-1.66316e-05
-1.66312e-05
-1.66309e-05
-1.66305e-05
-1.66301e-05
-1.66298e-05
-1.66294e-05
-1.6629e-05
-1.66287e-05
-1.66283e-05
-1.6628e-05
-1.66276e-05
-1.66273e-05
-1.66269e-05
-1.66266e-05
-1.66263e-05
-1.66259e-05
-1.66256e-05
-1.66253e-05
-1.66249e-05
-1.66246e-05
-1.66243e-05
-1.66239e-05
-1.66236e-05
-1.66233e-05
-1.6623e-05
-1.66227e-05
-1.66223e-05
-1.6622e-05
-1.66217e-05
-1.66214e-05
-1.66211e-05
-1.66208e-05
-1.66205e-05
-1.66202e-05
-1.66199e-05
-1.66196e-05
-1.66193e-05
-1.6619e-05
-1.66187e-05
-1.66184e-05
-1.66182e-05
-1.66179e-05
-1.66176e-05
-1.66173e-05
-1.6617e-05
-1.66168e-05
-1.66165e-05
-1.66162e-05
-1.66159e-05
-1.66157e-05
-1.66154e-05
-1.66151e-05
-1.66149e-05
-1.66146e-05
-1.66143e-05
-1.66141e-05
-1.66138e-05
-1.66136e-05
-1.66133e-05
-1.6613e-05
-1.66128e-05
-1.66125e-05
-1.66123e-05
-1.6612e-05
-1.66118e-05
-1.66116e-05
-1.66113e-05
-1.66111e-05
-1.66108e-05
-1.66106e-05
-1.66104e-05
-1.66101e-05
-1.66099e-05
-1.66097e-05
-1.66094e-05
-1.66092e-05
-1.6609e-05
-1.66087e-05
-1.66085e-05
-1.66083e-05
-1.66081e-05
-1.66078e-05
-1.66076e-05
-1.66074e-05
-1.66072e-05
-1.6607e-05
-1.66068e-05
-1.66065e-05
-1.66063e-05
-1.66061e-05
-1.66059e-05
-1.66057e-05
-1.66055e-05
-1.66053e-05
-1.66051e-05
-1.66049e-05
-1.66047e-05
-1.66045e-05
-1.66043e-05
-1.66041e-05
-1.66039e-05
-1.66037e-05
-1.66035e-05
-1.66033e-05
-1.66031e-05
-1.66029e-05
-1.66027e-05
-1.66026e-05
-1.66024e-05
-1.66022e-05
-1.6602e-05
-1.66018e-05
-1.66016e-05
-1.66014e-05
-1.66013e-05
-1.66011e-05
-1.66009e-05
-1.66007e-05
-1.66006e-05
-1.66004e-05
-1.66002e-05
-1.66e-05
-1.65999e-05
-1.65997e-05
-1.65995e-05
-1.65994e-05
-1.65992e-05
-1.6599e-05
-1.65989e-05
-1.65987e-05
-1.65985e-05
-1.65984e-05
-1.65982e-05
-1.6598e-05
-1.65979e-05
-1.65977e-05
-1.65976e-05
-1.65974e-05
-1.65973e-05
-1.65971e-05
-1.65969e-05
-1.65968e-05
-1.65966e-05
-1.65965e-05
-1.65963e-05
-1.65962e-05
-1.6596e-05
-1.65959e-05
-1.65957e-05
-1.65956e-05
-1.65955e-05
-1.65953e-05
-1.65952e-05
-1.6595e-05
-1.65949e-05
-1.65947e-05
-1.65946e-05
-1.65945e-05
-1.65943e-05
-1.65942e-05
-1.6594e-05
-1.65939e-05
-1.65938e-05
-1.65936e-05
-1.65935e-05
-1.65934e-05
-1.65932e-05
-1.65931e-05
-1.6593e-05
-1.65929e-05
-1.65927e-05
-1.65926e-05
-1.65925e-05
-1.65923e-05
-1.65922e-05
-1.65921e-05
-1.6592e-05
-1.65918e-05
-1.65917e-05
-1.65916e-05
-1.65915e-05
-1.65914e-05
-1.65912e-05
-1.65911e-05
-1.6591e-05
-1.65909e-05
-1.65908e-05
-1.65906e-05
-1.65905e-05
-1.65904e-05
-1.65903e-05
-1.65902e-05
-1.65901e-05
-1.659e-05
-1.65899e-05
-1.65897e-05
-1.65896e-05
-1.65895e-05
-1.65894e-05
-1.65893e-05
-1.65892e-05
-1.65891e-05
-1.6589e-05
-1.65889e-05
-1.65888e-05
-1.65887e-05
-1.65886e-05
-1.65885e-05
-1.65884e-05
-1.65883e-05
-1.65882e-05
-1.65881e-05
-1.6588e-05
-1.65879e-05
-1.65878e-05
-1.65877e-05
-1.65876e-05
-1.65875e-05
-1.65874e-05
-1.65873e-05
-1.65872e-05
-1.65871e-05
-1.6587e-05
-1.65869e-05
-1.65868e-05
-1.65867e-05
-1.65866e-05
-1.65865e-05
-1.65864e-05
-1.65863e-05
-1.65862e-05
-1.65861e-05
-1.65861e-05
-1.6586e-05
-1.65859e-05
-1.65858e-05
-1.65857e-05
-1.65856e-05
-1.65855e-05
-1.65854e-05
-1.65854e-05
-1.65853e-05
-1.65852e-05
-1.65851e-05
-1.6585e-05
-1.65849e-05
-1.65849e-05
-1.65848e-05
-1.65847e-05
-1.65846e-05
-1.65845e-05
-1.65845e-05
-1.65844e-05
-1.65843e-05
-1.65842e-05
-1.65841e-05
-1.65841e-05
-1.6584e-05
-1.65839e-05
-1.65838e-05
-1.65838e-05
-1.65837e-05
-1.65836e-05
-1.65835e-05
-1.65835e-05
-1.65834e-05
-1.65833e-05
-1.65832e-05
-1.65832e-05
-1.65831e-05
-1.6583e-05
-1.6583e-05
-1.65829e-05
-1.65828e-05
-1.65827e-05
-1.65827e-05
-1.65826e-05
-1.65825e-05
-1.65825e-05
-1.65824e-05
-1.65823e-05
-1.65823e-05
-1.65822e-05
-1.65821e-05
-1.65821e-05
-1.6582e-05
-1.65819e-05
-1.65819e-05
-1.65818e-05
-1.65817e-05
-1.65817e-05
-1.65816e-05
-1.65816e-05
-1.65815e-05
-1.65814e-05
-1.65814e-05
-1.65813e-05
-1.65812e-05
-1.65812e-05
-1.65811e-05
-1.65811e-05
-1.6581e-05
-1.65809e-05
-1.65809e-05
-1.65808e-05
-1.65808e-05
-1.65807e-05
-1.65807e-05
-1.65806e-05
-1.65805e-05
-1.65805e-05
-1.65804e-05
-1.65804e-05
-1.65803e-05
-1.65803e-05
-1.65802e-05
-1.65802e-05
-1.65801e-05
-1.658e-05
-1.658e-05
-1.65799e-05
-1.65799e-05
-1.65798e-05
-1.65798e-05
-1.65797e-05
-1.65797e-05
-1.65796e-05
-1.65796e-05
-1.65795e-05
-1.65795e-05
-1.65794e-05
-1.65794e-05
-1.65793e-05
-1.65793e-05
-1.65792e-05
-1.65792e-05
-1.65791e-05
-1.65791e-05
-1.6579e-05
-1.6579e-05
-1.65789e-05
-1.65789e-05
-1.65788e-05
-1.65788e-05
-1.65788e-05
-1.65787e-05
-1.65787e-05
-3.29269e-05
-5.26125e-05
-7.05791e-05
-8.55893e-05
-9.76656e-05
-0.00010718
-0.00011456
-0.000120198
-0.000124432
-0.000127548
-0.000129784
-0.000131341
-0.000132384
-0.000133056
-0.000133474
-0.00013374
-0.000133942
-0.000134155
-0.000134448
-0.000134884
-0.000135523
-0.000136426
-0.000137653
-0.000139275
-0.000141372
-0.000144042
-0.000147408
-0.000151635
-0.000156946
-0.000163669
-0.000172294
-0.000183616
-0.000199036
-0.000221317
-0.000256903
-0.000324544
-0.000484153
-0.000783941
-0.00107857
-0.00119422
-0.00121158
-0.00118802
-0.00114863
-0.00110283
-0.001053
-0.000998485
-0.000937222
-0.000866262
-0.000782148
-0.000681611
-0.000563157
-0.000429812
-0.000291684
-0.000164523
-6.23489e-05
9.93702e-06
5.65574e-05
8.53268e-05
0.000103029
0.000114021
0.0001207
0.000124316
0.000125536
0.000124756
0.000122247
0.000118223
0.000112866
0.000106345
9.88177e-05
9.04363e-05
8.13441e-05
7.16761e-05
6.15584e-05
5.11068e-05
4.04267e-05
2.96121e-05
1.87459e-05
7.89983e-06
-2.86522e-06
-1.34983e-05
-2.39577e-05
-3.42106e-05
-4.42326e-05
-5.40058e-05
-6.35184e-05
-7.27637e-05
-8.17416e-05
-9.04548e-05
-9.89084e-05
-0.000107113
-0.00011508
-0.000122823
-0.00013036
-0.000137706
-0.000144886
-0.000151917
-0.000158826
-0.000165637
-0.00017238
-0.000179084
-0.000185787
-0.00019252
-0.000199332
-0.000206265
-0.000213372
-0.000220707
-0.000228333
-0.000236314
-0.000244723
-0.000253632
-0.000263118
-0.000273254
-0.000284105
-0.000295718
-0.000308108
-0.00032124
-0.000334999
-0.000349153
-0.000363328
-0.000376969
-0.000389336
-0.000399543
-0.000406671
-0.000409925
-0.000408803
-0.000403198
-0.000393228
-0.000379302
-0.000361967
-0.000341786
-0.000319276
-0.000294894
-0.000269068
-0.000242236
-0.000214881
-0.000187561
-0.000160907
-0.000135587
-0.000112244
-9.14066e-05
-7.34093e-05
-5.83603e-05
-4.61404e-05
-3.64596e-05
-2.8933e-05
-2.31553e-05
-1.87482e-05
-1.53886e-05
-1.28161e-05
-1.08301e-05
-9.28092e-06
-8.05839e-06
-7.08256e-06
-6.29542e-06
-5.65475e-06
-5.12952e-06
-4.69664e-06
-4.33861e-06
-4.04198e-06
-3.79622e-06
-3.59294e-06
-3.42538e-06
-3.28802e-06
-3.17627e-06
-3.08635e-06
-3.01506e-06
-2.95972e-06
-2.91803e-06
-2.88809e-06
-2.86822e-06
-2.85703e-06
-2.85332e-06
-2.85605e-06
-2.86435e-06
-2.87745e-06
-2.89471e-06
-2.91557e-06
-2.93955e-06
-2.96623e-06
-2.99525e-06
-3.02632e-06
-3.05916e-06
-3.09354e-06
-3.12927e-06
-3.16618e-06
-3.20411e-06
-3.24293e-06
-3.28254e-06
-3.32283e-06
-3.36373e-06
-3.40514e-06
-3.44701e-06
-3.48928e-06
-3.53189e-06
-3.57481e-06
-3.61798e-06
-3.66138e-06
-3.70497e-06
-3.74872e-06
-3.7926e-06
-3.83659e-06
-3.88067e-06
-3.92481e-06
-3.969e-06
-4.01321e-06
-4.05744e-06
-4.10167e-06
-4.14587e-06
-4.19005e-06
-4.23418e-06
-4.27825e-06
-4.32224e-06
-4.36616e-06
-4.40998e-06
-4.4537e-06
-4.4973e-06
-4.54078e-06
-4.58412e-06
-4.62731e-06
-4.67036e-06
-4.71324e-06
-4.75595e-06
-4.79847e-06
-4.84081e-06
-4.88296e-06
-4.92489e-06
-4.96662e-06
-5.00812e-06
-5.0494e-06
-5.09045e-06
-5.13125e-06
-5.1718e-06
-5.2121e-06
-5.25214e-06
-5.2919e-06
-5.3314e-06
-5.37062e-06
-5.40955e-06
-5.44819e-06
-5.48653e-06
-5.52457e-06
-5.5623e-06
-5.59973e-06
-5.63683e-06
-5.67362e-06
-5.71008e-06
-5.7462e-06
-5.782e-06
-5.81746e-06
-5.85257e-06
-5.88735e-06
-5.92177e-06
-5.95584e-06
-5.98955e-06
-6.02291e-06
-6.0559e-06
-6.08854e-06
-6.1208e-06
-6.15269e-06
-6.18422e-06
-6.21537e-06
-6.24614e-06
-6.27654e-06
-6.30656e-06
-6.33619e-06
-6.36545e-06
-6.39432e-06
-6.4228e-06
-6.4509e-06
-6.47861e-06
-6.50593e-06
-6.53286e-06
-6.5594e-06
-6.58555e-06
-6.6113e-06
-6.63667e-06
-6.66164e-06
-6.68622e-06
-6.71041e-06
-6.7342e-06
-6.75761e-06
-6.78062e-06
-6.80323e-06
-6.82546e-06
-6.84729e-06
-6.86873e-06
-6.88978e-06
-6.91044e-06
-6.93071e-06
-6.95059e-06
-6.97008e-06
-6.98919e-06
-7.00791e-06
-7.02624e-06
-7.04419e-06
-7.06176e-06
-7.07895e-06
-7.09575e-06
-7.11218e-06
-7.12823e-06
-7.1439e-06
-7.1592e-06
-7.17413e-06
-7.18869e-06
-7.20288e-06
-7.2167e-06
-7.23015e-06
-7.24324e-06
-7.25597e-06
-7.26834e-06
-7.28035e-06
-7.29201e-06
-7.3033e-06
-7.31425e-06
-7.32485e-06
-7.33509e-06
-7.34499e-06
-7.35455e-06
-7.36376e-06
-7.37263e-06
-7.38116e-06
-7.38936e-06
-7.39723e-06
-7.40476e-06
-7.41196e-06
-7.41884e-06
-7.42539e-06
-7.43162e-06
-7.43754e-06
-7.44313e-06
-7.44841e-06
-7.45338e-06
-7.45804e-06
-7.46239e-06
-7.46644e-06
-7.47018e-06
-7.47363e-06
-7.47678e-06
-7.47963e-06
-7.4822e-06
-7.48447e-06
-7.48646e-06
-7.48816e-06
-7.48959e-06
-7.49073e-06
-7.4916e-06
-7.4922e-06
-7.49252e-06
-7.49258e-06
-7.49238e-06
-7.49191e-06
-7.49118e-06
-7.4902e-06
-7.48896e-06
-7.48747e-06
-7.48573e-06
-7.48375e-06
-7.48152e-06
-7.47906e-06
-7.47635e-06
-7.47341e-06
-7.47025e-06
-7.46685e-06
-7.46322e-06
-7.45937e-06
-7.45531e-06
-7.45102e-06
-7.44652e-06
-7.4418e-06
-7.43688e-06
-7.43175e-06
-7.42642e-06
-7.42088e-06
-7.41515e-06
-7.40922e-06
-7.4031e-06
-7.39679e-06
-7.39029e-06
-7.38361e-06
-7.37675e-06
-7.3697e-06
-7.36248e-06
-7.35509e-06
-7.34753e-06
-7.33979e-06
-7.33189e-06
-7.32383e-06
-7.3156e-06
-7.30722e-06
-7.29868e-06
-7.28999e-06
-7.28115e-06
-7.27216e-06
-7.26303e-06
-7.25375e-06
-7.24434e-06
-7.23479e-06
-7.22511e-06
-7.2153e-06
-7.20536e-06
-7.1953e-06
-7.18511e-06
-7.17481e-06
-7.16438e-06
-7.15385e-06
-7.1432e-06
-7.13244e-06
-7.12158e-06
-7.11062e-06
-7.09955e-06
-7.08839e-06
-7.07713e-06
-7.06577e-06
-7.05433e-06
-7.04279e-06
-7.03117e-06
-7.01947e-06
-7.00769e-06
-6.99583e-06
-6.98389e-06
-6.97188e-06
-6.9598e-06
-6.94765e-06
-6.93543e-06
-6.92315e-06
-6.9108e-06
-6.8984e-06
-6.88594e-06
-6.87343e-06
-6.86086e-06
-6.84825e-06
-6.83558e-06
-6.82287e-06
-6.81012e-06
-6.79733e-06
-6.78449e-06
-6.77163e-06
-6.75872e-06
-6.74579e-06
-6.73282e-06
-6.71982e-06
-6.7068e-06
-6.69376e-06
-6.68069e-06
-6.66761e-06
-6.6545e-06
-6.64139e-06
-6.62826e-06
-6.61512e-06
-6.60198e-06
-6.58883e-06
-6.57568e-06
-6.56253e-06
-6.54938e-06
-6.53623e-06
-6.52309e-06
-6.50995e-06
-6.49682e-06
-6.4837e-06
-6.47059e-06
-6.4575e-06
-6.44442e-06
-6.43135e-06
-6.4183e-06
-6.40528e-06
-6.39227e-06
-6.37928e-06
-6.36632e-06
-6.35339e-06
-6.34048e-06
-6.3276e-06
-6.31476e-06
-6.30194e-06
-6.28916e-06
-6.27641e-06
-6.2637e-06
-6.25102e-06
-6.23839e-06
-6.22579e-06
-6.21324e-06
-6.20074e-06
-6.18827e-06
-6.17586e-06
-6.16349e-06
-6.15117e-06
-6.1389e-06
-6.12668e-06
-6.11452e-06
-6.10241e-06
-6.09036e-06
-6.07836e-06
-6.06642e-06
-6.05454e-06
-6.04272e-06
-6.03097e-06
-6.01928e-06
-6.00765e-06
-5.99608e-06
-5.98459e-06
-5.97316e-06
-5.9618e-06
-5.9505e-06
-5.93928e-06
-5.92812e-06
-5.91703e-06
-5.90602e-06
-5.89507e-06
-5.8842e-06
-5.8734e-06
-5.86267e-06
-5.85203e-06
-5.84145e-06
-5.83096e-06
-5.82055e-06
-5.81022e-06
-5.79997e-06
-5.7898e-06
-5.77972e-06
-5.76972e-06
-5.75981e-06
-5.74998e-06
-5.74024e-06
-5.7306e-06
-5.72104e-06
-5.71157e-06
-5.7022e-06
-5.69291e-06
-5.68372e-06
-5.67463e-06
-5.66563e-06
-5.65672e-06
-5.64791e-06
-5.6392e-06
-5.63058e-06
-5.62206e-06
-5.61365e-06
-5.60533e-06
-5.59711e-06
-5.58899e-06
-5.58097e-06
-5.57306e-06
-5.56524e-06
-5.55753e-06
-5.54993e-06
-5.54242e-06
-5.53502e-06
-5.52773e-06
-5.52054e-06
-5.51345e-06
-5.50648e-06
-5.4996e-06
-5.49284e-06
-5.48618e-06
-5.47963e-06
-5.47319e-06
-5.46685e-06
-5.46063e-06
-5.45451e-06
-5.4485e-06
-5.4426e-06
-5.43681e-06
-5.43113e-06
-5.42556e-06
-5.42011e-06
-5.41476e-06
-5.40952e-06
-5.4044e-06
-5.39938e-06
-5.39449e-06
-5.38971e-06
-5.38505e-06
-5.38051e-06
-5.37608e-06
-5.37177e-06
-5.36759e-06
-5.36352e-06
-5.35956e-06
-5.35573e-06
-5.35201e-06
-5.34841e-06
-5.34493e-06
-5.34157e-06
-5.33832e-06
-5.33519e-06
-5.33217e-06
-5.32928e-06
-5.32649e-06
-5.32383e-06
-5.32128e-06
-5.31884e-06
-5.31652e-06
-5.31431e-06
-5.31222e-06
-5.31024e-06
-5.30838e-06
-5.30663e-06
-5.305e-06
-5.30348e-06
-5.30207e-06
-5.30078e-06
-5.2996e-06
-5.29853e-06
-5.29758e-06
-5.29674e-06
-5.29601e-06
-5.2954e-06
-5.2949e-06
-5.29451e-06
-5.29423e-06
-5.29406e-06
-5.29401e-06
-5.29407e-06
-5.29423e-06
-5.2945e-06
-5.29488e-06
-5.29537e-06
-5.29596e-06
-5.29665e-06
-5.29745e-06
-5.29835e-06
-5.29936e-06
-5.30047e-06
-5.30169e-06
-5.30301e-06
-5.30444e-06
-5.30597e-06
-5.3076e-06
-5.30934e-06
-5.31119e-06
-5.31314e-06
-5.3152e-06
-5.31736e-06
-5.31963e-06
-5.32201e-06
-5.32449e-06
-5.32707e-06
-5.32976e-06
-5.33256e-06
-5.33546e-06
-5.33846e-06
-5.34157e-06
-5.34479e-06
-5.34811e-06
-5.35153e-06
-5.35506e-06
-5.3587e-06
-5.36243e-06
-5.36627e-06
-5.37022e-06
-5.37426e-06
-5.37841e-06
-5.38266e-06
-5.38702e-06
-5.39147e-06
-5.39603e-06
-5.40069e-06
-5.40545e-06
-5.41031e-06
-5.41527e-06
-5.42033e-06
-5.42549e-06
-5.43075e-06
-5.43611e-06
-5.44157e-06
-5.44713e-06
-5.45278e-06
-5.45853e-06
-5.46438e-06
-5.47033e-06
-5.47637e-06
-5.48251e-06
-5.48875e-06
-5.49508e-06
-5.5015e-06
-5.50802e-06
-5.51464e-06
-5.52134e-06
-5.52814e-06
-5.53504e-06
-5.54203e-06
-5.5491e-06
-5.55628e-06
-5.56354e-06
-5.57089e-06
-5.57834e-06
-5.58587e-06
-5.59351e-06
-5.60124e-06
-5.60906e-06
-5.61698e-06
-5.625e-06
-5.63312e-06
-5.64133e-06
-5.64964e-06
-5.65804e-06
-5.66654e-06
-5.67512e-06
-5.68381e-06
-5.69258e-06
-5.70144e-06
-5.7104e-06
-5.71944e-06
-5.72857e-06
-5.73779e-06
-5.74709e-06
-5.75648e-06
-5.76595e-06
-5.77551e-06
-5.78516e-06
-5.79488e-06
-5.80469e-06
-5.81457e-06
-5.82454e-06
-5.83459e-06
-5.84472e-06
-5.85492e-06
-5.86521e-06
-5.87557e-06
-5.88601e-06
-5.89652e-06
-5.90711e-06
-5.91778e-06
-5.92852e-06
-5.93933e-06
-5.95022e-06
-5.96118e-06
-5.97221e-06
-5.98332e-06
-5.9945e-06
-6.00575e-06
-6.01706e-06
-6.02845e-06
-6.03991e-06
-6.05144e-06
-6.06304e-06
-6.0747e-06
-6.08643e-06
-6.09823e-06
-6.1101e-06
-6.12203e-06
-6.13403e-06
-6.14609e-06
-6.15822e-06
-6.17041e-06
-6.18266e-06
-6.19497e-06
-6.20734e-06
-6.21976e-06
-6.23223e-06
-6.24477e-06
-6.25735e-06
-6.26999e-06
-6.28269e-06
-6.29543e-06
-6.30824e-06
-6.32109e-06
-6.334e-06
-6.34696e-06
-6.35998e-06
-6.37304e-06
-6.38617e-06
-6.39934e-06
-6.41257e-06
-6.42585e-06
-6.43918e-06
-6.45257e-06
-6.46601e-06
-6.4795e-06
-6.49304e-06
-6.50664e-06
-6.52029e-06
-6.53398e-06
-6.54773e-06
-6.56153e-06
-6.57538e-06
-6.58929e-06
-6.60324e-06
-6.61724e-06
-6.63129e-06
-6.64539e-06
-6.65954e-06
-6.67373e-06
-6.68798e-06
-6.70227e-06
-6.71661e-06
-6.731e-06
-6.74543e-06
-6.75991e-06
-6.77443e-06
-6.789e-06
-6.80362e-06
-6.81828e-06
-6.83298e-06
-6.84773e-06
-6.86252e-06
-6.87735e-06
-6.89223e-06
-6.90715e-06
-6.92211e-06
-6.93711e-06
-6.95215e-06
-6.96723e-06
-6.98236e-06
-6.99752e-06
-7.01272e-06
-7.02796e-06
-7.04324e-06
-7.05855e-06
-7.07391e-06
-7.0893e-06
-7.10473e-06
-7.12019e-06
-7.13569e-06
-7.15123e-06
-7.1668e-06
-7.1824e-06
-7.19804e-06
-7.21372e-06
-7.22942e-06
-7.24516e-06
-7.26093e-06
-7.27674e-06
-7.29258e-06
-7.30844e-06
-7.32434e-06
-7.34028e-06
-7.35624e-06
-7.37225e-06
-7.38829e-06
-7.40438e-06
-7.4205e-06
-7.43666e-06
-7.45285e-06
-7.46908e-06
-7.48535e-06
-7.50166e-06
-7.518e-06
-7.53437e-06
-7.55078e-06
-7.56722e-06
-7.58369e-06
-7.60019e-06
-7.61672e-06
-7.63328e-06
-7.64987e-06
-7.66648e-06
-7.68312e-06
-7.69979e-06
-7.71648e-06
-7.7332e-06
-7.74994e-06
-7.7667e-06
-7.78348e-06
-7.80029e-06
-7.81712e-06
-7.83397e-06
-7.85083e-06
-7.86772e-06
-7.88463e-06
-7.90155e-06
-7.91849e-06
-7.93545e-06
-7.95243e-06
-7.96942e-06
-7.98643e-06
-8.00345e-06
-8.02049e-06
-8.03754e-06
-8.05461e-06
-8.07169e-06
-8.08878e-06
-8.10589e-06
-8.12301e-06
-8.14014e-06
-8.15728e-06
-8.17443e-06
-8.1916e-06
-8.20877e-06
-8.22596e-06
-8.24315e-06
-8.26036e-06
-8.27757e-06
-8.29479e-06
-8.31202e-06
-8.32926e-06
-8.34651e-06
-8.36376e-06
-8.38102e-06
-8.39829e-06
-8.41556e-06
-8.43284e-06
-8.45012e-06
-8.46741e-06
-8.48471e-06
-8.50201e-06
-8.51931e-06
-8.53662e-06
-8.55393e-06
-8.57125e-06
-8.58856e-06
-8.60588e-06
-8.62321e-06
-8.64053e-06
-8.65786e-06
-8.67519e-06
-8.69252e-06
-8.70985e-06
-8.72718e-06
-8.74451e-06
-8.76184e-06
-8.77917e-06
-8.7965e-06
-8.81383e-06
-8.83116e-06
-8.84848e-06
-8.86581e-06
-8.88313e-06
-8.90045e-06
-8.91776e-06
-8.93508e-06
-8.95239e-06
-8.9697e-06
-8.987e-06
-9.0043e-06
-9.02159e-06
-9.03888e-06
-9.05617e-06
-9.07345e-06
-9.09072e-06
-9.10799e-06
-9.12525e-06
-9.14251e-06
-9.15976e-06
-9.177e-06
-9.19424e-06
-9.21147e-06
-9.22869e-06
-9.2459e-06
-9.2631e-06
-9.2803e-06
-9.29749e-06
-9.31467e-06
-9.33184e-06
-9.349e-06
-9.36615e-06
-9.38329e-06
-9.40042e-06
-9.41754e-06
-9.43465e-06
-9.45175e-06
-9.46883e-06
-9.48591e-06
-9.50297e-06
-9.52003e-06
-9.53707e-06
-9.5541e-06
-9.57111e-06
-9.58812e-06
-9.60511e-06
-9.62208e-06
-9.63905e-06
-9.656e-06
-9.67293e-06
-9.68986e-06
-9.70676e-06
-9.72366e-06
-9.74054e-06
-9.7574e-06
-9.77425e-06
-9.79108e-06
-9.8079e-06
-9.8247e-06
-9.84149e-06
-9.85825e-06
-9.875e-06
-9.89173e-06
-9.90844e-06
-9.92512e-06
-9.94179e-06
-9.95843e-06
-9.97506e-06
-9.99166e-06
-1.00082e-05
-1.00248e-05
-1.00413e-05
-1.00579e-05
-1.00744e-05
-1.00908e-05
-1.01073e-05
-1.01237e-05
-1.01401e-05
-1.01565e-05
-1.01729e-05
-1.01892e-05
-1.02056e-05
-1.02219e-05
-1.02382e-05
-1.02544e-05
-1.02707e-05
-1.02869e-05
-1.03031e-05
-1.03193e-05
-1.03354e-05
-1.03516e-05
-1.03677e-05
-1.03838e-05
-1.03999e-05
-1.04159e-05
-1.0432e-05
-1.0448e-05
-1.04639e-05
-1.04799e-05
-1.04959e-05
-1.05118e-05
-1.05277e-05
-1.05436e-05
-1.05594e-05
-1.05752e-05
-1.05911e-05
-1.06068e-05
-1.06226e-05
-1.06383e-05
-1.06541e-05
-1.06698e-05
-1.06854e-05
-1.07011e-05
-1.07167e-05
-1.07323e-05
-1.07479e-05
-1.07634e-05
-1.0779e-05
-1.07945e-05
-1.08099e-05
-1.08254e-05
-1.08408e-05
-1.08562e-05
-1.08716e-05
-1.0887e-05
-1.09023e-05
-1.09176e-05
-1.09329e-05
-1.09482e-05
-1.09634e-05
-1.09786e-05
-1.09938e-05
-1.10089e-05
-1.10241e-05
-1.10392e-05
-1.10542e-05
-1.10693e-05
-1.10843e-05
-1.10993e-05
-1.11143e-05
-1.11292e-05
-1.11441e-05
-1.1159e-05
-1.11739e-05
-1.11887e-05
-1.12035e-05
-1.12183e-05
-1.12331e-05
-1.12478e-05
-1.12625e-05
-1.12772e-05
-1.12918e-05
-1.13065e-05
-1.13211e-05
-1.13356e-05
-1.13502e-05
-1.13647e-05
-1.13792e-05
-1.13937e-05
-1.14082e-05
-1.14226e-05
-1.1437e-05
-1.14514e-05
-1.14658e-05
-1.14802e-05
-1.14945e-05
-1.15088e-05
-1.15231e-05
-1.15373e-05
-1.15516e-05
-1.15658e-05
-1.15799e-05
-1.15941e-05
-1.16082e-05
-1.16223e-05
-1.16364e-05
-1.16504e-05
-1.16644e-05
-1.16784e-05
-1.16924e-05
-1.17063e-05
-1.17202e-05
-1.17341e-05
-1.1748e-05
-1.17618e-05
-1.17756e-05
-1.17893e-05
-1.18031e-05
-1.18168e-05
-1.18304e-05
-1.18441e-05
-1.18577e-05
-1.18713e-05
-1.18848e-05
-1.18984e-05
-1.19118e-05
-1.19253e-05
-1.19387e-05
-1.19521e-05
-1.19655e-05
-1.19789e-05
-1.19922e-05
-1.20055e-05
-1.20187e-05
-1.20319e-05
-1.20451e-05
-1.20583e-05
-1.20714e-05
-1.20845e-05
-1.20976e-05
-1.21106e-05
-1.21236e-05
-1.21366e-05
-1.21496e-05
-1.21625e-05
-1.21754e-05
-1.21882e-05
-1.2201e-05
-1.22138e-05
-1.22266e-05
-1.22393e-05
-1.2252e-05
-1.22647e-05
-1.22773e-05
-1.22899e-05
-1.23025e-05
-1.2315e-05
-1.23276e-05
-1.234e-05
-1.23525e-05
-1.23649e-05
-1.23773e-05
-1.23897e-05
-1.2402e-05
-1.24143e-05
-1.24265e-05
-1.24388e-05
-1.2451e-05
-1.24632e-05
-1.24753e-05
-1.24874e-05
-1.24995e-05
-1.25115e-05
-1.25236e-05
-1.25355e-05
-1.25475e-05
-1.25594e-05
-1.25713e-05
-1.25832e-05
-1.2595e-05
-1.26068e-05
-1.26186e-05
-1.26303e-05
-1.2642e-05
-1.26537e-05
-1.26654e-05
-1.2677e-05
-1.26886e-05
-1.27001e-05
-1.27116e-05
-1.27231e-05
-1.27346e-05
-1.2746e-05
-1.27574e-05
-1.27688e-05
-1.27801e-05
-1.27915e-05
-1.28027e-05
-1.2814e-05
-1.28252e-05
-1.28364e-05
-1.28475e-05
-1.28587e-05
-1.28698e-05
-1.28808e-05
-1.28919e-05
-1.29029e-05
-1.29138e-05
-1.29248e-05
-1.29357e-05
-1.29466e-05
-1.29574e-05
-1.29683e-05
-1.29791e-05
-1.29898e-05
-1.30006e-05
-1.30113e-05
-1.30219e-05
-1.30326e-05
-1.30432e-05
-1.30538e-05
-1.30643e-05
-1.30749e-05
-1.30854e-05
-1.30958e-05
-1.31063e-05
-1.31167e-05
-1.3127e-05
-1.31374e-05
-1.31477e-05
-1.3158e-05
-1.31683e-05
-1.31785e-05
-1.31887e-05
-1.31988e-05
-1.3209e-05
-1.32191e-05
-1.32292e-05
-1.32392e-05
-1.32493e-05
-1.32593e-05
-1.32692e-05
-1.32792e-05
-1.32891e-05
-1.32989e-05
-1.33088e-05
-1.33186e-05
-1.33284e-05
-1.33382e-05
-1.33479e-05
-1.33576e-05
-1.33673e-05
-1.33769e-05
-1.33866e-05
-1.33961e-05
-1.34057e-05
-1.34152e-05
-1.34247e-05
-1.34342e-05
-1.34437e-05
-1.34531e-05
-1.34625e-05
-1.34719e-05
-1.34812e-05
-1.34905e-05
-1.34998e-05
-1.3509e-05
-1.35183e-05
-1.35275e-05
-1.35366e-05
-1.35458e-05
-1.35549e-05
-1.3564e-05
-1.3573e-05
-1.35821e-05
-1.35911e-05
-1.36e-05
-1.3609e-05
-1.36179e-05
-1.36268e-05
-1.36357e-05
-1.36445e-05
-1.36533e-05
-1.36621e-05
-1.36709e-05
-1.36796e-05
-1.36883e-05
-1.3697e-05
-1.37057e-05
-1.37143e-05
-1.37229e-05
-1.37315e-05
-1.374e-05
-1.37485e-05
-1.3757e-05
-1.37655e-05
-1.37739e-05
-1.37823e-05
-1.37907e-05
-1.37991e-05
-1.38074e-05
-1.38157e-05
-1.3824e-05
-1.38323e-05
-1.38405e-05
-1.38487e-05
-1.38569e-05
-1.3865e-05
-1.38732e-05
-1.38813e-05
-1.38893e-05
-1.38974e-05
-1.39054e-05
-1.39134e-05
-1.39214e-05
-1.39293e-05
-1.39373e-05
-1.39452e-05
-1.3953e-05
-1.39609e-05
-1.39687e-05
-1.39765e-05
-1.39843e-05
-1.3992e-05
-1.39998e-05
-1.40075e-05
-1.40151e-05
-1.40228e-05
-1.40304e-05
-1.4038e-05
-1.40456e-05
-1.40532e-05
-1.40607e-05
-1.40682e-05
-1.40757e-05
-1.40831e-05
-1.40906e-05
-1.4098e-05
-1.41054e-05
-1.41127e-05
-1.41201e-05
-1.41274e-05
-1.41347e-05
-1.41419e-05
-1.41492e-05
-1.41564e-05
-1.41636e-05
-1.41708e-05
-1.41779e-05
-1.4185e-05
-1.41921e-05
-1.41992e-05
-1.42063e-05
-1.42133e-05
-1.42203e-05
-1.42273e-05
-1.42343e-05
-1.42412e-05
-1.42481e-05
-1.4255e-05
-1.42619e-05
-1.42687e-05
-1.42756e-05
-1.42824e-05
-1.42892e-05
-1.42959e-05
-1.43027e-05
-1.43094e-05
-1.43161e-05
-1.43227e-05
-1.43294e-05
-1.4336e-05
-1.43426e-05
-1.43492e-05
-1.43558e-05
-1.43623e-05
-1.43688e-05
-1.43753e-05
-1.43818e-05
-1.43883e-05
-1.43947e-05
-1.44011e-05
-1.44075e-05
-1.44139e-05
-1.44202e-05
-1.44266e-05
-1.44329e-05
-1.44391e-05
-1.44454e-05
-1.44516e-05
-1.44579e-05
-1.44641e-05
-1.44703e-05
-1.44764e-05
-1.44826e-05
-1.44887e-05
-1.44948e-05
-1.45008e-05
-1.45069e-05
-1.45129e-05
-1.4519e-05
-1.4525e-05
-1.45309e-05
-1.45369e-05
-1.45428e-05
-1.45487e-05
-1.45546e-05
-1.45605e-05
-1.45664e-05
-1.45722e-05
-1.4578e-05
-1.45838e-05
-1.45896e-05
-1.45954e-05
-1.46011e-05
-1.46068e-05
-1.46125e-05
-3.10602e-05
-5.08465e-05
-6.88806e-05
-8.39171e-05
-9.59782e-05
-0.000105439
-0.000112727
-0.000118239
-0.000122313
-0.000125236
-0.000127248
-0.000128546
-0.000129298
-0.000129642
-0.000129694
-0.000129553
-0.0001293
-0.000129007
-0.000128733
-0.000128532
-0.000128448
-0.000128525
-0.000128804
-0.000129325
-0.000130127
-0.000131256
-0.000132762
-0.000134704
-0.000137154
-0.000140203
-0.000143966
-0.000148599
-0.000154312
-0.000161397
-0.00017029
-0.000181652
-0.000196557
-0.00021689
-0.000246282
-0.000292614
-0.000375052
-0.000537796
-0.000820195
-0.00105957
-0.00115681
-0.00117442
-0.00115459
-0.00111782
-0.00107268
-0.0010216
-0.000963985
-0.000897657
-0.000819525
-0.000726207
-0.000615219
-0.000487266
-0.000349232
-0.000215022
-0.000100526
-1.50997e-05
4.20557e-05
7.79463e-05
0.000100149
0.00011407
0.000122845
0.000128127
0.00013078
0.00013129
0.000129969
0.00012705
0.000122723
0.000117164
0.000110533
0.000102985
9.46669e-05
8.57165e-05
7.6264e-05
6.64297e-05
5.63235e-05
4.60442e-05
3.568e-05
2.53074e-05
1.4992e-05
4.7891e-06
-5.25599e-06
-1.51067e-05
-2.47348e-05
-3.412e-05
-4.32477e-05
-5.21087e-05
-6.06986e-05
-6.90197e-05
-7.70763e-05
-8.48746e-05
-9.24271e-05
-9.97459e-05
-0.000106845
-0.000113742
-0.000120453
-0.000127002
-0.000133406
-0.000139692
-0.000145882
-0.000152007
-0.000158094
-0.000164179
-0.000170294
-0.000176482
-0.000182784
-0.000189247
-0.000195922
-0.000202866
-0.000210135
-0.000217793
-0.000225898
-0.000234514
-0.000243697
-0.00025349
-0.000263917
-0.000274966
-0.000286569
-0.000298572
-0.000310717
-0.000322602
-0.000333637
-0.000343067
-0.000350014
-0.000353579
-0.000352864
-0.000347363
-0.00033701
-0.000322122
-0.000303274
-0.000281169
-0.00025654
-0.000230126
-0.000202679
-0.000174992
-0.000147898
-0.000122243
-9.88032e-05
-7.81864e-05
-6.07398e-05
-4.65239e-05
-3.53325e-05
-2.67776e-05
-2.03915e-05
-1.57069e-05
-1.23073e-05
-9.85158e-06
-8.07595e-06
-6.78467e-06
-5.83668e-06
-5.13239e-06
-4.60231e-06
-4.19823e-06
-3.88665e-06
-3.64418e-06
-3.45431e-06
-3.30523e-06
-3.18833e-06
-3.09724e-06
-3.02713e-06
-2.97427e-06
-2.93576e-06
-2.90927e-06
-2.8929e-06
-2.88512e-06
-2.88465e-06
-2.89044e-06
-2.90159e-06
-2.91734e-06
-2.93707e-06
-2.96022e-06
-2.98634e-06
-3.01503e-06
-3.04596e-06
-3.07883e-06
-3.11339e-06
-3.14943e-06
-3.18677e-06
-3.22523e-06
-3.26468e-06
-3.30501e-06
-3.3461e-06
-3.38787e-06
-3.43023e-06
-3.47312e-06
-3.51646e-06
-3.56022e-06
-3.60433e-06
-3.64875e-06
-3.69346e-06
-3.73841e-06
-3.78356e-06
-3.8289e-06
-3.8744e-06
-3.92003e-06
-3.96578e-06
-4.01161e-06
-4.05752e-06
-4.10349e-06
-4.14949e-06
-4.19552e-06
-4.24155e-06
-4.28758e-06
-4.3336e-06
-4.37958e-06
-4.42552e-06
-4.4714e-06
-4.51722e-06
-4.56296e-06
-4.60861e-06
-4.65416e-06
-4.6996e-06
-4.74492e-06
-4.79011e-06
-4.83517e-06
-4.88007e-06
-4.92482e-06
-4.96941e-06
-5.01382e-06
-5.05804e-06
-5.10208e-06
-5.14592e-06
-5.18955e-06
-5.23296e-06
-5.27615e-06
-5.31912e-06
-5.36184e-06
-5.40432e-06
-5.44656e-06
-5.48853e-06
-5.53024e-06
-5.57168e-06
-5.61285e-06
-5.65373e-06
-5.69432e-06
-5.73462e-06
-5.77463e-06
-5.81432e-06
-5.85371e-06
-5.89279e-06
-5.93154e-06
-5.96997e-06
-6.00807e-06
-6.04584e-06
-6.08327e-06
-6.12037e-06
-6.15711e-06
-6.19351e-06
-6.22956e-06
-6.26525e-06
-6.30058e-06
-6.33555e-06
-6.37016e-06
-6.40439e-06
-6.43826e-06
-6.47176e-06
-6.50488e-06
-6.53762e-06
-6.56998e-06
-6.60197e-06
-6.63357e-06
-6.66478e-06
-6.69561e-06
-6.72604e-06
-6.75609e-06
-6.78575e-06
-6.81502e-06
-6.84389e-06
-6.87237e-06
-6.90045e-06
-6.92814e-06
-6.95543e-06
-6.98233e-06
-7.00882e-06
-7.03492e-06
-7.06063e-06
-7.08593e-06
-7.11084e-06
-7.13535e-06
-7.15946e-06
-7.18317e-06
-7.20649e-06
-7.22941e-06
-7.25194e-06
-7.27406e-06
-7.2958e-06
-7.31714e-06
-7.33808e-06
-7.35863e-06
-7.37879e-06
-7.39856e-06
-7.41794e-06
-7.43693e-06
-7.45553e-06
-7.47375e-06
-7.49158e-06
-7.50903e-06
-7.52609e-06
-7.54278e-06
-7.55909e-06
-7.57502e-06
-7.59057e-06
-7.60575e-06
-7.62056e-06
-7.63499e-06
-7.64906e-06
-7.66275e-06
-7.67609e-06
-7.68905e-06
-7.70166e-06
-7.7139e-06
-7.72579e-06
-7.73732e-06
-7.74849e-06
-7.75931e-06
-7.76978e-06
-7.7799e-06
-7.78968e-06
-7.79911e-06
-7.8082e-06
-7.81695e-06
-7.82536e-06
-7.83344e-06
-7.84118e-06
-7.8486e-06
-7.85568e-06
-7.86244e-06
-7.86888e-06
-7.87499e-06
-7.88079e-06
-7.88626e-06
-7.89143e-06
-7.89628e-06
-7.90083e-06
-7.90506e-06
-7.909e-06
-7.91263e-06
-7.91597e-06
-7.919e-06
-7.92175e-06
-7.9242e-06
-7.92636e-06
-7.92824e-06
-7.92984e-06
-7.93115e-06
-7.93219e-06
-7.93295e-06
-7.93344e-06
-7.93366e-06
-7.93361e-06
-7.9333e-06
-7.93272e-06
-7.93189e-06
-7.93079e-06
-7.92945e-06
-7.92785e-06
-7.92601e-06
-7.92392e-06
-7.92159e-06
-7.91902e-06
-7.9162e-06
-7.91316e-06
-7.90988e-06
-7.90638e-06
-7.90264e-06
-7.89869e-06
-7.89451e-06
-7.89012e-06
-7.8855e-06
-7.88068e-06
-7.87565e-06
-7.87041e-06
-7.86496e-06
-7.85931e-06
-7.85347e-06
-7.84743e-06
-7.84119e-06
-7.83476e-06
-7.82815e-06
-7.82135e-06
-7.81437e-06
-7.80721e-06
-7.79987e-06
-7.79235e-06
-7.78466e-06
-7.7768e-06
-7.76878e-06
-7.76059e-06
-7.75223e-06
-7.74372e-06
-7.73505e-06
-7.72623e-06
-7.71725e-06
-7.70813e-06
-7.69887e-06
-7.68946e-06
-7.67991e-06
-7.67022e-06
-7.6604e-06
-7.65045e-06
-7.64037e-06
-7.63016e-06
-7.61983e-06
-7.60938e-06
-7.59881e-06
-7.58812e-06
-7.57732e-06
-7.56642e-06
-7.5554e-06
-7.54428e-06
-7.53305e-06
-7.52173e-06
-7.51031e-06
-7.49879e-06
-7.48718e-06
-7.47548e-06
-7.4637e-06
-7.45182e-06
-7.43987e-06
-7.42783e-06
-7.41572e-06
-7.40353e-06
-7.39127e-06
-7.37894e-06
-7.36654e-06
-7.35407e-06
-7.34154e-06
-7.32895e-06
-7.3163e-06
-7.3036e-06
-7.29083e-06
-7.27802e-06
-7.26516e-06
-7.25225e-06
-7.23929e-06
-7.22629e-06
-7.21325e-06
-7.20017e-06
-7.18706e-06
-7.17391e-06
-7.16073e-06
-7.14752e-06
-7.13428e-06
-7.12102e-06
-7.10774e-06
-7.09445e-06
-7.08113e-06
-7.0678e-06
-7.05446e-06
-7.0411e-06
-7.02774e-06
-7.01437e-06
-7.00099e-06
-6.98761e-06
-6.97423e-06
-6.96085e-06
-6.94747e-06
-6.93409e-06
-6.92072e-06
-6.90735e-06
-6.894e-06
-6.88065e-06
-6.86731e-06
-6.85399e-06
-6.84068e-06
-6.82739e-06
-6.81411e-06
-6.80086e-06
-6.78763e-06
-6.77442e-06
-6.76124e-06
-6.74808e-06
-6.73495e-06
-6.72185e-06
-6.70878e-06
-6.69574e-06
-6.68274e-06
-6.66977e-06
-6.65684e-06
-6.64395e-06
-6.6311e-06
-6.61829e-06
-6.60552e-06
-6.59279e-06
-6.58012e-06
-6.56749e-06
-6.5549e-06
-6.54237e-06
-6.52989e-06
-6.51746e-06
-6.50508e-06
-6.49276e-06
-6.4805e-06
-6.46829e-06
-6.45614e-06
-6.44405e-06
-6.43202e-06
-6.42006e-06
-6.40816e-06
-6.39632e-06
-6.38454e-06
-6.37283e-06
-6.36118e-06
-6.34959e-06
-6.33808e-06
-6.32663e-06
-6.31525e-06
-6.30393e-06
-6.29269e-06
-6.28153e-06
-6.27043e-06
-6.25941e-06
-6.24847e-06
-6.2376e-06
-6.22681e-06
-6.2161e-06
-6.20547e-06
-6.19493e-06
-6.18446e-06
-6.17408e-06
-6.16378e-06
-6.15357e-06
-6.14345e-06
-6.13341e-06
-6.12346e-06
-6.1136e-06
-6.10383e-06
-6.09415e-06
-6.08456e-06
-6.07507e-06
-6.06567e-06
-6.05636e-06
-6.04714e-06
-6.03803e-06
-6.029e-06
-6.02008e-06
-6.01125e-06
-6.00251e-06
-5.99388e-06
-5.98535e-06
-5.97691e-06
-5.96857e-06
-5.96034e-06
-5.95221e-06
-5.94417e-06
-5.93624e-06
-5.92841e-06
-5.92069e-06
-5.91307e-06
-5.90555e-06
-5.89814e-06
-5.89083e-06
-5.88362e-06
-5.87652e-06
-5.86953e-06
-5.86264e-06
-5.85586e-06
-5.84919e-06
-5.84262e-06
-5.83616e-06
-5.82981e-06
-5.82357e-06
-5.81744e-06
-5.81142e-06
-5.80552e-06
-5.79973e-06
-5.79405e-06
-5.7885e-06
-5.78305e-06
-5.77773e-06
-5.77252e-06
-5.76742e-06
-5.76244e-06
-5.75758e-06
-5.75283e-06
-5.74819e-06
-5.74367e-06
-5.73927e-06
-5.73498e-06
-5.7308e-06
-5.72674e-06
-5.72279e-06
-5.71896e-06
-5.71524e-06
-5.71163e-06
-5.70814e-06
-5.70476e-06
-5.70149e-06
-5.69834e-06
-5.6953e-06
-5.69237e-06
-5.68955e-06
-5.68685e-06
-5.68426e-06
-5.68179e-06
-5.67942e-06
-5.67717e-06
-5.67503e-06
-5.673e-06
-5.67108e-06
-5.66928e-06
-5.66759e-06
-5.666e-06
-5.66453e-06
-5.66318e-06
-5.66193e-06
-5.66079e-06
-5.65977e-06
-5.65885e-06
-5.65805e-06
-5.65735e-06
-5.65676e-06
-5.65627e-06
-5.65589e-06
-5.65561e-06
-5.65543e-06
-5.65536e-06
-5.6554e-06
-5.65553e-06
-5.65577e-06
-5.65612e-06
-5.65656e-06
-5.65712e-06
-5.65777e-06
-5.65853e-06
-5.6594e-06
-5.66037e-06
-5.66144e-06
-5.66262e-06
-5.66391e-06
-5.6653e-06
-5.66679e-06
-5.66839e-06
-5.6701e-06
-5.67191e-06
-5.67382e-06
-5.67584e-06
-5.67797e-06
-5.6802e-06
-5.68253e-06
-5.68497e-06
-5.68751e-06
-5.69015e-06
-5.6929e-06
-5.69576e-06
-5.69871e-06
-5.70177e-06
-5.70493e-06
-5.70819e-06
-5.71156e-06
-5.71503e-06
-5.7186e-06
-5.72227e-06
-5.72604e-06
-5.72992e-06
-5.73389e-06
-5.73796e-06
-5.74214e-06
-5.74641e-06
-5.75078e-06
-5.75526e-06
-5.75983e-06
-5.76449e-06
-5.76926e-06
-5.77412e-06
-5.77908e-06
-5.78414e-06
-5.7893e-06
-5.79455e-06
-5.79989e-06
-5.80533e-06
-5.81087e-06
-5.8165e-06
-5.82223e-06
-5.82805e-06
-5.83396e-06
-5.83996e-06
-5.84606e-06
-5.85225e-06
-5.85853e-06
-5.86491e-06
-5.87139e-06
-5.87796e-06
-5.88463e-06
-5.8914e-06
-5.89827e-06
-5.90524e-06
-5.9123e-06
-5.91946e-06
-5.92671e-06
-5.93406e-06
-5.94151e-06
-5.94905e-06
-5.95668e-06
-5.9644e-06
-5.97222e-06
-5.98012e-06
-5.98812e-06
-5.9962e-06
-6.00437e-06
-6.01263e-06
-6.02097e-06
-6.0294e-06
-6.03792e-06
-6.04652e-06
-6.0552e-06
-6.06396e-06
-6.07281e-06
-6.08174e-06
-6.09075e-06
-6.09984e-06
-6.109e-06
-6.11825e-06
-6.12758e-06
-6.13698e-06
-6.14646e-06
-6.15602e-06
-6.16565e-06
-6.17536e-06
-6.18515e-06
-6.19501e-06
-6.20494e-06
-6.21495e-06
-6.22503e-06
-6.23519e-06
-6.24541e-06
-6.25571e-06
-6.26608e-06
-6.27652e-06
-6.28703e-06
-6.29761e-06
-6.30826e-06
-6.31898e-06
-6.32977e-06
-6.34062e-06
-6.35154e-06
-6.36253e-06
-6.37359e-06
-6.38471e-06
-6.3959e-06
-6.40715e-06
-6.41846e-06
-6.42983e-06
-6.44126e-06
-6.45275e-06
-6.46429e-06
-6.47589e-06
-6.48754e-06
-6.49925e-06
-6.51101e-06
-6.52283e-06
-6.5347e-06
-6.54663e-06
-6.55861e-06
-6.57064e-06
-6.58273e-06
-6.59487e-06
-6.60707e-06
-6.61932e-06
-6.63163e-06
-6.64398e-06
-6.6564e-06
-6.66886e-06
-6.68138e-06
-6.69395e-06
-6.70658e-06
-6.71926e-06
-6.73199e-06
-6.74477e-06
-6.7576e-06
-6.77049e-06
-6.78343e-06
-6.79642e-06
-6.80946e-06
-6.82255e-06
-6.83569e-06
-6.84888e-06
-6.86212e-06
-6.87541e-06
-6.88875e-06
-6.90214e-06
-6.91557e-06
-6.92906e-06
-6.94259e-06
-6.95616e-06
-6.96979e-06
-6.98346e-06
-6.99718e-06
-7.01094e-06
-7.02474e-06
-7.0386e-06
-7.05249e-06
-7.06643e-06
-7.08041e-06
-7.09444e-06
-7.10851e-06
-7.12262e-06
-7.13677e-06
-7.15097e-06
-7.1652e-06
-7.17948e-06
-7.1938e-06
-7.20815e-06
-7.22255e-06
-7.23698e-06
-7.25145e-06
-7.26596e-06
-7.28051e-06
-7.2951e-06
-7.30972e-06
-7.32438e-06
-7.33908e-06
-7.35381e-06
-7.36857e-06
-7.38337e-06
-7.39821e-06
-7.41308e-06
-7.42798e-06
-7.44291e-06
-7.45788e-06
-7.47289e-06
-7.48793e-06
-7.50301e-06
-7.51812e-06
-7.53328e-06
-7.54848e-06
-7.56372e-06
-7.57899e-06
-7.59431e-06
-7.60966e-06
-7.62506e-06
-7.64048e-06
-7.65595e-06
-7.67145e-06
-7.68698e-06
-7.70255e-06
-7.71814e-06
-7.73377e-06
-7.74944e-06
-7.76513e-06
-7.78085e-06
-7.7966e-06
-7.81237e-06
-7.82817e-06
-7.844e-06
-7.85986e-06
-7.87574e-06
-7.89164e-06
-7.90757e-06
-7.92352e-06
-7.93949e-06
-7.95548e-06
-7.9715e-06
-7.98753e-06
-8.00359e-06
-8.01966e-06
-8.03576e-06
-8.05187e-06
-8.068e-06
-8.08415e-06
-8.10031e-06
-8.11649e-06
-8.13269e-06
-8.14891e-06
-8.16514e-06
-8.18138e-06
-8.19764e-06
-8.21391e-06
-8.2302e-06
-8.2465e-06
-8.26281e-06
-8.27914e-06
-8.29548e-06
-8.31183e-06
-8.32819e-06
-8.34456e-06
-8.36095e-06
-8.37734e-06
-8.39375e-06
-8.41016e-06
-8.42659e-06
-8.44302e-06
-8.45946e-06
-8.47591e-06
-8.49237e-06
-8.50884e-06
-8.52531e-06
-8.54179e-06
-8.55828e-06
-8.57477e-06
-8.59127e-06
-8.60777e-06
-8.62428e-06
-8.6408e-06
-8.65732e-06
-8.67385e-06
-8.69037e-06
-8.70691e-06
-8.72344e-06
-8.73998e-06
-8.75653e-06
-8.77307e-06
-8.78962e-06
-8.80617e-06
-8.82272e-06
-8.83927e-06
-8.85583e-06
-8.87238e-06
-8.88893e-06
-8.90549e-06
-8.92204e-06
-8.9386e-06
-8.95515e-06
-8.97171e-06
-8.98826e-06
-9.00481e-06
-9.02136e-06
-9.0379e-06
-9.05445e-06
-9.07099e-06
-9.08753e-06
-9.10406e-06
-9.12059e-06
-9.13712e-06
-9.15364e-06
-9.17016e-06
-9.18668e-06
-9.20319e-06
-9.21969e-06
-9.23619e-06
-9.25269e-06
-9.26918e-06
-9.28566e-06
-9.30213e-06
-9.3186e-06
-9.33506e-06
-9.35152e-06
-9.36797e-06
-9.38441e-06
-9.40084e-06
-9.41726e-06
-9.43368e-06
-9.45008e-06
-9.46648e-06
-9.48287e-06
-9.49925e-06
-9.51562e-06
-9.53198e-06
-9.54833e-06
-9.56467e-06
-9.581e-06
-9.59731e-06
-9.61362e-06
-9.62992e-06
-9.6462e-06
-9.66247e-06
-9.67873e-06
-9.69498e-06
-9.71122e-06
-9.72744e-06
-9.74365e-06
-9.75985e-06
-9.77603e-06
-9.79221e-06
-9.80836e-06
-9.82451e-06
-9.84064e-06
-9.85675e-06
-9.87285e-06
-9.88894e-06
-9.90501e-06
-9.92107e-06
-9.9371e-06
-9.95313e-06
-9.96913e-06
-9.98511e-06
-1.00011e-05
-1.0017e-05
-1.00329e-05
-1.00488e-05
-1.00647e-05
-1.00806e-05
-1.00964e-05
-1.01123e-05
-1.01281e-05
-1.01438e-05
-1.01596e-05
-1.01753e-05
-1.01911e-05
-1.02068e-05
-1.02224e-05
-1.02381e-05
-1.02537e-05
-1.02694e-05
-1.0285e-05
-1.03006e-05
-1.03161e-05
-1.03317e-05
-1.03472e-05
-1.03627e-05
-1.03782e-05
-1.03936e-05
-1.04091e-05
-1.04245e-05
-1.04399e-05
-1.04553e-05
-1.04706e-05
-1.0486e-05
-1.05013e-05
-1.05166e-05
-1.05318e-05
-1.05471e-05
-1.05623e-05
-1.05775e-05
-1.05927e-05
-1.06079e-05
-1.06231e-05
-1.06382e-05
-1.06533e-05
-1.06684e-05
-1.06834e-05
-1.06985e-05
-1.07135e-05
-1.07285e-05
-1.07435e-05
-1.07584e-05
-1.07733e-05
-1.07882e-05
-1.08031e-05
-1.0818e-05
-1.08328e-05
-1.08476e-05
-1.08624e-05
-1.08772e-05
-1.08919e-05
-1.09067e-05
-1.09214e-05
-1.0936e-05
-1.09507e-05
-1.09653e-05
-1.09799e-05
-1.09945e-05
-1.1009e-05
-1.10236e-05
-1.10381e-05
-1.10525e-05
-1.1067e-05
-1.10814e-05
-1.10958e-05
-1.11102e-05
-1.11245e-05
-1.11389e-05
-1.11532e-05
-1.11675e-05
-1.11817e-05
-1.11959e-05
-1.12101e-05
-1.12243e-05
-1.12385e-05
-1.12526e-05
-1.12667e-05
-1.12807e-05
-1.12948e-05
-1.13088e-05
-1.13228e-05
-1.13368e-05
-1.13507e-05
-1.13646e-05
-1.13785e-05
-1.13924e-05
-1.14063e-05
-1.14201e-05
-1.14339e-05
-1.14477e-05
-1.14615e-05
-1.14752e-05
-1.1489e-05
-1.15027e-05
-1.15163e-05
-1.153e-05
-1.15436e-05
-1.15572e-05
-1.15708e-05
-1.15844e-05
-1.15979e-05
-1.16114e-05
-1.16249e-05
-1.16384e-05
-1.16518e-05
-1.16653e-05
-1.16786e-05
-1.1692e-05
-1.17053e-05
-1.17186e-05
-1.17319e-05
-1.17452e-05
-1.17584e-05
-1.17716e-05
-1.17848e-05
-1.17979e-05
-1.1811e-05
-1.18241e-05
-1.18372e-05
-1.18502e-05
-1.18632e-05
-1.18762e-05
-1.18891e-05
-1.1902e-05
-1.19149e-05
-1.19278e-05
-1.19406e-05
-1.19534e-05
-1.19662e-05
-1.19789e-05
-1.19916e-05
-1.20043e-05
-1.2017e-05
-1.20296e-05
-1.20422e-05
-1.20548e-05
-1.20673e-05
-1.20798e-05
-1.20923e-05
-1.21048e-05
-1.21172e-05
-1.21296e-05
-1.21419e-05
-1.21543e-05
-1.21666e-05
-1.21788e-05
-1.21911e-05
-1.22033e-05
-1.22155e-05
-1.22276e-05
-1.22398e-05
-1.22519e-05
-1.22639e-05
-1.2276e-05
-1.2288e-05
-1.22999e-05
-1.23119e-05
-1.23238e-05
-1.23357e-05
-1.23476e-05
-1.23594e-05
-1.23712e-05
-1.2383e-05
-1.23947e-05
-1.24064e-05
-1.24181e-05
-1.24297e-05
-1.24414e-05
-1.2453e-05
-1.24645e-05
-1.24761e-05
-1.24876e-05
-1.2499e-05
-1.25105e-05
-1.25219e-05
-1.25333e-05
-1.25446e-05
-1.2556e-05
-1.25673e-05
-1.25785e-05
-1.25898e-05
-1.2601e-05
-1.26122e-05
-1.26233e-05
-1.26344e-05
-1.26455e-05
-1.26566e-05
-1.26676e-05
-1.26786e-05
-1.26896e-05
-1.27005e-05
-1.27114e-05
-1.27223e-05
-1.27332e-05
-1.2744e-05
-1.27548e-05
-1.27656e-05
-1.27763e-05
-1.2787e-05
-1.27977e-05
-1.28083e-05
-1.2819e-05
-1.28296e-05
-1.28401e-05
-1.28507e-05
-1.28612e-05
-1.28716e-05
-1.28821e-05
-1.28925e-05
-1.29029e-05
-1.29133e-05
-1.29236e-05
-1.29339e-05
-1.29442e-05
-1.29544e-05
-1.29646e-05
-1.29748e-05
-1.2985e-05
-1.29951e-05
-1.30052e-05
-1.30153e-05
-1.30254e-05
-1.30354e-05
-1.30454e-05
-1.30553e-05
-1.30653e-05
-1.30752e-05
-1.3085e-05
-1.30949e-05
-1.31047e-05
-1.31145e-05
-1.31243e-05
-1.3134e-05
-1.31437e-05
-1.31534e-05
-1.3163e-05
-1.31727e-05
-1.31823e-05
-1.31918e-05
-1.32014e-05
-1.32109e-05
-1.32204e-05
-1.32298e-05
-1.32393e-05
-1.32487e-05
-1.3258e-05
-1.32674e-05
-1.32767e-05
-1.3286e-05
-1.32953e-05
-1.33045e-05
-1.33137e-05
-1.33229e-05
-1.3332e-05
-1.33412e-05
-1.33503e-05
-1.33594e-05
-1.33684e-05
-1.33774e-05
-1.33864e-05
-1.33954e-05
-1.34043e-05
-1.34132e-05
-1.34221e-05
-1.3431e-05
-1.34398e-05
-1.34486e-05
-1.34574e-05
-1.34662e-05
-1.34749e-05
-1.34836e-05
-1.34923e-05
-1.35009e-05
-1.35095e-05
-1.35181e-05
-1.35267e-05
-1.35352e-05
-1.35437e-05
-1.35522e-05
-1.35607e-05
-1.35691e-05
-1.35776e-05
-1.35859e-05
-1.35943e-05
-1.36026e-05
-1.3611e-05
-1.36192e-05
-1.36275e-05
-1.36357e-05
-1.36439e-05
-1.36521e-05
-1.36603e-05
-1.36684e-05
-1.36765e-05
-1.36846e-05
-1.36927e-05
-1.37007e-05
-1.37087e-05
-1.37167e-05
-1.37246e-05
-1.37326e-05
-1.37405e-05
-1.37484e-05
-1.37562e-05
-1.3764e-05
-1.37719e-05
-1.37796e-05
-1.37874e-05
-1.37951e-05
-1.38028e-05
-1.38105e-05
-1.38182e-05
-1.38258e-05
-1.38334e-05
-1.3841e-05
-1.38486e-05
-1.38561e-05
-1.38637e-05
-1.38711e-05
-1.38786e-05
-1.38861e-05
-1.38935e-05
-1.39009e-05
-1.39083e-05
-1.39156e-05
-1.39229e-05
-1.39302e-05
-1.39375e-05
-1.39448e-05
-1.3952e-05
-1.39592e-05
-1.39664e-05
-1.39736e-05
-1.39807e-05
-1.39878e-05
-1.39949e-05
-1.4002e-05
-1.40091e-05
-1.40161e-05
-1.40231e-05
-1.40301e-05
-1.4037e-05
-1.4044e-05
-1.40509e-05
-1.40578e-05
-1.40646e-05
-1.40715e-05
-1.40783e-05
-1.40851e-05
-1.40919e-05
-1.40987e-05
-1.41054e-05
-1.41121e-05
-1.41188e-05
-1.41255e-05
-1.41321e-05
-1.41388e-05
-1.41454e-05
-1.41519e-05
-1.41585e-05
-1.4165e-05
-1.41716e-05
-1.41781e-05
-1.41845e-05
-1.4191e-05
-1.41974e-05
-1.42038e-05
-1.42102e-05
-1.42166e-05
-1.4223e-05
-1.42293e-05
-1.42356e-05
-1.42419e-05
-1.42481e-05
-1.42544e-05
-1.42606e-05
-1.42668e-05
-1.4273e-05
-1.42792e-05
-1.42853e-05
-1.42914e-05
-1.42975e-05
-1.43036e-05
-1.43097e-05
-1.43157e-05
-1.43217e-05
-1.43277e-05
-1.43337e-05
-1.43397e-05
-1.43456e-05
-1.43516e-05
-1.43575e-05
-1.43633e-05
-1.43692e-05
-1.4375e-05
-1.43809e-05
-1.43867e-05
-1.43925e-05
-1.43982e-05
-1.4404e-05
-1.44097e-05
-1.44154e-05
-1.44211e-05
-1.44268e-05
-1.44324e-05
-1.4438e-05
-1.44436e-05
-1.44492e-05
-1.44548e-05
-1.44604e-05
-1.44659e-05
-1.44714e-05
-1.44769e-05
-1.44824e-05
-1.44879e-05
-1.44933e-05
-1.44987e-05
-1.45041e-05
-1.45095e-05
-1.45149e-05
-1.45202e-05
-1.45256e-05
-1.45309e-05
-1.45362e-05
-1.45415e-05
-1.45467e-05
-1.4552e-05
-1.45572e-05
-1.45624e-05
-1.45676e-05
-1.45728e-05
-1.45779e-05
-1.45831e-05
-1.45882e-05
-1.45933e-05
-1.45984e-05
-1.46034e-05
-1.46085e-05
-1.46135e-05
-1.46185e-05
-1.46235e-05
-1.46285e-05
-1.46335e-05
-1.46384e-05
-1.46434e-05
-1.46483e-05
-1.46532e-05
-1.46581e-05
-1.46629e-05
-1.46678e-05
-1.46726e-05
-1.46774e-05
-1.46822e-05
-1.4687e-05
-1.46918e-05
-1.46965e-05
-1.47012e-05
-1.4706e-05
-1.47107e-05
-1.47153e-05
-1.472e-05
-1.47247e-05
-1.47293e-05
-1.47339e-05
-1.47385e-05
-1.47431e-05
-1.47477e-05
-1.47522e-05
-1.47568e-05
-1.47613e-05
-1.47658e-05
-1.47703e-05
-1.47748e-05
-1.47792e-05
-1.47837e-05
-1.47881e-05
-1.47925e-05
-1.47969e-05
-1.48013e-05
-1.48057e-05
-1.48101e-05
-1.48144e-05
-1.48187e-05
-1.4823e-05
-1.48273e-05
-1.48316e-05
-1.48359e-05
-1.48401e-05
-1.48444e-05
-1.48486e-05
-1.48528e-05
-1.4857e-05
-1.48612e-05
-1.48653e-05
-1.48695e-05
-1.48736e-05
-1.48777e-05
-1.48818e-05
-1.48859e-05
-1.489e-05
-1.48941e-05
-1.48981e-05
-1.49022e-05
-1.49062e-05
-1.49102e-05
-1.49142e-05
-1.49182e-05
-1.49221e-05
-1.49261e-05
-1.493e-05
-1.49339e-05
-1.49378e-05
-1.49417e-05
-1.49456e-05
-1.49495e-05
-1.49533e-05
-1.49572e-05
-1.4961e-05
-1.49648e-05
-1.49686e-05
-1.49724e-05
-1.49762e-05
-1.498e-05
-1.49837e-05
-1.49874e-05
-1.49912e-05
-1.49949e-05
-1.49986e-05
-1.50023e-05
-1.50059e-05
-1.50096e-05
-1.50132e-05
-1.50169e-05
-1.50205e-05
-1.50241e-05
-1.50277e-05
-1.50313e-05
-1.50348e-05
-1.50384e-05
-1.50419e-05
-1.50455e-05
-1.5049e-05
-1.50525e-05
-1.5056e-05
-1.50595e-05
-1.5063e-05
-1.50664e-05
-1.50699e-05
-1.50733e-05
-1.50767e-05
-1.50801e-05
-1.50835e-05
-1.50869e-05
-1.50903e-05
-1.50936e-05
-1.5097e-05
-1.51003e-05
-1.51037e-05
-1.5107e-05
-1.51103e-05
-1.51136e-05
-1.51169e-05
-1.51201e-05
-1.51234e-05
-1.51266e-05
-1.51299e-05
-1.51331e-05
-1.51363e-05
-1.51395e-05
-1.51427e-05
-1.51459e-05
-1.5149e-05
-1.51522e-05
-1.51553e-05
-1.51585e-05
-1.51616e-05
-1.51647e-05
-1.51678e-05
-1.51709e-05
-1.5174e-05
-1.5177e-05
-1.51801e-05
-1.51831e-05
-1.51862e-05
-1.51892e-05
-1.51922e-05
-1.51952e-05
-1.51982e-05
-1.52012e-05
-1.52042e-05
-1.52071e-05
-1.52101e-05
-1.5213e-05
-1.52159e-05
-1.52189e-05
-1.52218e-05
-1.52247e-05
-1.52276e-05
-1.52304e-05
-1.52333e-05
-1.52362e-05
-1.5239e-05
-1.52419e-05
-1.52447e-05
-1.52475e-05
-1.52503e-05
-1.52531e-05
-1.52559e-05
-1.52587e-05
-1.52614e-05
-1.52642e-05
-1.5267e-05