0
-1.1725e-06
-2.21632e-06
-3.15173e-06
-3.99026e-06
-4.74192e-06
-5.41563e-06
-6.01936e-06
-6.56021e-06
-7.04453e-06
-7.478e-06
-7.86568e-06
-8.21212e-06
-8.5214e-06
-8.79717e-06
-9.04275e-06
-9.26112e-06
-9.45495e-06
-9.62667e-06
-9.77844e-06
-9.91225e-06
-1.00298e-05
-1.01329e-05
-1.02227e-05
-1.03007e-05
-1.03681e-05
-1.04258e-05
-1.0475e-05
-1.05163e-05
-1.05508e-05
-1.05789e-05
-1.06015e-05
-1.0619e-05
-1.0632e-05
-1.0641e-05
-1.06465e-05
-1.06487e-05
-1.06481e-05
-1.0645e-05
-1.06396e-05
-1.06322e-05
-1.06231e-05
-1.06125e-05
-1.06005e-05
-1.05873e-05
-1.05731e-05
-1.0558e-05
-1.05421e-05
-1.05256e-05
-1.05086e-05
-1.04911e-05
-1.04732e-05
-1.04551e-05
-1.04367e-05
-1.04181e-05
-1.03994e-05
-1.03806e-05
-1.03618e-05
-1.0343e-05
-1.03243e-05
-1.03056e-05
-1.0287e-05
-1.02685e-05
-1.02501e-05
-1.02319e-05
-1.02138e-05
-1.01959e-05
-1.01783e-05
-1.01607e-05
-1.01434e-05
-1.01263e-05
-1.01094e-05
-1.00928e-05
-1.00763e-05
-1.00601e-05
-1.0044e-05
-1.00282e-05
-1.00127e-05
-9.99729e-06
-9.98214e-06
-9.96721e-06
-9.95249e-06
-9.93798e-06
-9.92368e-06
-9.90958e-06
-9.89569e-06
-9.882e-06
-9.8685e-06
-9.8552e-06
-9.84208e-06
-9.82915e-06
-9.81641e-06
-9.80384e-06
-9.79145e-06
-9.77923e-06
-9.76718e-06
-9.7553e-06
-9.74357e-06
-9.73201e-06
-9.72059e-06
-9.70933e-06
-9.69822e-06
-9.68725e-06
-9.67642e-06
-9.66573e-06
-9.65517e-06
-9.64475e-06
-9.63445e-06
-9.62428e-06
-9.61423e-06
-9.6043e-06
-9.59448e-06
-9.58478e-06
-9.5752e-06
-9.56572e-06
-9.55634e-06
-9.54708e-06
-9.53791e-06
-9.52884e-06
-9.51987e-06
-9.511e-06
-9.50221e-06
-9.49352e-06
-9.48492e-06
-9.4764e-06
-9.46797e-06
-9.45962e-06
-9.45135e-06
-9.44316e-06
-9.43505e-06
-9.42701e-06
-9.41905e-06
-9.41116e-06
-9.40335e-06
-9.3956e-06
-9.38792e-06
-9.38031e-06
-9.37277e-06
-9.36528e-06
-9.35787e-06
-9.35051e-06
-9.34322e-06
-9.33598e-06
-9.32881e-06
-9.32169e-06
-9.31463e-06
-9.30763e-06
-9.30068e-06
-9.29378e-06
-9.28693e-06
-9.28014e-06
-9.2734e-06
-9.26671e-06
-9.26007e-06
-9.25348e-06
-9.24694e-06
-9.24044e-06
-9.23399e-06
-9.22758e-06
-9.22123e-06
-9.21491e-06
-9.20864e-06
-9.20241e-06
-9.19623e-06
-9.19009e-06
-9.18399e-06
-9.17793e-06
-9.17191e-06
-9.16593e-06
-9.16e-06
-9.1541e-06
-9.14824e-06
-9.14241e-06
-9.13663e-06
-9.13088e-06
-9.12517e-06
-9.1195e-06
-9.11387e-06
-9.10826e-06
-9.1027e-06
-9.09717e-06
-9.09168e-06
-9.08622e-06
-9.08079e-06
-9.0754e-06
-9.07004e-06
-9.06472e-06
-9.05943e-06
-9.05417e-06
-9.04894e-06
-9.04374e-06
-9.03857e-06
-9.03344e-06
-9.02833e-06
-9.02325e-06
-9.0182e-06
-9.01318e-06
-9.00818e-06
-9.00322e-06
-8.99828e-06
-8.99338e-06
-8.9885e-06
-8.98365e-06
-8.97882e-06
-8.97403e-06
-8.96926e-06
-8.96452e-06
-8.95981e-06
-8.95513e-06
-8.95047e-06
-8.94585e-06
-8.94125e-06
-8.93667e-06
-8.93213e-06
-8.92761e-06
-8.92312e-06
-8.91866e-06
-8.91423e-06
-8.90982e-06
-8.90544e-06
-8.90109e-06
-8.89676e-06
-8.89246e-06
-8.88819e-06
-8.88394e-06
-8.87972e-06
-8.87553e-06
-8.87136e-06
-8.86722e-06
-8.86311e-06
-8.85902e-06
-8.85495e-06
-8.85092e-06
-8.84691e-06
-8.84292e-06
-8.83896e-06
-8.83503e-06
-8.83112e-06
-8.82723e-06
-8.82337e-06
-8.81954e-06
-8.81573e-06
-8.81194e-06
-8.80818e-06
-8.80445e-06
-8.80073e-06
-8.79705e-06
-8.79338e-06
-8.78974e-06
-8.78613e-06
-8.78254e-06
-8.77897e-06
-8.77542e-06
-8.7719e-06
-8.7684e-06
-8.76493e-06
-8.76148e-06
-8.75805e-06
-8.75464e-06
-8.75126e-06
-8.7479e-06
-8.74456e-06
-8.74124e-06
-8.73795e-06
-8.73468e-06
-8.73143e-06
-8.7282e-06
-8.725e-06
-8.72181e-06
-8.71865e-06
-8.71551e-06
-8.71239e-06
-8.70929e-06
-8.70622e-06
-8.70316e-06
-8.70013e-06
-8.69711e-06
-8.69412e-06
-8.69115e-06
-8.6882e-06
-8.68526e-06
-8.68235e-06
-8.67946e-06
-8.67659e-06
-8.67374e-06
-8.67091e-06
-8.6681e-06
-8.66531e-06
-8.66253e-06
-8.65978e-06
-8.65705e-06
-8.65433e-06
-8.65164e-06
-8.64896e-06
-8.6463e-06
-8.64367e-06
-8.64105e-06
-8.63845e-06
-8.63586e-06
-8.6333e-06
-8.63075e-06
-8.62822e-06
-8.62571e-06
-8.62322e-06
-8.62075e-06
-8.61829e-06
-8.61585e-06
-8.61343e-06
-8.61103e-06
-8.60864e-06
-8.60627e-06
-8.60392e-06
-8.60158e-06
-8.59926e-06
-8.59696e-06
-8.59468e-06
-8.59241e-06
-8.59016e-06
-8.58792e-06
-8.5857e-06
-8.5835e-06
-8.58131e-06
-8.57914e-06
-8.57699e-06
-8.57485e-06
-8.57272e-06
-8.57062e-06
-8.56852e-06
-8.56645e-06
-8.56438e-06
-8.56234e-06
-8.56031e-06
-8.55829e-06
-8.55629e-06
-8.5543e-06
-8.55233e-06
-8.55037e-06
-8.54843e-06
-8.5465e-06
-8.54458e-06
-8.54268e-06
-8.5408e-06
-8.53893e-06
-8.53707e-06
-8.53522e-06
-8.53339e-06
-8.53158e-06
-8.52977e-06
-8.52798e-06
-8.52621e-06
-8.52444e-06
-8.5227e-06
-8.52096e-06
-8.51923e-06
-8.51752e-06
-8.51583e-06
-8.51414e-06
-8.51247e-06
-8.51081e-06
-8.50916e-06
-8.50753e-06
-8.5059e-06
-8.50429e-06
-8.5027e-06
-8.50111e-06
-8.49954e-06
-8.49797e-06
-8.49642e-06
-8.49489e-06
-8.49336e-06
-8.49184e-06
-8.49034e-06
-8.48885e-06
-8.48737e-06
-8.4859e-06
-8.48444e-06
-8.48299e-06
-8.48155e-06
-8.48013e-06
-8.47871e-06
-8.47731e-06
-8.47591e-06
-8.47453e-06
-8.47316e-06
-8.4718e-06
-8.47045e-06
-8.46911e-06
-8.46777e-06
-8.46645e-06
-8.46514e-06
-8.46384e-06
-8.46255e-06
-8.46127e-06
-8.46e-06
-8.45874e-06
-8.45749e-06
-8.45624e-06
-8.45501e-06
-8.45379e-06
-8.45257e-06
-8.45137e-06
-8.45017e-06
-8.44899e-06
-8.44781e-06
-8.44664e-06
-8.44548e-06
-8.44433e-06
-8.44319e-06
-8.44206e-06
-8.44094e-06
-8.43982e-06
-8.43871e-06
-8.43761e-06
-8.43652e-06
-8.43544e-06
-8.43437e-06
-8.4333e-06
-8.43225e-06
-8.4312e-06
-8.43016e-06
-8.42913e-06
-8.4281e-06
-8.42708e-06
-8.42607e-06
-8.42507e-06
-8.42408e-06
-8.42309e-06
-8.42211e-06
-8.42114e-06
-8.42018e-06
-8.41922e-06
-8.41827e-06
-8.41733e-06
-8.4164e-06
-8.41547e-06
-8.41455e-06
-8.41363e-06
-8.41273e-06
-8.41183e-06
-8.41094e-06
-8.41005e-06
-8.40917e-06
-8.4083e-06
-8.40743e-06
-8.40658e-06
-8.40572e-06
-8.40488e-06
-8.40404e-06
-8.4032e-06
-8.40238e-06
-8.40156e-06
-8.40074e-06
-8.39994e-06
-8.39913e-06
-8.39834e-06
-8.39755e-06
-8.39677e-06
-8.39599e-06
-8.39522e-06
-8.39445e-06
-8.39369e-06
-8.39294e-06
-8.39219e-06
-8.39145e-06
-8.39071e-06
-8.38998e-06
-8.38925e-06
-8.38853e-06
-8.38782e-06
-8.38711e-06
-8.3864e-06
-8.3857e-06
-8.38501e-06
-8.38432e-06
-8.38364e-06
-8.38296e-06
-8.38229e-06
-8.38162e-06
-8.38096e-06
-8.3803e-06
-8.37965e-06
-8.379e-06
-8.37836e-06
-8.37772e-06
-8.37709e-06
-8.37646e-06
-8.37583e-06
-8.37522e-06
-8.3746e-06
-8.37399e-06
-8.37339e-06
-8.37279e-06
-8.37219e-06
-8.3716e-06
-8.37101e-06
-8.37043e-06
-8.36985e-06
-8.36928e-06
-8.36871e-06
-8.36814e-06
-8.36758e-06
-8.36702e-06
-8.36647e-06
-8.36592e-06
-8.36538e-06
-8.36484e-06
-8.3643e-06
-8.36377e-06
-8.36324e-06
-8.36272e-06
-8.3622e-06
-8.36168e-06
-8.36117e-06
-8.36066e-06
-8.36015e-06
-8.35965e-06
-8.35915e-06
-8.35866e-06
-8.35817e-06
-8.35768e-06
-8.3572e-06
-8.35672e-06
-8.35624e-06
-8.35577e-06
-8.3553e-06
-8.35483e-06
-8.35437e-06
-8.35391e-06
-8.35346e-06
-8.353e-06
-8.35256e-06
-8.35211e-06
-8.35167e-06
-8.35123e-06
-8.35079e-06
-8.35036e-06
-8.34993e-06
-8.3495e-06
-8.34908e-06
-8.34866e-06
-8.34824e-06
-8.34783e-06
-8.34742e-06
-8.34701e-06
-8.34661e-06
-8.3462e-06
-8.3458e-06
-8.34541e-06
-8.34501e-06
-8.34462e-06
-8.34424e-06
-8.34385e-06
-8.34347e-06
-8.34309e-06
-8.34271e-06
-8.34234e-06
-8.34197e-06
-8.3416e-06
-8.34123e-06
-8.34087e-06
-8.34051e-06
-8.34015e-06
-8.3398e-06
-8.33944e-06
-8.33909e-06
-8.33875e-06
-8.3384e-06
-8.33806e-06
-8.33772e-06
-8.33738e-06
-8.33704e-06
-8.33671e-06
-8.33638e-06
-8.33605e-06
-8.33573e-06
-8.3354e-06
-8.33508e-06
-8.33476e-06
-8.33444e-06
-8.33413e-06
-8.33382e-06
-8.33351e-06
-8.3332e-06
-8.33289e-06
-8.33259e-06
-8.33229e-06
-8.33199e-06
-8.33169e-06
-8.3314e-06
-8.3311e-06
-8.33081e-06
-8.33052e-06
-8.33023e-06
-8.32995e-06
-8.32967e-06
-8.32939e-06
-8.32911e-06
-8.32883e-06
-8.32855e-06
-8.32828e-06
-8.32801e-06
-8.32774e-06
-8.32747e-06
-8.32721e-06
-8.32694e-06
-8.32668e-06
-8.32642e-06
-8.32616e-06
-8.32591e-06
-8.32565e-06
-8.3254e-06
-8.32515e-06
-8.3249e-06
-8.32465e-06
-8.3244e-06
-8.32416e-06
-8.32391e-06
-8.32367e-06
-8.32343e-06
-8.3232e-06
-8.32296e-06
-8.32273e-06
-8.32249e-06
-8.32226e-06
-8.32203e-06
-8.3218e-06
-8.32158e-06
-8.32135e-06
-8.32113e-06
-8.32091e-06
-8.32068e-06
-8.32047e-06
-8.32025e-06
-8.32003e-06
-8.31982e-06
-8.3196e-06
-8.31939e-06
-8.31918e-06
-8.31897e-06
-8.31876e-06
-8.31856e-06
-8.31835e-06
-8.31815e-06
-8.31795e-06
-8.31775e-06
-8.31755e-06
-8.31735e-06
-8.31715e-06
-8.31696e-06
-8.31676e-06
-8.31657e-06
-8.31638e-06
-8.31619e-06
-8.316e-06
-8.31581e-06
-8.31563e-06
-8.31544e-06
-8.31526e-06
-8.31508e-06
-8.31489e-06
-8.31471e-06
-8.31453e-06
-8.31436e-06
-8.31418e-06
-8.314e-06
-8.31383e-06
-8.31366e-06
-8.31348e-06
-8.31331e-06
-8.31314e-06
-8.31297e-06
-8.31281e-06
-8.31264e-06
-8.31248e-06
-8.31231e-06
-8.31215e-06
-8.31199e-06
-8.31182e-06
-8.31166e-06
-8.3115e-06
-8.31135e-06
-8.31119e-06
-8.31103e-06
-8.31088e-06
-8.31072e-06
-8.31057e-06
-8.31042e-06
-8.31027e-06
-8.31012e-06
-8.30997e-06
-8.30982e-06
-8.30967e-06
-8.30953e-06
-8.30938e-06
-8.30924e-06
-8.3091e-06
-8.30895e-06
-8.30881e-06
-8.30867e-06
-8.30853e-06
-8.30839e-06
-8.30825e-06
-8.30812e-06
-8.30798e-06
-8.30785e-06
-8.30771e-06
-8.30758e-06
-8.30744e-06
-8.30731e-06
-8.30718e-06
-8.30705e-06
-8.30692e-06
-8.30679e-06
-8.30667e-06
-8.30654e-06
-8.30641e-06
-8.30629e-06
-8.30616e-06
-8.30604e-06
-8.30592e-06
-8.30579e-06
-8.30567e-06
-8.30555e-06
-8.30543e-06
-8.30531e-06
-8.30519e-06
-8.30508e-06
-8.30496e-06
-8.30484e-06
-8.30473e-06
-8.30461e-06
-8.3045e-06
-8.30438e-06
-8.30427e-06
-8.30416e-06
-8.30405e-06
-8.30394e-06
-8.30383e-06
-8.30372e-06
-8.30361e-06
-8.3035e-06
-8.3034e-06
-8.30329e-06
-8.30318e-06
-8.30308e-06
-8.30297e-06
-8.30287e-06
-8.30277e-06
-8.30266e-06
-8.30256e-06
-8.30246e-06
-8.30236e-06
-8.30226e-06
-8.30216e-06
-8.30206e-06
-8.30196e-06
-8.30187e-06
-8.30177e-06
-8.30167e-06
-8.30158e-06
-8.30148e-06
-8.30139e-06
-8.30129e-06
-8.3012e-06
-8.30111e-06
-8.30101e-06
-8.30092e-06
-8.30083e-06
-8.30074e-06
-8.30065e-06
-8.30056e-06
-8.30047e-06
-8.30038e-06
-8.30029e-06
-8.30021e-06
-8.30012e-06
-8.30003e-06
-8.29995e-06
-8.29986e-06
-8.29978e-06
-8.29969e-06
-8.29961e-06
-8.29953e-06
-8.29944e-06
-8.29936e-06
-8.29928e-06
-8.2992e-06
-8.29912e-06
-8.29904e-06
-8.29896e-06
-8.29888e-06
-8.2988e-06
-8.29872e-06
-8.29864e-06
-8.29857e-06
-8.29849e-06
-8.29841e-06
-8.29834e-06
-8.29826e-06
-8.29819e-06
-8.29811e-06
-8.29804e-06
-8.29796e-06
-8.29789e-06
-8.29782e-06
-8.29774e-06
-8.29767e-06
-8.2976e-06
-8.29753e-06
-8.29746e-06
-8.29739e-06
-8.29732e-06
-8.29725e-06
-8.29718e-06
-8.29711e-06
-8.29704e-06
-8.29697e-06
-8.29691e-06
-8.29684e-06
-8.29677e-06
-8.29671e-06
-8.29664e-06
-8.29657e-06
-8.29651e-06
-8.29644e-06
-8.29638e-06
-8.29632e-06
-8.29625e-06
-8.29619e-06
-8.29613e-06
-8.29606e-06
-8.296e-06
-8.29594e-06
-8.29588e-06
-8.29582e-06
-8.29576e-06
-8.2957e-06
-8.29564e-06
-8.29558e-06
-8.29552e-06
-8.29546e-06
-8.2954e-06
-8.29534e-06
-8.29528e-06
-8.29523e-06
-8.29517e-06
-8.29511e-06
-8.29506e-06
-8.295e-06
-8.29494e-06
-8.29489e-06
-8.29483e-06
-8.29478e-06
-8.29472e-06
-8.29467e-06
-8.29462e-06
-8.29456e-06
-8.29451e-06
-8.29446e-06
-8.2944e-06
-8.29435e-06
-8.2943e-06
-8.29425e-06
-8.2942e-06
-8.29415e-06
-8.29409e-06
-8.29404e-06
-8.29399e-06
-8.29394e-06
-8.29389e-06
-8.29385e-06
-8.2938e-06
-8.29375e-06
-8.2937e-06
-8.29365e-06
-8.2936e-06
-8.29355e-06
-8.29351e-06
-8.29346e-06
-8.29341e-06
-8.29337e-06
-8.29332e-06
-8.29327e-06
-8.29323e-06
-8.29318e-06
-8.29314e-06
-8.29309e-06
-8.29305e-06
-8.293e-06
-8.29296e-06
-8.29292e-06
-8.29287e-06
-8.29283e-06
-8.29279e-06
-8.29274e-06
-8.2927e-06
-8.29266e-06
-8.29262e-06
-8.29257e-06
-8.29253e-06
-8.29249e-06
-8.29245e-06
-8.29241e-06
-8.29237e-06
-8.29233e-06
-8.29229e-06
-8.29225e-06
-8.29221e-06
-8.29217e-06
-8.29213e-06
-8.29209e-06
-8.29205e-06
-8.29201e-06
-8.29197e-06
-8.29194e-06
-8.2919e-06
-8.29186e-06
-8.29182e-06
-8.29179e-06
-8.29175e-06
-8.29171e-06
-8.29168e-06
-8.29164e-06
-8.2916e-06
-8.29157e-06
-8.29153e-06
-8.2915e-06
-8.29146e-06
-8.29143e-06
-8.29139e-06
-8.29136e-06
-8.29132e-06
-8.29129e-06
-8.29125e-06
-8.29122e-06
-8.29119e-06
-8.29115e-06
-8.29112e-06
-8.29109e-06
-8.29105e-06
-8.29102e-06
-8.29099e-06
-8.29095e-06
-8.29092e-06
-8.29089e-06
-8.29086e-06
-8.29083e-06
-8.2908e-06
-8.29076e-06
-8.29073e-06
-8.2907e-06
-8.29067e-06
-8.29064e-06
-8.29061e-06
-8.29058e-06
-8.29055e-06
-8.29052e-06
-8.29049e-06
-8.29046e-06
-8.29043e-06
-8.2904e-06
-8.29037e-06
-8.29035e-06
-8.29032e-06
-8.29029e-06
-8.29026e-06
-8.29023e-06
-8.29021e-06
-8.29018e-06
-8.29015e-06
-8.29012e-06
-8.2901e-06
-8.29007e-06
-8.29004e-06
-8.29001e-06
-8.28999e-06
-8.28996e-06
-8.28994e-06
-8.28991e-06
-8.28988e-06
-8.28986e-06
-8.28983e-06
-8.28981e-06
-8.28978e-06
-8.28976e-06
-8.28973e-06
-8.28971e-06
-8.28968e-06
-8.28966e-06
-8.28963e-06
-8.28961e-06
-8.28958e-06
-8.28956e-06
-8.28954e-06
-8.28951e-06
-8.28949e-06
-8.28946e-06
-8.28944e-06
-8.28942e-06
-8.2894e-06
-8.28937e-06
-8.28935e-06
-8.28933e-06
-8.2893e-06
-8.28928e-06
-8.28926e-06
-8.28924e-06
-8.28922e-06
-8.28919e-06
-8.28917e-06
-8.28915e-06
-8.28913e-06
-8.28911e-06
-8.28909e-06
-8.28907e-06
-8.28905e-06
-8.28902e-06
-8.289e-06
-8.28898e-06
-8.28896e-06
-8.28894e-06
-8.28892e-06
-8.2889e-06
-8.28888e-06
-8.28886e-06
-8.28884e-06
-8.28882e-06
-8.28881e-06
-8.28879e-06
-8.28877e-06
-8.28875e-06
-8.28873e-06
-8.28871e-06
-8.28869e-06
-8.28867e-06
-8.28865e-06
-8.28864e-06
-8.28862e-06
-8.2886e-06
-8.28858e-06
-8.28856e-06
-8.28855e-06
-8.28853e-06
-8.28851e-06
-8.28849e-06
-8.28848e-06
-8.28846e-06
-8.28844e-06
-8.28843e-06
-8.28841e-06
-8.28839e-06
-8.28838e-06
-8.28836e-06
-8.28834e-06
-8.28833e-06
-8.28831e-06
-8.28829e-06
-8.28828e-06
-8.28826e-06
-8.28825e-06
-8.28823e-06
-8.28821e-06
-8.2882e-06
-8.28818e-06
-8.28817e-06
-8.28815e-06
-8.28814e-06
-8.28812e-06
-8.28811e-06
-8.28809e-06
-8.28808e-06
-8.28806e-06
-8.28805e-06
-8.28804e-06
-8.28802e-06
-8.28801e-06
-8.28799e-06
-8.28798e-06
-8.28796e-06
-8.28795e-06
-8.28794e-06
-8.28792e-06
-8.28791e-06
-8.2879e-06
-8.28788e-06
-8.28787e-06
-8.28786e-06
-8.28784e-06
-8.28783e-06
-8.28782e-06
-8.2878e-06
-8.28779e-06
-8.28778e-06
-8.28777e-06
-8.28775e-06
-8.28774e-06
-8.28773e-06
-8.28772e-06
-8.28771e-06
-8.28769e-06
-8.28768e-06
-8.28767e-06
-8.28766e-06
-8.28765e-06
-8.28763e-06
-8.28762e-06
-8.28761e-06
-8.2876e-06
-8.28759e-06
-8.28758e-06
-8.28757e-06
-8.28755e-06
-8.28754e-06
-8.28753e-06
-8.28752e-06
-8.28751e-06
-8.2875e-06
-8.28749e-06
-8.28748e-06
-8.28747e-06
-8.28746e-06
-8.28745e-06
-8.28744e-06
-8.28743e-06
-8.28742e-06
-8.28741e-06
-8.2874e-06
-8.28739e-06
-8.28738e-06
-8.28737e-06
-8.28736e-06
-8.28735e-06
-8.28734e-06
-8.28733e-06
-8.28732e-06
-8.28731e-06
-8.2873e-06
-8.28729e-06
-8.28728e-06
-8.28727e-06
-8.28727e-06
-8.28726e-06
-8.28725e-06
-8.28724e-06
-8.28723e-06
-8.28722e-06
-8.28721e-06
-8.28721e-06
-8.2872e-06
-8.28719e-06
-8.28718e-06
-8.28717e-06
-8.28716e-06
-8.28716e-06
-8.28715e-06
-8.28714e-06
-8.28713e-06
-8.28712e-06
-8.28712e-06
-8.28711e-06
-8.2871e-06
-8.28709e-06
-8.28709e-06
-8.28708e-06
-8.28707e-06
-8.28706e-06
-8.28706e-06
-8.28705e-06
-8.28704e-06
-8.28704e-06
-8.28703e-06
-8.28702e-06
-8.28701e-06
-8.28701e-06
-8.287e-06
-8.28699e-06
-8.28699e-06
-8.28698e-06
-8.28697e-06
-8.28697e-06
-8.28696e-06
-8.28695e-06
-8.28695e-06
-8.28694e-06
-8.28694e-06
-8.28693e-06
-8.28692e-06
-8.28692e-06
-8.28691e-06
-8.28691e-06
-8.2869e-06
-8.28689e-06
-8.28689e-06
-8.28688e-06
-8.28688e-06
-8.28687e-06
-8.28687e-06
-8.28686e-06
-8.28685e-06
-8.28685e-06
-8.28684e-06
-8.28684e-06
-8.28683e-06
-8.28683e-06
-8.28682e-06
-8.28682e-06
-8.28681e-06
-8.28681e-06
-8.2868e-06
-8.2868e-06
-8.28679e-06
-8.28679e-06
-8.28678e-06
-8.28678e-06
-8.28677e-06
-8.28677e-06
-8.28677e-06
-8.28676e-06
-8.28676e-06
-8.28675e-06
-8.28675e-06
-8.28674e-06
-8.28674e-06
-8.28674e-06
-8.28673e-06
-8.28673e-06
-8.28672e-06
-8.28672e-06
-8.28671e-06
-8.28671e-06
-8.28671e-06
-8.2867e-06
-8.2867e-06
-8.2867e-06
-8.28669e-06
-8.28669e-06
-8.28668e-06
-8.28668e-06
-8.28668e-06
-8.28667e-06
-8.28667e-06
-8.28667e-06
-8.28666e-06
-8.28666e-06
-8.28666e-06
-8.28665e-06
-8.28665e-06
-8.28665e-06
-8.28664e-06
-8.28664e-06
-8.28664e-06
-8.28664e-06
-8.28663e-06
-8.28663e-06
-8.28663e-06
-8.28662e-06
-8.28662e-06
-8.28662e-06
-8.28662e-06
-8.28661e-06
-8.28661e-06
-8.28661e-06
-8.2866e-06
-8.2866e-06
-8.2866e-06
-8.2866e-06
-8.2866e-06
-8.28659e-06
-8.28659e-06
-8.28659e-06
-8.28659e-06
-8.28658e-06
-8.28658e-06
-8.28658e-06
-8.28658e-06
-8.28658e-06
-8.28657e-06
-8.28657e-06
-8.28657e-06
-8.28657e-06
-8.28657e-06
-8.28656e-06
-8.28656e-06
-8.28656e-06
-8.28656e-06
-8.28656e-06
-8.28655e-06
-8.28655e-06
-8.28655e-06
-8.28655e-06
-8.28655e-06
-8.28655e-06
-8.28655e-06
-8.28654e-06
-8.28654e-06
-8.28654e-06
-8.28654e-06
-8.28654e-06
-8.28654e-06
-8.28654e-06
-8.28654e-06
-8.28653e-06
-8.28653e-06
-8.28653e-06
-8.28653e-06
-8.28653e-06
-8.28653e-06
-8.28653e-06
-8.28653e-06
-8.28653e-06
-8.28653e-06
-8.28652e-06
-8.28652e-06
-8.28652e-06
-8.28652e-06
-8.28652e-06
-8.28652e-06
-8.28652e-06
-8.28652e-06
-8.28652e-06
-8.28652e-06
-8.28652e-06
-8.28652e-06
-8.28652e-06
-8.28652e-06
-8.28652e-06
-8.28652e-06
-8.28651e-06
-8.28651e-06
-8.28651e-06
-8.28651e-06
-8.28651e-06
-8.28651e-06
-8.28651e-06
-8.28651e-06
-8.28651e-06
-8.28651e-06
-8.28651e-06
-8.28651e-06
-8.28651e-06
-8.28651e-06
-8.28651e-06
-8.28651e-06
-8.28651e-06
-8.28651e-06
-8.28651e-06
-8.28651e-06
-8.28651e-06
-8.28651e-06
-8.28651e-06
-8.28651e-06
-8.28651e-06
-8.28651e-06
-8.28652e-06
-8.28652e-06
-8.28652e-06
-8.28652e-06
-8.28652e-06
-8.28652e-06
-8.28652e-06
-8.28652e-06
-8.28652e-06
-8.28652e-06
-8.28652e-06
-8.28652e-06
-8.28652e-06
-8.28652e-06
-8.28652e-06
-8.28652e-06
-8.28652e-06
-8.28652e-06
-8.28653e-06
-8.28653e-06
-8.28653e-06
-8.28653e-06
-8.28653e-06
-8.28653e-06
-8.28653e-06
-8.28653e-06
-8.28653e-06
-8.28653e-06
-8.28653e-06
-8.28654e-06
-8.28654e-06
-8.28654e-06
-8.28654e-06
-8.28654e-06
-8.28654e-06
-8.28654e-06
-8.28654e-06
-8.28655e-06
-8.28655e-06
-8.28655e-06
-8.28655e-06
-8.28655e-06
-8.28655e-06
-8.28655e-06
-8.28655e-06
-8.28656e-06
-8.28656e-06
-8.28656e-06
-8.28656e-06
-1.67034e-05
-2.65982e-05
-3.55565e-05
-4.30176e-05
-4.90119e-05
-5.37311e-05
-5.73893e-05
-6.01825e-05
-6.22791e-05
-6.38211e-05
-6.49269e-05
-6.5696e-05
-6.62111e-05
-6.65424e-05
-6.6749e-05
-6.6881e-05
-6.69821e-05
-6.70905e-05
-6.724e-05
-6.74621e-05
-6.7787e-05
-6.82446e-05
-6.8866e-05
-6.96865e-05
-7.07462e-05
-7.20945e-05
-7.37941e-05
-7.59276e-05
-7.86092e-05
-8.2004e-05
-8.63612e-05
-9.20852e-05
-9.98893e-05
-0.000111185
-0.000129267
-0.00016374
-0.000245116
-0.000397204
-0.00054408
-0.000598937
-0.000605996
-0.000593533
-0.000573576
-0.00055056
-0.000525559
-0.000498202
-0.000467424
-0.000431735
-0.000389396
-0.000338776
-0.00027917
-0.000212191
-0.000143041
-7.97035e-05
-2.91338e-05
6.40994e-06
2.92159e-05
4.32544e-05
5.18921e-05
5.72592e-05
6.05169e-05
6.2267e-05
6.28326e-05
6.24065e-05
6.11218e-05
5.90833e-05
5.63822e-05
5.31023e-05
4.93227e-05
4.51188e-05
4.0562e-05
3.57199e-05
3.06552e-05
2.54255e-05
2.00834e-05
1.46756e-05
9.2434e-06
3.82237e-06
-1.55719e-06
-6.86999e-06
-1.20953e-05
-1.7217e-05
-2.22229e-05
-2.71043e-05
-3.18552e-05
-3.64725e-05
-4.09562e-05
-4.53077e-05
-4.95296e-05
-5.36272e-05
-5.76065e-05
-6.14736e-05
-6.52384e-05
-6.89084e-05
-7.2495e-05
-7.6008e-05
-7.94604e-05
-8.2864e-05
-8.62344e-05
-8.95853e-05
-9.29362e-05
-9.6303e-05
-9.97101e-05
-0.000103178
-0.000106734
-0.000110404
-0.000114221
-0.000118216
-0.000122426
-0.000126886
-0.000131637
-0.000136713
-0.000142148
-0.000147964
-0.000154169
-0.000160745
-0.000167632
-0.000174715
-0.000181803
-0.000188618
-0.000194786
-0.000199862
-0.000203387
-0.000204965
-0.000204347
-0.000201485
-0.000196442
-0.000189425
-0.00018071
-0.00017058
-0.000159291
-0.000147074
-0.00013414
-0.00012071
-0.000107026
-9.33678e-05
-8.0052e-05
-6.74136e-05
-5.57735e-05
-4.53939e-05
-3.6439e-05
-2.89596e-05
-2.28926e-05
-1.80905e-05
-1.43595e-05
-1.14966e-05
-9.31321e-06
-7.64866e-06
-6.37375e-06
-5.38912e-06
-4.62062e-06
-4.01386e-06
-3.52928e-06
-3.13822e-06
-2.81981e-06
-2.55868e-06
-2.34341e-06
-2.16533e-06
-2.01778e-06
-1.89552e-06
-1.7944e-06
-1.71106e-06
-1.64274e-06
-1.58718e-06
-1.54248e-06
-1.50706e-06
-1.47958e-06
-1.45891e-06
-1.44407e-06
-1.43426e-06
-1.42877e-06
-1.42701e-06
-1.42845e-06
-1.43267e-06
-1.43928e-06
-1.44796e-06
-1.45844e-06
-1.47047e-06
-1.48384e-06
-1.49838e-06
-1.51394e-06
-1.53039e-06
-1.5476e-06
-1.56548e-06
-1.58395e-06
-1.60293e-06
-1.62236e-06
-1.64217e-06
-1.66233e-06
-1.68279e-06
-1.7035e-06
-1.72444e-06
-1.74559e-06
-1.7669e-06
-1.78836e-06
-1.80996e-06
-1.83166e-06
-1.85346e-06
-1.87534e-06
-1.89728e-06
-1.91928e-06
-1.94132e-06
-1.9634e-06
-1.9855e-06
-2.00761e-06
-2.02973e-06
-2.05184e-06
-2.07395e-06
-2.09603e-06
-2.1181e-06
-2.14014e-06
-2.16214e-06
-2.1841e-06
-2.20601e-06
-2.22787e-06
-2.24967e-06
-2.27141e-06
-2.29308e-06
-2.31468e-06
-2.3362e-06
-2.35764e-06
-2.379e-06
-2.40026e-06
-2.42143e-06
-2.4425e-06
-2.46347e-06
-2.48434e-06
-2.50509e-06
-2.52573e-06
-2.54625e-06
-2.56665e-06
-2.58693e-06
-2.60707e-06
-2.62709e-06
-2.64698e-06
-2.66672e-06
-2.68633e-06
-2.70579e-06
-2.72511e-06
-2.74428e-06
-2.7633e-06
-2.78217e-06
-2.80088e-06
-2.81943e-06
-2.83782e-06
-2.85605e-06
-2.87411e-06
-2.89201e-06
-2.90974e-06
-2.92729e-06
-2.94468e-06
-2.96189e-06
-2.97892e-06
-2.99578e-06
-3.01245e-06
-3.02895e-06
-3.04526e-06
-3.06139e-06
-3.07734e-06
-3.0931e-06
-3.10867e-06
-3.12406e-06
-3.13925e-06
-3.15426e-06
-3.16908e-06
-3.1837e-06
-3.19813e-06
-3.21237e-06
-3.22642e-06
-3.24027e-06
-3.25393e-06
-3.2674e-06
-3.28066e-06
-3.29374e-06
-3.30661e-06
-3.31929e-06
-3.33178e-06
-3.34407e-06
-3.35616e-06
-3.36805e-06
-3.37975e-06
-3.39126e-06
-3.40256e-06
-3.41367e-06
-3.42459e-06
-3.4353e-06
-3.44583e-06
-3.45616e-06
-3.46629e-06
-3.47623e-06
-3.48597e-06
-3.49552e-06
-3.50488e-06
-3.51405e-06
-3.52302e-06
-3.5318e-06
-3.54039e-06
-3.54879e-06
-3.55701e-06
-3.56503e-06
-3.57286e-06
-3.58051e-06
-3.58798e-06
-3.59525e-06
-3.60235e-06
-3.60925e-06
-3.61598e-06
-3.62252e-06
-3.62889e-06
-3.63507e-06
-3.64107e-06
-3.6469e-06
-3.65255e-06
-3.65802e-06
-3.66331e-06
-3.66844e-06
-3.67338e-06
-3.67816e-06
-3.68277e-06
-3.6872e-06
-3.69147e-06
-3.69556e-06
-3.69949e-06
-3.70326e-06
-3.70686e-06
-3.7103e-06
-3.71357e-06
-3.71669e-06
-3.71964e-06
-3.72244e-06
-3.72508e-06
-3.72756e-06
-3.72989e-06
-3.73206e-06
-3.73409e-06
-3.73596e-06
-3.73768e-06
-3.73925e-06
-3.74068e-06
-3.74196e-06
-3.74309e-06
-3.74409e-06
-3.74494e-06
-3.74565e-06
-3.74622e-06
-3.74665e-06
-3.74695e-06
-3.74711e-06
-3.74714e-06
-3.74704e-06
-3.7468e-06
-3.74644e-06
-3.74595e-06
-3.74533e-06
-3.74458e-06
-3.74371e-06
-3.74272e-06
-3.7416e-06
-3.74037e-06
-3.73902e-06
-3.73755e-06
-3.73596e-06
-3.73426e-06
-3.73245e-06
-3.73052e-06
-3.72849e-06
-3.72635e-06
-3.72409e-06
-3.72174e-06
-3.71927e-06
-3.71671e-06
-3.71404e-06
-3.71127e-06
-3.70841e-06
-3.70544e-06
-3.70238e-06
-3.69922e-06
-3.69597e-06
-3.69263e-06
-3.6892e-06
-3.68568e-06
-3.68207e-06
-3.67837e-06
-3.67459e-06
-3.67072e-06
-3.66677e-06
-3.66273e-06
-3.65862e-06
-3.65443e-06
-3.65016e-06
-3.64581e-06
-3.64139e-06
-3.6369e-06
-3.63233e-06
-3.62769e-06
-3.62298e-06
-3.61821e-06
-3.61337e-06
-3.60846e-06
-3.60349e-06
-3.59846e-06
-3.59337e-06
-3.58821e-06
-3.583e-06
-3.57773e-06
-3.57241e-06
-3.56703e-06
-3.5616e-06
-3.55611e-06
-3.55058e-06
-3.545e-06
-3.53937e-06
-3.53369e-06
-3.52797e-06
-3.5222e-06
-3.51639e-06
-3.51054e-06
-3.50464e-06
-3.49871e-06
-3.49274e-06
-3.48674e-06
-3.4807e-06
-3.47462e-06
-3.46851e-06
-3.46237e-06
-3.4562e-06
-3.44999e-06
-3.44376e-06
-3.43751e-06
-3.43122e-06
-3.42491e-06
-3.41858e-06
-3.41223e-06
-3.40585e-06
-3.39945e-06
-3.39303e-06
-3.3866e-06
-3.38015e-06
-3.37368e-06
-3.36719e-06
-3.3607e-06
-3.35419e-06
-3.34766e-06
-3.34113e-06
-3.33458e-06
-3.32803e-06
-3.32147e-06
-3.31491e-06
-3.30834e-06
-3.30177e-06
-3.29519e-06
-3.28862e-06
-3.28204e-06
-3.27546e-06
-3.26889e-06
-3.26232e-06
-3.25575e-06
-3.24918e-06
-3.24262e-06
-3.23607e-06
-3.22952e-06
-3.22298e-06
-3.21644e-06
-3.20992e-06
-3.2034e-06
-3.1969e-06
-3.19041e-06
-3.18393e-06
-3.17746e-06
-3.171e-06
-3.16456e-06
-3.15814e-06
-3.15173e-06
-3.14534e-06
-3.13896e-06
-3.13261e-06
-3.12627e-06
-3.11995e-06
-3.11365e-06
-3.10738e-06
-3.10112e-06
-3.09489e-06
-3.08868e-06
-3.0825e-06
-3.07634e-06
-3.0702e-06
-3.06409e-06
-3.05801e-06
-3.05195e-06
-3.04592e-06
-3.03993e-06
-3.03396e-06
-3.02802e-06
-3.02211e-06
-3.01623e-06
-3.01038e-06
-3.00457e-06
-2.99878e-06
-2.99303e-06
-2.98732e-06
-2.98164e-06
-2.97599e-06
-2.97038e-06
-2.9648e-06
-2.95925e-06
-2.95374e-06
-2.94827e-06
-2.94283e-06
-2.93743e-06
-2.93207e-06
-2.92674e-06
-2.92146e-06
-2.91621e-06
-2.911e-06
-2.90584e-06
-2.90071e-06
-2.89562e-06
-2.89058e-06
-2.88558e-06
-2.88063e-06
-2.87571e-06
-2.87084e-06
-2.86602e-06
-2.86124e-06
-2.8565e-06
-2.85181e-06
-2.84717e-06
-2.84258e-06
-2.83803e-06
-2.83353e-06
-2.82907e-06
-2.82467e-06
-2.82031e-06
-2.816e-06
-2.81174e-06
-2.80753e-06
-2.80337e-06
-2.79926e-06
-2.7952e-06
-2.79119e-06
-2.78723e-06
-2.78332e-06
-2.77947e-06
-2.77566e-06
-2.77191e-06
-2.76821e-06
-2.76456e-06
-2.76097e-06
-2.75742e-06
-2.75393e-06
-2.7505e-06
-2.74711e-06
-2.74378e-06
-2.74051e-06
-2.73729e-06
-2.73412e-06
-2.731e-06
-2.72794e-06
-2.72494e-06
-2.72199e-06
-2.71909e-06
-2.71625e-06
-2.71347e-06
-2.71074e-06
-2.70806e-06
-2.70544e-06
-2.70288e-06
-2.70037e-06
-2.69792e-06
-2.69553e-06
-2.6932e-06
-2.69093e-06
-2.68872e-06
-2.68656e-06
-2.68447e-06
-2.68243e-06
-2.68045e-06
-2.67854e-06
-2.67668e-06
-2.67488e-06
-2.67314e-06
-2.67145e-06
-2.66983e-06
-2.66826e-06
-2.66675e-06
-2.6653e-06
-2.66391e-06
-2.66258e-06
-2.6613e-06
-2.66008e-06
-2.65892e-06
-2.65781e-06
-2.65677e-06
-2.65578e-06
-2.65485e-06
-2.65397e-06
-2.65315e-06
-2.65239e-06
-2.65169e-06
-2.65104e-06
-2.65045e-06
-2.64992e-06
-2.64944e-06
-2.64902e-06
-2.64865e-06
-2.64835e-06
-2.64809e-06
-2.6479e-06
-2.64776e-06
-2.64767e-06
-2.64765e-06
-2.64767e-06
-2.64776e-06
-2.64789e-06
-2.64808e-06
-2.64832e-06
-2.64862e-06
-2.64896e-06
-2.64936e-06
-2.64981e-06
-2.65031e-06
-2.65087e-06
-2.65148e-06
-2.65214e-06
-2.65285e-06
-2.65361e-06
-2.65443e-06
-2.6553e-06
-2.65622e-06
-2.6572e-06
-2.65822e-06
-2.65931e-06
-2.66044e-06
-2.66163e-06
-2.66286e-06
-2.66416e-06
-2.6655e-06
-2.6669e-06
-2.66835e-06
-2.66985e-06
-2.6714e-06
-2.67301e-06
-2.67467e-06
-2.67638e-06
-2.67814e-06
-2.67996e-06
-2.68183e-06
-2.68375e-06
-2.68572e-06
-2.68774e-06
-2.68981e-06
-2.69194e-06
-2.69411e-06
-2.69634e-06
-2.69862e-06
-2.70095e-06
-2.70333e-06
-2.70576e-06
-2.70824e-06
-2.71077e-06
-2.71335e-06
-2.71598e-06
-2.71865e-06
-2.72138e-06
-2.72416e-06
-2.72699e-06
-2.72986e-06
-2.73278e-06
-2.73576e-06
-2.73878e-06
-2.74185e-06
-2.74496e-06
-2.74813e-06
-2.75134e-06
-2.7546e-06
-2.7579e-06
-2.76126e-06
-2.76466e-06
-2.7681e-06
-2.7716e-06
-2.77513e-06
-2.77872e-06
-2.78235e-06
-2.78602e-06
-2.78975e-06
-2.79351e-06
-2.79733e-06
-2.80119e-06
-2.80511e-06
-2.80907e-06
-2.81308e-06
-2.81713e-06
-2.82124e-06
-2.82539e-06
-2.82959e-06
-2.83384e-06
-2.83813e-06
-2.84247e-06
-2.84686e-06
-2.85129e-06
-2.85576e-06
-2.86029e-06
-2.86485e-06
-2.86946e-06
-2.87411e-06
-2.8788e-06
-2.88354e-06
-2.88832e-06
-2.89314e-06
-2.898e-06
-2.9029e-06
-2.90784e-06
-2.91283e-06
-2.91785e-06
-2.92291e-06
-2.92802e-06
-2.93316e-06
-2.93834e-06
-2.94356e-06
-2.94881e-06
-2.95411e-06
-2.95944e-06
-2.96481e-06
-2.97021e-06
-2.97566e-06
-2.98114e-06
-2.98665e-06
-2.99221e-06
-2.99779e-06
-3.00342e-06
-3.00908e-06
-3.01477e-06
-3.0205e-06
-3.02626e-06
-3.03206e-06
-3.03789e-06
-3.04376e-06
-3.04965e-06
-3.05559e-06
-3.06155e-06
-3.06755e-06
-3.07358e-06
-3.07965e-06
-3.08574e-06
-3.09186e-06
-3.09802e-06
-3.1042e-06
-3.11041e-06
-3.11665e-06
-3.12291e-06
-3.1292e-06
-3.13552e-06
-3.14187e-06
-3.14824e-06
-3.15464e-06
-3.16107e-06
-3.16752e-06
-3.174e-06
-3.18051e-06
-3.18704e-06
-3.1936e-06
-3.20019e-06
-3.2068e-06
-3.21344e-06
-3.22011e-06
-3.2268e-06
-3.23352e-06
-3.24026e-06
-3.24703e-06
-3.25383e-06
-3.26065e-06
-3.2675e-06
-3.27438e-06
-3.28128e-06
-3.2882e-06
-3.29515e-06
-3.30213e-06
-3.30913e-06
-3.31615e-06
-3.3232e-06
-3.33027e-06
-3.33737e-06
-3.34449e-06
-3.35164e-06
-3.35881e-06
-3.366e-06
-3.37321e-06
-3.38045e-06
-3.38771e-06
-3.395e-06
-3.40231e-06
-3.40963e-06
-3.41699e-06
-3.42436e-06
-3.43175e-06
-3.43917e-06
-3.44661e-06
-3.45406e-06
-3.46154e-06
-3.46904e-06
-3.47656e-06
-3.4841e-06
-3.49167e-06
-3.49925e-06
-3.50685e-06
-3.51447e-06
-3.5221e-06
-3.52976e-06
-3.53744e-06
-3.54513e-06
-3.55285e-06
-3.56058e-06
-3.56833e-06
-3.57609e-06
-3.58388e-06
-3.59168e-06
-3.5995e-06
-3.60733e-06
-3.61519e-06
-3.62306e-06
-3.63094e-06
-3.63884e-06
-3.64676e-06
-3.65469e-06
-3.66264e-06
-3.67061e-06
-3.67859e-06
-3.68659e-06
-3.69462e-06
-3.70266e-06
-3.71072e-06
-3.71879e-06
-3.72689e-06
-3.73501e-06
-3.74314e-06
-3.75129e-06
-3.75946e-06
-3.76765e-06
-3.77585e-06
-3.78407e-06
-3.7923e-06
-3.80055e-06
-3.80882e-06
-3.8171e-06
-3.82539e-06
-3.8337e-06
-3.84202e-06
-3.85035e-06
-3.8587e-06
-3.86705e-06
-3.87542e-06
-3.8838e-06
-3.8922e-06
-3.9006e-06
-3.90901e-06
-3.91743e-06
-3.92587e-06
-3.93431e-06
-3.94276e-06
-3.95122e-06
-3.95969e-06
-3.96817e-06
-3.97666e-06
-3.98515e-06
-3.99366e-06
-4.00217e-06
-4.01069e-06
-4.01921e-06
-4.02775e-06
-4.03629e-06
-4.04483e-06
-4.05338e-06
-4.06194e-06
-4.07051e-06
-4.07908e-06
-4.08765e-06
-4.09623e-06
-4.10482e-06
-4.11341e-06
-4.12201e-06
-4.13061e-06
-4.13922e-06
-4.14783e-06
-4.15644e-06
-4.16506e-06
-4.17368e-06
-4.18231e-06
-4.19094e-06
-4.19957e-06
-4.20821e-06
-4.21685e-06
-4.22549e-06
-4.23413e-06
-4.24278e-06
-4.25143e-06
-4.26008e-06
-4.26873e-06
-4.27739e-06
-4.28604e-06
-4.2947e-06
-4.30336e-06
-4.31202e-06
-4.32068e-06
-4.32935e-06
-4.33801e-06
-4.34667e-06
-4.35534e-06
-4.364e-06
-4.37267e-06
-4.38133e-06
-4.39e-06
-4.39866e-06
-4.40732e-06
-4.41599e-06
-4.42465e-06
-4.43331e-06
-4.44197e-06
-4.45063e-06
-4.45929e-06
-4.46795e-06
-4.4766e-06
-4.48525e-06
-4.4939e-06
-4.50255e-06
-4.5112e-06
-4.51984e-06
-4.52849e-06
-4.53712e-06
-4.54576e-06
-4.55439e-06
-4.56303e-06
-4.57165e-06
-4.58028e-06
-4.5889e-06
-4.59751e-06
-4.60613e-06
-4.61474e-06
-4.62334e-06
-4.63194e-06
-4.64054e-06
-4.64914e-06
-4.65772e-06
-4.66631e-06
-4.67489e-06
-4.68346e-06
-4.69203e-06
-4.7006e-06
-4.70916e-06
-4.71771e-06
-4.72626e-06
-4.7348e-06
-4.74334e-06
-4.75187e-06
-4.7604e-06
-4.76892e-06
-4.77743e-06
-4.78594e-06
-4.79444e-06
-4.80293e-06
-4.81142e-06
-4.8199e-06
-4.82838e-06
-4.83684e-06
-4.8453e-06
-4.85376e-06
-4.8622e-06
-4.87064e-06
-4.87907e-06
-4.8875e-06
-4.89591e-06
-4.90432e-06
-4.91272e-06
-4.92111e-06
-4.9295e-06
-4.93787e-06
-4.94623e-06
-4.95458e-06
-4.96293e-06
-4.97126e-06
-4.97958e-06
-4.98789e-06
-4.99619e-06
-5.00448e-06
-5.01276e-06
-5.02103e-06
-5.02929e-06
-5.03754e-06
-5.04577e-06
-5.054e-06
-5.06222e-06
-5.07042e-06
-5.07862e-06
-5.0868e-06
-5.09498e-06
-5.10314e-06
-5.11129e-06
-5.11943e-06
-5.12757e-06
-5.13569e-06
-5.1438e-06
-1.37618e-05
-2.38542e-05
-3.2945e-05
-4.04634e-05
-4.64451e-05
-5.10903e-05
-5.46212e-05
-5.724e-05
-5.91203e-05
-6.04074e-05
-6.12223e-05
-6.16652e-05
-6.18193e-05
-6.17538e-05
-6.15258e-05
-6.11826e-05
-6.07638e-05
-6.03021e-05
-5.98246e-05
-5.93537e-05
-5.89078e-05
-5.85028e-05
-5.81525e-05
-5.78688e-05
-5.7662e-05
-5.75416e-05
-5.75166e-05
-5.75972e-05
-5.7794e-05
-5.81184e-05
-5.85831e-05
-5.92036e-05
-5.99994e-05
-6.09939e-05
-6.22153e-05
-6.37017e-05
-6.55007e-05
-6.7676e-05
-7.03126e-05
-7.3529e-05
-7.74926e-05
-8.24523e-05
-8.87974e-05
-9.71748e-05
-0.000108748
-0.000125843
-0.00015371
-0.000205288
-0.000306574
-0.000455575
-0.000548489
-0.000579529
-0.000579887
-0.000566026
-0.000545525
-0.000521253
-0.000493691
-0.000462127
-0.000425204
-0.000381255
-0.000328785
-0.000267419
-0.000199389
-0.00013058
-6.91318e-05
-2.13008e-05
1.16638e-05
3.26173e-05
4.55438e-05
5.35845e-05
5.86522e-05
6.17706e-05
6.34685e-05
6.4033e-05
6.36398e-05
6.24131e-05
6.04534e-05
5.78496e-05
5.46839e-05
5.10345e-05
4.6976e-05
4.2579e-05
3.79104e-05
3.30323e-05
2.80017e-05
2.28699e-05
1.7683e-05
1.24811e-05
7.29888e-06
2.16575e-06
-2.89399e-06
-7.86047e-06
-1.27181e-05
-1.74552e-05
-2.20636e-05
-2.65387e-05
-3.08777e-05
-3.50803e-05
-3.91484e-05
-4.30859e-05
-4.68971e-05
-5.05887e-05
-5.41678e-05
-5.76418e-05
-6.10208e-05
-6.43127e-05
-6.75306e-05
-7.06838e-05
-7.37872e-05
-7.68519e-05
-7.98956e-05
-8.29322e-05
-8.59815e-05
-8.90614e-05
-9.21944e-05
-9.54032e-05
-9.87135e-05
-0.000102153
-0.00010575
-0.000109536
-0.000113544
-0.000117805
-0.000122348
-0.000127198
-0.000132371
-0.000137863
-0.000143649
-0.000149666
-0.000155801
-0.000161864
-0.000167587
-0.000172617
-0.000176526
-0.000178865
-0.000179199
-0.000177215
-0.00017281
-0.000166091
-0.000157309
-0.000146795
-0.0001349
-0.000121979
-0.000108387
-9.44989e-05
-8.07114e-05
-6.74423e-05
-5.50997e-05
-4.40349e-05
-3.44907e-05
-2.65697e-05
-2.02307e-05
-1.53189e-05
-1.16142e-05
-8.87719e-06
-6.8839e-06
-5.44352e-06
-4.40469e-06
-3.65302e-06
-3.105e-06
-2.70116e-06
-2.39983e-06
-2.17206e-06
-1.99778e-06
-1.86302e-06
-1.75802e-06
-1.67582e-06
-1.61144e-06
-1.56121e-06
-1.52238e-06
-1.49287e-06
-1.47107e-06
-1.45567e-06
-1.44567e-06
-1.44023e-06
-1.43865e-06
-1.44036e-06
-1.4449e-06
-1.45186e-06
-1.4609e-06
-1.47174e-06
-1.48413e-06
-1.49786e-06
-1.51276e-06
-1.52867e-06
-1.54546e-06
-1.56301e-06
-1.58124e-06
-1.60005e-06
-1.61937e-06
-1.63914e-06
-1.6593e-06
-1.67981e-06
-1.70063e-06
-1.72171e-06
-1.74302e-06
-1.76454e-06
-1.78624e-06
-1.80811e-06
-1.83011e-06
-1.85223e-06
-1.87446e-06
-1.89678e-06
-1.91917e-06
-1.94163e-06
-1.96415e-06
-1.98671e-06
-2.0093e-06
-2.03192e-06
-2.05456e-06
-2.07721e-06
-2.09986e-06
-2.12251e-06
-2.14514e-06
-2.16776e-06
-2.19035e-06
-2.21291e-06
-2.23544e-06
-2.25792e-06
-2.28036e-06
-2.30275e-06
-2.32508e-06
-2.34735e-06
-2.36955e-06
-2.39169e-06
-2.41374e-06
-2.43572e-06
-2.45761e-06
-2.47941e-06
-2.50112e-06
-2.52273e-06
-2.54424e-06
-2.56565e-06
-2.58694e-06
-2.60813e-06
-2.6292e-06
-2.65014e-06
-2.67097e-06
-2.69167e-06
-2.71224e-06
-2.73268e-06
-2.75298e-06
-2.77314e-06
-2.79316e-06
-2.81304e-06
-2.83277e-06
-2.85234e-06
-2.87177e-06
-2.89104e-06
-2.91015e-06
-2.92911e-06
-2.9479e-06
-2.96652e-06
-2.98499e-06
-3.00328e-06
-3.0214e-06
-3.03935e-06
-3.05712e-06
-3.07472e-06
-3.09214e-06
-3.10939e-06
-3.12645e-06
-3.14333e-06
-3.16003e-06
-3.17654e-06
-3.19287e-06
-3.20901e-06
-3.22496e-06
-3.24072e-06
-3.2563e-06
-3.27168e-06
-3.28687e-06
-3.30187e-06
-3.31667e-06
-3.33128e-06
-3.3457e-06
-3.35992e-06
-3.37395e-06
-3.38778e-06
-3.40142e-06
-3.41485e-06
-3.4281e-06
-3.44114e-06
-3.45399e-06
-3.46664e-06
-3.47909e-06
-3.49135e-06
-3.5034e-06
-3.51527e-06
-3.52693e-06
-3.5384e-06
-3.54967e-06
-3.56074e-06
-3.57161e-06
-3.58229e-06
-3.59278e-06
-3.60307e-06
-3.61316e-06
-3.62306e-06
-3.63277e-06
-3.64228e-06
-3.6516e-06
-3.66072e-06
-3.66966e-06
-3.6784e-06
-3.68695e-06
-3.69532e-06
-3.70349e-06
-3.71147e-06
-3.71927e-06
-3.72688e-06
-3.73431e-06
-3.74155e-06
-3.74861e-06
-3.75548e-06
-3.76217e-06
-3.76868e-06
-3.77501e-06
-3.78115e-06
-3.78712e-06
-3.79291e-06
-3.79853e-06
-3.80396e-06
-3.80923e-06
-3.81432e-06
-3.81923e-06
-3.82397e-06
-3.82855e-06
-3.83295e-06
-3.83718e-06
-3.84125e-06
-3.84515e-06
-3.84888e-06
-3.85245e-06
-3.85586e-06
-3.8591e-06
-3.86219e-06
-3.86511e-06
-3.86788e-06
-3.87049e-06
-3.87294e-06
-3.87524e-06
-3.87739e-06
-3.87938e-06
-3.88122e-06
-3.88291e-06
-3.88446e-06
-3.88585e-06
-3.8871e-06
-3.88821e-06
-3.88917e-06
-3.88999e-06
-3.89067e-06
-3.89121e-06
-3.89162e-06
-3.89188e-06
-3.89201e-06
-3.89201e-06
-3.89187e-06
-3.89161e-06
-3.89121e-06
-3.89068e-06
-3.89003e-06
-3.88925e-06
-3.88834e-06
-3.88731e-06
-3.88616e-06
-3.88489e-06
-3.8835e-06
-3.88199e-06
-3.88037e-06
-3.87863e-06
-3.87677e-06
-3.87481e-06
-3.87273e-06
-3.87054e-06
-3.86825e-06
-3.86584e-06
-3.86334e-06
-3.86072e-06
-3.85801e-06
-3.85519e-06
-3.85227e-06
-3.84926e-06
-3.84614e-06
-3.84293e-06
-3.83963e-06
-3.83623e-06
-3.83274e-06
-3.82916e-06
-3.82549e-06
-3.82173e-06
-3.81789e-06
-3.81395e-06
-3.80994e-06
-3.80584e-06
-3.80166e-06
-3.7974e-06
-3.79306e-06
-3.78864e-06
-3.78415e-06
-3.77958e-06
-3.77493e-06
-3.77022e-06
-3.76543e-06
-3.76058e-06
-3.75565e-06
-3.75066e-06
-3.74561e-06
-3.74049e-06
-3.7353e-06
-3.73006e-06
-3.72476e-06
-3.71939e-06
-3.71397e-06
-3.7085e-06
-3.70297e-06
-3.69738e-06
-3.69174e-06
-3.68606e-06
-3.68032e-06
-3.67453e-06
-3.6687e-06
-3.66282e-06
-3.6569e-06
-3.65093e-06
-3.64492e-06
-3.63887e-06
-3.63278e-06
-3.62665e-06
-3.62049e-06
-3.61428e-06
-3.60805e-06
-3.60177e-06
-3.59547e-06
-3.58914e-06
-3.58277e-06
-3.57638e-06
-3.56995e-06
-3.5635e-06
-3.55703e-06
-3.55053e-06
-3.544e-06
-3.53746e-06
-3.53089e-06
-3.5243e-06
-3.5177e-06
-3.51107e-06
-3.50443e-06
-3.49778e-06
-3.4911e-06
-3.48442e-06
-3.47772e-06
-3.47101e-06
-3.46429e-06
-3.45756e-06
-3.45083e-06
-3.44409e-06
-3.43734e-06
-3.43059e-06
-3.42384e-06
-3.41708e-06
-3.41033e-06
-3.40357e-06
-3.39681e-06
-3.39006e-06
-3.38331e-06
-3.37656e-06
-3.36981e-06
-3.36307e-06
-3.35633e-06
-3.3496e-06
-3.34288e-06
-3.33616e-06
-3.32946e-06
-3.32276e-06
-3.31607e-06
-3.3094e-06
-3.30273e-06
-3.29608e-06
-3.28945e-06
-3.28282e-06
-3.27622e-06
-3.26962e-06
-3.26305e-06
-3.25649e-06
-3.24995e-06
-3.24343e-06
-3.23693e-06
-3.23045e-06
-3.22399e-06
-3.21755e-06
-3.21113e-06
-3.20474e-06
-3.19837e-06
-3.19203e-06
-3.18571e-06
-3.17941e-06
-3.17315e-06
-3.16691e-06
-3.16069e-06
-3.15451e-06
-3.14835e-06
-3.14223e-06
-3.13613e-06
-3.13007e-06
-3.12404e-06
-3.11804e-06
-3.11207e-06
-3.10613e-06
-3.10023e-06
-3.09436e-06
-3.08853e-06
-3.08272e-06
-3.07696e-06
-3.07122e-06
-3.06552e-06
-3.05986e-06
-3.05424e-06
-3.04865e-06
-3.04309e-06
-3.03758e-06
-3.0321e-06
-3.02667e-06
-3.02127e-06
-3.01591e-06
-3.0106e-06
-3.00532e-06
-3.00009e-06
-2.9949e-06
-2.98975e-06
-2.98465e-06
-2.97959e-06
-2.97458e-06
-2.96961e-06
-2.96468e-06
-2.9598e-06
-2.95497e-06
-2.95018e-06
-2.94544e-06
-2.94075e-06
-2.9361e-06
-2.93151e-06
-2.92696e-06
-2.92246e-06
-2.918e-06
-2.9136e-06
-2.90925e-06
-2.90494e-06
-2.90069e-06
-2.89649e-06
-2.89234e-06
-2.88823e-06
-2.88418e-06
-2.88018e-06
-2.87624e-06
-2.87234e-06
-2.8685e-06
-2.86471e-06
-2.86097e-06
-2.85728e-06
-2.85365e-06
-2.85007e-06
-2.84654e-06
-2.84307e-06
-2.83965e-06
-2.83629e-06
-2.83297e-06
-2.82972e-06
-2.82651e-06
-2.82336e-06
-2.82027e-06
-2.81723e-06
-2.81425e-06
-2.81132e-06
-2.80844e-06
-2.80563e-06
-2.80287e-06
-2.80017e-06
-2.79753e-06
-2.79495e-06
-2.79242e-06
-2.78996e-06
-2.78755e-06
-2.7852e-06
-2.78292e-06
-2.78068e-06
-2.77851e-06
-2.7764e-06
-2.77434e-06
-2.77234e-06
-2.7704e-06
-2.76852e-06
-2.7667e-06
-2.76493e-06
-2.76322e-06
-2.76157e-06
-2.75997e-06
-2.75844e-06
-2.75696e-06
-2.75553e-06
-2.75417e-06
-2.75286e-06
-2.7516e-06
-2.75041e-06
-2.74927e-06
-2.74819e-06
-2.74716e-06
-2.74619e-06
-2.74528e-06
-2.74442e-06
-2.74362e-06
-2.74288e-06
-2.74219e-06
-2.74156e-06
-2.74099e-06
-2.74047e-06
-2.74001e-06
-2.7396e-06
-2.73925e-06
-2.73895e-06
-2.73871e-06
-2.73852e-06
-2.73839e-06
-2.73831e-06
-2.73828e-06
-2.7383e-06
-2.73838e-06
-2.7385e-06
-2.73868e-06
-2.73892e-06
-2.7392e-06
-2.73953e-06
-2.73992e-06
-2.74036e-06
-2.74086e-06
-2.7414e-06
-2.742e-06
-2.74265e-06
-2.74335e-06
-2.74411e-06
-2.74492e-06
-2.74578e-06
-2.74669e-06
-2.74766e-06
-2.74868e-06
-2.74975e-06
-2.75087e-06
-2.75205e-06
-2.75328e-06
-2.75456e-06
-2.75589e-06
-2.75728e-06
-2.75871e-06
-2.7602e-06
-2.76175e-06
-2.76334e-06
-2.76498e-06
-2.76668e-06
-2.76843e-06
-2.77023e-06
-2.77208e-06
-2.77398e-06
-2.77593e-06
-2.77793e-06
-2.77999e-06
-2.78209e-06
-2.78425e-06
-2.78645e-06
-2.78871e-06
-2.79101e-06
-2.79336e-06
-2.79577e-06
-2.79822e-06
-2.80072e-06
-2.80327e-06
-2.80587e-06
-2.80852e-06
-2.81121e-06
-2.81396e-06
-2.81675e-06
-2.81959e-06
-2.82248e-06
-2.82541e-06
-2.82839e-06
-2.83142e-06
-2.8345e-06
-2.83762e-06
-2.84079e-06
-2.844e-06
-2.84726e-06
-2.85057e-06
-2.85392e-06
-2.85732e-06
-2.86077e-06
-2.86427e-06
-2.86781e-06
-2.8714e-06
-2.87504e-06
-2.87873e-06
-2.88247e-06
-2.88626e-06
-2.89009e-06
-2.89397e-06
-2.8979e-06
-2.90188e-06
-2.9059e-06
-2.90996e-06
-2.91408e-06
-2.91823e-06
-2.92244e-06
-2.92668e-06
-2.93097e-06
-2.9353e-06
-2.93968e-06
-2.94409e-06
-2.94855e-06
-2.95306e-06
-2.9576e-06
-2.96218e-06
-2.96681e-06
-2.97147e-06
-2.97618e-06
-2.98092e-06
-2.9857e-06
-2.99053e-06
-2.99539e-06
-3.00029e-06
-3.00523e-06
-3.0102e-06
-3.01522e-06
-3.02027e-06
-3.02536e-06
-3.03049e-06
-3.03565e-06
-3.04085e-06
-3.04608e-06
-3.05136e-06
-3.05666e-06
-3.06201e-06
-3.06738e-06
-3.0728e-06
-3.07824e-06
-3.08373e-06
-3.08924e-06
-3.09479e-06
-3.10038e-06
-3.10599e-06
-3.11165e-06
-3.11733e-06
-3.12305e-06
-3.1288e-06
-3.13458e-06
-3.14039e-06
-3.14623e-06
-3.1521e-06
-3.158e-06
-3.16393e-06
-3.16988e-06
-3.17586e-06
-3.18187e-06
-3.18791e-06
-3.19397e-06
-3.20006e-06
-3.20618e-06
-3.21232e-06
-3.21849e-06
-3.22469e-06
-3.23092e-06
-3.23717e-06
-3.24345e-06
-3.24975e-06
-3.25608e-06
-3.26244e-06
-3.26882e-06
-3.27523e-06
-3.28167e-06
-3.28813e-06
-3.29462e-06
-3.30114e-06
-3.30768e-06
-3.31424e-06
-3.32084e-06
-3.32746e-06
-3.3341e-06
-3.34077e-06
-3.34746e-06
-3.35418e-06
-3.36092e-06
-3.36769e-06
-3.37448e-06
-3.3813e-06
-3.38814e-06
-3.395e-06
-3.40189e-06
-3.4088e-06
-3.41574e-06
-3.42269e-06
-3.42968e-06
-3.43668e-06
-3.4437e-06
-3.45075e-06
-3.45782e-06
-3.46492e-06
-3.47203e-06
-3.47916e-06
-3.48632e-06
-3.4935e-06
-3.5007e-06
-3.50792e-06
-3.51516e-06
-3.52242e-06
-3.5297e-06
-3.537e-06
-3.54432e-06
-3.55166e-06
-3.55901e-06
-3.56639e-06
-3.57379e-06
-3.5812e-06
-3.58863e-06
-3.59609e-06
-3.60356e-06
-3.61104e-06
-3.61855e-06
-3.62607e-06
-3.63361e-06
-3.64116e-06
-3.64874e-06
-3.65633e-06
-3.66393e-06
-3.67156e-06
-3.67919e-06
-3.68685e-06
-3.69452e-06
-3.70221e-06
-3.70991e-06
-3.71764e-06
-3.72539e-06
-3.73315e-06
-3.74094e-06
-3.74874e-06
-3.75656e-06
-3.7644e-06
-3.77226e-06
-3.78014e-06
-3.78803e-06
-3.79594e-06
-3.80387e-06
-3.81181e-06
-3.81977e-06
-3.82774e-06
-3.83573e-06
-3.84373e-06
-3.85175e-06
-3.85978e-06
-3.86783e-06
-3.87588e-06
-3.88395e-06
-3.89203e-06
-3.90012e-06
-3.90823e-06
-3.91634e-06
-3.92447e-06
-3.9326e-06
-3.94075e-06
-3.94891e-06
-3.95707e-06
-3.96525e-06
-3.97343e-06
-3.98163e-06
-3.98983e-06
-3.99804e-06
-4.00626e-06
-4.01449e-06
-4.02272e-06
-4.03096e-06
-4.03921e-06
-4.04747e-06
-4.05573e-06
-4.064e-06
-4.07228e-06
-4.08057e-06
-4.08886e-06
-4.09715e-06
-4.10545e-06
-4.11376e-06
-4.12207e-06
-4.13039e-06
-4.13871e-06
-4.14704e-06
-4.15537e-06
-4.16371e-06
-4.17205e-06
-4.18039e-06
-4.18874e-06
-4.1971e-06
-4.20545e-06
-4.21381e-06
-4.22218e-06
-4.23054e-06
-4.23891e-06
-4.24728e-06
-4.25566e-06
-4.26404e-06
-4.27242e-06
-4.2808e-06
-4.28918e-06
-4.29757e-06
-4.30596e-06
-4.31434e-06
-4.32273e-06
-4.33113e-06
-4.33952e-06
-4.34791e-06
-4.35631e-06
-4.3647e-06
-4.3731e-06
-4.38149e-06
-4.38989e-06
-4.39829e-06
-4.40668e-06
-4.41508e-06
-4.42348e-06
-4.43187e-06
-4.44026e-06
-4.44866e-06
-4.45705e-06
-4.46544e-06
-4.47383e-06
-4.48222e-06
-4.49061e-06
-4.49899e-06
-4.50738e-06
-4.51576e-06
-4.52414e-06
-4.53252e-06
-4.54089e-06
-4.54926e-06
-4.55763e-06
-4.566e-06
-4.57437e-06
-4.58273e-06
-4.59108e-06
-4.59944e-06
-4.60779e-06
-4.61614e-06
-4.62448e-06
-4.63282e-06
-4.64116e-06
-4.64949e-06
-4.65782e-06
-4.66615e-06
-4.67447e-06
-4.68278e-06
-4.69109e-06
-4.6994e-06
-4.7077e-06
-4.71599e-06
-4.72428e-06
-4.73257e-06
-4.74085e-06
-4.74912e-06
-4.75739e-06
-4.76566e-06
-4.77391e-06
-4.78217e-06
-4.79041e-06
-4.79865e-06
-4.80688e-06
-4.81511e-06
-4.82333e-06
-4.83154e-06
-4.83975e-06
-4.84795e-06
-4.85614e-06
-4.86433e-06
-4.87251e-06
-4.88068e-06
-4.88885e-06
-4.897e-06
-4.90515e-06
-4.91329e-06
-4.92143e-06
-4.92955e-06
-4.93767e-06
-4.94578e-06
-4.95388e-06
-4.96197e-06
-4.97005e-06
-4.97811e-06
-4.98617e-06
-4.99422e-06
-5.00226e-06
-5.01028e-06
-5.0183e-06
-5.02631e-06
-5.0343e-06
-5.04229e-06
-5.05026e-06
-5.05823e-06
-5.06618e-06
-5.07412e-06
-5.08206e-06
-5.08998e-06
-5.09789e-06
-5.10579e-06
-5.11369e-06
-5.12157e-06
-5.12944e-06
-5.1373e-06
-5.14515e-06
-5.15299e-06
-5.16082e-06
-5.16864e-06
-5.17645e-06
-5.18425e-06
-5.19204e-06
-5.19982e-06
-5.20759e-06
-5.21535e-06
-5.22309e-06
-5.23083e-06
-5.23855e-06
-5.24627e-06
-5.25397e-06
-5.26166e-06
-5.26935e-06
-5.27702e-06
-5.28468e-06
-5.29233e-06
-5.29996e-06
-5.30759e-06
-5.31521e-06
-5.32281e-06
-5.3304e-06
-5.33798e-06
-5.34555e-06
-5.35311e-06
-5.36066e-06
-5.36819e-06
-5.37572e-06
-5.38323e-06
-5.39073e-06
-5.39822e-06
-5.40569e-06
-5.41316e-06
-5.42061e-06
-5.42805e-06
-5.43548e-06
-5.44289e-06
-5.4503e-06
-5.45769e-06
-5.46507e-06
-5.47244e-06
-5.47979e-06
-5.48713e-06
-5.49446e-06
-5.50178e-06
-5.50908e-06
-5.51637e-06
-5.52365e-06
-5.53092e-06
-5.53817e-06
-5.54541e-06
-5.55264e-06
-5.55986e-06
-5.56706e-06
-5.57425e-06
-5.58142e-06
-5.58858e-06
-5.59573e-06
-5.60287e-06
-5.60999e-06
-5.6171e-06
-5.6242e-06
-5.63128e-06
-5.63835e-06
-5.64541e-06
-5.65245e-06
-5.65948e-06
-5.6665e-06
-5.67351e-06
-5.6805e-06
-5.68749e-06
-5.69446e-06
-5.70142e-06
-5.70837e-06
-5.71531e-06
-5.72224e-06
-5.72916e-06
-5.73607e-06
-5.74297e-06
-5.74985e-06
-5.75672e-06
-5.76358e-06
-5.77043e-06
-5.77727e-06
-5.78409e-06
-5.7909e-06
-5.7977e-06
-5.80448e-06
-5.81126e-06
-5.81802e-06
-5.82476e-06
-5.83149e-06
-5.83821e-06
-5.84492e-06
-5.85161e-06
-5.85829e-06
-5.86495e-06
-5.8716e-06
-5.87824e-06
-5.88486e-06
-5.89147e-06
-5.89806e-06
-5.90464e-06
-5.91121e-06
-5.91776e-06
-5.9243e-06
-5.93082e-06
-5.93732e-06
-5.94382e-06
-5.9503e-06
-5.95676e-06
-5.96321e-06
-5.96964e-06
-5.97606e-06
-5.98247e-06
-5.98886e-06
-5.99523e-06
-6.00159e-06
-6.00794e-06
-6.01427e-06
-6.02059e-06
-6.02689e-06
-6.03317e-06
-6.03945e-06
-6.0457e-06
-6.05194e-06
-6.05817e-06
-6.06438e-06
-6.07058e-06
-6.07676e-06
-6.08293e-06
-6.08908e-06
-6.09522e-06
-6.10134e-06
-6.10744e-06
-6.11354e-06
-6.11961e-06
-6.12568e-06
-6.13172e-06
-6.13775e-06
-6.14377e-06
-6.14977e-06
-6.15576e-06
-6.16173e-06
-6.16769e-06
-6.17363e-06
-6.17956e-06
-6.18547e-06
-6.19137e-06
-6.19725e-06
-6.20311e-06
-6.20897e-06
-6.2148e-06
-6.22062e-06
-6.22643e-06
-6.23222e-06
-6.238e-06
-6.24376e-06
-6.24951e-06
-6.25524e-06
-6.26096e-06
-6.26666e-06
-6.27235e-06
-6.27802e-06
-6.28368e-06
-6.28932e-06
-6.29495e-06
-6.30056e-06
-6.30616e-06
-6.31174e-06
-6.31731e-06
-6.32286e-06
-6.3284e-06
-6.33392e-06
-6.33943e-06
-6.34493e-06
-6.3504e-06
-6.35587e-06
-6.36132e-06
-6.36675e-06
-6.37217e-06
-6.37758e-06
-6.38297e-06
-6.38834e-06
-6.39371e-06
-6.39905e-06
-6.40438e-06
-6.4097e-06
-6.415e-06
-6.42029e-06
-6.42556e-06
-6.43082e-06
-6.43607e-06
-6.4413e-06
-6.44651e-06
-6.45171e-06
-6.4569e-06
-6.46207e-06
-6.46722e-06
-6.47237e-06
-6.47749e-06
-6.48261e-06
-6.48771e-06
-6.49279e-06
-6.49786e-06
-6.50292e-06
-6.50796e-06
-6.51299e-06
-6.518e-06
-6.523e-06
-6.52798e-06
-6.53295e-06
-6.53791e-06
-6.54285e-06
-6.54777e-06
-6.55269e-06
-6.55759e-06
-6.56247e-06
-6.56734e-06
-6.5722e-06
-6.57704e-06
-6.58187e-06
-6.58668e-06
-6.59148e-06
-6.59627e-06
-6.60104e-06
-6.6058e-06
-6.61054e-06
-6.61527e-06
-6.61999e-06
-6.62469e-06
-6.62938e-06
-6.63406e-06
-6.63872e-06
-6.64337e-06
-6.648e-06
-6.65262e-06
-6.65722e-06
-6.66182e-06
-6.6664e-06
-6.67096e-06
-6.67551e-06
-6.68005e-06
-6.68457e-06
-6.68908e-06
-6.69358e-06
-6.69807e-06
-6.70254e-06
-6.70699e-06
-6.71144e-06
-6.71587e-06
-6.72028e-06
-6.72469e-06
-6.72908e-06
-6.73345e-06
-6.73781e-06
-6.74216e-06
-6.7465e-06
-6.75082e-06
-6.75514e-06
-6.75943e-06
-6.76372e-06
-6.76799e-06
-6.77224e-06
-6.77649e-06
-6.78072e-06
-6.78494e-06
-6.78915e-06
-6.79334e-06
-6.79752e-06
-6.80169e-06
-6.80584e-06
-6.80998e-06
-6.81411e-06
-6.81822e-06
-6.82233e-06
-6.82642e-06
-6.83049e-06
-6.83456e-06
-6.83861e-06
-6.84265e-06
-6.84668e-06
-6.85069e-06
-6.85469e-06
-6.85868e-06
-6.86266e-06
-6.86662e-06
-6.87058e-06
-6.87451e-06
-6.87844e-06
-6.88236e-06
-6.88626e-06
-6.89015e-06
-6.89403e-06
-6.89789e-06
-6.90174e-06
-6.90558e-06
-6.90941e-06
-6.91323e-06
-6.91703e-06
-6.92083e-06
-6.92461e-06
-6.92838e-06
-6.93213e-06
-6.93588e-06
-6.93961e-06
-6.94333e-06
-6.94704e-06
-6.95073e-06
-6.95442e-06
-6.95809e-06
-6.96175e-06
-6.9654e-06
-6.96904e-06
-6.97267e-06
-6.97628e-06
-6.97989e-06
-6.98348e-06
-6.98706e-06
-6.99062e-06
-6.99418e-06
-6.99773e-06
-7.00126e-06
-7.00478e-06
-7.00829e-06
-7.01179e-06
-7.01528e-06
-7.01876e-06
-7.02222e-06
-7.02568e-06
-7.02912e-06
-7.03255e-06
-7.03597e-06
-7.03938e-06
-7.04278e-06
-7.04617e-06
-7.04954e-06
-7.05291e-06
-7.05626e-06
-7.05961e-06
-7.06294e-06
-7.06626e-06
-7.06957e-06
-7.07287e-06
-7.07616e-06
-7.07944e-06
-7.0827e-06
-7.08596e-06
-7.08921e-06
-7.09244e-06
-7.09566e-06
-7.09888e-06
-7.10208e-06
-7.10527e-06
-7.10846e-06
-7.11163e-06
-7.11479e-06
-7.11794e-06
-7.12108e-06
-7.12421e-06
-7.12733e-06
-7.13044e-06
-7.13354e-06
-7.13662e-06
-7.1397e-06
-7.14277e-06
-7.14583e-06
-7.14887e-06
-7.15191e-06
-7.15494e-06
-7.15796e-06
-7.16096e-06
-7.16396e-06
-7.16695e-06
-7.16992e-06
-7.17289e-06
-7.17585e-06
-7.17879e-06
-7.18173e-06
-7.18466e-06
-7.18758e-06
-7.19048e-06
-7.19338e-06
-7.19627e-06
-7.19915e-06
-7.20202e-06
-7.20488e-06
-7.20773e-06
-7.21057e-06
-7.2134e-06
-7.21622e-06
-7.21903e-06
-7.22183e-06
-7.22463e-06
-7.22741e-06
-7.23018e-06
-7.23295e-06
-7.2357e-06
-7.23845e-06
-7.24118e-06
-7.24391e-06
-7.24663e-06
-7.24934e-06
-7.25204e-06
-7.25473e-06
-7.25741e-06
-7.26008e-06
-7.26274e-06
-7.2654e-06
-7.26804e-06
-7.27068e-06
-7.27331e-06
-7.27593e-06
-7.27853e-06
-7.28113e-06
-7.28373e-06
-7.28631e-06
-7.28888e-06
-7.29145e-06
-7.294e-06
-7.29655e-06
-7.29909e-06
-7.30162e-06
-7.30414e-06
-7.30666e-06
-7.30916e-06
-7.31166e-06
-7.31414e-06
-7.31662e-06
-7.31909e-06
-7.32155e-06
-7.32401e-06
-7.32645e-06
-7.32889e-06
-7.33132e-06
-7.33374e-06
-7.33615e-06
-7.33855e-06
-7.34095e-06
-7.34333e-06
-7.34571e-06
-7.34808e-06
-7.35045e-06
-7.3528e-06
-7.35515e-06
-7.35748e-06
-7.35981e-06
-7.36214e-06
-7.36445e-06
-7.36676e-06
-7.36905e-06
-7.37134e-06
-7.37363e-06
-7.3759e-06
-7.37817e-06
-7.38042e-06
-7.38268e-06
-7.38492e-06
-7.38715e-06
-7.38938e-06
-7.3916e-06
-7.39381e-06
-7.39602e-06
-7.39821e-06
-7.4004e-06
-7.40259e-06
-7.40476e-06
-7.40693e-06
-7.40909e-06
-7.41124e-06
-7.41338e-06
-7.41552e-06
-7.41765e-06
-7.41977e-06
-7.42188e-06
-7.42399e-06
-7.42609e-06
-7.42818e-06
-7.43027e-06
-7.43235e-06
-7.43442e-06
-7.43648e-06
-7.43854e-06
-7.44059e-06
-7.44263e-06
-7.44466e-06
-7.44669e-06
-7.44871e-06
-7.45073e-06
-7.45273e-06
-7.45473e-06
-7.45673e-06
-7.45871e-06
-7.46069e-06
-7.46266e-06
-7.46463e-06
-7.46659e-06
-7.46854e-06
-7.47048e-06
-7.47242e-06
-7.47435e-06
-7.47628e-06
-7.47819e-06
-7.48011e-06
-7.48201e-06
-7.48391e-06
-7.4858e-06
-7.48768e-06
-7.48956e-06
-7.49143e-06
-7.4933e-06
-7.49515e-06
-7.49701e-06
-7.49885e-06
-7.50069e-06
-7.50252e-06
-7.50435e-06
-7.50617e-06
-7.50798e-06
-7.50979e-06
-7.51159e-06
-7.51338e-06
-7.51517e-06
-7.51695e-06
-7.51873e-06
-7.5205e-06
-7.52226e-06
-7.52402e-06
-7.52577e-06
-7.52751e-06
-7.52925e-06
-7.53098e-06
-7.53271e-06
-7.53443e-06
-7.53614e-06
-7.53785e-06
-7.53955e-06
-7.54125e-06
-7.54294e-06
-7.54462e-06
-7.5463e-06
-7.54797e-06
-7.54964e-06
-7.5513e-06
-7.55295e-06
-7.5546e-06
-7.55624e-06
-7.55788e-06
-7.55951e-06
-7.56114e-06
-7.56276e-06
-7.56437e-06
-7.56598e-06
-7.56758e-06
-7.56918e-06
-7.57077e-06
-7.57236e-06
-7.57394e-06
-7.57551e-06
-7.57708e-06
-7.57865e-06
-7.58021e-06
-7.58176e-06
-7.58331e-06
-7.58485e-06
-7.58638e-06
-7.58791e-06
-7.58944e-06
-7.59096e-06
-7.59248e-06
-7.59398e-06
-7.59549e-06
-7.59699e-06
-7.59848e-06
-7.59997e-06
-7.60145e-06
-7.60293e-06
-7.6044e-06
-7.60587e-06
-7.60733e-06
-7.60879e-06
-7.61024e-06
-7.61169e-06
-7.61313e-06
-7.61457e-06
-7.616e-06