0
7.1592e-07
1.37526e-06
1.94564e-06
2.43757e-06
2.8614e-06
3.22552e-06
3.53705e-06
3.80202e-06
4.02564e-06
4.21238e-06
4.36594e-06
4.48951e-06
4.58599e-06
4.65797e-06
4.70779e-06
4.73762e-06
4.74941e-06
4.74499e-06
4.72601e-06
4.69392e-06
4.65009e-06
4.59578e-06
4.53219e-06
4.46043e-06
4.38152e-06
4.2964e-06
4.20595e-06
4.11097e-06
4.01219e-06
3.91029e-06
3.80588e-06
3.69954e-06
3.59177e-06
3.48303e-06
3.37374e-06
3.26426e-06
3.15492e-06
3.04603e-06
2.93783e-06
2.83056e-06
2.72442e-06
2.61958e-06
2.51618e-06
2.41434e-06
2.31418e-06
2.2158e-06
2.11927e-06
2.02467e-06
1.93204e-06
1.84143e-06
1.75287e-06
1.66639e-06
1.58199e-06
1.4997e-06
1.4195e-06
1.3414e-06
1.26538e-06
1.19142e-06
1.11951e-06
1.04963e-06
9.81744e-07
9.15825e-07
8.51842e-07
7.89764e-07
7.29554e-07
6.71177e-07
6.14596e-07
5.59772e-07
5.06666e-07
4.55239e-07
4.05449e-07
3.57256e-07
3.10621e-07
2.65502e-07
2.21861e-07
1.79656e-07
1.38849e-07
9.94002e-08
6.12721e-08
2.44268e-08
-1.11728e-08
-4.55631e-08
-7.87796e-08
-1.10857e-07
-1.4183e-07
-1.71732e-07
-2.00595e-07
-2.28451e-07
-2.55331e-07
-2.81265e-07
-3.06282e-07
-3.30411e-07
-3.5368e-07
-3.76115e-07
-3.97744e-07
-4.1859e-07
-4.3868e-07
-4.58037e-07
-4.76685e-07
-4.94645e-07
-5.1194e-07
-5.28591e-07
-5.44619e-07
-5.60043e-07
-5.74886e-07
-5.89171e-07
-6.02917e-07
-6.16144e-07
-6.28871e-07
-6.41114e-07
-6.5289e-07
-6.64214e-07
-6.75102e-07
-6.85568e-07
-6.95626e-07
-7.05288e-07
-7.14567e-07
-7.23476e-07
-7.32026e-07
-7.40228e-07
-7.48094e-07
-7.55633e-07
-7.62857e-07
-7.69773e-07
-7.76393e-07
-7.82726e-07
-7.88779e-07
-7.94562e-07
-8.00081e-07
-8.05345e-07
-8.10361e-07
-8.15137e-07
-8.19679e-07
-8.23995e-07
-8.2809e-07
-8.31973e-07
-8.35649e-07
-8.39124e-07
-8.42405e-07
-8.45497e-07
-8.48406e-07
-8.51137e-07
-8.53696e-07
-8.56089e-07
-8.58319e-07
-8.60393e-07
-8.62314e-07
-8.64088e-07
-8.65718e-07
-8.6721e-07
-8.68567e-07
-8.69794e-07
-8.70894e-07
-8.71872e-07
-8.7273e-07
-8.73473e-07
-8.74104e-07
-8.74627e-07
-8.75044e-07
-8.7536e-07
-8.75577e-07
-8.75697e-07
-8.75725e-07
-8.75663e-07
-8.75514e-07
-8.75279e-07
-8.74963e-07
-8.74567e-07
-8.74094e-07
-8.73547e-07
-8.72927e-07
-8.72236e-07
-8.71478e-07
-8.70654e-07
-8.69766e-07
-8.68816e-07
-8.67807e-07
-8.66739e-07
-8.65615e-07
-8.64437e-07
-8.63206e-07
-8.61924e-07
-8.60593e-07
-8.59214e-07
-8.57789e-07
-8.56319e-07
-8.54806e-07
-8.53251e-07
-8.51655e-07
-8.50021e-07
-8.48348e-07
-8.46639e-07
-8.44895e-07
-8.43117e-07
-8.41306e-07
-8.39463e-07
-8.37589e-07
-8.35686e-07
-8.33754e-07
-8.31795e-07
-8.29809e-07
-8.27798e-07
-8.25762e-07
-8.23703e-07
-8.21621e-07
-8.19517e-07
-8.17391e-07
-8.15246e-07
-8.13082e-07
-8.10898e-07
-8.08697e-07
-8.06479e-07
-8.04244e-07
-8.01994e-07
-7.99729e-07
-7.9745e-07
-7.95157e-07
-7.92851e-07
-7.90532e-07
-7.88202e-07
-7.85861e-07
-7.83509e-07
-7.81148e-07
-7.78777e-07
-7.76396e-07
-7.74008e-07
-7.71612e-07
-7.69208e-07
-7.66798e-07
-7.64381e-07
-7.61958e-07
-7.5953e-07
-7.57096e-07
-7.54658e-07
-7.52216e-07
-7.4977e-07
-7.47321e-07
-7.44869e-07
-7.42414e-07
-7.39957e-07
-7.37498e-07
-7.35038e-07
-7.32576e-07
-7.30114e-07
-7.27651e-07
-7.25188e-07
-7.22725e-07
-7.20262e-07
-7.17801e-07
-7.1534e-07
-7.12881e-07
-7.10423e-07
-7.07967e-07
-7.05513e-07
-7.03062e-07
-7.00613e-07
-6.98167e-07
-6.95724e-07
-6.93285e-07
-6.90849e-07
-6.88417e-07
-6.85989e-07
-6.83565e-07
-6.81146e-07
-6.78731e-07
-6.76322e-07
-6.73917e-07
-6.71517e-07
-6.69123e-07
-6.66734e-07
-6.64352e-07
-6.61975e-07
-6.59604e-07
-6.57239e-07
-6.54881e-07
-6.52529e-07
-6.50184e-07
-6.47846e-07
-6.45515e-07
-6.43191e-07
-6.40874e-07
-6.38564e-07
-6.36262e-07
-6.33968e-07
-6.31681e-07
-6.29402e-07
-6.27132e-07
-6.24869e-07
-6.22614e-07
-6.20368e-07
-6.1813e-07
-6.159e-07
-6.13679e-07
-6.11467e-07
-6.09264e-07
-6.07069e-07
-6.04883e-07
-6.02706e-07
-6.00538e-07
-5.9838e-07
-5.9623e-07
-5.9409e-07
-5.9196e-07
-5.89838e-07
-5.87726e-07
-5.85624e-07
-5.83531e-07
-5.81448e-07
-5.79375e-07
-5.77311e-07
-5.75258e-07
-5.73214e-07
-5.7118e-07
-5.69156e-07
-5.67141e-07
-5.65137e-07
-5.63143e-07
-5.6116e-07
-5.59186e-07
-5.57222e-07
-5.55269e-07
-5.53326e-07
-5.51393e-07
-5.49471e-07
-5.47558e-07
-5.45657e-07
-5.43765e-07
-5.41884e-07
-5.40013e-07
-5.38153e-07
-5.36303e-07
-5.34464e-07
-5.32635e-07
-5.30816e-07
-5.29008e-07
-5.27211e-07
-5.25426e-07
-5.23654e-07
-5.21899e-07
-5.20159e-07
-5.18436e-07
-5.16731e-07
-5.15043e-07
-5.13373e-07
-5.11721e-07
-5.10086e-07
-5.08469e-07
-5.06869e-07
-5.05287e-07
-5.03721e-07
-5.02172e-07
-5.00638e-07
-4.99121e-07
-4.97619e-07
-4.96133e-07
-4.94661e-07
-4.93203e-07
-4.9176e-07
-4.90331e-07
-4.88915e-07
-4.87512e-07
-4.86122e-07
-4.84745e-07
-4.83381e-07
-4.82028e-07
-4.80687e-07
-4.79358e-07
-4.78041e-07
-4.76734e-07
-4.75439e-07
-4.74154e-07
-4.7288e-07
-4.71616e-07
-4.70362e-07
-4.69118e-07
-4.67885e-07
-4.6666e-07
-4.65446e-07
-4.64241e-07
-4.63045e-07
-4.61859e-07
-4.60681e-07
-4.59512e-07
-4.58351e-07
-4.57199e-07
-4.56054e-07
-4.54916e-07
-4.53787e-07
-4.52664e-07
-4.51549e-07
-4.50441e-07
-4.4934e-07
-4.48246e-07
-4.47158e-07
-4.46078e-07
-4.45005e-07
-4.43939e-07
-4.42879e-07
-4.41826e-07
-4.40781e-07
-4.39741e-07
-4.38709e-07
-4.37684e-07
-4.36665e-07
-4.35653e-07
-4.34648e-07
-4.3365e-07
-4.32659e-07
-4.31674e-07
-4.30696e-07
-4.29725e-07
-4.28761e-07
-4.27803e-07
-4.26852e-07
-4.25908e-07
-4.24971e-07
-4.24041e-07
-4.23117e-07
-4.222e-07
-4.2129e-07
-4.20387e-07
-4.1949e-07
-4.186e-07
-4.17717e-07
-4.1684e-07
-4.1597e-07
-4.15107e-07
-4.14251e-07
-4.13401e-07
-4.12558e-07
-4.11721e-07
-4.10891e-07
-4.10068e-07
-4.09251e-07
-4.08441e-07
-4.07638e-07
-4.06841e-07
-4.0605e-07
-4.05266e-07
-4.04489e-07
-4.03717e-07
-4.02953e-07
-4.02195e-07
-4.01443e-07
-4.00697e-07
-3.99958e-07
-3.99225e-07
-3.98499e-07
-3.97779e-07
-3.97065e-07
-3.96357e-07
-3.95656e-07
-3.94961e-07
-3.94272e-07
-3.93589e-07
-3.92912e-07
-3.92241e-07
-3.91577e-07
-3.90918e-07
-3.90265e-07
-3.89619e-07
-3.88978e-07
-3.88343e-07
-3.87714e-07
-3.87091e-07
-3.86474e-07
-3.85863e-07
-3.85258e-07
-3.84658e-07
-3.84064e-07
-3.83475e-07
-3.82893e-07
-3.82316e-07
-3.81744e-07
-3.81178e-07
-3.80618e-07
-3.80063e-07
-3.79514e-07
-3.7897e-07
-3.78431e-07
-3.77898e-07
-3.77371e-07
-3.76848e-07
-3.76331e-07
-3.75819e-07
-3.75313e-07
-3.74811e-07
-3.74315e-07
-3.73824e-07
-3.73338e-07
-3.72857e-07
-3.72381e-07
-3.7191e-07
-3.71444e-07
-3.70983e-07
-3.70527e-07
-3.70076e-07
-3.6963e-07
-3.69188e-07
-3.68752e-07
-3.6832e-07
-3.67892e-07
-3.6747e-07
-3.67052e-07
-3.66638e-07
-3.6623e-07
-3.65825e-07
-3.65426e-07
-3.65031e-07
-3.6464e-07
-3.64254e-07
-3.63872e-07
-3.63494e-07
-3.63121e-07
-3.62752e-07
-3.62387e-07
-3.62027e-07
-3.61671e-07
-3.61319e-07
-3.60971e-07
-3.60627e-07
-3.60287e-07
-3.59951e-07
-3.5962e-07
-3.59292e-07
-3.58968e-07
-3.58648e-07
-3.58332e-07
-3.5802e-07
-3.57712e-07
-3.57407e-07
-3.57107e-07
-3.56809e-07
-3.56516e-07
-3.56226e-07
-3.5594e-07
-3.55658e-07
-3.55379e-07
-3.55104e-07
-3.54832e-07
-3.54564e-07
-3.54299e-07
-3.54038e-07
-3.5378e-07
-3.53525e-07
-3.53274e-07
-3.53026e-07
-3.52781e-07
-3.5254e-07
-3.52301e-07
-3.52066e-07
-3.51835e-07
-3.51606e-07
-3.5138e-07
-3.51158e-07
-3.50938e-07
-3.50722e-07
-3.50508e-07
-3.50298e-07
-3.5009e-07
-3.49886e-07
-3.49684e-07
-3.49485e-07
-3.49289e-07
-3.49096e-07
-3.48906e-07
-3.48718e-07
-3.48533e-07
-3.48351e-07
-3.48172e-07
-3.47995e-07
-3.47821e-07
-3.47649e-07
-3.4748e-07
-3.47313e-07
-3.47149e-07
-3.46988e-07
-3.46829e-07
-3.46673e-07
-3.46519e-07
-3.46367e-07
-3.46218e-07
-3.46071e-07
-3.45926e-07
-3.45784e-07
-3.45644e-07
-3.45506e-07
-3.45371e-07
-3.45237e-07
-3.45106e-07
-3.44978e-07
-3.44851e-07
-3.44726e-07
-3.44604e-07
-3.44483e-07
-3.44365e-07
-3.44249e-07
-3.44135e-07
-3.44022e-07
-3.43912e-07
-3.43804e-07
-3.43697e-07
-3.43593e-07
-3.4349e-07
-3.4339e-07
-3.43291e-07
-3.43194e-07
-3.43099e-07
-3.43005e-07
-3.42914e-07
-3.42824e-07
-3.42736e-07
-3.42649e-07
-3.42565e-07
-3.42482e-07
-3.424e-07
-3.42321e-07
-3.42242e-07
-3.42166e-07
-3.42091e-07
-3.42018e-07
-3.41946e-07
-3.41876e-07
-3.41807e-07
-3.4174e-07
-3.41674e-07
-3.4161e-07
-3.41547e-07
-3.41486e-07
-3.41426e-07
-3.41367e-07
-3.4131e-07
-3.41254e-07
-3.412e-07
-3.41147e-07
-3.41095e-07
-3.41044e-07
-3.40995e-07
-3.40947e-07
-3.409e-07
-3.40855e-07
-3.40811e-07
-3.40767e-07
-3.40726e-07
-3.40685e-07
-3.40645e-07
-3.40607e-07
-3.4057e-07
-3.40534e-07
-3.40499e-07
-3.40465e-07
-3.40432e-07
-3.404e-07
-3.4037e-07
-3.4034e-07
-3.40312e-07
-3.40284e-07
-3.40257e-07
-3.40232e-07
-3.40207e-07
-3.40183e-07
-3.40161e-07
-3.40139e-07
-3.40118e-07
-3.40098e-07
-3.40079e-07
-3.40061e-07
-3.40044e-07
-3.40027e-07
-3.40012e-07
-3.39997e-07
-3.39983e-07
-3.3997e-07
-3.39958e-07
-3.39946e-07
-3.39936e-07
-3.39926e-07
-3.39917e-07
-3.39908e-07
-3.39901e-07
-3.39894e-07
-3.39888e-07
-3.39882e-07
-3.39877e-07
-3.39873e-07
-3.3987e-07
-3.39867e-07
-3.39865e-07
-3.39864e-07
-3.39863e-07
-3.39863e-07
-3.39864e-07
-3.39865e-07
-3.39866e-07
-3.39869e-07
-3.39872e-07
-3.39875e-07
-3.39879e-07
-3.39884e-07
-3.39889e-07
-3.39895e-07
-3.39901e-07
-3.39908e-07
-3.39915e-07
-3.39923e-07
-3.39932e-07
-3.39941e-07
-3.3995e-07
-3.3996e-07
-3.3997e-07
-3.39981e-07
-3.39992e-07
-3.40004e-07
-3.40016e-07
-3.40028e-07
-3.40041e-07
-3.40055e-07
-3.40069e-07
-3.40083e-07
-3.40098e-07
-3.40113e-07
-3.40128e-07
-3.40144e-07
-3.4016e-07
-3.40177e-07
-3.40194e-07
-3.40211e-07
-3.40229e-07
-3.40246e-07
-3.40265e-07
-3.40283e-07
-3.40302e-07
-3.40322e-07
-3.40341e-07
-3.40361e-07
-3.40381e-07
-3.40402e-07
-3.40423e-07
-3.40444e-07
-3.40465e-07
-3.40487e-07
-3.40509e-07
-3.40531e-07
-3.40553e-07
-3.40576e-07
-3.40599e-07
-3.40622e-07
-3.40646e-07
-3.40669e-07
-3.40693e-07
-3.40717e-07
-3.40742e-07
-3.40766e-07
-3.40791e-07
-3.40816e-07
-3.40841e-07
-3.40867e-07
-3.40892e-07
-3.40918e-07
-3.40944e-07
-3.4097e-07
-3.40996e-07
-3.41023e-07
-3.41049e-07
-3.41076e-07
-3.41103e-07
-3.4113e-07
-3.41157e-07
-3.41185e-07
-3.41212e-07
-3.4124e-07
-3.41268e-07
-3.41296e-07
-3.41324e-07
-3.41352e-07
-3.41381e-07
-3.41409e-07
-3.41438e-07
-3.41466e-07
-3.41495e-07
-3.41524e-07
-3.41553e-07
-3.41582e-07
-3.41612e-07
-3.41641e-07
-3.4167e-07
-3.417e-07
-3.41729e-07
-3.41759e-07
-3.41789e-07
-3.41819e-07
-3.41849e-07
-3.41878e-07
-3.41909e-07
-3.41939e-07
-3.41969e-07
-3.41999e-07
-3.42029e-07
-3.4206e-07
-3.4209e-07
-3.42121e-07
-9.18115e-06
-1.99421e-05
-2.99329e-05
-3.84859e-05
-4.56e-05
-5.14624e-05
-5.62949e-05
-6.03082e-05
-6.36909e-05
-6.66098e-05
-6.9214e-05
-7.16371e-05
-7.40036e-05
-7.64313e-05
-7.904e-05
-8.19564e-05
-8.53248e-05
-8.93246e-05
-9.41906e-05
-0.000100256
-0.000108029
-0.000118362
-0.000132875
-0.000155319
-0.00019737
-0.00029763
-0.000460675
-0.000576741
-0.000620637
-0.000632206
-0.000632493
-0.000629051
-0.000624096
-0.000618322
-0.000612004
-0.000605273
-0.000598199
-0.000590822
-0.000583166
-0.000575243
-0.000567061
-0.000558622
-0.000549927
-0.00054097
-0.000531743
-0.000522232
-0.000512419
-0.000502278
-0.000491778
-0.000480876
-0.000469518
-0.000457636
-0.000445143
-0.00043193
-0.000417854
-0.000402733
-0.000386331
-0.000368336
-0.000348338
-0.000325799
-0.000300008
-0.00027005
-0.000234794
-0.000192979
-0.000143544
-8.64213e-05
-2.38425e-05
3.87731e-05
9.41696e-05
0.000136992
0.000166437
0.000185254
0.000197054
0.000204618
0.000209612
0.000212921
0.000214994
0.000216076
0.000216315
0.000215816
0.000214666
0.00021294
0.00021071
0.000208044
0.000205008
0.000201664
0.000198071
0.000194287
0.000190366
0.000186355
0.0001823
0.000178242
0.000174219
0.000170267
0.000166416
0.000162698
0.000159138
0.000155762
0.000152597
0.000149668
0.000146998
0.000144609
0.000142526
0.00014077
0.000139363
0.000138324
0.000137675
0.000137441
0.000137649
0.000138335
0.00013956
0.000141382
0.000143852
0.000147012
0.000150883
0.000155444
0.000160613
0.000166216
0.000171956
0.000177404
0.000182005
0.000185165
0.000186351
0.000185245
0.000181796
0.000176192
0.000168738
0.000159759
0.000149526
0.000138245
0.000126077
0.000113169
9.96903e-05
8.58813e-05
7.20628e-05
5.86546e-05
4.61361e-05
3.4975e-05
2.55313e-05
1.79706e-05
1.22373e-05
8.10296e-06
5.24912e-06
3.34845e-06
2.11822e-06
1.3388e-06
8.52619e-07
5.5268e-07
3.69052e-07
2.57246e-07
1.89477e-07
1.48606e-07
1.24137e-07
1.0967e-07
1.01309e-07
9.66786e-08
9.43303e-08
9.33767e-08
9.32733e-08
9.36847e-08
9.44043e-08
9.53046e-08
9.63071e-08
9.7364e-08
9.84464e-08
9.95375e-08
1.00628e-07
1.01712e-07
1.02788e-07
1.03857e-07
1.04918e-07
1.05972e-07
1.07022e-07
1.08068e-07
1.09112e-07
1.10157e-07
1.11202e-07
1.1225e-07
1.13302e-07
1.14358e-07
1.15421e-07
1.16489e-07
1.17566e-07
1.1865e-07
1.19743e-07
1.20845e-07
1.21958e-07
1.2308e-07
1.24214e-07
1.25358e-07
1.26515e-07
1.27683e-07
1.28863e-07
1.30056e-07
1.31262e-07
1.32481e-07
1.33714e-07
1.3496e-07
1.3622e-07
1.37495e-07
1.38784e-07
1.40087e-07
1.41405e-07
1.42739e-07
1.44087e-07
1.45451e-07
1.46831e-07
1.48227e-07
1.49639e-07
1.51068e-07
1.52513e-07
1.53975e-07
1.55453e-07
1.56949e-07
1.58462e-07
1.59993e-07
1.61542e-07
1.63109e-07
1.64693e-07
1.66297e-07
1.67918e-07
1.69559e-07
1.71219e-07
1.72897e-07
1.74596e-07
1.76313e-07
1.78051e-07
1.79808e-07
1.81586e-07
1.83384e-07
1.85203e-07
1.87043e-07
1.88903e-07
1.90785e-07
1.92688e-07
1.94613e-07
1.9656e-07
1.98528e-07
2.00519e-07
2.02533e-07
2.04568e-07
2.06627e-07
2.08709e-07
2.10814e-07
2.12942e-07
2.15094e-07
2.1727e-07
2.1947e-07
2.21693e-07
2.23942e-07
2.26215e-07
2.28512e-07
2.30835e-07
2.33183e-07
2.35556e-07
2.37955e-07
2.4038e-07
2.4283e-07
2.45307e-07
2.4781e-07
2.50339e-07
2.52895e-07
2.55478e-07
2.58089e-07
2.60726e-07
2.63391e-07
2.66083e-07
2.68803e-07
2.71551e-07
2.74328e-07
2.77132e-07
2.79965e-07
2.82827e-07
2.85718e-07
2.88638e-07
2.91586e-07
2.94564e-07
2.97572e-07
3.00609e-07
3.03677e-07
3.06774e-07
3.09901e-07
3.13059e-07
3.16247e-07
3.19465e-07
3.22715e-07
3.25995e-07
3.29306e-07
3.32649e-07
3.36022e-07
3.39428e-07
3.42865e-07
3.46333e-07
3.49833e-07
3.53366e-07
3.5693e-07
3.60527e-07
3.64156e-07
3.67818e-07
3.71512e-07
3.75238e-07
3.78998e-07
3.8279e-07
3.86615e-07
3.90474e-07
3.94366e-07
3.9829e-07
4.02249e-07
4.0624e-07
4.10266e-07
4.14324e-07
4.18417e-07
4.22543e-07
4.26703e-07
4.30897e-07
4.35125e-07
4.39387e-07
4.43682e-07
4.48012e-07
4.52376e-07
4.56775e-07
4.61207e-07
4.65674e-07
4.70175e-07
4.7471e-07
4.7928e-07
4.83884e-07
4.88522e-07
4.93195e-07
4.97902e-07
5.02643e-07
5.07419e-07
5.12229e-07
5.17074e-07
5.21953e-07
5.26866e-07
5.31813e-07
5.36795e-07
5.41811e-07
5.46861e-07
5.51945e-07
5.57063e-07
5.62216e-07
5.67402e-07
5.72622e-07
5.77876e-07
5.83164e-07
5.88486e-07
5.93841e-07
5.9923e-07
6.04652e-07
6.10108e-07
6.15596e-07
6.21118e-07
6.26673e-07
6.32261e-07
6.37882e-07
6.43536e-07
6.49222e-07
6.5494e-07
6.60691e-07
6.66474e-07
6.72289e-07
6.78135e-07
6.84014e-07
6.89924e-07
6.95865e-07
7.01837e-07
7.07841e-07
7.13875e-07
7.1994e-07
7.26035e-07
7.32161e-07
7.38316e-07
7.44502e-07
7.50717e-07
7.56961e-07
7.63235e-07
7.69538e-07
7.75869e-07
7.82229e-07
7.88617e-07
7.95033e-07
8.01477e-07
8.07948e-07
8.14447e-07
8.20973e-07
8.27525e-07
8.34104e-07
8.40709e-07
8.47339e-07
8.53996e-07
8.60677e-07
8.67384e-07
8.74115e-07
8.80871e-07
8.87651e-07
8.94455e-07
9.01282e-07
9.08132e-07
9.15005e-07
9.219e-07
9.28818e-07
9.35757e-07
9.42718e-07
9.497e-07
9.56703e-07
9.63726e-07
9.70769e-07
9.77832e-07
9.84915e-07
9.92016e-07
9.99135e-07
1.00627e-06
1.01343e-06
1.0206e-06
1.02779e-06
1.035e-06
1.04222e-06
1.04946e-06
1.05672e-06
1.06398e-06
1.07127e-06
1.07857e-06
1.08588e-06
1.0932e-06
1.10054e-06
1.10789e-06
1.11526e-06
1.12263e-06
1.13002e-06
1.13742e-06
1.14482e-06
1.15224e-06
1.15967e-06
1.16711e-06
1.17455e-06
1.18201e-06
1.18947e-06
1.19694e-06
1.20442e-06
1.21191e-06
1.2194e-06
1.2269e-06
1.23441e-06
1.24192e-06
1.24944e-06
1.25696e-06
1.26448e-06
1.27201e-06
1.27953e-06
1.28707e-06
1.2946e-06
1.30213e-06
1.30966e-06
1.3172e-06
1.32473e-06
1.33226e-06
1.33979e-06
1.34732e-06
1.35485e-06
1.36237e-06
1.36989e-06
1.37741e-06
1.38492e-06
1.39242e-06
1.39992e-06
1.40741e-06
1.4149e-06
1.42237e-06
1.42984e-06
1.43729e-06
1.44473e-06
1.45216e-06
1.45957e-06
1.46697e-06
1.47435e-06
1.48172e-06
1.48908e-06
1.49642e-06
1.50375e-06
1.51106e-06
1.51835e-06
1.52563e-06
1.53289e-06
1.54013e-06
1.54736e-06
1.55457e-06
1.56176e-06
1.56894e-06
1.57609e-06
1.58323e-06
1.59035e-06
1.59744e-06
1.60452e-06
1.61158e-06
1.61861e-06
1.62563e-06
1.63262e-06
1.63959e-06
1.64654e-06
1.65346e-06
1.66036e-06
1.66724e-06
1.67409e-06
1.68092e-06
1.68772e-06
1.6945e-06
1.70125e-06
1.70797e-06
1.71467e-06
1.72134e-06
1.72798e-06
1.73459e-06
1.74118e-06
1.74773e-06
1.75426e-06
1.76075e-06
1.76722e-06
1.77365e-06
1.78006e-06
1.78643e-06
1.79277e-06
1.79907e-06
1.80535e-06
1.81159e-06
1.8178e-06
1.82397e-06
1.83011e-06
1.83621e-06
1.84228e-06
1.84832e-06
1.85432e-06
1.86028e-06
1.86621e-06
1.8721e-06
1.87795e-06
1.88376e-06
1.88954e-06
1.89528e-06
1.90098e-06
1.90664e-06
1.91226e-06
1.91785e-06
1.92339e-06
1.92889e-06
1.93435e-06
1.93978e-06
1.94516e-06
1.9505e-06
1.95579e-06
1.96105e-06
1.96626e-06
1.97144e-06
1.97657e-06
1.98165e-06
1.98669e-06
1.99169e-06
1.99665e-06
2.00156e-06
2.00643e-06
2.01125e-06
2.01603e-06
2.02076e-06
2.02545e-06
2.0301e-06
2.03469e-06
2.03925e-06
2.04376e-06
2.04822e-06
2.05264e-06
2.05702e-06
2.06135e-06
2.06564e-06
2.06988e-06
2.07407e-06
2.07822e-06
2.08233e-06
2.08638e-06
2.0904e-06
2.09436e-06
2.09828e-06
2.10215e-06
2.10597e-06
2.10975e-06
2.11347e-06
2.11715e-06
2.12079e-06
2.12437e-06
2.1279e-06
2.13139e-06
2.13482e-06
2.13821e-06
2.14155e-06
2.14484e-06
2.14808e-06
2.15127e-06
2.1544e-06
2.15749e-06
2.16053e-06
2.16352e-06
2.16646e-06
2.16934e-06
2.17218e-06
2.17496e-06
2.1777e-06
2.18038e-06
2.18301e-06
2.1856e-06
2.18813e-06
2.1906e-06
2.19303e-06
2.19541e-06
2.19773e-06
2.2e-06
2.20222e-06
2.20437e-06
2.20647e-06
2.2085e-06
2.21048e-06
2.21239e-06
2.21424e-06
2.21602e-06
2.21775e-06
2.21942e-06
2.22102e-06
2.22257e-06
2.22405e-06
2.22548e-06
2.22685e-06
2.22816e-06
2.22941e-06
2.2306e-06
2.23174e-06
2.23283e-06
2.23385e-06
2.23482e-06
2.23574e-06
2.2366e-06
2.23741e-06
2.23817e-06
2.23887e-06
2.23952e-06
2.24011e-06
2.24066e-06
2.24115e-06
2.24159e-06
2.24197e-06
2.24231e-06
2.24259e-06
2.24283e-06
2.24301e-06
2.24314e-06
2.24322e-06
2.24325e-06
2.24323e-06
2.24317e-06
2.24305e-06
2.24288e-06
2.24266e-06
2.24239e-06
2.24208e-06
2.24172e-06
2.2413e-06
2.24084e-06
2.24033e-06
2.23977e-06
2.23917e-06
2.23852e-06
2.23782e-06
2.23707e-06
2.23627e-06
2.23543e-06
2.23454e-06
2.23361e-06
2.23263e-06
2.2316e-06
2.23053e-06
2.22941e-06
2.22825e-06
2.22704e-06
2.22578e-06
2.22448e-06
2.22314e-06
2.22175e-06
2.22032e-06
2.21884e-06
2.21732e-06
2.21575e-06
2.21414e-06
2.21249e-06
2.2108e-06
2.20906e-06
2.20728e-06
2.20546e-06
2.2036e-06
2.20169e-06
2.19975e-06
2.19776e-06
2.19573e-06
2.19366e-06
2.19155e-06
2.18939e-06
2.18721e-06
2.18498e-06
2.18271e-06
2.18041e-06
2.17807e-06
2.1757e-06
2.17329e-06
2.17084e-06
2.16836e-06
2.16584e-06
2.16329e-06
2.1607e-06
2.15807e-06
2.15542e-06
2.15272e-06
2.15e-06
2.14724e-06
2.14444e-06
2.14161e-06
2.13875e-06
2.13586e-06
2.13293e-06
2.12996e-06
2.12697e-06
2.12394e-06
2.12088e-06
2.11779e-06
2.11466e-06
2.1115e-06
2.10831e-06
2.10509e-06
2.10184e-06
2.09855e-06
2.09523e-06
2.09189e-06
2.08851e-06
2.0851e-06
2.08166e-06
2.07819e-06
2.07469e-06
2.07116e-06
2.06761e-06
2.06402e-06
2.0604e-06
2.05676e-06
2.05308e-06
2.04938e-06
2.04565e-06
2.04189e-06
2.03811e-06
2.03429e-06
2.03045e-06
2.02659e-06
2.02269e-06
2.01877e-06
2.01482e-06
2.01085e-06
2.00685e-06
2.00283e-06
1.99878e-06
1.9947e-06
1.99058e-06
1.98643e-06
1.98225e-06
1.97803e-06
1.97377e-06
1.96948e-06
1.96514e-06
1.96077e-06
1.95637e-06
1.95193e-06
1.94746e-06
1.94295e-06
1.93841e-06
1.93383e-06
1.92923e-06
1.9246e-06
1.91993e-06
1.91524e-06
1.91052e-06
1.90577e-06
1.901e-06
1.8962e-06
1.89138e-06
1.88653e-06
1.88166e-06
1.87676e-06
1.87185e-06
1.86691e-06
1.86195e-06
1.85698e-06
1.85198e-06
1.84696e-06
1.84193e-06
1.83688e-06
1.83181e-06
1.82672e-06
-7.19728e-06
-1.80937e-05
-2.81028e-05
-3.65551e-05
-4.34632e-05
-4.90276e-05
-5.34785e-05
-5.70296e-05
-5.98667e-05
-6.21494e-05
-6.40125e-05
-6.55713e-05
-6.69227e-05
-6.81507e-05
-6.93278e-05
-7.05167e-05
-7.17757e-05
-7.316e-05
-7.47234e-05
-7.65243e-05
-7.86289e-05
-8.11141e-05
-8.40795e-05
-8.76532e-05
-9.20073e-05
-9.7389e-05
-0.00010416
-0.000112888
-0.000124504
-0.000140716
-0.00016505
-0.000205964
-0.000284616
-0.000424834
-0.000549611
-0.00060658
-0.000625577
-0.000629004
-0.000626886
-0.000622588
-0.000617193
-0.000611114
-0.00060454
-0.000597572
-0.000590267
-0.000582659
-0.000574772
-0.000566617
-0.000558206
-0.000549542
-0.000540627
-0.000531459
-0.000522031
-0.000512332
-0.000502347
-0.000492055
-0.000481425
-0.000470422
-0.000458998
-0.000447092
-0.000434628
-0.000421509
-0.000407611
-0.000392774
-0.000376792
-0.000359396
-0.000340235
-0.000318848
-0.000294632
-0.000266805
-0.000234386
-0.000196231
-0.000151216
-9.87454e-05
-3.97537e-05
2.21514e-05
8.07239e-05
0.000129577
0.000165555
0.000189629
0.000204963
0.000214698
0.000221011
0.000225154
0.000227794
0.000229286
0.000229836
0.000229579
0.000228621
0.000227048
0.000224939
0.000222369
0.000219409
0.000216127
0.000212587
0.000208849
0.000204971
0.000201006
0.000197005
0.000193013
0.000189071
0.000185217
0.00018149
0.000177924
0.000174552
0.000171401
0.000168504
0.000165888
0.00016358
0.000161605
0.00015999
0.000158759
0.000157938
0.000157559
0.000157656
0.000158278
0.000159493
0.00016136
0.000163935
0.000167259
0.000171346
0.000176161
0.0001816
0.000187447
0.000193359
0.000198845
0.000203317
0.000206176
0.000206957
0.000205446
0.00020172
0.000196047
0.00018877
0.00018021
0.000170604
0.00016011
0.000148825
0.000136811
0.000124127
0.000110857
9.7146e-05
8.32147e-05
6.93944e-05
5.61048e-05
4.38219e-05
3.29924e-05
2.39327e-05
1.67577e-05
1.13698e-05
7.51564e-06
4.87133e-06
3.11707e-06
1.98344e-06
1.26481e-06
8.15313e-07
5.36555e-07
3.64509e-07
2.58524e-07
1.93219e-07
1.52921e-07
1.28012e-07
1.12603e-07
1.03091e-07
9.72626e-08
9.37554e-08
9.17241e-08
9.06411e-08
9.01744e-08
9.01131e-08
9.03221e-08
9.0714e-08
9.12318e-08
9.18378e-08
9.2507e-08
9.32226e-08
9.39733e-08
9.47512e-08
9.55513e-08
9.63697e-08
9.7204e-08
9.80525e-08
9.89141e-08
9.97879e-08
1.00673e-07
1.0157e-07
1.02479e-07
1.03398e-07
1.04328e-07
1.0527e-07
1.06223e-07
1.07187e-07
1.08163e-07
1.0915e-07
1.1015e-07
1.11161e-07
1.12184e-07
1.1322e-07
1.14268e-07
1.15329e-07
1.16402e-07
1.17489e-07
1.18589e-07
1.19703e-07
1.2083e-07
1.21971e-07
1.23125e-07
1.24295e-07
1.25478e-07
1.26676e-07
1.27889e-07
1.29117e-07
1.30361e-07
1.31619e-07
1.32893e-07
1.34184e-07
1.3549e-07
1.36812e-07
1.3815e-07
1.39506e-07
1.40878e-07
1.42267e-07
1.43673e-07
1.45097e-07
1.46538e-07
1.47998e-07
1.49475e-07
1.5097e-07
1.52484e-07
1.54017e-07
1.55568e-07
1.57139e-07
1.58729e-07
1.60338e-07
1.61967e-07
1.63616e-07
1.65285e-07
1.66974e-07
1.68684e-07
1.70414e-07
1.72166e-07
1.73938e-07
1.75732e-07
1.77548e-07
1.79385e-07
1.81244e-07
1.83126e-07
1.8503e-07
1.86956e-07
1.88905e-07
1.90878e-07
1.92873e-07
1.94892e-07
1.96935e-07
1.99001e-07
2.01092e-07
2.03206e-07
2.05345e-07
2.07509e-07
2.09698e-07
2.11912e-07
2.14151e-07
2.16416e-07
2.18706e-07
2.21022e-07
2.23365e-07
2.25733e-07
2.28128e-07
2.3055e-07
2.32999e-07
2.35474e-07
2.37977e-07
2.40508e-07
2.43066e-07
2.45652e-07
2.48266e-07
2.50908e-07
2.53579e-07
2.56278e-07
2.59006e-07
2.61764e-07
2.6455e-07
2.67365e-07
2.70211e-07
2.73085e-07
2.7599e-07
2.78925e-07
2.8189e-07
2.84885e-07
2.87911e-07
2.90967e-07
2.94055e-07
2.97173e-07
3.00323e-07
3.03504e-07
3.06717e-07
3.09961e-07
3.13237e-07
3.16545e-07
3.19886e-07
3.23258e-07
3.26663e-07
3.301e-07
3.3357e-07
3.37073e-07
3.40609e-07
3.44178e-07
3.4778e-07
3.51415e-07
3.55084e-07
3.58786e-07
3.62522e-07
3.66292e-07
3.70095e-07
3.73933e-07
3.77805e-07
3.8171e-07
3.8565e-07
3.89625e-07
3.93634e-07
3.97677e-07
4.01755e-07
4.05867e-07
4.10015e-07
4.14197e-07
4.18414e-07
4.22666e-07
4.26953e-07
4.31275e-07
4.35632e-07
4.40024e-07
4.44451e-07
4.48914e-07
4.53412e-07
4.57945e-07
4.62513e-07
4.67117e-07
4.71756e-07
4.7643e-07
4.8114e-07
4.85885e-07
4.90665e-07
4.95481e-07
5.00332e-07
5.05218e-07
5.1014e-07
5.15097e-07
5.20089e-07
5.25116e-07
5.30179e-07
5.35276e-07
5.40409e-07
5.45577e-07
5.5078e-07
5.56017e-07
5.6129e-07
5.66597e-07
5.71939e-07
5.77315e-07
5.82726e-07
5.88172e-07
5.93651e-07
5.99165e-07
6.04713e-07
6.10295e-07
6.15911e-07
6.21561e-07
6.27245e-07
6.32962e-07
6.38712e-07
6.44495e-07
6.50312e-07
6.56162e-07
6.62044e-07
6.67959e-07
6.73906e-07
6.79886e-07
6.85898e-07
6.91941e-07
6.98017e-07
7.04124e-07
7.10262e-07
7.16432e-07
7.22632e-07
7.28863e-07
7.35125e-07
7.41417e-07
7.47739e-07
7.54091e-07
7.60472e-07
7.66883e-07
7.73323e-07
7.79791e-07
7.86289e-07
7.92814e-07
7.99368e-07
8.0595e-07
8.12559e-07
8.19195e-07
8.25858e-07
8.32548e-07
8.39264e-07
8.46007e-07
8.52775e-07
8.59568e-07
8.66387e-07
8.73231e-07
8.80099e-07
8.86991e-07
8.93907e-07
9.00847e-07
9.07809e-07
9.14795e-07
9.21803e-07
9.28834e-07
9.35886e-07
9.42959e-07
9.50054e-07
9.57169e-07
9.64305e-07
9.7146e-07
9.78635e-07
9.8583e-07
9.93043e-07
1.00027e-06
1.00752e-06
1.01479e-06
1.02208e-06
1.02938e-06
1.03669e-06
1.04403e-06
1.05138e-06
1.05874e-06
1.06612e-06
1.07351e-06
1.08092e-06
1.08834e-06
1.09578e-06
1.10322e-06
1.11068e-06
1.11815e-06
1.12563e-06
1.13313e-06
1.14063e-06
1.14815e-06
1.15567e-06
1.16321e-06
1.17075e-06
1.17831e-06
1.18587e-06
1.19344e-06
1.20102e-06
1.2086e-06
1.21619e-06
1.22379e-06
1.23139e-06
1.239e-06
1.24661e-06
1.25422e-06
1.26184e-06
1.26946e-06
1.27709e-06
1.28471e-06
1.29234e-06
1.29996e-06
1.30759e-06
1.31521e-06
1.32284e-06
1.33046e-06
1.33809e-06
1.34571e-06
1.35332e-06
1.36093e-06
1.36854e-06
1.37615e-06
1.38374e-06
1.39133e-06
1.39891e-06
1.40648e-06
1.41404e-06
1.42158e-06
1.42912e-06
1.43664e-06
1.44415e-06
1.45164e-06
1.45912e-06
1.46659e-06
1.47405e-06
1.48149e-06
1.48892e-06
1.49633e-06
1.50373e-06
1.51111e-06
1.51848e-06
1.52583e-06
1.53316e-06
1.54048e-06
1.54778e-06
1.55507e-06
1.56233e-06
1.56958e-06
1.57681e-06
1.58402e-06
1.59121e-06
1.59838e-06
1.60553e-06
1.61266e-06
1.61976e-06
1.62685e-06
1.63391e-06
1.64095e-06
1.64797e-06
1.65496e-06
1.66193e-06
1.66887e-06
1.67579e-06
1.68269e-06
1.68955e-06
1.69639e-06
1.70321e-06
1.71e-06
1.71676e-06
1.72349e-06
1.73019e-06
1.73687e-06
1.74351e-06
1.75013e-06
1.75672e-06
1.76327e-06
1.7698e-06
1.77629e-06
1.78275e-06
1.78918e-06
1.79557e-06
1.80194e-06
1.80827e-06
1.81456e-06
1.82083e-06
1.82705e-06
1.83325e-06
1.83941e-06
1.84553e-06
1.85161e-06
1.85766e-06
1.86368e-06
1.86965e-06
1.87559e-06
1.88149e-06
1.88736e-06
1.89318e-06
1.89897e-06
1.90471e-06
1.91042e-06
1.91609e-06
1.92172e-06
1.92731e-06
1.93285e-06
1.93836e-06
1.94382e-06
1.94925e-06
1.95463e-06
1.95997e-06
1.96527e-06
1.97052e-06
1.97573e-06
1.9809e-06
1.98603e-06
1.99111e-06
1.99615e-06
2.00114e-06
2.00609e-06
2.01099e-06
2.01585e-06
2.02067e-06
2.02544e-06
2.03017e-06
2.03485e-06
2.03949e-06
2.04408e-06
2.04863e-06
2.05314e-06
2.0576e-06
2.06201e-06
2.06638e-06
2.0707e-06
2.07498e-06
2.07922e-06
2.0834e-06
2.08754e-06
2.09163e-06
2.09568e-06
2.09968e-06
2.10363e-06
2.10753e-06
2.11138e-06
2.11519e-06
2.11895e-06
2.12266e-06
2.12632e-06
2.12993e-06
2.13349e-06
2.137e-06
2.14047e-06
2.14388e-06
2.14724e-06
2.15056e-06
2.15382e-06
2.15703e-06
2.16019e-06
2.16331e-06
2.16637e-06
2.16938e-06
2.17234e-06
2.17524e-06
2.1781e-06
2.18091e-06
2.18366e-06
2.18637e-06
2.18902e-06
2.19162e-06
2.19417e-06
2.19667e-06
2.19911e-06
2.20149e-06
2.20381e-06
2.20608e-06
2.20828e-06
2.21042e-06
2.2125e-06
2.21451e-06
2.21647e-06
2.21836e-06
2.2202e-06
2.22197e-06
2.22368e-06
2.22533e-06
2.22693e-06
2.22846e-06
2.22994e-06
2.23136e-06
2.23272e-06
2.23403e-06
2.23528e-06
2.23647e-06
2.23761e-06
2.2387e-06
2.23973e-06
2.2407e-06
2.24163e-06
2.2425e-06
2.24331e-06
2.24407e-06
2.24478e-06
2.24544e-06
2.24605e-06
2.2466e-06
2.2471e-06
2.24755e-06
2.24795e-06
2.2483e-06
2.24859e-06
2.24884e-06
2.24903e-06
2.24918e-06
2.24927e-06
2.24932e-06
2.24931e-06
2.24926e-06
2.24916e-06
2.249e-06
2.2488e-06
2.24855e-06
2.24825e-06
2.2479e-06
2.24751e-06
2.24706e-06
2.24657e-06
2.24603e-06
2.24544e-06
2.2448e-06
2.24412e-06
2.24339e-06
2.24261e-06
2.24179e-06
2.24092e-06
2.24e-06
2.23904e-06
2.23803e-06
2.23698e-06
2.23588e-06
2.23473e-06
2.23354e-06
2.23231e-06
2.23103e-06
2.22971e-06
2.22834e-06
2.22693e-06
2.22547e-06
2.22397e-06
2.22243e-06
2.22084e-06
2.21921e-06
2.21754e-06
2.21583e-06
2.21407e-06
2.21227e-06
2.21043e-06
2.20855e-06
2.20662e-06
2.20466e-06
2.20266e-06
2.20061e-06
2.19853e-06
2.19641e-06
2.19426e-06
2.19206e-06
2.18983e-06
2.18757e-06
2.18526e-06
2.18292e-06
2.18055e-06
2.17814e-06
2.17569e-06
2.17321e-06
2.17069e-06
2.16814e-06
2.16555e-06
2.16293e-06
2.16028e-06
2.15759e-06
2.15486e-06
2.1521e-06
2.14931e-06
2.14648e-06
2.14362e-06
2.14073e-06
2.1378e-06
2.13485e-06
2.13185e-06
2.12883e-06
2.12577e-06
2.12268e-06
2.11956e-06
2.1164e-06
2.11322e-06
2.11e-06
2.10675e-06
2.10347e-06
2.10016e-06
2.09682e-06
2.09345e-06
2.09005e-06
2.08662e-06
2.08316e-06
2.07967e-06
2.07615e-06
2.0726e-06
2.06902e-06
2.06541e-06
2.06178e-06
2.05811e-06
2.05442e-06
2.0507e-06
2.04696e-06
2.04318e-06
2.03938e-06
2.03555e-06
2.0317e-06
2.02782e-06
2.02392e-06
2.01998e-06
2.01602e-06
2.01203e-06
2.008e-06
2.00394e-06
1.99984e-06
1.9957e-06
1.99153e-06
1.98732e-06
1.98307e-06
1.97878e-06
1.97446e-06
1.97011e-06
1.96571e-06
1.96129e-06
1.95683e-06
1.95234e-06
1.94783e-06
1.94328e-06
1.9387e-06
1.93409e-06
1.92945e-06
1.92479e-06
1.9201e-06
1.91539e-06
1.91065e-06
1.90589e-06
1.9011e-06
1.89629e-06
1.89146e-06
1.88661e-06
1.88174e-06
1.87685e-06
1.87194e-06
1.86701e-06
1.86206e-06
1.85709e-06
1.85211e-06
1.8471e-06
1.84209e-06
1.83705e-06
1.832e-06
1.82694e-06
1.82186e-06
1.81676e-06
1.81165e-06
1.80653e-06
1.80139e-06
1.79624e-06
1.79108e-06
1.7859e-06
1.78072e-06
1.77552e-06
1.77031e-06
1.76509e-06
1.75986e-06
1.75461e-06
1.74936e-06
1.7441e-06
1.73882e-06
1.73354e-06
1.72825e-06
1.72295e-06
1.71764e-06
1.71232e-06
1.707e-06
1.70167e-06
1.69632e-06
1.69098e-06
1.68562e-06
1.68026e-06
1.67489e-06
1.66952e-06
1.66413e-06
1.65875e-06
1.65335e-06
1.64795e-06
1.64255e-06
1.63714e-06
1.63173e-06
1.62631e-06
1.62089e-06
1.61546e-06
1.61003e-06
1.60459e-06
1.59916e-06
1.59372e-06
1.58827e-06
1.58282e-06
1.57737e-06
1.57192e-06
1.56646e-06
1.56101e-06
1.55555e-06
1.55009e-06
1.54463e-06
1.53916e-06
1.5337e-06
1.52823e-06
1.52276e-06
1.5173e-06
1.51183e-06
1.50636e-06
1.50089e-06
1.49543e-06
1.48996e-06
1.48449e-06
1.47902e-06
1.47356e-06
1.46809e-06
1.46263e-06
1.45717e-06
1.45171e-06
1.44625e-06
1.44079e-06
1.43534e-06
1.42988e-06
1.42443e-06
1.41899e-06
1.41354e-06
1.4081e-06
1.40266e-06
1.39722e-06
1.39179e-06
1.38636e-06
1.38093e-06
1.37551e-06
1.37009e-06
1.36468e-06
1.35927e-06
1.35386e-06
1.34846e-06
1.34306e-06
1.33767e-06
1.33228e-06
1.3269e-06
1.32152e-06
1.31615e-06
1.31078e-06
1.30542e-06
1.30006e-06
1.29472e-06
1.28937e-06
1.28403e-06
1.2787e-06
1.27338e-06
1.26806e-06
1.26274e-06
1.25744e-06
1.25214e-06
1.24685e-06
1.24156e-06
1.23628e-06
1.23101e-06
1.22575e-06
1.22049e-06
1.21525e-06
1.21001e-06
1.20477e-06
1.19955e-06
1.19433e-06
1.18912e-06
1.18392e-06
1.17873e-06
1.17354e-06
1.16837e-06
1.1632e-06
1.15804e-06
1.15289e-06
1.14775e-06
1.14262e-06
1.1375e-06
1.13238e-06
1.12728e-06
1.12219e-06
1.1171e-06
1.11202e-06
1.10696e-06
1.1019e-06
1.09685e-06
1.09181e-06
1.08679e-06
1.08177e-06
1.07676e-06
1.07176e-06
1.06678e-06
1.0618e-06
1.05683e-06
1.05188e-06
1.04693e-06
1.042e-06
1.03707e-06
1.03216e-06
1.02725e-06
1.02236e-06
1.01748e-06
1.01261e-06
1.00775e-06
1.0029e-06
9.98063e-07
9.93237e-07
9.88423e-07
9.8362e-07
9.78829e-07
9.74051e-07
9.69284e-07
9.64531e-07
9.5979e-07
9.55061e-07
9.50345e-07
9.45642e-07
9.40951e-07
9.36274e-07
9.31609e-07
9.26956e-07
9.22317e-07
9.1769e-07
9.13076e-07
9.08475e-07
9.03887e-07
8.99311e-07
8.94749e-07
8.90199e-07
8.85661e-07
8.81137e-07
8.76625e-07
8.72126e-07
8.67639e-07
8.63166e-07
8.58705e-07
8.54257e-07
8.49821e-07
8.45398e-07
8.40988e-07
8.3659e-07
8.32206e-07
8.27833e-07
8.23474e-07
8.19127e-07
8.14793e-07
8.10472e-07
8.06163e-07
8.01867e-07
7.97583e-07
7.93312e-07
7.89054e-07
7.84808e-07
7.80575e-07
7.76355e-07
7.72148e-07
7.67953e-07
7.6377e-07
7.59601e-07
7.55444e-07
7.51299e-07
7.47168e-07
7.43048e-07
7.38942e-07
7.34848e-07
7.30767e-07
7.26698e-07
7.22643e-07
7.18599e-07
7.14569e-07
7.10551e-07
7.06545e-07
7.02552e-07
6.98572e-07
6.94605e-07
6.9065e-07
6.86708e-07
6.82778e-07
6.78861e-07
6.74956e-07
6.71064e-07
6.67185e-07
6.63318e-07
6.59464e-07
6.55623e-07
6.51794e-07
6.47977e-07
6.44174e-07
6.40382e-07
6.36603e-07
6.32837e-07
6.29084e-07
6.25342e-07
6.21614e-07
6.17898e-07
6.14194e-07
6.10502e-07
6.0682e-07
6.03147e-07
5.99483e-07
5.95827e-07
5.92179e-07
5.88538e-07
5.84904e-07
5.81277e-07
5.77658e-07
5.74046e-07
5.70441e-07
5.66845e-07
5.63256e-07
5.59674e-07
5.56102e-07
5.52537e-07
5.48981e-07
5.45434e-07
5.41896e-07
5.38368e-07
5.34849e-07
5.31339e-07
5.2784e-07
5.2435e-07
5.20871e-07
5.17402e-07
5.13944e-07
5.10497e-07
5.0706e-07
5.03635e-07
5.0022e-07
4.96817e-07
4.93426e-07
4.90045e-07
4.86677e-07
4.8332e-07
4.79975e-07
4.76642e-07
4.73321e-07
4.70012e-07
4.66715e-07
4.6343e-07
4.60158e-07
4.56898e-07
4.5365e-07
4.50414e-07
4.47191e-07
4.4398e-07
4.40781e-07
4.37595e-07
4.34422e-07
4.31261e-07
4.28113e-07
4.24977e-07
4.21853e-07
4.18742e-07
4.15644e-07
4.12558e-07
4.09485e-07
4.06425e-07
4.03376e-07
4.00341e-07
3.97318e-07
3.94307e-07
3.91309e-07
3.88323e-07
3.8535e-07
3.82389e-07
3.79441e-07
3.76505e-07
3.73581e-07
3.7067e-07
3.67771e-07
3.64885e-07
3.6201e-07
3.59148e-07
3.56298e-07
3.53461e-07
3.50635e-07
3.47822e-07
3.4502e-07
3.42231e-07
3.39454e-07
3.36689e-07
3.33935e-07
3.31194e-07
3.28465e-07
3.25747e-07
3.23041e-07
3.20348e-07
3.17665e-07
3.14995e-07
3.12336e-07
3.09689e-07
3.07054e-07
3.0443e-07
3.01817e-07
2.99217e-07
2.96627e-07
2.94049e-07
2.91483e-07
2.88927e-07
2.86384e-07
2.83851e-07
2.81329e-07
2.78819e-07
2.7632e-07
2.73832e-07
2.71355e-07
2.6889e-07
2.66435e-07
2.63991e-07
2.61558e-07
2.59136e-07
2.56725e-07
2.54324e-07
2.51935e-07
2.49556e-07
2.47187e-07
2.4483e-07
2.42483e-07
2.40146e-07
2.3782e-07
2.35505e-07
2.332e-07
2.30905e-07
2.28621e-07
2.26347e-07
2.24084e-07
2.2183e-07
2.19587e-07
2.17354e-07
2.15132e-07
2.12919e-07
2.10716e-07
2.08524e-07
2.06341e-07
2.04168e-07
2.02006e-07
1.99853e-07
1.97709e-07
1.95576e-07
1.93453e-07
1.91339e-07
1.89235e-07
1.8714e-07
1.85055e-07
1.8298e-07
1.80914e-07
1.78857e-07
1.7681e-07
1.74773e-07
1.72745e-07
1.70726e-07
1.68716e-07
1.66716e-07
1.64725e-07
1.62743e-07
1.6077e-07
1.58807e-07
1.56852e-07
1.54907e-07
1.5297e-07
1.51043e-07
1.49124e-07
1.47215e-07
1.45314e-07
1.43422e-07
1.41538e-07
1.39664e-07
1.37798e-07
1.35941e-07
1.34093e-07
1.32253e-07
1.30421e-07
1.28599e-07
1.26784e-07
1.24979e-07
1.23181e-07
1.21392e-07
1.19612e-07
1.17839e-07
1.16075e-07
1.1432e-07
1.12572e-07
1.10833e-07
1.09102e-07
1.07378e-07
1.05663e-07
1.03957e-07
1.02258e-07
1.00567e-07
9.88837e-08
9.72086e-08
9.55414e-08
9.38821e-08
9.22305e-08
9.05868e-08
8.89508e-08
8.73225e-08
8.57019e-08
8.40889e-08
8.24836e-08
8.08859e-08
7.92957e-08
7.7713e-08
7.61378e-08
7.457e-08
7.30097e-08
7.14568e-08
6.99112e-08
6.8373e-08
6.68421e-08
6.53184e-08
6.38019e-08
6.22927e-08
6.07906e-08
5.92957e-08
5.78078e-08
5.63271e-08
5.48534e-08
5.33867e-08
5.1927e-08
5.04742e-08
4.90284e-08
4.75894e-08
4.61573e-08
4.47321e-08
4.33136e-08
4.1902e-08
4.0497e-08
3.90988e-08
3.77073e-08
3.63224e-08
3.49441e-08
3.35724e-08
3.22073e-08
3.08487e-08
2.94967e-08
2.81511e-08
2.68119e-08
2.54792e-08
2.41529e-08
2.28329e-08
2.15193e-08
2.02119e-08
1.89109e-08
1.76161e-08
1.63275e-08
1.50451e-08
1.37689e-08
1.24988e-08
1.12348e-08
9.97686e-09
8.725e-09
7.47917e-09
6.23934e-09
5.00548e-09
3.77756e-09
2.55556e-09
1.33945e-09
1.29207e-10
-1.0752e-09
-2.2738e-09
-3.46662e-09
-4.65368e-09
-5.83502e-09
-7.01064e-09
-8.18059e-09
-9.34489e-09
-1.05036e-08
-1.16566e-08
-1.28041e-08
-1.39461e-08
-1.50825e-08
-1.62135e-08
-1.73389e-08
-1.84589e-08
-1.95735e-08
-2.06827e-08
-2.17865e-08
-2.2885e-08
-2.39782e-08
-2.50661e-08
-2.61486e-08
-2.7226e-08
-2.82981e-08
-2.9365e-08
-3.04268e-08
-3.14834e-08
-3.25349e-08
-3.35813e-08
-3.46225e-08
-3.56588e-08
-3.669e-08
-3.77162e-08
-3.87374e-08
-3.97537e-08
-4.0765e-08
-4.17715e-08
-4.2773e-08
-4.37697e-08
-4.47615e-08
-4.57485e-08
-4.67307e-08
-4.77081e-08
-4.86808e-08
-4.96487e-08
-5.0612e-08
-5.15705e-08
-5.25244e-08
-5.34736e-08
-5.44183e-08
-5.53583e-08
-5.62938e-08
-5.72247e-08
-5.81511e-08
-5.90729e-08
-5.99903e-08
-6.09032e-08
-6.18117e-08
-6.27157e-08
-6.36154e-08
-6.45106e-08
-6.54015e-08
-6.62881e-08
-6.71703e-08
-6.80483e-08
-6.8922e-08
-6.97914e-08
-7.06566e-08
-7.15175e-08
-7.23743e-08
-7.32269e-08
-7.40753e-08
-7.49196e-08
-7.57598e-08
-7.65959e-08
-7.74279e-08
-7.82559e-08
-7.90798e-08
-7.98997e-08
-8.07156e-08
-8.15276e-08
-8.23356e-08
-8.31396e-08
-8.39397e-08
-8.47359e-08
-8.55283e-08
-8.63168e-08
-8.71014e-08
-8.78822e-08
-8.86592e-08
-8.94324e-08
-9.02019e-08
-9.09676e-08
-9.17296e-08
-9.24878e-08
-9.32424e-08
-9.39933e-08
-9.47405e-08
-9.54841e-08
-9.6224e-08
-9.69604e-08
-9.76931e-08
-9.84223e-08
-9.91479e-08
-9.987e-08
-1.00589e-07
-1.01304e-07
-1.02015e-07
-1.02723e-07
-1.03428e-07
-1.04129e-07
-1.04827e-07
-1.05522e-07
-1.06213e-07
-1.069e-07
-1.07585e-07
-1.08266e-07
-1.08943e-07
-1.09618e-07
-1.10289e-07
-1.10957e-07
-1.11621e-07
-1.12283e-07
-1.12941e-07
-1.13596e-07
-1.14248e-07
-1.14896e-07
-1.15542e-07
-1.16184e-07
-1.16823e-07
-1.17459e-07
-1.18092e-07
-1.18722e-07
-1.19349e-07
-1.19972e-07
-1.20593e-07
-1.21211e-07
-1.21826e-07
-1.22437e-07
-1.23046e-07
-1.23652e-07
-1.24255e-07
-1.24855e-07
-1.25452e-07
-1.26046e-07
-1.26637e-07
-1.27226e-07
-1.27811e-07
-1.28394e-07
-1.28974e-07
-1.29551e-07
-1.30125e-07
-1.30696e-07
-1.31265e-07
-1.31831e-07
-1.32394e-07
-1.32955e-07
-1.33512e-07
-1.34067e-07
-1.3462e-07
-1.35169e-07
-1.35716e-07
-1.36261e-07
-1.36803e-07
-1.37342e-07
-1.37878e-07
-1.38412e-07
-1.38943e-07
-1.39472e-07
-1.39998e-07
-1.40522e-07
-1.41043e-07
-1.41562e-07
-1.42078e-07
-1.42592e-07
-1.43103e-07
-1.43611e-07
-1.44118e-07
-1.44621e-07
-1.45123e-07
-1.45622e-07
-1.46118e-07
-1.46612e-07
-1.47104e-07
-1.47593e-07
-1.4808e-07
-1.48565e-07
-1.49047e-07
-1.49527e-07
-1.50005e-07
-1.5048e-07
-1.50954e-07
-1.51424e-07
-1.51893e-07
-1.52359e-07
-1.52823e-07
-1.53285e-07
-1.53745e-07
-1.54202e-07
-1.54658e-07
-1.55111e-07
-1.55561e-07
-1.5601e-07
-1.56457e-07
-1.56901e-07
-1.57343e-07
-1.57784e-07
-1.58222e-07
-1.58658e-07
-1.59091e-07
-1.59523e-07
-1.59953e-07
-1.60381e-07
-1.60806e-07
-1.6123e-07
-1.61651e-07
-1.62071e-07
-1.62488e-07
-1.62904e-07
-1.63318e-07
-1.63729e-07
-1.64139e-07
-1.64546e-07
-1.64952e-07
-1.65356e-07
-1.65758e-07
-1.66158e-07
-1.66556e-07
-1.66952e-07
-1.67346e-07
-1.67739e-07
-1.68129e-07
-1.68518e-07
-1.68904e-07
-1.69289e-07
-1.69673e-07
-1.70054e-07
-1.70433e-07
-1.70811e-07
-1.71187e-07
-1.71561e-07
-1.71934e-07
-1.72304e-07
-1.72673e-07
-1.7304e-07
-1.73405e-07
-1.73769e-07
-1.74131e-07
-1.74491e-07
-1.7485e-07
-1.75206e-07
-1.75561e-07
-1.75915e-07
-1.76267e-07
-1.76617e-07
-1.76965e-07
-1.77312e-07
-1.77657e-07
-1.78001e-07
-1.78342e-07
-1.78683e-07
-1.79021e-07
-1.79359e-07
-1.79694e-07
-1.80028e-07
-1.8036e-07
-1.80691e-07
-1.8102e-07
-1.81348e-07
-1.81674e-07
-1.81999e-07
-1.82322e-07
-1.82644e-07
-1.82964e-07
-1.83282e-07
-1.83599e-07
-1.83915e-07
-1.84229e-07
-1.84542e-07
-1.84853e-07
-1.85163e-07
-1.85471e-07
-1.85778e-07
-1.86083e-07
-1.86387e-07
-1.8669e-07
-1.86991e-07
-1.8729e-07
-1.87589e-07
-1.87886e-07
-1.88181e-07
-1.88476e-07
-1.88768e-07
-1.8906e-07
-1.8935e-07
-1.89639e-07
-1.89926e-07
-1.90212e-07
-1.90497e-07
-1.9078e-07
-1.91062e-07
-1.91343e-07
-1.91623e-07
-1.91901e-07
-1.92178e-07
-1.92454e-07
-1.92728e-07
-1.93001e-07
-1.93273e-07
-1.93543e-07
-1.93813e-07
-1.94081e-07
-1.94348e-07
-1.94613e-07
-1.94878e-07
-1.95141e-07
-1.95403e-07
-1.95664e-07
-1.95923e-07
-1.96181e-07
-1.96439e-07
-1.96695e-07
-1.96949e-07
-1.97203e-07
-1.97455e-07
-1.97707e-07
-1.97957e-07
-1.98206e-07
-1.98454e-07
-1.98701e-07
-1.98946e-07
-1.99191e-07
-1.99434e-07
-1.99676e-07
-1.99917e-07
-2.00157e-07
-2.00396e-07
-2.00634e-07
-2.00871e-07
-2.01107e-07
-2.01341e-07
-2.01575e-07
-2.01807e-07
-2.02039e-07
-2.02269e-07
-2.02498e-07
-2.02727e-07
-2.02954e-07
-2.0318e-07
-2.03405e-07
-2.03629e-07
-2.03853e-07
-2.04075e-07
-2.04296e-07
-2.04516e-07
-2.04735e-07
-2.04953e-07
-2.0517e-07
-2.05387e-07
-2.05602e-07
-2.05816e-07
-2.06029e-07
-2.06241e-07
-2.06453e-07
-2.06663e-07
-2.06873e-07
-2.07081e-07
-2.07289e-07
-2.07495e-07
-2.07701e-07
-2.07906e-07
-2.0811e-07
-2.08313e-07
-2.08515e-07
-2.08716e-07
-2.08916e-07
-2.09115e-07
-2.09314e-07
-2.09511e-07
-2.09708e-07
-2.09904e-07
-2.10098e-07
-2.10292e-07
-2.10486e-07
-2.10678e-07
-2.10869e-07
-2.1106e-07
-2.1125e-07
-2.11439e-07
-2.11627e-07
-2.11814e-07
-2.12e-07
-2.12186e-07
-2.12371e-07
-2.12554e-07
-2.12738e-07
-2.1292e-07
-2.13101e-07
-2.13282e-07
-2.13462e-07
-2.13641e-07
-2.13819e-07
-2.13997e-07
-2.14173e-07
-2.14349e-07
-2.14525e-07
-2.14699e-07
-2.14873e-07
-2.15045e-07
-2.15218e-07
-2.15389e-07
-2.15559e-07
-2.15729e-07
-2.15898e-07
-2.16067e-07
-2.16234e-07
-2.16401e-07
-2.16567e-07
-2.16733e-07
-2.16897e-07
-2.17061e-07
-2.17225e-07
-2.17387e-07
-2.17549e-07
-2.1771e-07
-2.17871e-07
-2.1803e-07
-2.18189e-07
-2.18348e-07
-2.18505e-07
-2.18662e-07
-2.18818e-07
-2.18974e-07
-2.19129e-07
-2.19283e-07
-2.19437e-07
-2.1959e-07
-2.19742e-07
-2.19894e-07
-2.20044e-07
-2.20195e-07
-2.20344e-07
-2.20493e-07
-2.20642e-07
-2.20789e-07
-2.20936e-07
-2.21083e-07
-2.21229e-07
-2.21374e-07
-2.21518e-07
-2.21662e-07
-2.21806e-07
-2.21948e-07
-2.2209e-07
-2.22232e-07
-2.22373e-07
-2.22513e-07
-2.22653e-07
-2.22792e-07
-2.2293e-07
-2.23068e-07
-2.23205e-07
-2.23342e-07
-2.23478e-07
-2.23614e-07
-2.23748e-07
-2.23883e-07
-2.24017e-07
-2.2415e-07
-2.24283e-07
-2.24415e-07
-2.24546e-07
-2.24677e-07
-2.24808e-07
-2.24937e-07
-2.25067e-07
-2.25196e-07
-2.25324e-07
-2.25451e-07
-2.25579e-07
-2.25705e-07
-2.25831e-07
-2.25957e-07
-2.26082e-07
-2.26206e-07
-2.2633e-07
-2.26454e-07
-2.26577e-07
-2.26699e-07
-2.26821e-07
-2.26942e-07
-2.27063e-07
-2.27183e-07
-2.27303e-07
-2.27423e-07
-2.27542e-07
-2.2766e-07
-2.27778e-07
-2.27895e-07
-2.28012e-07
-2.28128e-07
-2.28244e-07
-2.2836e-07
-2.28475e-07
-2.28589e-07
-2.28703e-07
-2.28817e-07
-2.2893e-07
-2.29042e-07
-2.29154e-07
-2.29266e-07
-2.29377e-07
-2.29488e-07
-2.29598e-07
-2.29708e-07
-2.29817e-07
-2.29926e-07
-2.30035e-07
-2.30143e-07
-2.3025e-07
-2.30357e-07
-2.30464e-07
-2.3057e-07
-2.30676e-07
-2.30781e-07
-2.30886e-07
-2.30991e-07
-2.31095e-07
-2.31198e-07
-2.31302e-07
-2.31404e-07
-2.31507e-07
-2.31609e-07
-2.3171e-07
-2.31811e-07
-2.31912e-07
-2.32012e-07
-2.32112e-07
-2.32212e-07
-2.32311e-07
-2.32409e-07
-2.32508e-07
-2.32605e-07
-2.32703e-07
-2.328e-07
-2.32897e-07
-2.32993e-07
-2.33089e-07
-2.33184e-07
-2.3328e-07
-2.33374e-07
-2.33469e-07
-2.33563e-07
-2.33656e-07
-2.33749e-07
-2.33842e-07
-2.33935e-07
-2.34027e-07
-2.34119e-07
-2.3421e-07
-2.34301e-07
-2.34392e-07
-2.34482e-07
-2.34572e-07
-2.34661e-07
-2.3475e-07
-2.34839e-07
-2.34928e-07
-2.35016e-07
-2.35104e-07
-2.35191e-07
-2.35278e-07
-2.35365e-07
-2.35451e-07
-2.35537e-07
-2.35623e-07
-2.35708e-07
-2.35793e-07
-2.35878e-07
-2.35962e-07
-2.36046e-07
-2.3613e-07
-2.36213e-07
-2.36296e-07
-2.36379e-07
-2.36461e-07
-2.36544e-07
-2.36625e-07
-2.36707e-07
-2.36788e-07
-2.36868e-07
-2.36949e-07
-2.37029e-07
-2.37109e-07
-2.37188e-07
-2.37268e-07
-2.37346e-07
-2.37425e-07
-2.37503e-07
-2.37581e-07
-2.37659e-07
-2.37736e-07
-2.37813e-07
-2.3789e-07
-2.37966e-07
-2.38042e-07
-2.38118e-07
-2.38194e-07
-2.38269e-07
-2.38344e-07
-2.38419e-07
-2.38493e-07
-2.38567e-07
-2.38641e-07
-2.38715e-07
-2.38788e-07
-2.38861e-07
-2.38934e-07
-2.39006e-07
-2.39078e-07
-2.3915e-07
-2.39221e-07
-2.39293e-07
-2.39364e-07
-2.39435e-07
-2.39505e-07
-2.39575e-07
-2.39645e-07
-2.39715e-07
-2.39784e-07
-2.39853e-07
-2.39922e-07
-2.39991e-07
-2.40059e-07
-2.40127e-07
-2.40195e-07
-2.40263e-07
-2.4033e-07
-2.40397e-07
-2.40464e-07
-2.4053e-07
-2.40597e-07
-2.40663e-07
-2.40729e-07
-2.40794e-07
-2.40859e-07
-2.40924e-07
-2.40989e-07
-2.41054e-07
-2.41118e-07
-2.41182e-07
-2.41246e-07
-2.4131e-07
-2.41373e-07
-2.41436e-07
-2.41499e-07
-2.41562e-07
-2.41624e-07
-2.41686e-07
-2.41748e-07
-2.4181e-07
-2.41871e-07
-2.41933e-07
-2.41994e-07
-2.42055e-07
-2.42115e-07
-2.42175e-07
-2.42236e-07
-2.42295e-07
-2.42355e-07
-2.42415e-07
-2.42474e-07
-2.42533e-07
-2.42592e-07
-2.4265e-07
-2.42709e-07
-2.42767e-07
-2.42825e-07
-2.42882e-07
-2.4294e-07
-2.42997e-07
-2.43054e-07
-2.43111e-07
-2.43168e-07
-2.43224e-07
-2.43281e-07
-2.43337e-07
-2.43393e-07
-2.43448e-07
-2.43504e-07
-2.43559e-07
-2.43614e-07
-2.43669e-07
-2.43723e-07
-2.43778e-07
-2.43832e-07
-2.43886e-07
-2.4394e-07
-2.43994e-07
-2.44047e-07
-2.441e-07
-2.44153e-07
-2.44206e-07
-2.44259e-07
-2.44312e-07
-2.44364e-07
-2.44416e-07
-2.44468e-07
-2.4452e-07
-2.44571e-07
-2.44623e-07
-2.44674e-07
-2.44725e-07
-2.44776e-07
-2.44826e-07
-2.44877e-07
-2.44927e-07
-2.44977e-07
-2.45027e-07
-2.45077e-07
-2.45126e-07
-2.45176e-07
-2.45225e-07
-2.45274e-07
-2.45323e-07
-2.45372e-07
-2.4542e-07
-2.45469e-07
-2.45517e-07
-2.45565e-07
-2.45613e-07
-2.4566e-07
-2.45708e-07
-2.45755e-07
-2.45802e-07
-2.45849e-07
-2.45896e-07
-2.45943e-07
-2.45989e-07
-2.46036e-07
-2.46082e-07
-2.46128e-07
-2.46174e-07
-2.46219e-07
-2.46265e-07
-2.4631e-07
-2.46356e-07
-2.46401e-07
-2.46446e-07
-2.4649e-07
-2.46535e-07
-2.46579e-07
-2.46624e-07
-2.46668e-07
-2.46712e-07
-2.46756e-07
-2.46799e-07
-2.46843e-07
-2.46886e-07
-2.4693e-07
-2.46973e-07
-2.47016e-07
-2.47058e-07
-2.47101e-07
-2.47144e-07
-2.47186e-07
-2.47228e-07
-2.4727e-07
-2.47312e-07
-2.47354e-07
-2.47396e-07
-2.47437e-07
-2.47478e-07
-2.4752e-07
-2.47561e-07
-2.47602e-07
-2.47642e-07
-2.47683e-07
-2.47724e-07
-2.47764e-07
-2.47804e-07
-2.47844e-07
-2.47884e-07
-2.47924e-07
-2.47964e-07
-2.48004e-07
-2.48043e-07
-2.48082e-07
-2.48121e-07
-2.4816e-07
-2.48199e-07
-2.48238e-07
-2.48277e-07
-2.48315e-07
-2.48354e-07
-2.48392e-07
-2.4843e-07
-2.48468e-07
-2.48506e-07
-2.48544e-07
-2.48582e-07
-2.48619e-07
-2.48656e-07
-2.48694e-07
-2.48731e-07
-2.48768e-07
-2.48805e-07
-2.48842e-07
-2.48878e-07
-2.48915e-07
-2.48951e-07
-2.48988e-07
-2.49024e-07
-2.4906e-07
-2.49096e-07
-2.49132e-07
-2.49167e-07
-2.49203e-07
-2.49238e-07
-2.49274e-07
-2.49309e-07
-2.49344e-07
-2.49379e-07
-2.49414e-07
-2.49449e-07
-2.49483e-07
-2.49518e-07
-2.49553e-07
-2.49587e-07
-2.49621e-07
-2.49655e-07
-2.49689e-07
-2.49723e-07
-2.49757e-07
-2.49791e-07
-2.49824e-07
-2.49858e-07
-2.49891e-07
-2.49924e-07
-2.49957e-07
-2.49991e-07
-2.50023e-07
-2.50056e-07
-2.50089e-07
-2.50122e-07
-2.50154e-07
-2.50187e-07
-2.50219e-07
-2.50251e-07
-2.50283e-07
-2.50315e-07
-2.50347e-07
-2.50379e-07
-2.50411e-07
-2.50442e-07
-2.50474e-07
-2.50505e-07
-2.50537e-07
-2.50568e-07
-2.50599e-07
-2.5063e-07
-2.50661e-07
-2.50692e-07
-2.50723e-07
-2.50753e-07
-2.50784e-07
-2.50814e-07
-2.50845e-07
-2.50875e-07
-2.50905e-07
-2.50935e-07
-2.50965e-07
-2.50995e-07
-2.51025e-07
-2.51055e-07
-2.51084e-07
-2.51114e-07
-2.51143e-07
-2.51172e-07
-2.51202e-07
-2.51231e-07
-2.5126e-07
-2.51289e-07
-2.51318e-07
-2.51347e-07
-2.51375e-07
-2.51404e-07
-2.51433e-07
-2.51461e-07
-2.51489e-07
-2.51518e-07
-2.51546e-07
-2.51574e-07
-2.51602e-07
-2.5163e-07
-2.51658e-07
-2.51686e-07
-2.51713e-07
-2.51741e-07
-2.51769e-07
-2.51796e-07
-2.51824e-07
-2.51851e-07
-2.51878e-07
-2.51905e-07
-2.51932e-07
-2.51959e-07
-2.51986e-07
-2.52013e-07
-2.5204e-07
-2.52066e-07
-2.52093e-07
-2.52119e-07
-2.52146e-07
-2.52172e-07
-2.52198e-07
-2.52225e-07
-2.52251e-07
-2.52277e-07
-2.52303e-07
-2.52329e-07
-2.52354e-07
-2.5238e-07
-2.52406e-07
-2.52431e-07
-2.52457e-07
-2.52482e-07
-2.52508e-07
-2.52533e-07
-2.52558e-07
-2.52583e-07
-2.52608e-07
-2.52633e-07
-2.52658e-07
-2.52683e-07
-2.52708e-07
-2.52733e-07
-2.52757e-07
-2.52782e-07
-2.52806e-07
-2.52831e-07
-2.52855e-07
-2.5288e-07
-2.52904e-07
-2.52928e-07
-2.52952e-07
-2.52976e-07
-2.53e-07
-2.53024e-07
-2.53048e-07
-2.53071e-07
-2.53095e-07
-2.53119e-07
-2.53142e-07
-2.53166e-07
-2.53189e-07
-2.53213e-07
-2.53236e-07
-2.53259e-07
-2.53282e-07
-2.53305e-07
-2.53328e-07
-2.53351e-07
-2.53374e-07
-2.53397e-07
-2.5342e-07
-2.53443e-07
-2.53465e-07
-2.53488e-07
-2.5351e-07
-2.53533e-07
-2.53555e-07
-2.53578e-07
-2.536e-07
-2.53622e-07
-2.53644e-07
-2.53666e-07
-2.53688e-07
-2.5371e-07
-2.53732e-07
-2.53754e-07
-2.53776e-07
-2.53798e-07
-2.53819e-07
-2.53841e-07
-2.53863e-07
-2.53884e-07
-2.53906e-07
-2.53927e-07
-2.53948e-07
-2.5397e-07
-2.53991e-07
-2.54012e-07
-2.54033e-07
-2.54054e-07
-2.54075e-07
-2.54096e-07
-2.54117e-07
-2.54138e-07
-2.54159e-07
-2.54179e-07
-2.542e-07
-2.54221e-07
-2.54241e-07
-2.54262e-07
-2.54282e-07
-2.54303e-07
-2.54323e-07
-2.54343e-07
-2.54363e-07
-2.54384e-07
-2.54404e-07
-2.54424e-07
-2.54444e-07
-2.54464e-07
-2.54484e-07
-2.54504e-07
-2.54524e-07
-2.54543e-07
-2.54563e-07
-2.54583e-07
-2.54602e-07
-2.54622e-07
-2.54641e-07
-2.54661e-07
-2.5468e-07
-2.547e-07
-2.54719e-07
-2.54738e-07
-2.54758e-07
-2.54777e-07
-2.54796e-07
-2.54815e-07
-2.54834e-07
-2.54853e-07
-2.54872e-07
-2.54891e-07
-2.5491e-07
-2.54929e-07
-2.54947e-07
-2.54966e-07
-2.54985e-07
-2.55003e-07
-2.55022e-07
-2.5504e-07
-2.55059e-07
-2.55077e-07
-2.55096e-07
-2.55114e-07
-2.55132e-07
-2.55151e-07
-2.55169e-07
-2.55187e-07
-2.55205e-07
-2.55223e-07
-2.55241e-07
-2.55259e-07
-2.55277e-07
-2.55295e-07
-2.55313e-07
-2.55331e-07
-2.55348e-07
-2.55366e-07
-2.55384e-07
-2.55401e-07
-2.55419e-07
-2.55437e-07
-2.55454e-07
-2.55472e-07
-2.55489e-07
-2.55506e-07
-2.55524e-07
-2.55541e-07
-2.55558e-07
-2.55576e-07
-2.55593e-07