0
5.08805e-07
9.74012e-07
1.37642e-06
1.72337e-06
2.02177e-06
2.27754e-06
2.49573e-06
2.68065e-06
2.83588e-06
2.96457e-06
3.06949e-06
3.15311e-06
3.21763e-06
3.26504e-06
3.29705e-06
3.31527e-06
3.32118e-06
3.31612e-06
3.30135e-06
3.27802e-06
3.24715e-06
3.20972e-06
3.1666e-06
3.11858e-06
3.06638e-06
3.01064e-06
2.95195e-06
2.89083e-06
2.82778e-06
2.76323e-06
2.69758e-06
2.63118e-06
2.56434e-06
2.49735e-06
2.43044e-06
2.36385e-06
2.29775e-06
2.23232e-06
2.1677e-06
2.10401e-06
2.04136e-06
1.97984e-06
1.91952e-06
1.86047e-06
1.80273e-06
1.74635e-06
1.69135e-06
1.63775e-06
1.58558e-06
1.53482e-06
1.4855e-06
1.4376e-06
1.39111e-06
1.34603e-06
1.30233e-06
1.26e-06
1.21903e-06
1.17938e-06
1.14104e-06
1.10397e-06
1.06815e-06
1.03356e-06
1.00015e-06
9.67912e-07
9.36804e-07
9.068e-07
8.77868e-07
8.49978e-07
8.23102e-07
7.97208e-07
7.72268e-07
7.48253e-07
7.25134e-07
7.02882e-07
6.81472e-07
6.60874e-07
6.41064e-07
6.22015e-07
6.03702e-07
5.86101e-07
5.69187e-07
5.52937e-07
5.3733e-07
5.22342e-07
5.07952e-07
4.94141e-07
4.80887e-07
4.68171e-07
4.55974e-07
4.44279e-07
4.33067e-07
4.22321e-07
4.12026e-07
4.02164e-07
3.9272e-07
3.8368e-07
3.75029e-07
3.66754e-07
3.5884e-07
3.51274e-07
3.44045e-07
3.37141e-07
3.30548e-07
3.24257e-07
3.18256e-07
3.12535e-07
3.07084e-07
3.01894e-07
2.96954e-07
2.92255e-07
2.8779e-07
2.83549e-07
2.79525e-07
2.75709e-07
2.72094e-07
2.68674e-07
2.6544e-07
2.62386e-07
2.59506e-07
2.56794e-07
2.54243e-07
2.51847e-07
2.49602e-07
2.475e-07
2.45539e-07
2.43711e-07
2.42013e-07
2.4044e-07
2.38987e-07
2.3765e-07
2.36425e-07
2.35308e-07
2.34295e-07
2.33382e-07
2.32565e-07
2.31841e-07
2.31207e-07
2.3066e-07
2.30196e-07
2.29812e-07
2.29505e-07
2.29274e-07
2.29114e-07
2.29024e-07
2.29002e-07
2.29044e-07
2.2915e-07
2.29316e-07
2.29541e-07
2.29823e-07
2.30159e-07
2.30547e-07
2.30987e-07
2.31474e-07
2.32009e-07
2.32589e-07
2.33213e-07
2.33878e-07
2.34583e-07
2.35322e-07
2.36096e-07
2.369e-07
2.37733e-07
2.38595e-07
2.39482e-07
2.40394e-07
2.4133e-07
2.42288e-07
2.43268e-07
2.44269e-07
2.45289e-07
2.46329e-07
2.47387e-07
2.48462e-07
2.49554e-07
2.50663e-07
2.51787e-07
2.52927e-07
2.54081e-07
2.55249e-07
2.5643e-07
2.57625e-07
2.58831e-07
2.6005e-07
2.6128e-07
2.62522e-07
2.63774e-07
2.65036e-07
2.66307e-07
2.67588e-07
2.68878e-07
2.70176e-07
2.71483e-07
2.72796e-07
2.74118e-07
2.75446e-07
2.7678e-07
2.78121e-07
2.79467e-07
2.80819e-07
2.82176e-07
2.83538e-07
2.84905e-07
2.86275e-07
2.8765e-07
2.89028e-07
2.90409e-07
2.91794e-07
2.93181e-07
2.9457e-07
2.95962e-07
2.97356e-07
2.98751e-07
3.00148e-07
3.01546e-07
3.02945e-07
3.04345e-07
3.05745e-07
3.07145e-07
3.08546e-07
3.09946e-07
3.11346e-07
3.12746e-07
3.14145e-07
3.15543e-07
3.1694e-07
3.18336e-07
3.1973e-07
3.21123e-07
3.22514e-07
3.23903e-07
3.2529e-07
3.26675e-07
3.28057e-07
3.29437e-07
3.30814e-07
3.32189e-07
3.33561e-07
3.34929e-07
3.36295e-07
3.37657e-07
3.39016e-07
3.40371e-07
3.41723e-07
3.43071e-07
3.44415e-07
3.45756e-07
3.47092e-07
3.48424e-07
3.49752e-07
3.51076e-07
3.52395e-07
3.5371e-07
3.55021e-07
3.56326e-07
3.57627e-07
3.58924e-07
3.60215e-07
3.61502e-07
3.62783e-07
3.6406e-07
3.65331e-07
3.66598e-07
3.67859e-07
3.69115e-07
3.70365e-07
3.7161e-07
3.7285e-07
3.74084e-07
3.75313e-07
3.76536e-07
3.77754e-07
3.78966e-07
3.80172e-07
3.81372e-07
3.82567e-07
3.83756e-07
3.84939e-07
3.86116e-07
3.87287e-07
3.88453e-07
3.89612e-07
3.90766e-07
3.91913e-07
3.93054e-07
3.9419e-07
3.95319e-07
3.96442e-07
3.97559e-07
3.9867e-07
3.99775e-07
4.00873e-07
4.01965e-07
4.03051e-07
4.04131e-07
4.05205e-07
4.06272e-07
4.07334e-07
4.08389e-07
4.09437e-07
4.1048e-07
4.11516e-07
4.12545e-07
4.13569e-07
4.14586e-07
4.15597e-07
4.16602e-07
4.176e-07
4.18592e-07
4.19578e-07
4.20557e-07
4.2153e-07
4.22497e-07
4.23458e-07
4.24412e-07
4.2536e-07
4.26301e-07
4.27237e-07
4.28166e-07
4.29088e-07
4.30005e-07
4.30915e-07
4.31819e-07
4.32717e-07
4.33609e-07
4.34494e-07
4.35373e-07
4.36246e-07
4.37113e-07
4.37973e-07
4.38828e-07
4.39676e-07
4.40518e-07
4.41354e-07
4.42184e-07
4.43008e-07
4.43825e-07
4.44637e-07
4.45443e-07
4.46242e-07
4.47036e-07
4.47823e-07
4.48605e-07
4.4938e-07
4.5015e-07
4.50914e-07
4.51671e-07
4.52423e-07
4.53169e-07
4.53909e-07
4.54644e-07
4.55372e-07
4.56095e-07
4.56812e-07
4.57523e-07
4.58228e-07
4.58928e-07
4.59622e-07
4.6031e-07
4.60993e-07
4.6167e-07
4.62341e-07
4.63007e-07
4.63667e-07
4.64322e-07
4.64971e-07
4.65615e-07
4.66253e-07
4.66886e-07
4.67513e-07
4.68135e-07
4.68752e-07
4.69363e-07
4.69969e-07
4.7057e-07
4.71165e-07
4.71755e-07
4.7234e-07
4.72919e-07
4.73494e-07
4.74063e-07
4.74627e-07
4.75186e-07
4.7574e-07
4.76289e-07
4.76833e-07
4.77372e-07
4.77906e-07
4.78435e-07
4.78959e-07
4.79478e-07
4.79992e-07
4.80502e-07
4.81006e-07
4.81506e-07
4.82001e-07
4.82491e-07
4.82977e-07
4.83458e-07
4.83934e-07
4.84406e-07
4.84873e-07
4.85335e-07
4.85793e-07
4.86246e-07
4.86695e-07
4.87139e-07
4.87579e-07
4.88015e-07
4.88446e-07
4.88872e-07
4.89295e-07
4.89713e-07
4.90126e-07
4.90536e-07
4.90941e-07
4.91342e-07
4.91739e-07
4.92132e-07
4.9252e-07
4.92905e-07
4.93285e-07
4.93661e-07
4.94034e-07
4.94402e-07
4.94766e-07
4.95127e-07
4.95483e-07
4.95836e-07
4.96184e-07
4.96529e-07
4.9687e-07
4.97207e-07
4.97541e-07
4.97871e-07
4.98197e-07
4.98519e-07
4.98838e-07
4.99153e-07
4.99464e-07
4.99772e-07
5.00077e-07
5.00377e-07
5.00675e-07
5.00969e-07
5.01259e-07
5.01546e-07
5.0183e-07
5.0211e-07
5.02387e-07
5.0266e-07
5.0293e-07
5.03197e-07
5.03461e-07
5.03721e-07
5.03979e-07
5.04233e-07
5.04484e-07
5.04732e-07
5.04977e-07
5.05219e-07
5.05458e-07
5.05694e-07
5.05928e-07
5.06159e-07
5.06388e-07
5.06613e-07
5.06836e-07
5.07057e-07
5.07274e-07
5.07489e-07
5.07702e-07
5.07912e-07
5.0812e-07
5.08324e-07
5.08527e-07
5.08727e-07
5.08924e-07
5.09119e-07
5.09311e-07
5.09501e-07
5.09689e-07
5.09874e-07
5.10056e-07
5.10236e-07
5.10414e-07
5.10589e-07
5.10762e-07
5.10933e-07
5.11101e-07
5.11266e-07
5.1143e-07
5.11591e-07
5.1175e-07
5.11906e-07
5.1206e-07
5.12212e-07
5.12362e-07
5.12509e-07
5.12655e-07
5.12797e-07
5.12938e-07
5.13077e-07
5.13213e-07
5.13347e-07
5.1348e-07
5.13609e-07
5.13737e-07
5.13863e-07
5.13987e-07
5.14108e-07
5.14228e-07
5.14345e-07
5.14461e-07
5.14574e-07
5.14686e-07
5.14795e-07
5.14903e-07
5.15009e-07
5.15112e-07
5.15214e-07
5.15314e-07
5.15412e-07
5.15508e-07
5.15603e-07
5.15695e-07
5.15786e-07
5.15875e-07
5.15962e-07
5.16047e-07
5.16131e-07
5.16213e-07
5.16293e-07
5.16371e-07
5.16448e-07
5.16523e-07
5.16597e-07
5.16668e-07
5.16739e-07
5.16807e-07
5.16874e-07
5.16939e-07
5.17003e-07
5.17066e-07
5.17126e-07
5.17186e-07
5.17243e-07
5.173e-07
5.17354e-07
5.17408e-07
5.1746e-07
5.1751e-07
5.17559e-07
5.17607e-07
5.17653e-07
5.17698e-07
5.17742e-07
5.17784e-07
5.17825e-07
5.17864e-07
5.17903e-07
5.1794e-07
5.17975e-07
5.1801e-07
5.18043e-07
5.18075e-07
5.18106e-07
5.18136e-07
5.18164e-07
5.18191e-07
5.18217e-07
5.18242e-07
5.18266e-07
5.18289e-07
5.1831e-07
5.18331e-07
5.1835e-07
5.18369e-07
5.18386e-07
5.18402e-07
5.18417e-07
5.18431e-07
5.18445e-07
5.18457e-07
5.18468e-07
5.18478e-07
5.18487e-07
5.18496e-07
5.18503e-07
5.1851e-07
5.18515e-07
5.1852e-07
5.18524e-07
5.18526e-07
5.18528e-07
5.1853e-07
5.1853e-07
5.18529e-07
5.18528e-07
5.18526e-07
5.18523e-07
-2.62074e-06
-6.49654e-06
-1.01469e-05
-1.33131e-05
-1.59748e-05
-1.81829e-05
-2.00043e-05
-2.15045e-05
-2.27423e-05
-2.37704e-05
-2.46343e-05
-2.5374e-05
-2.60244e-05
-2.66166e-05
-2.7178e-05
-2.77331e-05
-2.83054e-05
-2.89172e-05
-2.95899e-05
-3.0348e-05
-3.12173e-05
-3.22286e-05
-3.34198e-05
-3.48397e-05
-3.65522e-05
-3.86482e-05
-4.12595e-05
-4.45873e-05
-4.89685e-05
-5.50222e-05
-6.41086e-05
-8.01843e-05
-0.000117658
-0.000186658
-0.000247018
-0.000270892
-0.000277085
-0.00027701
-0.000274925
-0.000272076
-0.000268833
-0.000265334
-0.000261642
-0.000257787
-0.00025378
-0.000249624
-0.000245314
-0.000240836
-0.000236174
-0.000231305
-0.000226197
-0.000220811
-0.000215096
-0.000208987
-0.0002024
-0.000195228
-0.000187329
-0.000178517
-0.000168545
-0.00015709
-0.000143732
-0.000127947
-0.000109146
-8.68191e-05
-6.09006e-05
-3.23838e-05
-3.76268e-06
2.1583e-05
4.11544e-05
5.45911e-05
6.31919e-05
6.86373e-05
7.22035e-05
7.46439e-05
7.63497e-05
7.75169e-05
7.82489e-05
7.86078e-05
7.86373e-05
7.83729e-05
7.78466e-05
7.70884e-05
7.6127e-05
7.49906e-05
7.37062e-05
7.22994e-05
7.07942e-05
6.92139e-05
6.75792e-05
6.59088e-05
6.42197e-05
6.25281e-05
6.08474e-05
5.91894e-05
5.75645e-05
5.59828e-05
5.44529e-05
5.29824e-05
5.15781e-05
5.02468e-05
4.89959e-05
4.78322e-05
4.67627e-05
4.57937e-05
4.49334e-05
4.41903e-05
4.35712e-05
4.30835e-05
4.27355e-05
4.25335e-05
4.24844e-05
4.25961e-05
4.28774e-05
4.33403e-05
4.40075e-05
4.49026e-05
4.60458e-05
4.74535e-05
4.91302e-05
5.10637e-05
5.32126e-05
5.5497e-05
5.7777e-05
5.98539e-05
6.14658e-05
6.2329e-05
6.2189e-05
6.08852e-05
5.83929e-05
5.4811e-05
5.03174e-05
4.51262e-05
3.94608e-05
3.35535e-05
2.76513e-05
2.20097e-05
1.68769e-05
1.24512e-05
8.84435e-06
6.06647e-06
4.03664e-06
2.62077e-06
1.67088e-06
1.05346e-06
6.6192e-07
4.18301e-07
2.68961e-07
1.78544e-07
1.24444e-07
9.25053e-08
7.3993e-08
6.35694e-08
5.79929e-08
5.53027e-08
5.43155e-08
5.43192e-08
5.48857e-08
5.57592e-08
5.67879e-08
5.78826e-08
5.89924e-08
6.00894e-08
6.11593e-08
6.2196e-08
6.31982e-08
6.41673e-08
6.51061e-08
6.60179e-08
6.69064e-08
6.77752e-08
6.86277e-08
6.94668e-08
7.02955e-08
7.11161e-08
7.1931e-08
7.27421e-08
7.3551e-08
7.43593e-08
7.51683e-08
7.59791e-08
7.67928e-08
7.76102e-08
7.84321e-08
7.92591e-08
8.00919e-08
8.0931e-08
8.17769e-08
8.26299e-08
8.34905e-08
8.43589e-08
8.52356e-08
8.61206e-08
8.70144e-08
8.79171e-08
8.88289e-08
8.97501e-08
9.06808e-08
9.16211e-08
9.25713e-08
9.35316e-08
9.4502e-08
9.54827e-08
9.64738e-08
9.74755e-08
9.84879e-08
9.95111e-08
1.00545e-07
1.0159e-07
1.02647e-07
1.03715e-07
1.04794e-07
1.05885e-07
1.06987e-07
1.08101e-07
1.09227e-07
1.10365e-07
1.11515e-07
1.12678e-07
1.13852e-07
1.15039e-07
1.16239e-07
1.17451e-07
1.18677e-07
1.19915e-07
1.21166e-07
1.2243e-07
1.23707e-07
1.24998e-07
1.26302e-07
1.27619e-07
1.2895e-07
1.30295e-07
1.31654e-07
1.33027e-07
1.34414e-07
1.35815e-07
1.3723e-07
1.3866e-07
1.40104e-07
1.41563e-07
1.43037e-07
1.44525e-07
1.46028e-07
1.47546e-07
1.4908e-07
1.50629e-07
1.52193e-07
1.53772e-07
1.55367e-07
1.56977e-07
1.58604e-07
1.60246e-07
1.61904e-07
1.63578e-07
1.65269e-07
1.66975e-07
1.68698e-07
1.70437e-07
1.72193e-07
1.73965e-07
1.75755e-07
1.77561e-07
1.79383e-07
1.81223e-07
1.8308e-07
1.84954e-07
1.86846e-07
1.88754e-07
1.90681e-07
1.92624e-07
1.94586e-07
1.96565e-07
1.98561e-07
2.00576e-07
2.02609e-07
2.04659e-07
2.06728e-07
2.08815e-07
2.1092e-07
2.13043e-07
2.15185e-07
2.17346e-07
2.19525e-07
2.21722e-07
2.23938e-07
2.26173e-07
2.28427e-07
2.307e-07
2.32991e-07
2.35302e-07
2.37632e-07
2.39981e-07
2.42349e-07
2.44736e-07
2.47143e-07
2.49569e-07
2.52014e-07
2.54479e-07
2.56963e-07
2.59467e-07
2.61991e-07
2.64534e-07
2.67097e-07
2.69679e-07
2.72282e-07
2.74904e-07
2.77546e-07
2.80207e-07
2.82889e-07
2.8559e-07
2.88312e-07
2.91053e-07
2.93815e-07
2.96596e-07
2.99398e-07
3.02219e-07
3.05061e-07
3.07922e-07
3.10804e-07
3.13706e-07
3.16628e-07
3.1957e-07
3.22532e-07
3.25514e-07
3.28516e-07
3.31538e-07
3.34581e-07
3.37643e-07
3.40726e-07
3.43828e-07
3.46951e-07
3.50093e-07
3.53256e-07
3.56438e-07
3.59641e-07
3.62863e-07
3.66105e-07
3.69367e-07
3.72649e-07
3.7595e-07
3.79272e-07
3.82613e-07
3.85973e-07
3.89353e-07
3.92753e-07
3.96172e-07
3.99611e-07
4.03069e-07
4.06546e-07
4.10043e-07
4.13558e-07
4.17093e-07
4.20647e-07
4.2422e-07
4.27811e-07
4.31422e-07
4.35051e-07
4.38699e-07
4.42365e-07
4.4605e-07
4.49754e-07
4.53475e-07
4.57215e-07
4.60973e-07
4.64749e-07
4.68542e-07
4.72354e-07
4.76183e-07
4.8003e-07
4.83894e-07
4.87776e-07
4.91675e-07
4.9559e-07
4.99523e-07
5.03473e-07
5.07439e-07
5.11422e-07
5.15422e-07
5.19438e-07
5.2347e-07
5.27518e-07
5.31582e-07
5.35661e-07
5.39757e-07
5.43868e-07
5.47994e-07
5.52135e-07
5.56291e-07
5.60462e-07
5.64648e-07
5.68848e-07
5.73063e-07
5.77292e-07
5.81535e-07
5.85791e-07
5.90062e-07
5.94346e-07
5.98643e-07
6.02953e-07
6.07276e-07
6.11612e-07
6.15961e-07
6.20322e-07
6.24695e-07
6.2908e-07
6.33477e-07
6.37886e-07
6.42306e-07
6.46737e-07
6.51179e-07
6.55632e-07
6.60096e-07
6.6457e-07
6.69055e-07
6.73549e-07
6.78053e-07
6.82566e-07
6.87089e-07
6.91621e-07
6.96162e-07
7.00712e-07
7.0527e-07
7.09837e-07
7.14411e-07
7.18993e-07
7.23583e-07
7.2818e-07
7.32784e-07
7.37395e-07
7.42013e-07
7.46637e-07
7.51267e-07
7.55904e-07
7.60546e-07
7.65193e-07
7.69846e-07
7.74504e-07
7.79167e-07
7.83834e-07
7.88506e-07
7.93183e-07
7.97864e-07
8.02549e-07
8.07237e-07
8.11929e-07
8.16624e-07
8.21322e-07
8.26022e-07
8.30725e-07
8.35429e-07
8.40136e-07
8.44844e-07
8.49553e-07
8.54264e-07
8.58975e-07
8.63686e-07
8.68398e-07
8.73109e-07
8.7782e-07
8.82531e-07
8.8724e-07
8.91949e-07
8.96655e-07
9.01361e-07
9.06064e-07
9.10765e-07
9.15463e-07
9.20158e-07
9.24851e-07
9.2954e-07
9.34226e-07
9.38908e-07
9.43585e-07
9.48259e-07
9.52928e-07
9.57592e-07
9.6225e-07
9.66904e-07
9.71551e-07
9.76193e-07
9.80829e-07
9.85458e-07
9.90081e-07
9.94697e-07
9.99306e-07
1.00391e-06
1.0085e-06
1.01309e-06
1.01766e-06
1.02223e-06
1.02679e-06
1.03135e-06
1.03589e-06
1.04042e-06
1.04494e-06
1.04946e-06
1.05396e-06
1.05844e-06
1.06292e-06
1.06738e-06
1.07183e-06
1.07627e-06
1.0807e-06
1.08511e-06
1.08951e-06
1.09389e-06
1.09826e-06
1.10262e-06
1.10696e-06
1.11129e-06
1.11561e-06
1.11991e-06
1.1242e-06
1.12847e-06
1.13273e-06
1.13698e-06
1.14121e-06
1.14542e-06
1.14962e-06
1.1538e-06
1.15797e-06
1.16212e-06
1.16625e-06
1.17037e-06
1.17448e-06
1.17856e-06
1.18263e-06
1.18668e-06
1.19072e-06
1.19474e-06
1.19874e-06
1.20272e-06
1.20668e-06
1.21063e-06
1.21456e-06
1.21847e-06
1.22236e-06
1.22623e-06
1.23009e-06
1.23392e-06
1.23774e-06
1.24153e-06
1.24531e-06
1.24907e-06
1.2528e-06
1.25652e-06
1.26021e-06
1.26389e-06
1.26755e-06
1.27118e-06
1.27479e-06
1.27839e-06
1.28196e-06
1.28551e-06
1.28904e-06
1.29255e-06
1.29603e-06
1.2995e-06
1.30294e-06
1.30636e-06
1.30976e-06
1.31313e-06
1.31649e-06
1.31982e-06
1.32312e-06
1.32641e-06
1.32967e-06
1.33291e-06
1.33613e-06
1.33932e-06
1.34249e-06
1.34564e-06
1.34876e-06
1.35186e-06
1.35493e-06
1.35798e-06
1.36101e-06
1.36402e-06
1.367e-06
1.36996e-06
1.3729e-06
1.37581e-06
1.3787e-06
1.38156e-06
1.3844e-06
1.38722e-06
1.39001e-06
1.39278e-06
1.39553e-06
1.39825e-06
1.40094e-06
1.40362e-06
1.40626e-06
1.40889e-06
1.41148e-06
1.41406e-06
1.41661e-06
1.41913e-06
1.42163e-06
1.4241e-06
1.42655e-06
1.42897e-06
1.43137e-06
1.43374e-06
1.43609e-06
1.43841e-06
1.44071e-06
1.44298e-06
1.44522e-06
1.44744e-06
1.44963e-06
1.4518e-06
1.45394e-06
1.45606e-06
1.45815e-06
1.46021e-06
1.46225e-06
1.46426e-06
1.46624e-06
1.4682e-06
1.47014e-06
1.47205e-06
1.47393e-06
1.47578e-06
1.47761e-06
1.47941e-06
1.48119e-06
1.48294e-06
1.48467e-06
1.48637e-06
1.48804e-06
1.48969e-06
1.49131e-06
1.4929e-06
1.49447e-06
1.49601e-06
1.49753e-06
1.49902e-06
1.50048e-06
1.50192e-06
1.50334e-06
1.50472e-06
1.50608e-06
1.50742e-06
1.50873e-06
1.51001e-06
1.51127e-06
1.5125e-06
1.51371e-06
1.51489e-06
1.51605e-06
1.51718e-06
1.51828e-06
1.51936e-06
1.52042e-06
1.52144e-06
1.52245e-06
1.52342e-06
1.52437e-06
1.52529e-06
1.52618e-06
1.52704e-06
1.52788e-06
1.52868e-06
1.52945e-06
1.5302e-06
1.53092e-06
1.53161e-06
1.53227e-06
1.5329e-06
1.53351e-06
1.53409e-06
1.53464e-06
1.53517e-06
1.53567e-06
1.53615e-06
1.53659e-06
1.53702e-06
1.53741e-06
1.53779e-06
1.53814e-06
1.53846e-06
1.53876e-06
1.53903e-06
1.53928e-06
1.53951e-06
1.53971e-06
1.53989e-06
1.54005e-06
1.54018e-06
1.5403e-06
1.54038e-06
1.54045e-06
1.54049e-06
1.54051e-06
1.54051e-06
1.54048e-06
1.54044e-06
1.54037e-06
1.54028e-06
1.54017e-06
1.54003e-06
1.53988e-06
1.5397e-06
1.5395e-06
1.53929e-06
1.53905e-06
1.53879e-06
1.53851e-06
1.53821e-06
1.53788e-06
1.53754e-06
1.53718e-06
1.5368e-06
1.5364e-06
1.53597e-06
1.53553e-06
1.53507e-06
1.53459e-06
1.53409e-06
1.53357e-06
1.53303e-06
1.53247e-06
1.5319e-06
1.5313e-06
1.53069e-06
1.53006e-06
1.52941e-06
1.52875e-06
1.52807e-06
1.52737e-06
1.52665e-06
1.52592e-06
1.52517e-06
1.52441e-06
1.52363e-06
1.52283e-06
1.52201e-06
1.52118e-06
1.52034e-06
1.51947e-06
1.5186e-06
1.5177e-06
1.51679e-06
1.51586e-06
1.51492e-06
1.51396e-06
1.51299e-06
1.512e-06
1.511e-06
1.50998e-06
1.50895e-06
1.5079e-06
1.50683e-06
1.50575e-06
1.50466e-06
1.50355e-06
1.50243e-06
1.50129e-06
1.50014e-06
1.49897e-06
1.49779e-06
1.4966e-06
1.49539e-06
1.49417e-06
1.49293e-06
1.49168e-06
1.49042e-06
1.48914e-06
1.48785e-06
1.48654e-06
1.48523e-06
1.4839e-06
1.48255e-06
1.4812e-06
1.47983e-06
1.47845e-06
1.47705e-06
1.47565e-06
1.47423e-06
1.4728e-06
1.47135e-06
1.4699e-06
1.46843e-06
1.46695e-06
1.46546e-06
1.46396e-06
1.46245e-06
1.46092e-06
1.45939e-06
1.45784e-06
1.45628e-06
1.45471e-06
1.45313e-06
1.45154e-06
1.44994e-06
1.44833e-06
1.44671e-06
1.44508e-06
1.44343e-06
1.44178e-06
1.44012e-06
1.43845e-06
1.43677e-06
1.43508e-06
1.43338e-06
1.43167e-06
1.42995e-06
1.42822e-06
1.42649e-06
1.42474e-06
1.42299e-06
1.42122e-06
1.41945e-06
1.41767e-06
1.41589e-06
1.41409e-06
1.41229e-06
1.41047e-06
1.40865e-06
1.40683e-06
1.40499e-06
1.40315e-06
1.4013e-06
1.39944e-06
1.39758e-06
1.3957e-06
1.39383e-06
1.39194e-06
1.39005e-06
1.38815e-06
1.38624e-06
1.38433e-06
1.38241e-06
1.38049e-06
1.37856e-06
1.37662e-06
1.37467e-06
1.37272e-06
1.37075e-06
1.36878e-06
1.36679e-06
1.3648e-06
1.36279e-06
1.36078e-06
1.35875e-06
1.35672e-06
1.35467e-06
1.35262e-06
1.35056e-06
1.34849e-06
1.34641e-06
1.34432e-06
1.34223e-06
1.34013e-06
1.33802e-06
1.33591e-06
1.33378e-06
1.33166e-06
1.32952e-06
1.32739e-06
1.32524e-06
1.32309e-06
1.32094e-06
1.31878e-06
1.31662e-06
1.31446e-06
1.31229e-06
1.31011e-06
1.30794e-06
1.30576e-06
1.30357e-06
1.30139e-06
1.2992e-06
1.29701e-06
1.29481e-06
1.29262e-06
1.29042e-06
1.28822e-06
1.28602e-06
1.28382e-06
1.28161e-06
1.2794e-06
1.2772e-06
1.27499e-06
1.27278e-06
1.27057e-06
1.26835e-06
1.26614e-06
1.26393e-06
1.26172e-06
1.2595e-06
1.25729e-06
1.25507e-06
1.25286e-06
1.25064e-06
1.24843e-06
1.24621e-06
1.24399e-06
1.24178e-06
1.23956e-06
1.23735e-06
1.23514e-06
1.23292e-06
1.23071e-06
1.2285e-06
1.22629e-06
1.22408e-06
1.22187e-06
1.21966e-06
1.21745e-06
1.21524e-06
1.21304e-06
1.21083e-06
1.20863e-06
1.20643e-06
1.20423e-06
1.20203e-06
1.19983e-06
1.19763e-06
1.19544e-06
1.19324e-06
1.19105e-06
1.18886e-06
1.18667e-06
1.18449e-06
1.1823e-06
1.18012e-06
1.17794e-06
1.17576e-06
1.17359e-06
1.17141e-06
1.16924e-06
1.16707e-06
1.16491e-06
1.16274e-06
1.16058e-06
1.15842e-06
1.15626e-06
1.15411e-06
1.15195e-06
1.1498e-06
1.14766e-06
1.14551e-06
1.14337e-06
1.14123e-06
1.1391e-06
1.13696e-06
1.13483e-06
1.13271e-06
1.13058e-06
1.12846e-06
1.12634e-06
1.12423e-06
1.12212e-06
1.12001e-06
1.1179e-06
1.1158e-06
1.1137e-06
1.1116e-06
1.10951e-06
1.10742e-06
1.10534e-06
1.10326e-06
1.10118e-06
1.0991e-06
1.09703e-06
1.09496e-06
1.0929e-06
1.09084e-06
1.08878e-06
1.08673e-06
1.08468e-06
1.08264e-06
1.08059e-06
1.07856e-06
1.07652e-06
1.07449e-06
1.07247e-06
1.07045e-06
1.06843e-06
1.06641e-06
1.0644e-06
1.0624e-06
1.0604e-06
1.0584e-06
1.05641e-06
1.05442e-06
1.05243e-06
1.05045e-06
1.04847e-06
1.0465e-06
1.04453e-06
1.04257e-06
1.04061e-06
1.03865e-06
1.0367e-06
1.03476e-06
1.03281e-06
1.03088e-06
1.02894e-06
1.02701e-06
1.02509e-06
1.02317e-06
1.02126e-06
1.01935e-06
1.01744e-06
1.01554e-06
1.01364e-06
1.01175e-06
1.00986e-06
1.00798e-06
1.0061e-06
1.00423e-06
1.00236e-06
1.00049e-06
9.98633e-07
9.96778e-07
9.94928e-07
9.93083e-07
9.91242e-07
9.89407e-07
9.87576e-07
9.85749e-07
9.83928e-07
9.82112e-07
9.803e-07
9.78493e-07
9.76691e-07
9.74894e-07
9.73102e-07
9.71314e-07
9.69532e-07
9.67755e-07
9.65982e-07
9.64214e-07
9.62452e-07
9.60694e-07
9.58941e-07
9.57193e-07
9.5545e-07
9.53713e-07
9.5198e-07
9.50252e-07
9.48529e-07
9.46811e-07
9.45098e-07
9.4339e-07
9.41687e-07
9.39989e-07
9.38297e-07
9.36609e-07
9.34926e-07
9.33248e-07
9.31576e-07
9.29909e-07
9.28247e-07
9.2659e-07
9.24938e-07
9.23292e-07
9.21651e-07
9.20016e-07
9.18386e-07
9.16761e-07
9.15142e-07
9.13528e-07
9.11919e-07
9.10315e-07
9.08717e-07
9.07124e-07
9.05537e-07
9.03955e-07
9.02378e-07
9.00806e-07
8.9924e-07
8.97678e-07
8.96122e-07
8.94571e-07
8.93026e-07
8.91485e-07
8.8995e-07
8.8842e-07
8.86895e-07
8.85375e-07
8.83861e-07
8.82351e-07
8.80847e-07
8.79347e-07
8.77853e-07
8.76364e-07
8.7488e-07
8.73401e-07
8.71927e-07
8.70458e-07
8.68994e-07
8.67535e-07
8.66081e-07
8.64632e-07
8.63188e-07
8.61749e-07
8.60315e-07
8.58886e-07
8.57462e-07
8.56043e-07
8.54628e-07
8.53219e-07
8.51815e-07
8.50415e-07
8.4902e-07
8.47631e-07
8.46246e-07
8.44866e-07
8.4349e-07
8.4212e-07
8.40755e-07
8.39394e-07
8.38038e-07
8.36687e-07
8.35341e-07
8.33999e-07
8.32663e-07
8.31331e-07
8.30004e-07
8.28681e-07
8.27364e-07
8.26051e-07
8.24743e-07
8.23439e-07
8.22141e-07
8.20847e-07
8.19557e-07
8.18273e-07
8.16993e-07
8.15718e-07
8.14447e-07
8.13181e-07
8.1192e-07
8.10663e-07
8.09411e-07
8.08164e-07
8.06921e-07
8.05683e-07
8.04449e-07
8.0322e-07
8.01996e-07
8.00776e-07
7.9956e-07
7.9835e-07
7.97143e-07
7.95942e-07
7.94744e-07
7.93552e-07
7.92363e-07
7.9118e-07
7.9e-07
7.88826e-07
7.87655e-07
7.86489e-07
7.85328e-07
7.84171e-07
7.83018e-07
7.8187e-07
7.80726e-07
7.79587e-07
7.78452e-07
7.77321e-07
7.76195e-07
7.75073e-07
7.73955e-07
7.72842e-07
7.71733e-07
7.70628e-07
7.69528e-07
7.68432e-07
7.6734e-07
7.66253e-07
7.65169e-07
7.6409e-07
7.63016e-07
7.61945e-07
7.60879e-07
7.59817e-07
7.58759e-07
7.57705e-07
7.56656e-07
7.5561e-07
7.54569e-07
7.53532e-07
7.52499e-07
7.5147e-07
7.50445e-07
7.49425e-07
7.48408e-07
7.47396e-07
7.46388e-07
7.45383e-07
7.44383e-07
7.43387e-07
7.42395e-07
7.41406e-07
7.40422e-07
7.39442e-07
7.38466e-07
7.37494e-07
7.36525e-07
7.35561e-07
7.34601e-07
7.33644e-07
7.32692e-07
7.31743e-07
7.30798e-07
7.29857e-07
7.2892e-07
7.27987e-07
7.27058e-07
7.26133e-07
7.25211e-07
7.24293e-07
7.23379e-07
7.22469e-07
7.21563e-07
7.2066e-07
7.19761e-07
7.18866e-07
7.17975e-07
7.17087e-07
7.16203e-07
7.15323e-07
7.14446e-07
7.13574e-07
7.12704e-07
7.11839e-07
7.10977e-07
7.10119e-07
7.09264e-07
7.08413e-07
7.07566e-07
7.06722e-07
7.05882e-07
7.05045e-07
7.04212e-07
7.03382e-07
7.02556e-07
7.01734e-07
7.00915e-07
7.00099e-07
6.99287e-07
6.98479e-07
6.97674e-07
6.96872e-07
6.96074e-07
6.95279e-07
6.94488e-07
6.937e-07
6.92916e-07
6.92134e-07
6.91357e-07
6.90582e-07
6.89811e-07
6.89044e-07
6.88279e-07
6.87518e-07
6.8676e-07
6.86006e-07
6.85255e-07
6.84507e-07
6.83762e-07
6.83021e-07
6.82283e-07
6.81548e-07
6.80816e-07
6.80088e-07
6.79362e-07
6.7864e-07
6.77921e-07
6.77206e-07
6.76493e-07
6.75783e-07
6.75077e-07
6.74374e-07
6.73674e-07
6.72977e-07
6.72283e-07
6.71592e-07
6.70904e-07
6.70219e-07
6.69537e-07
6.68859e-07
6.68183e-07
6.6751e-07
6.6684e-07
6.66174e-07
6.6551e-07
6.64849e-07
6.64191e-07
6.63536e-07
6.62884e-07
6.62235e-07
6.61589e-07
6.60946e-07
6.60305e-07
6.59668e-07
6.59033e-07
6.58401e-07
6.57772e-07
6.57146e-07
6.56523e-07
6.55902e-07
6.55285e-07
6.5467e-07
6.54058e-07
6.53448e-07
6.52842e-07
6.52238e-07
6.51636e-07
6.51038e-07
6.50442e-07
6.49849e-07
6.49259e-07
6.48671e-07
6.48086e-07
6.47504e-07
6.46924e-07
6.46347e-07
6.45773e-07
6.45201e-07
6.44632e-07
6.44065e-07
6.43501e-07
6.4294e-07
6.42381e-07
6.41825e-07
6.41271e-07
6.4072e-07
6.40171e-07
6.39625e-07
6.39081e-07
6.3854e-07
6.38001e-07
6.37465e-07
6.36931e-07
6.364e-07
6.35871e-07
6.35344e-07
6.3482e-07
6.34299e-07
6.3378e-07
6.33263e-07
6.32748e-07
6.32236e-07
6.31727e-07
6.31219e-07
6.30714e-07
6.30212e-07
6.29712e-07
6.29214e-07
6.28718e-07
6.28224e-07
6.27733e-07
6.27245e-07
6.26758e-07
6.26274e-07
6.25792e-07
6.25312e-07
6.24834e-07
6.24359e-07
6.23886e-07
6.23415e-07
6.22946e-07
6.2248e-07
6.22015e-07
6.21553e-07
6.21093e-07
6.20635e-07
6.20179e-07
6.19726e-07
6.19274e-07
6.18825e-07
6.18377e-07
6.17932e-07
6.17489e-07
6.17048e-07
6.16609e-07
6.16172e-07
6.15737e-07
6.15304e-07
6.14873e-07
6.14445e-07
6.14018e-07
6.13593e-07
6.1317e-07
6.12749e-07
6.12331e-07
6.11914e-07
6.11499e-07
6.11086e-07
6.10675e-07
6.10266e-07
6.09859e-07
6.09453e-07
6.0905e-07
6.08649e-07
6.08249e-07
6.07852e-07
6.07456e-07
6.07062e-07
6.0667e-07
6.0628e-07
6.05891e-07
6.05505e-07
6.0512e-07
6.04737e-07
6.04356e-07
6.03977e-07
6.036e-07
6.03224e-07
6.0285e-07
6.02478e-07
6.02108e-07
6.01739e-07
6.01372e-07
6.01007e-07
6.00644e-07
6.00282e-07
5.99922e-07
5.99564e-07
5.99207e-07
5.98853e-07
5.98499e-07
5.98148e-07
5.97798e-07
5.9745e-07
5.97104e-07
5.96759e-07
5.96416e-07
5.96074e-07
5.95734e-07
5.95396e-07
5.95059e-07
5.94724e-07
5.9439e-07
5.94058e-07
5.93728e-07
5.93399e-07
5.93072e-07
5.92747e-07
5.92422e-07
5.921e-07
5.91779e-07
5.91459e-07
5.91141e-07
5.90825e-07
5.9051e-07
5.90197e-07
5.89885e-07
5.89574e-07
5.89265e-07
5.88958e-07
5.88652e-07
5.88347e-07
5.88044e-07
5.87742e-07
5.87442e-07
5.87143e-07
5.86846e-07
5.8655e-07
5.86256e-07
5.85963e-07
5.85671e-07
5.85381e-07
5.85092e-07
5.84804e-07
5.84518e-07
5.84233e-07
5.8395e-07
5.83668e-07
5.83387e-07
5.83107e-07
5.82829e-07
5.82553e-07
5.82277e-07
5.82003e-07
5.8173e-07
5.81459e-07
5.81189e-07
5.8092e-07
5.80652e-07
5.80386e-07
5.80121e-07
5.79857e-07
5.79595e-07
5.79334e-07
5.79074e-07
5.78815e-07
5.78557e-07
5.78301e-07
5.78046e-07
5.77792e-07
5.7754e-07
5.77288e-07
5.77038e-07
5.76789e-07
5.76541e-07
5.76295e-07
5.76049e-07
5.75805e-07
5.75562e-07
5.7532e-07
5.75079e-07
5.7484e-07
5.74601e-07
5.74364e-07
5.74128e-07
5.73893e-07
5.73659e-07
5.73426e-07
5.73195e-07
5.72964e-07
5.72735e-07
5.72506e-07
5.72279e-07
5.72053e-07
5.71828e-07
5.71604e-07
5.71381e-07
5.71159e-07
5.70938e-07
5.70718e-07
5.705e-07
5.70282e-07
5.70066e-07
5.6985e-07
5.69635e-07
5.69422e-07
5.69209e-07
5.68998e-07
5.68788e-07
5.68578e-07
5.6837e-07
5.68162e-07
5.67956e-07
5.6775e-07
5.67546e-07
5.67343e-07
5.6714e-07
5.66938e-07
5.66738e-07
5.66538e-07
5.6634e-07
5.66142e-07
5.65945e-07
5.65749e-07
5.65554e-07
5.65361e-07
5.65168e-07
5.64975e-07
5.64784e-07
5.64594e-07
5.64405e-07
5.64216e-07
5.64029e-07
5.63842e-07
5.63656e-07
5.63471e-07
5.63288e-07
5.63104e-07
5.62922e-07
5.62741e-07
5.6256e-07
5.62381e-07
5.62202e-07
5.62024e-07
5.61847e-07
5.61671e-07
5.61495e-07
5.61321e-07
5.61147e-07
5.60974e-07
5.60802e-07
5.60631e-07
5.60461e-07
5.60291e-07
5.60122e-07
5.59954e-07
5.59787e-07
5.59621e-07
5.59455e-07
5.59291e-07
5.59127e-07
5.58963e-07
5.58801e-07
5.58639e-07
5.58478e-07
5.58318e-07
5.58159e-07
5.58e-07
5.57842e-07
5.57685e-07
5.57529e-07
5.57373e-07
5.57218e-07
5.57064e-07
5.56911e-07
5.56758e-07
5.56606e-07
5.56455e-07
5.56305e-07
5.56155e-07
5.56006e-07
5.55857e-07
5.5571e-07
5.55563e-07
5.55417e-07
5.55271e-07
5.55126e-07
5.54982e-07
5.54838e-07
5.54696e-07
5.54554e-07
5.54412e-07
5.54271e-07
5.54131e-07
5.53992e-07
5.53853e-07
5.53715e-07
5.53577e-07
5.5344e-07
5.53304e-07
5.53169e-07
5.53034e-07
5.529e-07
5.52766e-07
5.52633e-07
5.52501e-07
5.52369e-07
5.52238e-07
5.52107e-07
5.51977e-07
5.51848e-07
5.51719e-07
5.51591e-07
5.51464e-07
5.51337e-07
5.51211e-07
5.51085e-07
5.5096e-07
5.50836e-07
5.50712e-07
5.50589e-07
5.50466e-07
5.50344e-07
5.50222e-07
5.50101e-07
5.49981e-07
5.49861e-07
5.49742e-07
5.49623e-07
5.49505e-07
5.49387e-07
5.4927e-07
5.49154e-07
5.49038e-07
5.48922e-07
5.48808e-07
5.48693e-07
5.48579e-07
5.48466e-07
5.48354e-07
5.48241e-07
5.4813e-07
5.48019e-07
5.47908e-07
5.47798e-07
5.47688e-07
5.47579e-07
5.47471e-07
5.47363e-07
5.47255e-07
5.47148e-07
5.47041e-07
5.46935e-07
5.4683e-07
5.46725e-07
5.4662e-07
5.46516e-07
5.46413e-07
5.46309e-07
5.46207e-07
5.46105e-07
5.46003e-07
5.45902e-07
5.45801e-07
5.45701e-07
5.45601e-07
5.45502e-07
5.45403e-07
5.45304e-07
5.45207e-07
5.45109e-07
5.45012e-07
5.44915e-07
5.44819e-07
5.44724e-07
5.44628e-07
5.44534e-07
5.44439e-07
5.44345e-07
5.44252e-07
5.44159e-07
5.44066e-07
5.43974e-07
5.43882e-07
5.43791e-07
5.437e-07
5.43609e-07
5.43519e-07
5.4343e-07
5.43341e-07
5.43252e-07
5.43163e-07
5.43075e-07
5.42988e-07
5.429e-07
5.42814e-07
5.42727e-07
5.42641e-07
5.42556e-07
5.4247e-07
5.42386e-07
5.42301e-07
5.42217e-07
5.42134e-07
5.4205e-07
5.41967e-07
5.41885e-07
5.41803e-07
5.41721e-07
5.4164e-07
5.41559e-07
5.41478e-07
5.41398e-07
5.41318e-07
5.41238e-07
5.41159e-07
5.4108e-07
5.41002e-07
5.40924e-07
5.40846e-07
5.40769e-07
5.40692e-07
5.40615e-07
5.40539e-07
5.40463e-07
5.40387e-07
5.40312e-07
5.40237e-07
5.40163e-07
5.40088e-07
5.40014e-07
5.39941e-07
5.39868e-07
5.39795e-07
5.39722e-07
5.3965e-07
5.39578e-07
5.39506e-07
5.39435e-07
5.39364e-07
5.39294e-07
5.39223e-07
5.39153e-07
5.39084e-07
5.39014e-07
5.38945e-07
5.38877e-07
5.38808e-07
5.3874e-07
5.38672e-07
5.38605e-07
5.38538e-07
5.38471e-07
5.38404e-07
5.38338e-07
5.38272e-07
5.38206e-07
5.38141e-07
5.38076e-07
5.38011e-07
5.37947e-07
5.37882e-07
5.37819e-07
5.37755e-07
5.37692e-07
5.37629e-07
5.37566e-07
5.37503e-07
5.37441e-07
5.37379e-07
5.37317e-07
5.37256e-07
-2.60136e-06
-6.47697e-06
-1.01278e-05
-1.3295e-05
-1.5958e-05
-1.81674e-05
-1.99899e-05
-2.1491e-05
-2.27295e-05
-2.37579e-05
-2.46217e-05
-2.53611e-05
-2.6011e-05
-2.66023e-05
-2.71627e-05
-2.77165e-05
-2.82872e-05
-2.88971e-05
-2.95674e-05
-3.03222e-05
-3.11871e-05
-3.21922e-05
-3.33745e-05
-3.47811e-05
-3.64731e-05
-3.85364e-05
-4.10934e-05
-4.43253e-05
-4.85217e-05
-5.4173e-05
-6.2208e-05
-7.46433e-05
-9.65947e-05
-0.000140266
-0.000209255
-0.000254959
-0.000272297
-0.000276331
-0.000275617
-0.000273312
-0.000270352
-0.000267032
-0.000263471
-0.000259719
-0.000255803
-0.000251731
-0.000247502
-0.000243109
-0.000238538
-0.000233767
-0.000228771
-0.000223515
-0.000217952
-0.000212027
-0.000205664
-0.000198768
-0.000191214
-0.000182837
-0.000173422
-0.000162682
-0.000150242
-0.000135626
-0.000118261
-9.75662e-05
-7.32042e-05
-4.55955e-05
-1.65397e-05
1.08019e-05
3.32678e-05
4.94648e-05
6.00907e-05
6.68076e-05
7.11313e-05
7.40443e-05
7.60794e-05
7.75044e-05
7.84557e-05
7.90095e-05
7.92159e-05
7.91133e-05
7.87345e-05
7.81101e-05
7.72695e-05
7.62409e-05
7.50515e-05
7.37279e-05
7.2295e-05
7.07759e-05
6.91927e-05
6.75653e-05
6.59116e-05
6.42476e-05
6.25882e-05
6.09464e-05
5.93332e-05
5.77584e-05
5.62312e-05
5.47603e-05
5.33528e-05
5.20156e-05
5.07549e-05
4.95784e-05
4.84932e-05
4.75059e-05
4.66233e-05
4.58542e-05
4.52062e-05
4.46865e-05
4.43034e-05
4.40645e-05
4.3977e-05
4.40505e-05
4.42948e-05
4.4723e-05
4.53571e-05
4.62223e-05
4.7341e-05
4.87311e-05
5.04023e-05
5.2348e-05
5.45343e-05
5.6887e-05
5.92805e-05
6.1518e-05
6.3344e-05
6.44638e-05
6.4606e-05
6.35867e-05
6.13585e-05
5.80051e-05
5.3696e-05
4.86363e-05
4.30389e-05
3.71173e-05
3.10983e-05
2.52241e-05
1.97431e-05
1.48812e-05
1.0798e-05
7.55711e-06
5.12119e-06
3.37917e-06
2.18561e-06
1.39567e-06
8.86931e-07
5.65923e-07
3.66358e-07
2.43601e-07
1.68667e-07
1.23196e-07
9.57632e-08
7.93347e-08
6.96123e-08
6.39777e-08
6.08379e-08
5.92227e-08
5.85402e-08
5.8428e-08
5.86641e-08
5.91115e-08
5.96861e-08
6.03359e-08
6.10291e-08
6.17464e-08
6.24761e-08
6.32116e-08
6.39491e-08
6.46868e-08
6.54239e-08
6.61605e-08
6.68969e-08
6.76337e-08
6.83716e-08
6.91113e-08
6.98536e-08
7.0599e-08
7.13483e-08
7.2102e-08
7.28607e-08
7.36249e-08
7.43949e-08
7.51713e-08
7.59542e-08
7.67442e-08
7.75414e-08
7.83461e-08
7.91587e-08
7.99793e-08
8.08081e-08
8.16453e-08
8.24912e-08
8.33458e-08
8.42095e-08
8.50822e-08
8.59642e-08
8.68556e-08
8.77565e-08
8.86671e-08
8.95876e-08
9.05179e-08
9.14584e-08
9.2409e-08
9.33699e-08
9.43412e-08
9.53231e-08
9.63156e-08
9.73189e-08
9.83331e-08
9.93583e-08
1.00395e-07
1.01442e-07
1.02501e-07
1.03571e-07
1.04653e-07
1.05747e-07
1.06852e-07
1.07969e-07
1.09098e-07
1.10239e-07
1.11393e-07
1.12559e-07
1.13737e-07
1.14928e-07
1.16131e-07
1.17347e-07
1.18576e-07
1.19818e-07
1.21073e-07
1.22342e-07
1.23623e-07
1.24918e-07
1.26227e-07
1.27549e-07
1.28885e-07
1.30235e-07
1.31598e-07
1.32976e-07
1.34368e-07
1.35774e-07
1.37195e-07
1.3863e-07
1.4008e-07
1.41544e-07
1.43023e-07
1.44517e-07
1.46026e-07
1.47551e-07
1.4909e-07
1.50645e-07
1.52215e-07
1.538e-07
1.55402e-07
1.57019e-07
1.58652e-07
1.603e-07
1.61965e-07
1.63646e-07
1.65343e-07
1.67057e-07
1.68787e-07
1.70533e-07
1.72296e-07
1.74076e-07
1.75872e-07
1.77686e-07
1.79516e-07
1.81363e-07
1.83228e-07
1.8511e-07
1.87009e-07
1.88925e-07
1.9086e-07
1.92811e-07
1.94781e-07
1.96768e-07
1.98773e-07
2.00796e-07
2.02836e-07
2.04895e-07
2.06973e-07
2.09068e-07
2.11182e-07
2.13314e-07
2.15464e-07
2.17633e-07
2.19821e-07
2.22027e-07
2.24253e-07
2.26496e-07
2.28759e-07
2.31041e-07
2.33342e-07
2.35661e-07
2.38e-07
2.40358e-07
2.42735e-07
2.45132e-07
2.47548e-07
2.49983e-07
2.52438e-07
2.54912e-07
2.57405e-07
2.59918e-07
2.62451e-07
2.65004e-07
2.67576e-07
2.70168e-07
2.72779e-07
2.75411e-07
2.78062e-07
2.80733e-07
2.83424e-07
2.86135e-07
2.88866e-07
2.91616e-07
2.94387e-07
2.97178e-07
2.99988e-07
3.02819e-07
3.0567e-07
3.0854e-07
3.11431e-07
3.14342e-07
3.17273e-07
3.20224e-07
3.23194e-07
3.26185e-07
3.29196e-07
3.32227e-07
3.35278e-07
3.38349e-07
3.4144e-07
3.44551e-07
3.47682e-07
3.50833e-07
3.54004e-07
3.57194e-07
3.60405e-07
3.63635e-07
3.66885e-07
3.70154e-07
3.73444e-07
3.76753e-07
3.80082e-07
3.8343e-07
3.86798e-07
3.90185e-07
3.93591e-07
3.97017e-07
4.00463e-07
4.03927e-07
4.07411e-07
4.10913e-07
4.14435e-07
4.17976e-07
4.21535e-07
4.25114e-07
4.28711e-07
4.32327e-07
4.35961e-07
4.39614e-07
4.43285e-07
4.46975e-07
4.50682e-07
4.54408e-07
4.58152e-07
4.61914e-07
4.65693e-07
4.6949e-07
4.73305e-07
4.77138e-07
4.80987e-07
4.84854e-07
4.88738e-07
4.92639e-07
4.96557e-07
5.00491e-07
5.04443e-07
5.0841e-07
5.12394e-07
5.16395e-07
5.20411e-07
5.24443e-07
5.28492e-07
5.32555e-07
5.36635e-07
5.40729e-07
5.44839e-07
5.48964e-07
5.53104e-07
5.57258e-07
5.61427e-07
5.65611e-07
5.69808e-07
5.7402e-07
5.78246e-07
5.82485e-07
5.86738e-07
5.91004e-07
5.95284e-07
5.99576e-07
6.03882e-07
6.082e-07
6.1253e-07
6.16873e-07
6.21228e-07
6.25594e-07
6.29973e-07
6.34363e-07
6.38764e-07
6.43176e-07
6.47599e-07
6.52033e-07
6.56477e-07
6.60932e-07
6.65397e-07
6.69871e-07
6.74356e-07
6.78849e-07
6.83352e-07
6.87864e-07
6.92385e-07
6.96914e-07
7.01451e-07
7.05997e-07
7.10551e-07
7.15112e-07
7.19681e-07
7.24256e-07
7.28839e-07
7.33429e-07
7.38025e-07
7.42628e-07
7.47236e-07
7.51851e-07
7.56471e-07
7.61096e-07
7.65727e-07
7.70362e-07
7.75003e-07
7.79649e-07
7.84299e-07
7.88953e-07
7.93612e-07
7.98274e-07
8.0294e-07
8.07609e-07
8.12281e-07
8.16955e-07
8.21632e-07
8.26312e-07
8.30993e-07
8.35676e-07
8.4036e-07
8.45046e-07
8.49732e-07
8.54419e-07
8.59106e-07
8.63793e-07
8.6848e-07
8.73167e-07
8.77853e-07
8.82537e-07
8.87221e-07
8.91902e-07
8.96582e-07
9.0126e-07
9.05936e-07
9.10609e-07
9.15279e-07
9.19945e-07
9.24609e-07
9.29269e-07
9.33925e-07
9.38576e-07
9.43224e-07
9.47866e-07
9.52504e-07
9.57136e-07
9.61763e-07
9.66385e-07
9.71e-07
9.75609e-07
9.80212e-07
9.84808e-07
9.89397e-07
9.93979e-07
9.98553e-07
1.00312e-06
1.00768e-06
1.01223e-06
1.01677e-06
1.0213e-06
1.02583e-06
1.03034e-06
1.03485e-06
1.03934e-06
1.04382e-06
1.04829e-06
1.05275e-06
1.05719e-06
1.06162e-06
1.06604e-06
1.07045e-06
1.07484e-06
1.07922e-06
1.08359e-06
1.08795e-06
1.09229e-06
1.09662e-06
1.10093e-06
1.10524e-06
1.10952e-06
1.1138e-06
1.11806e-06
1.1223e-06
1.12653e-06
1.13075e-06
1.13495e-06
1.13913e-06
1.1433e-06
1.14746e-06
1.1516e-06
1.15572e-06
1.15983e-06
1.16392e-06
1.168e-06
1.17205e-06
1.1761e-06
1.18012e-06
1.18413e-06
1.18812e-06
1.19209e-06
1.19605e-06
1.19999e-06
1.20391e-06
1.20781e-06
1.21169e-06
1.21555e-06
1.2194e-06
1.22323e-06
1.22704e-06
1.23083e-06
1.23459e-06
1.23835e-06
1.24208e-06
1.24579e-06
1.24948e-06
1.25315e-06
1.2568e-06
1.26043e-06
1.26404e-06
1.26763e-06
1.27119e-06
1.27474e-06
1.27827e-06
1.28177e-06
1.28525e-06
1.28872e-06
1.29216e-06
1.29557e-06
1.29897e-06
1.30234e-06
1.3057e-06
1.30903e-06
1.31233e-06
1.31562e-06
1.31888e-06
1.32212e-06
1.32533e-06
1.32853e-06
1.3317e-06
1.33485e-06
1.33797e-06
1.34107e-06
1.34415e-06
1.3472e-06
1.35024e-06
1.35324e-06
1.35623e-06
1.35919e-06
1.36213e-06
1.36505e-06
1.36794e-06
1.37081e-06
1.37366e-06
1.37648e-06
1.37928e-06
1.38205e-06
1.38481e-06
1.38753e-06
1.39024e-06
1.39292e-06
1.39557e-06
1.3982e-06
1.40081e-06
1.40339e-06
1.40595e-06
1.40848e-06
1.41099e-06
1.41347e-06
1.41593e-06
1.41836e-06
1.42077e-06
1.42315e-06
1.42551e-06
1.42784e-06
1.43015e-06
1.43243e-06
1.43469e-06
1.43692e-06
1.43912e-06
1.4413e-06
1.44346e-06
1.44558e-06
1.44769e-06
1.44976e-06
1.45182e-06
1.45384e-06
1.45584e-06
1.45782e-06
1.45977e-06
1.46169e-06
1.46359e-06
1.46546e-06
1.4673e-06
1.46912e-06
1.47092e-06
1.47268e-06
1.47443e-06
1.47614e-06
1.47783e-06
1.4795e-06
1.48114e-06
1.48275e-06
1.48434e-06
1.4859e-06
1.48744e-06
1.48895e-06
1.49043e-06
1.49189e-06
1.49332e-06
1.49473e-06
1.49611e-06
1.49747e-06
1.4988e-06
1.50011e-06
1.50139e-06
1.50264e-06
1.50387e-06
1.50508e-06
1.50626e-06
1.50741e-06
1.50854e-06
1.50964e-06
1.51072e-06
1.51178e-06
1.5128e-06
1.5138e-06
1.51477e-06
1.51571e-06
1.51662e-06
1.5175e-06
1.51836e-06
1.51919e-06
1.51998e-06
1.52075e-06
1.52149e-06
1.52221e-06
1.52289e-06
1.52355e-06
1.52419e-06
1.52479e-06
1.52537e-06
1.52592e-06
1.52645e-06
1.52695e-06
1.52743e-06
1.52788e-06
1.52831e-06
1.52871e-06
1.52909e-06
1.52944e-06
1.52977e-06
1.53008e-06
1.53036e-06
1.53062e-06
1.53086e-06
1.53107e-06
1.53126e-06
1.53142e-06
1.53157e-06
1.53169e-06
1.53179e-06
1.53186e-06
1.53192e-06
1.53195e-06
1.53196e-06
1.53195e-06
1.53192e-06
1.53186e-06
1.53179e-06
1.53169e-06
1.53157e-06
1.53143e-06
1.53127e-06
1.53109e-06
1.53089e-06
1.53067e-06
1.53042e-06
1.53016e-06
1.52988e-06
1.52957e-06
1.52925e-06
1.52891e-06
1.52854e-06
1.52816e-06
1.52776e-06
1.52734e-06
1.52689e-06
1.52643e-06
1.52595e-06
1.52546e-06
1.52494e-06
1.5244e-06
1.52385e-06
1.52328e-06
1.52269e-06
1.52209e-06
1.52147e-06
1.52083e-06
1.52017e-06
1.5195e-06
1.51881e-06
1.51811e-06
1.51738e-06
1.51665e-06
1.51589e-06
1.51512e-06
1.51433e-06
1.51353e-06
1.51271e-06
1.51188e-06
1.51103e-06
1.51016e-06
1.50928e-06
1.50839e-06
1.50747e-06
1.50655e-06
1.5056e-06
1.50464e-06
1.50367e-06
1.50268e-06
1.50168e-06
1.50066e-06
1.49963e-06
1.49858e-06
1.49752e-06
1.49644e-06
1.49535e-06
1.49425e-06
1.49313e-06
1.49199e-06
1.49085e-06
1.48968e-06
1.48851e-06
1.48732e-06
1.48612e-06
1.4849e-06
1.48367e-06
1.48243e-06
1.48117e-06
1.4799e-06
1.47862e-06
1.47733e-06
1.47602e-06
1.4747e-06
1.47337e-06
1.47202e-06
1.47066e-06
1.46929e-06
1.46791e-06
1.46652e-06
1.46511e-06
1.46369e-06
1.46226e-06
1.46082e-06
1.45937e-06
1.45791e-06
1.45643e-06
1.45494e-06
1.45345e-06
1.45194e-06
1.45042e-06
1.44889e-06
1.44735e-06
1.4458e-06
1.44424e-06
1.44267e-06
1.44109e-06
1.4395e-06
1.43789e-06
1.43628e-06
1.43466e-06
1.43303e-06
1.43139e-06
1.42974e-06
1.42809e-06
1.42642e-06
1.42474e-06
1.42306e-06
1.42136e-06
1.41966e-06
1.41795e-06
1.41623e-06
1.4145e-06
1.41276e-06
1.41102e-06
1.40927e-06
1.4075e-06
1.40574e-06
1.40396e-06
1.40218e-06
1.40038e-06
1.39859e-06
1.39678e-06
1.39497e-06
1.39315e-06
1.39132e-06
1.38949e-06
1.38764e-06
1.3858e-06
1.38394e-06
1.38208e-06
1.38022e-06
1.37834e-06
1.37646e-06
1.37458e-06
1.37268e-06
1.37077e-06
1.36886e-06
1.36693e-06
1.365e-06
1.36305e-06
1.3611e-06
1.35913e-06
1.35716e-06
1.35517e-06
1.35318e-06
1.35118e-06
1.34916e-06
1.34714e-06
1.34512e-06
1.34308e-06
1.34104e-06
1.33899e-06
1.33693e-06
1.33486e-06
1.33279e-06
1.33072e-06
1.32864e-06
1.32655e-06
1.32446e-06
1.32236e-06
1.32026e-06
1.31815e-06
1.31604e-06
1.31393e-06
1.31181e-06
1.30969e-06
1.30756e-06
1.30543e-06
1.3033e-06
1.30117e-06
1.29903e-06
1.29689e-06
1.29475e-06
1.29261e-06
1.29046e-06
1.28831e-06
1.28616e-06
1.28401e-06
1.28185e-06
1.2797e-06
1.27754e-06
1.27539e-06
1.27323e-06
1.27107e-06
1.26891e-06
1.26675e-06
1.26458e-06
1.26242e-06
1.26026e-06
1.25809e-06
1.25593e-06
1.25376e-06
1.2516e-06
1.24944e-06
1.24727e-06
1.24511e-06
1.24294e-06
1.24078e-06
1.23861e-06
1.23645e-06
1.23429e-06
1.23212e-06
1.22996e-06
1.2278e-06
1.22564e-06
1.22348e-06
1.22132e-06
1.21916e-06
1.217e-06
1.21485e-06
1.21269e-06
1.21054e-06
1.20838e-06
1.20623e-06
1.20408e-06
1.20193e-06
1.19978e-06
1.19764e-06
1.19549e-06
1.19335e-06
1.19121e-06
1.18907e-06
1.18693e-06
1.18479e-06
1.18266e-06
1.18053e-06
1.1784e-06
1.17627e-06
1.17414e-06
1.17202e-06
1.1699e-06
1.16778e-06
1.16566e-06
1.16354e-06
1.16143e-06
1.15932e-06
1.15721e-06
1.1551e-06
1.153e-06
1.1509e-06
1.1488e-06
1.14671e-06
1.14461e-06
1.14252e-06
1.14044e-06
1.13835e-06
1.13627e-06
1.13419e-06
1.13211e-06
1.13004e-06
1.12797e-06
1.1259e-06
1.12384e-06
1.12178e-06
1.11972e-06
1.11767e-06
1.11562e-06
1.11357e-06
1.11152e-06
1.10948e-06
1.10744e-06
1.10541e-06
1.10338e-06
1.10135e-06
1.09932e-06
1.0973e-06
1.09529e-06
1.09327e-06
1.09126e-06
1.08926e-06
1.08725e-06
1.08525e-06
1.08326e-06
1.08127e-06
1.07928e-06
1.07729e-06
1.07531e-06
1.07334e-06
1.07136e-06
1.0694e-06
1.06743e-06
1.06547e-06
1.06351e-06
1.06156e-06
1.05961e-06
1.05767e-06
1.05573e-06
1.05379e-06
1.05186e-06
1.04993e-06
1.04801e-06
1.04609e-06
1.04417e-06
1.04226e-06
1.04035e-06
1.03845e-06
1.03655e-06
1.03466e-06
1.03277e-06
1.03088e-06
1.029e-06
1.02712e-06
1.02525e-06
1.02338e-06
1.02152e-06
1.01966e-06
1.0178e-06
1.01595e-06
1.01411e-06
1.01227e-06
1.01043e-06
1.0086e-06
1.00677e-06
1.00495e-06
1.00313e-06
1.00132e-06
9.99507e-07
9.97703e-07
9.95903e-07
9.94108e-07
9.92317e-07
9.90531e-07
9.8875e-07
9.86974e-07
9.85202e-07
9.83435e-07
9.81673e-07
9.79916e-07
9.78163e-07
9.76415e-07
9.74672e-07
9.72934e-07
9.712e-07
9.69472e-07
9.67748e-07
9.66029e-07
9.64314e-07
9.62605e-07
9.609e-07
9.59201e-07
9.57506e-07
9.55816e-07
9.54131e-07
9.5245e-07
9.50775e-07
9.49104e-07
9.47439e-07
9.45778e-07
9.44122e-07
9.42471e-07
9.40825e-07
9.39184e-07
9.37548e-07
9.35917e-07
9.34291e-07
9.32671e-07
9.31055e-07
9.29445e-07
9.27839e-07
9.26239e-07
9.24645e-07
9.23055e-07
9.21471e-07
9.19891e-07
9.18318e-07
9.16749e-07
9.15185e-07
9.13627e-07
9.12074e-07
9.10525e-07
9.08982e-07
9.07445e-07
9.05912e-07
9.04384e-07
9.02862e-07
9.01345e-07
8.99832e-07
8.98325e-07
8.96823e-07
8.95326e-07
8.93833e-07
8.92346e-07
8.90864e-07
8.89387e-07
8.87915e-07
8.86448e-07
8.84986e-07
8.83528e-07
8.82076e-07
8.80629e-07
8.79186e-07
8.77749e-07
8.76316e-07
8.74888e-07
8.73465e-07
8.72047e-07
8.70634e-07
8.69226e-07
8.67823e-07
8.66424e-07
8.6503e-07
8.63641e-07
8.62257e-07
8.60878e-07
8.59503e-07
8.58133e-07
8.56768e-07
8.55408e-07
8.54053e-07
8.52702e-07
8.51356e-07
8.50015e-07
8.48678e-07
8.47346e-07
8.46019e-07
8.44696e-07
8.43379e-07
8.42066e-07
8.40757e-07
8.39453e-07
8.38154e-07
8.3686e-07
8.3557e-07
8.34285e-07
8.33004e-07
8.31728e-07
8.30457e-07
8.2919e-07
8.27928e-07
8.2667e-07
8.25417e-07
8.24169e-07
8.22925e-07
8.21685e-07
8.2045e-07
8.1922e-07
8.17994e-07
8.16773e-07
8.15556e-07
8.14343e-07
8.13136e-07
8.11932e-07
8.10733e-07
8.09539e-07
8.08349e-07
8.07163e-07
8.05982e-07
8.04805e-07
8.03633e-07
8.02465e-07
8.01301e-07
8.00142e-07
7.98987e-07
7.97837e-07
7.9669e-07
7.95549e-07
7.94411e-07
7.93278e-07
7.92149e-07
7.91025e-07
7.89904e-07
7.88789e-07
7.87677e-07
7.8657e-07
7.85466e-07
7.84367e-07
7.83273e-07
7.82182e-07
7.81096e-07
7.80014e-07
7.78936e-07
7.77863e-07
7.76793e-07
7.75728e-07
7.74667e-07
7.7361e-07
7.72557e-07
7.71509e-07
7.70464e-07
7.69424e-07
7.68387e-07
7.67355e-07
7.66327e-07
7.65303e-07
7.64283e-07
7.63267e-07
7.62255e-07
7.61247e-07
7.60243e-07
7.59243e-07
7.58247e-07
7.57255e-07
7.56267e-07
7.55283e-07
7.54303e-07
7.53327e-07
7.52354e-07
7.51386e-07
7.50422e-07
7.49461e-07
7.48505e-07
7.47552e-07
7.46603e-07
7.45658e-07
7.44717e-07
7.4378e-07
7.42847e-07
7.41917e-07
7.40991e-07
7.40069e-07
7.39151e-07
7.38236e-07
7.37326e-07
7.36419e-07
7.35516e-07
7.34616e-07
7.3372e-07
7.32828e-07
7.3194e-07
7.31055e-07
7.30174e-07
7.29297e-07
7.28423e-07
7.27553e-07
7.26687e-07
7.25824e-07
7.24965e-07
7.24109e-07
7.23257e-07
7.22409e-07
7.21564e-07
7.20722e-07
7.19885e-07
7.1905e-07
7.1822e-07
7.17393e-07
7.16569e-07
7.15749e-07
7.14932e-07
7.14119e-07
7.13309e-07
7.12502e-07
7.11699e-07
7.109e-07
7.10104e-07
7.09311e-07
7.08522e-07
7.07736e-07
7.06953e-07
7.06174e-07
7.05398e-07
7.04626e-07
7.03856e-07
7.0309e-07
7.02328e-07
7.01568e-07
7.00812e-07
7.0006e-07
6.9931e-07
6.98564e-07
6.97821e-07
6.97081e-07
6.96344e-07
6.95611e-07
6.94881e-07
6.94153e-07
6.9343e-07
6.92709e-07
6.91991e-07
6.91277e-07
6.90565e-07
6.89857e-07
6.89152e-07
6.8845e-07
6.87751e-07
6.87055e-07
6.86362e-07
6.85673e-07
6.84986e-07
6.84302e-07
6.83621e-07
6.82944e-07
6.82269e-07
6.81597e-07
6.80928e-07
6.80263e-07
6.796e-07
6.7894e-07
6.78283e-07
6.77629e-07
6.76978e-07
6.76329e-07
6.75684e-07
6.75042e-07
6.74402e-07
6.73765e-07
6.73131e-07
6.725e-07
6.71872e-07
6.71246e-07
6.70624e-07
6.70004e-07
6.69387e-07
6.68772e-07
6.68161e-07
6.67552e-07
6.66946e-07
6.66342e-07
6.65742e-07
6.65144e-07
6.64548e-07
6.63956e-07
6.63366e-07
6.62779e-07
6.62194e-07
6.61612e-07
6.61033e-07
6.60456e-07
6.59882e-07
6.5931e-07
6.58742e-07
6.58175e-07
6.57611e-07
6.5705e-07
6.56492e-07
6.55936e-07
6.55382e-07
6.54831e-07
6.54282e-07
6.53736e-07
6.53193e-07
6.52652e-07
6.52113e-07
6.51577e-07
6.51043e-07
6.50512e-07
6.49983e-07
6.49457e-07
6.48933e-07
6.48412e-07
6.47892e-07
6.47376e-07
6.46861e-07
6.46349e-07
6.4584e-07
6.45332e-07
6.44827e-07
6.44324e-07
6.43824e-07
6.43326e-07
6.4283e-07
6.42337e-07
6.41846e-07
6.41357e-07
6.4087e-07
6.40386e-07
6.39903e-07
6.39423e-07
6.38946e-07
6.3847e-07
6.37997e-07
6.37526e-07
6.37057e-07
6.3659e-07
6.36125e-07
6.35663e-07
6.35203e-07
6.34744e-07
6.34288e-07
6.33835e-07
6.33383e-07
6.32933e-07
6.32485e-07
6.3204e-07
6.31596e-07
6.31155e-07
6.30716e-07
6.30279e-07
6.29843e-07
6.2941e-07
6.28979e-07
6.2855e-07
6.28123e-07
6.27698e-07
6.27274e-07
6.26853e-07
6.26434e-07
6.26017e-07
6.25601e-07
6.25188e-07
6.24777e-07
6.24367e-07
6.2396e-07
6.23554e-07
6.2315e-07
6.22748e-07
6.22348e-07
6.2195e-07
6.21554e-07
6.2116e-07
6.20767e-07
6.20377e-07
6.19988e-07
6.19601e-07
6.19216e-07
6.18832e-07
6.18451e-07
6.18071e-07
6.17693e-07
6.17317e-07
6.16942e-07
6.1657e-07
6.16199e-07
6.1583e-07
6.15462e-07
6.15097e-07
6.14733e-07
6.14371e-07
6.1401e-07
6.13651e-07
6.13294e-07
6.12939e-07
6.12585e-07
6.12233e-07
6.11883e-07
6.11534e-07
6.11187e-07
6.10842e-07
6.10498e-07
6.10156e-07
6.09815e-07
6.09476e-07
6.09139e-07
6.08803e-07
6.08469e-07
6.08136e-07
6.07805e-07
6.07476e-07
6.07148e-07
6.06822e-07
6.06497e-07
6.06174e-07
6.05852e-07
6.05532e-07
6.05214e-07
6.04897e-07
6.04581e-07
6.04267e-07
6.03954e-07
6.03643e-07
6.03334e-07
6.03025e-07
6.02719e-07
6.02414e-07
6.0211e-07
6.01807e-07
6.01507e-07
6.01207e-07
6.00909e-07
6.00612e-07
6.00317e-07
6.00023e-07
5.99731e-07
5.9944e-07
5.9915e-07
5.98862e-07
5.98575e-07
5.9829e-07
5.98006e-07
5.97723e-07
5.97441e-07
5.97161e-07
5.96883e-07
5.96605e-07
5.96329e-07
5.96054e-07
5.95781e-07
5.95509e-07
5.95238e-07
5.94968e-07
5.947e-07
5.94433e-07
5.94167e-07
5.93903e-07
5.9364e-07
5.93378e-07
5.93117e-07
5.92857e-07
5.92599e-07
5.92342e-07
5.92087e-07
5.91832e-07
5.91579e-07
5.91327e-07
5.91076e-07
5.90826e-07
5.90577e-07
5.9033e-07
5.90084e-07
5.89839e-07
5.89595e-07
5.89353e-07
5.89111e-07
5.88871e-07
5.88632e-07
5.88394e-07
5.88157e-07
5.87921e-07
5.87686e-07
5.87453e-07
5.8722e-07
5.86989e-07
5.86759e-07
5.8653e-07
5.86302e-07
5.86075e-07
5.85849e-07
5.85624e-07
5.85401e-07
5.85178e-07
5.84957e-07
5.84736e-07
5.84517e-07
5.84298e-07
5.84081e-07
5.83865e-07
5.83649e-07
5.83435e-07
5.83222e-07
5.8301e-07
5.82799e-07
5.82588e-07
5.82379e-07
5.82171e-07
5.81964e-07
5.81758e-07
5.81553e-07
5.81348e-07
5.81145e-07
5.80943e-07
5.80742e-07
5.80541e-07
5.80342e-07
5.80143e-07
5.79946e-07
5.79749e-07
5.79554e-07
5.79359e-07
5.79165e-07
5.78972e-07
5.78781e-07
5.7859e-07
5.784e-07
5.7821e-07
5.78022e-07
5.77835e-07
5.77648e-07
5.77463e-07
5.77278e-07
5.77094e-07
5.76911e-07
5.76729e-07
5.76548e-07
5.76368e-07
5.76188e-07
5.76009e-07
5.75832e-07
5.75655e-07
5.75479e-07
5.75303e-07
5.75129e-07
5.74955e-07
5.74783e-07
5.74611e-07
5.7444e-07
5.74269e-07
5.741e-07
5.73931e-07
5.73763e-07
5.73596e-07
5.7343e-07
5.73264e-07
5.73099e-07
5.72936e-07
5.72772e-07
5.7261e-07
5.72448e-07
5.72288e-07
5.72127e-07
5.71968e-07
5.7181e-07
5.71652e-07
5.71495e-07
5.71338e-07
5.71183e-07