0
-3.19587e-06
-5.95244e-06
-8.2703e-06
-1.02174e-05
-1.18526e-05
-1.32256e-05
-1.43777e-05
-1.5344e-05
-1.61536e-05
-1.68311e-05
-1.73972e-05
-1.78694e-05
-1.82622e-05
-1.8588e-05
-1.88572e-05
-1.90786e-05
-1.92595e-05
-1.94062e-05
-1.95239e-05
-1.96172e-05
-1.96897e-05
-1.97448e-05
-1.97851e-05
-1.98129e-05
-1.98302e-05
-1.98386e-05
-1.98395e-05
-1.98343e-05
-1.98238e-05
-1.98089e-05
-1.97904e-05
-1.97689e-05
-1.97449e-05
-1.9719e-05
-1.96913e-05
-1.96624e-05
-1.96325e-05
-1.96018e-05
-1.95705e-05
-1.95387e-05
-1.95067e-05
-1.94746e-05
-1.94424e-05
-1.94102e-05
-1.93782e-05
-1.93463e-05
-1.93147e-05
-1.92833e-05
-1.92522e-05
-1.92214e-05
-1.9191e-05
-1.9161e-05
-1.91313e-05
-1.9102e-05
-1.90732e-05
-1.90447e-05
-1.90166e-05
-1.89889e-05
-1.89617e-05
-1.89348e-05
-1.89084e-05
-1.88823e-05
-1.88567e-05
-1.88314e-05
-1.88065e-05
-1.8782e-05
-1.87578e-05
-1.87341e-05
-1.87107e-05
-1.86876e-05
-1.86649e-05
-1.86425e-05
-1.86205e-05
-1.85987e-05
-1.85773e-05
-1.85562e-05
-1.85354e-05
-1.8515e-05
-1.84948e-05
-1.84749e-05
-1.84552e-05
-1.84359e-05
-1.84168e-05
-1.83979e-05
-1.83794e-05
-1.8361e-05
-1.83429e-05
-1.83251e-05
-1.83075e-05
-1.82901e-05
-1.82729e-05
-1.8256e-05
-1.82392e-05
-1.82227e-05
-1.82064e-05
-1.81903e-05
-1.81743e-05
-1.81586e-05
-1.8143e-05
-1.81277e-05
-1.81125e-05
-1.80974e-05
-1.80826e-05
-1.80679e-05
-1.80534e-05
-1.8039e-05
-1.80248e-05
-1.80108e-05
-1.79969e-05
-1.79831e-05
-1.79695e-05
-1.7956e-05
-1.79427e-05
-1.79295e-05
-1.79164e-05
-1.79035e-05
-1.78907e-05
-1.7878e-05
-1.78654e-05
-1.7853e-05
-1.78407e-05
-1.78285e-05
-1.78164e-05
-1.78044e-05
-1.77925e-05
-1.77808e-05
-1.77691e-05
-1.77575e-05
-1.77461e-05
-1.77347e-05
-1.77235e-05
-1.77123e-05
-1.77013e-05
-1.76903e-05
-1.76794e-05
-1.76686e-05
-1.7658e-05
-1.76473e-05
-1.76368e-05
-1.76264e-05
-1.7616e-05
-1.76058e-05
-1.75956e-05
-1.75855e-05
-1.75755e-05
-1.75655e-05
-1.75556e-05
-1.75458e-05
-1.75361e-05
-1.75265e-05
-1.75169e-05
-1.75074e-05
-1.7498e-05
-1.74886e-05
-1.74793e-05
-1.74701e-05
-1.74609e-05
-1.74518e-05
-1.74428e-05
-1.74339e-05
-1.7425e-05
-1.74161e-05
-1.74074e-05
-1.73987e-05
-1.739e-05
-1.73814e-05
-1.73729e-05
-1.73645e-05
-1.73561e-05
-1.73477e-05
-1.73394e-05
-1.73312e-05
-1.7323e-05
-1.73149e-05
-1.73069e-05
-1.72989e-05
-1.72909e-05
-1.7283e-05
-1.72752e-05
-1.72674e-05
-1.72596e-05
-1.7252e-05
-1.72443e-05
-1.72367e-05
-1.72292e-05
-1.72217e-05
-1.72143e-05
-1.72069e-05
-1.71996e-05
-1.71923e-05
-1.71851e-05
-1.71779e-05
-1.71708e-05
-1.71637e-05
-1.71567e-05
-1.71497e-05
-1.71427e-05
-1.71358e-05
-1.7129e-05
-1.71222e-05
-1.71154e-05
-1.71087e-05
-1.7102e-05
-1.70954e-05
-1.70888e-05
-1.70822e-05
-1.70757e-05
-1.70693e-05
-1.70629e-05
-1.70565e-05
-1.70502e-05
-1.70439e-05
-1.70377e-05
-1.70315e-05
-1.70253e-05
-1.70192e-05
-1.70131e-05
-1.70071e-05
-1.70011e-05
-1.69951e-05
-1.69892e-05
-1.69833e-05
-1.69775e-05
-1.69717e-05
-1.69659e-05
-1.69602e-05
-1.69545e-05
-1.69489e-05
-1.69433e-05
-1.69377e-05
-1.69322e-05
-1.69267e-05
-1.69212e-05
-1.69158e-05
-1.69104e-05
-1.6905e-05
-1.68997e-05
-1.68945e-05
-1.68892e-05
-1.6884e-05
-1.68788e-05
-1.68737e-05
-1.68686e-05
-1.68636e-05
-1.68585e-05
-1.68535e-05
-1.68486e-05
-1.68436e-05
-1.68387e-05
-1.68339e-05
-1.68291e-05
-1.68243e-05
-1.68195e-05
-1.68148e-05
-1.68101e-05
-1.68054e-05
-1.68008e-05
-1.67962e-05
-1.67916e-05
-1.67871e-05
-1.67826e-05
-1.67781e-05
-1.67737e-05
-1.67693e-05
-1.67649e-05
-1.67605e-05
-1.67562e-05
-1.67519e-05
-1.67477e-05
-1.67434e-05
-1.67392e-05
-1.67351e-05
-1.67309e-05
-1.67268e-05
-1.67227e-05
-1.67187e-05
-1.67147e-05
-1.67107e-05
-1.67067e-05
-1.67028e-05
-1.66989e-05
-1.6695e-05
-1.66911e-05
-1.66873e-05
-1.66835e-05
-1.66797e-05
-1.6676e-05
-1.66722e-05
-1.66686e-05
-1.66649e-05
-1.66612e-05
-1.66576e-05
-1.6654e-05
-1.66505e-05
-1.66469e-05
-1.66434e-05
-1.66399e-05
-1.66365e-05
-1.6633e-05
-1.66296e-05
-1.66262e-05
-1.66229e-05
-1.66195e-05
-1.66162e-05
-1.66129e-05
-1.66097e-05
-1.66064e-05
-1.66032e-05
-1.66e-05
-1.65968e-05
-1.65937e-05
-1.65906e-05
-1.65875e-05
-1.65844e-05
-1.65813e-05
-1.65783e-05
-1.65753e-05
-1.65723e-05
-1.65693e-05
-1.65664e-05
-1.65634e-05
-1.65605e-05
-1.65576e-05
-1.65548e-05
-1.65519e-05
-1.65491e-05
-1.65463e-05
-1.65435e-05
-1.65408e-05
-1.6538e-05
-1.65353e-05
-1.65326e-05
-1.653e-05
-1.65273e-05
-1.65247e-05
-1.6522e-05
-1.65194e-05
-1.65169e-05
-1.65143e-05
-1.65118e-05
-1.65092e-05
-1.65067e-05
-1.65042e-05
-1.65018e-05
-1.64993e-05
-1.64969e-05
-1.64945e-05
-1.64921e-05
-1.64897e-05
-1.64874e-05
-1.6485e-05
-1.64827e-05
-1.64804e-05
-1.64781e-05
-1.64758e-05
-1.64736e-05
-1.64713e-05
-1.64691e-05
-1.64669e-05
-1.64647e-05
-1.64625e-05
-1.64604e-05
-1.64582e-05
-1.64561e-05
-1.6454e-05
-1.64519e-05
-1.64498e-05
-1.64478e-05
-1.64457e-05
-1.64437e-05
-1.64417e-05
-1.64397e-05
-1.64377e-05
-1.64357e-05
-1.64338e-05
-1.64318e-05
-1.64299e-05
-1.6428e-05
-1.64261e-05
-1.64242e-05
-1.64223e-05
-1.64205e-05
-1.64186e-05
-1.64168e-05
-1.6415e-05
-1.64132e-05
-1.64114e-05
-1.64096e-05
-1.64079e-05
-1.64061e-05
-1.64044e-05
-1.64027e-05
-1.6401e-05
-1.63993e-05
-1.63976e-05
-1.63959e-05
-1.63943e-05
-1.63926e-05
-1.6391e-05
-1.63894e-05
-1.63878e-05
-1.63862e-05
-1.63846e-05
-1.6383e-05
-1.63814e-05
-1.63799e-05
-1.63784e-05
-1.63768e-05
-1.63753e-05
-1.63738e-05
-1.63723e-05
-1.63708e-05
-1.63694e-05
-1.63679e-05
-1.63665e-05
-1.6365e-05
-1.63636e-05
-1.63622e-05
-1.63608e-05
-1.63594e-05
-1.6358e-05
-1.63566e-05
-1.63553e-05
-1.63539e-05
-1.63526e-05
-1.63513e-05
-1.63499e-05
-1.63486e-05
-1.63473e-05
-1.6346e-05
-1.63447e-05
-1.63435e-05
-1.63422e-05
-1.63409e-05
-1.63397e-05
-1.63385e-05
-1.63372e-05
-1.6336e-05
-1.63348e-05
-1.63336e-05
-1.63324e-05
-1.63312e-05
-1.63301e-05
-1.63289e-05
-1.63278e-05
-1.63266e-05
-1.63255e-05
-1.63243e-05
-1.63232e-05
-1.63221e-05
-1.6321e-05
-1.63199e-05
-1.63188e-05
-1.63177e-05
-1.63167e-05
-1.63156e-05
-1.63145e-05
-1.63135e-05
-1.63124e-05
-1.63114e-05
-1.63104e-05
-1.63094e-05
-1.63084e-05
-1.63074e-05
-1.63064e-05
-1.63054e-05
-1.63044e-05
-1.63034e-05
-1.63025e-05
-1.63015e-05
-1.63005e-05
-1.62996e-05
-1.62987e-05
-1.62977e-05
-1.62968e-05
-1.62959e-05
-1.6295e-05
-1.62941e-05
-1.62932e-05
-1.62923e-05
-1.62914e-05
-1.62905e-05
-1.62896e-05
-1.62888e-05
-1.62879e-05
-1.62871e-05
-1.62862e-05
-1.62854e-05
-1.62845e-05
-1.62837e-05
-1.62829e-05
-1.62821e-05
-1.62813e-05
-1.62805e-05
-1.62797e-05
-1.62789e-05
-1.62781e-05
-1.62773e-05
-1.62765e-05
-1.62758e-05
-1.6275e-05
-1.62742e-05
-1.62735e-05
-1.62727e-05
-1.6272e-05
-1.62713e-05
-1.62705e-05
-1.62698e-05
-1.62691e-05
-1.62684e-05
-1.62677e-05
-1.6267e-05
-1.62663e-05
-1.62656e-05
-1.62649e-05
-1.62642e-05
-1.62635e-05
-1.62628e-05
-1.62622e-05
-1.62615e-05
-1.62608e-05
-1.62602e-05
-1.62595e-05
-1.62589e-05
-1.62582e-05
-1.62576e-05
-1.6257e-05
-1.62563e-05
-1.62557e-05
-1.62551e-05
-1.62545e-05
-1.62539e-05
-1.62533e-05
-1.62527e-05
-1.62521e-05
-1.62515e-05
-1.62509e-05
-1.62503e-05
-1.62497e-05
-1.62491e-05
-1.62486e-05
-1.6248e-05
-1.62474e-05
-1.62469e-05
-1.62463e-05
-1.62458e-05
-1.62452e-05
-1.62447e-05
-1.62441e-05
-1.62436e-05
-1.6243e-05
-1.62425e-05
-1.6242e-05
-1.62415e-05
-1.62409e-05
-1.62404e-05
-1.62399e-05
-1.62394e-05
-1.62389e-05
-1.62384e-05
-1.62379e-05
-1.62374e-05
-1.62369e-05
-1.62364e-05
-1.6236e-05
-1.62355e-05
-1.6235e-05
-1.62345e-05
-1.6234e-05
-1.62336e-05
-1.62331e-05
-1.62327e-05
-1.62322e-05
-1.62317e-05
-1.62313e-05
-1.62308e-05
-1.62304e-05
-1.623e-05
-1.62295e-05
-1.62291e-05
-1.62287e-05
-1.62282e-05
-1.62278e-05
-1.62274e-05
-1.62269e-05
-1.62265e-05
-1.62261e-05
-1.62257e-05
-1.62253e-05
-1.62249e-05
-1.62245e-05
-1.62241e-05
-1.62237e-05
-1.62233e-05
-1.62229e-05
-1.62225e-05
-1.62221e-05
-1.62217e-05
-1.62213e-05
-1.6221e-05
-1.62206e-05
-1.62202e-05
-1.62198e-05
-1.62195e-05
-1.62191e-05
-1.62187e-05
-1.62184e-05
-1.6218e-05
-1.62177e-05
-1.62173e-05
-1.6217e-05
-1.62166e-05
-1.62163e-05
-1.62159e-05
-1.62156e-05
-1.62152e-05
-1.62149e-05
-1.62145e-05
-1.62142e-05
-1.62139e-05
-1.62136e-05
-1.62132e-05
-1.62129e-05
-1.62126e-05
-1.62123e-05
-1.62119e-05
-1.62116e-05
-1.62113e-05
-1.6211e-05
-1.62107e-05
-1.62104e-05
-1.62101e-05
-1.62098e-05
-1.62095e-05
-1.62092e-05
-1.62089e-05
-1.62086e-05
-1.62083e-05
-1.6208e-05
-1.62077e-05
-1.62074e-05
-1.62071e-05
-1.62068e-05
-1.62065e-05
-1.62063e-05
-1.6206e-05
-1.62057e-05
-1.62054e-05
-1.62052e-05
-1.62049e-05
-1.62046e-05
-1.62043e-05
-1.62041e-05
-1.62038e-05
-1.62036e-05
-1.62033e-05
-1.6203e-05
-1.62028e-05
-1.62025e-05
-1.62023e-05
-1.6202e-05
-1.62018e-05
-1.62015e-05
-1.62013e-05
-1.6201e-05
-1.62008e-05
-1.62005e-05
-1.62003e-05
-1.62e-05
-1.61998e-05
-1.61996e-05
-1.61993e-05
-1.61991e-05
-1.61989e-05
-1.61986e-05
-1.61984e-05
-1.61982e-05
-1.6198e-05
-1.61977e-05
-1.61975e-05
-1.61973e-05
-1.61971e-05
-1.61968e-05
-1.61966e-05
-1.61964e-05
-1.61962e-05
-1.6196e-05
-1.61958e-05
-1.61956e-05
-1.61953e-05
-1.61951e-05
-1.61949e-05
-1.61947e-05
-1.61945e-05
-1.61943e-05
-1.61941e-05
-1.61939e-05
-1.61937e-05
-1.61935e-05
-1.61933e-05
-1.61931e-05
-1.61929e-05
-1.61927e-05
-1.61925e-05
-1.61923e-05
-1.61922e-05
-1.6192e-05
-1.61918e-05
-1.61916e-05
-1.61914e-05
-1.61912e-05
-1.6191e-05
-1.61909e-05
-1.61907e-05
-1.61905e-05
-1.61903e-05
-1.61902e-05
-1.619e-05
-1.61898e-05
-1.61896e-05
-1.61895e-05
-1.61893e-05
-1.61891e-05
-1.61889e-05
-1.61888e-05
-1.61886e-05
-1.61884e-05
-1.61883e-05
-1.61881e-05
-1.6188e-05
-1.61878e-05
-1.61876e-05
-1.61875e-05
-1.61873e-05
-1.61872e-05
-1.6187e-05
-1.61868e-05
-1.61867e-05
-1.61865e-05
-1.61864e-05
-1.61862e-05
-1.61861e-05
-1.61859e-05
-1.61858e-05
-1.61856e-05
-1.61855e-05
-1.61853e-05
-1.61852e-05
-1.6185e-05
-1.61849e-05
-1.61848e-05
-1.61846e-05
-1.61845e-05
-1.61843e-05
-1.61842e-05
-1.61841e-05
-1.61839e-05
-1.61838e-05
-1.61836e-05
-1.61835e-05
-1.61834e-05
-1.61832e-05
-1.61831e-05
-1.6183e-05
-1.61828e-05
-1.61827e-05
-1.61826e-05
-1.61825e-05
-1.61823e-05
-1.61822e-05
-1.61821e-05
-1.61819e-05
-1.61818e-05
-1.61817e-05
-1.61816e-05
-1.61815e-05
-1.61813e-05
-1.61812e-05
-1.61811e-05
-1.6181e-05
-1.61808e-05
-1.61807e-05
-1.61806e-05
-1.61805e-05
-1.61804e-05
-1.61803e-05
-1.61802e-05
-1.618e-05
-1.61799e-05
-1.61798e-05
-1.61797e-05
-1.61796e-05
-1.61795e-05
-1.61794e-05
-1.61793e-05
-1.61791e-05
-1.6179e-05
-1.61789e-05
-1.61788e-05
-1.61787e-05
-1.61786e-05
-1.61785e-05
-1.61784e-05
-1.61783e-05
-1.61782e-05
-1.61781e-05
-1.6178e-05
-1.61779e-05
-1.61778e-05
-1.61777e-05
-1.61776e-05
-1.61775e-05
-1.61774e-05
-1.61773e-05
-1.61772e-05
-1.61771e-05
-1.6177e-05
-1.61769e-05
-1.61768e-05
-1.61767e-05
-1.61766e-05
-1.61765e-05
-1.61765e-05
-1.61764e-05
-1.61763e-05
-1.61762e-05
-1.61761e-05
-1.6176e-05
-1.61759e-05
-1.61758e-05
-1.61757e-05
-1.61756e-05
-1.61756e-05
-1.61755e-05
-1.61754e-05
-1.61753e-05
-1.61752e-05
-1.61751e-05
-1.61751e-05
-1.6175e-05
-1.61749e-05
-1.61748e-05
-1.61747e-05
-1.61746e-05
-1.61746e-05
-1.61745e-05
-1.61744e-05
-1.61743e-05
-1.61742e-05
-1.61742e-05
-1.61741e-05
-1.6174e-05
-1.61739e-05
-1.61739e-05
-1.61738e-05
-1.61737e-05
-1.61736e-05
-1.61736e-05
-1.61735e-05
-1.61734e-05
-1.61733e-05
-1.61733e-05
-1.61732e-05
-1.61731e-05
-1.6173e-05
-1.6173e-05
-1.61729e-05
-1.61728e-05
-1.61728e-05
-1.61727e-05
-1.61726e-05
-1.61726e-05
-1.61725e-05
-1.61724e-05
-1.61724e-05
-1.61723e-05
-1.61722e-05
-1.61722e-05
-1.61721e-05
-1.6172e-05
-1.6172e-05
-1.61719e-05
-1.61718e-05
-1.61718e-05
-1.61717e-05
-1.61716e-05
-1.61716e-05
-1.61715e-05
-1.61715e-05
-1.61714e-05
-1.61713e-05
-1.61713e-05
-1.61712e-05
-1.61712e-05
-1.61711e-05
-1.6171e-05
-1.6171e-05
-1.61709e-05
-1.61709e-05
-1.61708e-05
-1.61707e-05
-1.61707e-05
-1.61706e-05
-1.61706e-05
-1.61705e-05
-1.61705e-05
-1.61704e-05
-1.61703e-05
-1.61703e-05
-1.61702e-05
-1.61702e-05
-1.61701e-05
-1.61701e-05
-1.617e-05
-1.617e-05
-1.61699e-05
-1.61699e-05
-1.61698e-05
-1.61698e-05
-1.61697e-05
-1.61697e-05
-1.61696e-05
-1.61696e-05
-1.61695e-05
-1.61695e-05
-1.61694e-05
-1.61694e-05
-1.61693e-05
-1.61693e-05
-1.61692e-05
-1.61692e-05
-1.61691e-05
-1.61691e-05
-1.6169e-05
-1.6169e-05
-1.61689e-05
-1.61689e-05
-1.61688e-05
-1.61688e-05
-1.61688e-05
-1.61687e-05
-1.61687e-05
-1.61686e-05
-1.61686e-05
-1.61685e-05
-1.61685e-05
-1.61684e-05
-1.61684e-05
-1.61684e-05
-1.61683e-05
-1.61683e-05
-1.61682e-05
-1.61682e-05
-1.61682e-05
-1.61681e-05
-1.61681e-05
-1.6168e-05
-1.6168e-05
-1.61679e-05
-1.61679e-05
-1.61679e-05
-1.61678e-05
-1.61678e-05
-1.61678e-05
-1.61677e-05
-1.61677e-05
-1.61676e-05
-1.61676e-05
-1.61676e-05
-1.61675e-05
-1.61675e-05
-1.61675e-05
-1.61674e-05
-1.61674e-05
-1.61673e-05
-1.61673e-05
-1.61673e-05
-1.61672e-05
-1.61672e-05
-1.61672e-05
-1.61671e-05
-1.61671e-05
-1.61671e-05
-1.6167e-05
-1.6167e-05
-1.6167e-05
-1.61669e-05
-1.61669e-05
-1.61669e-05
-1.61668e-05
-1.61668e-05
-1.61668e-05
-1.61667e-05
-1.61667e-05
-1.61667e-05
-1.61666e-05
-1.61666e-05
-1.61666e-05
-1.61665e-05
-1.61665e-05
-1.61665e-05
-3.70862e-05
-6.12462e-05
-8.21081e-05
-9.83475e-05
-0.000110294
-0.000118683
-0.000124256
-0.000127655
-0.000129409
-0.000129941
-0.000129588
-0.000128616
-0.000127234
-0.000125608
-0.000123867
-0.00012211
-0.000120416
-0.000118846
-0.000117449
-0.000116261
-0.000115313
-0.000114632
-0.000114243
-0.000114167
-0.000114428
-0.000115056
-0.000116085
-0.000117555
-0.000119521
-0.000122053
-0.000125243
-0.000129215
-0.000134141
-0.000140264
-0.000147937
-0.000157694
-0.000170403
-0.000187565
-0.000212073
-0.000250367
-0.000320011
-0.000478986
-0.000823165
-0.00125953
-0.00144836
-0.00144993
-0.00137115
-0.00125759
-0.00112299
-0.000968488
-0.000794327
-0.00060784
-0.000426163
-0.000270045
-0.00015238
-7.28223e-05
-2.24664e-05
8.74902e-06
2.82007e-05
4.02648e-05
4.72936e-05
5.05369e-05
5.07036e-05
4.82482e-05
4.35054e-05
3.67519e-05
2.82358e-05
1.81882e-05
6.8293e-06
-5.63172e-06
-1.89959e-05
-3.30763e-05
-4.76998e-05
-6.27077e-05
-7.7957e-05
-9.33202e-05
-0.000108686
-0.000123957
-0.000139055
-0.000153911
-0.000168471
-0.000182693
-0.000196547
-0.000210011
-0.00022307
-0.000235719
-0.00024796
-0.000259797
-0.000271241
-0.00028231
-0.00029302
-0.000303398
-0.000313469
-0.000323261
-0.000332808
-0.000342145
-0.00035131
-0.000360349
-0.000369303
-0.00037823
-0.000387178
-0.000396219
-0.000405415
-0.000414842
-0.000424583
-0.000434724
-0.000445365
-0.000456606
-0.00046856
-0.000481339
-0.000495058
-0.000509825
-0.000525734
-0.00054285
-0.000561191
-0.000580696
-0.000601196
-0.000622369
-0.000643694
-0.000664423
-0.000683555
-0.000699914
-0.000712255
-0.000719456
-0.000720725
-0.000715763
-0.000704788
-0.000688462
-0.000667686
-0.000643412
-0.000616427
-0.000587144
-0.000555849
-0.000522708
-0.000487827
-0.000451317
-0.000413349
-0.000374205
-0.000334306
-0.000294238
-0.00025475
-0.000216721
-0.000181077
-0.00014867
-0.000120152
-9.58781e-05
-7.58557e-05
-5.97964e-05
-4.72049e-05
-3.74946e-05
-3.0081e-05
-2.44428e-05
-2.01469e-05
-1.68525e-05
-1.43015e-05
-1.23036e-05
-1.072e-05
-9.45052e-06
-8.42236e-06
-7.58263e-06
-6.89226e-06
-6.32202e-06
-5.84963e-06
-5.45781e-06
-5.13294e-06
-4.86411e-06
-4.64247e-06
-4.46075e-06
-4.31291e-06
-4.19391e-06
-4.09953e-06
-4.02618e-06
-3.97084e-06
-3.93093e-06
-3.90425e-06
-3.88894e-06
-3.88339e-06
-3.88623e-06
-3.89628e-06
-3.91255e-06
-3.93417e-06
-3.96039e-06
-3.99057e-06
-4.02418e-06
-4.06073e-06
-4.09981e-06
-4.14109e-06
-4.18424e-06
-4.22902e-06
-4.27519e-06
-4.32255e-06
-4.37094e-06
-4.42021e-06
-4.47022e-06
-4.52086e-06
-4.57203e-06
-4.62365e-06
-4.67564e-06
-4.72792e-06
-4.78044e-06
-4.83315e-06
-4.88599e-06
-4.93893e-06
-4.99192e-06
-5.04492e-06
-5.09791e-06
-5.15086e-06
-5.20373e-06
-5.25651e-06
-5.30916e-06
-5.36168e-06
-5.41403e-06
-5.46619e-06
-5.51816e-06
-5.56991e-06
-5.62142e-06
-5.67269e-06
-5.72368e-06
-5.7744e-06
-5.82483e-06
-5.87495e-06
-5.92476e-06
-5.97423e-06
-6.02336e-06
-6.07213e-06
-6.12054e-06
-6.16858e-06
-6.21623e-06
-6.26348e-06
-6.31033e-06
-6.35677e-06
-6.40278e-06
-6.44836e-06
-6.4935e-06
-6.5382e-06
-6.58243e-06
-6.62621e-06
-6.66951e-06
-6.71234e-06
-6.75468e-06
-6.79653e-06
-6.83789e-06
-6.87874e-06
-6.91909e-06
-6.95893e-06
-6.99824e-06
-7.03704e-06
-7.07531e-06
-7.11305e-06
-7.15025e-06
-7.18691e-06
-7.22304e-06
-7.25861e-06
-7.29364e-06
-7.32812e-06
-7.36205e-06
-7.39541e-06
-7.42822e-06
-7.46047e-06
-7.49216e-06
-7.52329e-06
-7.55385e-06
-7.58384e-06
-7.61327e-06
-7.64213e-06
-7.67042e-06
-7.69815e-06
-7.7253e-06
-7.75189e-06
-7.77791e-06
-7.80336e-06
-7.82825e-06
-7.85257e-06
-7.87632e-06
-7.89951e-06
-7.92213e-06
-7.9442e-06
-7.9657e-06
-7.98664e-06
-8.00703e-06
-8.02686e-06
-8.04613e-06
-8.06486e-06
-8.08303e-06
-8.10066e-06
-8.11774e-06
-8.13428e-06
-8.15029e-06
-8.16575e-06
-8.18068e-06
-8.19508e-06
-8.20896e-06
-8.22231e-06
-8.23513e-06
-8.24744e-06
-8.25923e-06
-8.27052e-06
-8.28129e-06
-8.29156e-06
-8.30133e-06
-8.3106e-06
-8.31938e-06
-8.32767e-06
-8.33548e-06
-8.3428e-06
-8.34964e-06
-8.35602e-06
-8.36192e-06
-8.36737e-06
-8.37235e-06
-8.37687e-06
-8.38095e-06
-8.38458e-06
-8.38776e-06
-8.39051e-06
-8.39282e-06
-8.39471e-06
-8.39617e-06
-8.3972e-06
-8.39782e-06
-8.39803e-06
-8.39783e-06
-8.39723e-06
-8.39623e-06
-8.39484e-06
-8.39305e-06
-8.39089e-06
-8.38834e-06
-8.38541e-06
-8.38212e-06
-8.37846e-06
-8.37443e-06
-8.37005e-06
-8.36532e-06
-8.36024e-06
-8.35482e-06
-8.34905e-06
-8.34296e-06
-8.33653e-06
-8.32978e-06
-8.32271e-06
-8.31533e-06
-8.30764e-06
-8.29963e-06
-8.29133e-06
-8.28273e-06
-8.27384e-06
-8.26466e-06
-8.2552e-06
-8.24546e-06
-8.23545e-06
-8.22516e-06
-8.21462e-06
-8.20381e-06
-8.19274e-06
-8.18143e-06
-8.16986e-06
-8.15806e-06
-8.14601e-06
-8.13374e-06
-8.12123e-06
-8.1085e-06
-8.09554e-06
-8.08237e-06
-8.06899e-06
-8.0554e-06
-8.04161e-06
-8.02762e-06
-8.01342e-06
-7.99904e-06
-7.98447e-06
-7.96971e-06
-7.95478e-06
-7.93966e-06
-7.92438e-06
-7.90892e-06
-7.89331e-06
-7.87753e-06
-7.8616e-06
-7.84552e-06
-7.82929e-06
-7.81292e-06
-7.79641e-06
-7.77976e-06
-7.76299e-06
-7.74608e-06
-7.72905e-06
-7.7119e-06
-7.69464e-06
-7.67726e-06
-7.65977e-06
-7.64218e-06
-7.62448e-06
-7.60669e-06
-7.5888e-06
-7.57082e-06
-7.55275e-06
-7.5346e-06
-7.51636e-06
-7.49805e-06
-7.47966e-06
-7.4612e-06
-7.44267e-06
-7.42408e-06
-7.40543e-06
-7.38671e-06
-7.36795e-06
-7.34912e-06
-7.33025e-06
-7.31134e-06
-7.29238e-06
-7.27338e-06
-7.25434e-06
-7.23526e-06
-7.21616e-06
-7.19702e-06
-7.17786e-06
-7.15868e-06
-7.13947e-06
-7.12025e-06
-7.10101e-06
-7.08176e-06
-7.0625e-06
-7.04323e-06
-7.02396e-06
-7.00468e-06
-6.9854e-06
-6.96613e-06
-6.94686e-06
-6.9276e-06
-6.90834e-06
-6.8891e-06
-6.86988e-06
-6.85067e-06
-6.83148e-06
-6.81231e-06
-6.79316e-06
-6.77404e-06
-6.75494e-06
-6.73588e-06
-6.71684e-06
-6.69785e-06
-6.67888e-06
-6.65995e-06
-6.64107e-06
-6.62222e-06
-6.60342e-06
-6.58466e-06
-6.56595e-06
-6.5473e-06
-6.52869e-06
-6.51014e-06
-6.49165e-06
-6.47322e-06
-6.45485e-06
-6.43654e-06
-6.4183e-06
-6.40012e-06
-6.38201e-06
-6.36397e-06
-6.346e-06
-6.32809e-06
-6.31027e-06
-6.29251e-06
-6.27483e-06
-6.25722e-06
-6.2397e-06
-6.22225e-06
-6.20488e-06
-6.18759e-06
-6.17038e-06
-6.15325e-06
-6.13621e-06
-6.11926e-06
-6.10239e-06
-6.0856e-06
-6.06891e-06
-6.05231e-06
-6.03579e-06
-6.01937e-06
-6.00305e-06
-5.98681e-06
-5.97067e-06
-5.95463e-06
-5.93868e-06
-5.92283e-06
-5.90708e-06
-5.89142e-06
-5.87585e-06
-5.86039e-06
-5.84502e-06
-5.82975e-06
-5.81458e-06
-5.79952e-06
-5.78455e-06
-5.76969e-06
-5.75493e-06
-5.74028e-06
-5.72574e-06
-5.7113e-06
-5.69698e-06
-5.68276e-06
-5.66865e-06
-5.65466e-06
-5.64077e-06
-5.627e-06
-5.61334e-06
-5.5998e-06
-5.58637e-06
-5.57306e-06
-5.55987e-06
-5.54679e-06
-5.53382e-06
-5.52098e-06
-5.50825e-06
-5.49565e-06
-5.48316e-06
-5.47079e-06
-5.45854e-06
-5.44642e-06
-5.43441e-06
-5.42252e-06
-5.41076e-06
-5.39912e-06
-5.3876e-06
-5.3762e-06
-5.36493e-06
-5.35378e-06
-5.34275e-06
-5.33185e-06
-5.32106e-06
-5.31041e-06
-5.29988e-06
-5.28947e-06
-5.27918e-06
-5.26903e-06
-5.25899e-06
-5.24908e-06
-5.2393e-06
-5.22964e-06
-5.22011e-06
-5.2107e-06
-5.20142e-06
-5.19227e-06
-5.18324e-06
-5.17433e-06
-5.16555e-06
-5.1569e-06
-5.14837e-06
-5.13997e-06
-5.1317e-06
-5.12355e-06
-5.11553e-06
-5.10763e-06
-5.09986e-06
-5.09221e-06
-5.08469e-06
-5.0773e-06
-5.07003e-06
-5.06289e-06
-5.05587e-06
-5.04898e-06
-5.04221e-06
-5.03557e-06
-5.02906e-06
-5.02266e-06
-5.0164e-06
-5.01026e-06
-5.00424e-06
-4.99836e-06
-4.9926e-06
-4.98698e-06
-4.98148e-06
-4.97612e-06
-4.97089e-06
-4.96579e-06
-4.96082e-06
-4.95598e-06
-4.95126e-06
-4.94668e-06
-4.94222e-06
-4.93788e-06
-4.93368e-06
-4.9296e-06
-4.92564e-06
-4.9218e-06
-4.91809e-06
-4.91451e-06
-4.91104e-06
-4.9077e-06
-4.90448e-06
-4.90138e-06
-4.8984e-06
-4.89554e-06
-4.8928e-06
-4.89017e-06
-4.88767e-06
-4.88527e-06
-4.88299e-06
-4.88082e-06
-4.87877e-06
-4.87682e-06
-4.87498e-06
-4.87325e-06
-4.87163e-06
-4.87013e-06
-4.86873e-06
-4.86745e-06
-4.86627e-06
-4.86521e-06
-4.86426e-06
-4.86342e-06
-4.8627e-06
-4.86208e-06
-4.86158e-06
-4.86119e-06
-4.86091e-06
-4.86074e-06
-4.86068e-06
-4.86074e-06
-4.8609e-06
-4.86118e-06
-4.86157e-06
-4.86207e-06
-4.86267e-06
-4.86339e-06
-4.86422e-06
-4.86516e-06
-4.8662e-06
-4.86736e-06
-4.86862e-06
-4.86999e-06
-4.87147e-06
-4.87306e-06
-4.87475e-06
-4.87656e-06
-4.87846e-06
-4.88048e-06
-4.8826e-06
-4.88482e-06
-4.88715e-06
-4.88959e-06
-4.89212e-06
-4.89477e-06
-4.89751e-06
-4.90036e-06
-4.90331e-06
-4.90637e-06
-4.90952e-06
-4.91278e-06
-4.91614e-06
-4.9196e-06
-4.92315e-06
-4.92681e-06
-4.93057e-06
-4.93443e-06
-4.93838e-06
-4.94244e-06
-4.94659e-06
-4.95084e-06
-4.95519e-06
-4.95963e-06
-4.96417e-06
-4.9688e-06
-4.97353e-06
-4.97836e-06
-4.98328e-06
-4.98829e-06
-4.9934e-06
-4.9986e-06
-5.00389e-06
-5.00927e-06
-5.01475e-06
-5.02032e-06
-5.02598e-06
-5.03173e-06
-5.03757e-06
-5.0435e-06
-5.04952e-06
-5.05563e-06
-5.06183e-06
-5.06811e-06
-5.07448e-06
-5.08094e-06
-5.08749e-06
-5.09413e-06
-5.10085e-06
-5.10768e-06
-5.11459e-06
-5.1216e-06
-5.12871e-06
-5.1359e-06
-5.1432e-06
-5.15058e-06
-5.15806e-06
-5.16562e-06
-5.17328e-06
-5.18103e-06
-5.18886e-06
-5.19678e-06
-5.20478e-06
-5.21287e-06
-5.22104e-06
-5.22929e-06
-5.23763e-06
-5.24604e-06
-5.25454e-06
-5.26311e-06
-5.27177e-06
-5.2805e-06
-5.28931e-06
-5.29819e-06
-5.30715e-06
-5.31619e-06
-5.3253e-06
-5.33448e-06
-5.34374e-06
-5.35307e-06
-5.36248e-06
-5.37194e-06
-5.38148e-06
-5.39107e-06
-5.40073e-06
-5.41045e-06
-5.42023e-06
-5.43007e-06
-5.43997e-06
-5.44993e-06
-5.45996e-06
-5.47004e-06
-5.48019e-06
-5.4904e-06
-5.50067e-06
-5.51101e-06
-5.52141e-06
-5.53187e-06
-5.54239e-06
-5.55298e-06
-5.56362e-06
-5.57433e-06
-5.58511e-06
-5.59594e-06
-5.60684e-06
-5.6178e-06
-5.62882e-06
-5.63991e-06
-5.65105e-06
-5.66226e-06
-5.67353e-06
-5.68486e-06
-5.69625e-06
-5.70769e-06
-5.7192e-06
-5.73077e-06
-5.7424e-06
-5.75408e-06
-5.76583e-06
-5.77763e-06
-5.78949e-06
-5.80141e-06
-5.81338e-06
-5.82541e-06
-5.8375e-06
-5.84964e-06
-5.86184e-06
-5.8741e-06
-5.88641e-06
-5.89877e-06
-5.91119e-06
-5.92366e-06
-5.93618e-06
-5.94876e-06
-5.96139e-06
-5.97407e-06
-5.9868e-06
-5.99959e-06
-6.01242e-06
-6.02531e-06
-6.03824e-06
-6.05123e-06
-6.06427e-06
-6.07735e-06
-6.09048e-06
-6.10366e-06
-6.11689e-06
-6.13017e-06
-6.14349e-06
-6.15686e-06
-6.17028e-06
-6.18374e-06
-6.19725e-06
-6.2108e-06
-6.2244e-06
-6.23804e-06
-6.25173e-06
-6.26546e-06
-6.27923e-06
-6.29305e-06
-6.30691e-06
-6.32081e-06
-6.33475e-06
-6.34874e-06
-6.36276e-06
-6.37683e-06
-6.39094e-06
-6.40508e-06
-6.41927e-06
-6.43349e-06
-6.44776e-06
-6.46206e-06
-6.4764e-06
-6.49078e-06
-6.50519e-06
-6.51964e-06
-6.53413e-06
-6.54866e-06
-6.56322e-06
-6.57781e-06
-6.59244e-06
-6.60711e-06
-6.62181e-06
-6.63654e-06
-6.65131e-06
-6.66612e-06
-6.68098e-06
-6.69587e-06
-6.71081e-06
-6.72579e-06
-6.74082e-06
-6.75588e-06
-6.77099e-06
-6.78614e-06
-6.80133e-06
-6.81656e-06
-6.83183e-06
-6.84713e-06
-6.86247e-06
-6.87784e-06
-6.89325e-06
-6.90869e-06
-6.92416e-06
-6.93966e-06
-6.95519e-06
-6.97075e-06
-6.98634e-06
-7.00196e-06
-7.0176e-06
-7.03327e-06
-7.04897e-06
-7.06469e-06
-7.08044e-06
-7.09621e-06
-7.11201e-06
-7.12783e-06
-7.14367e-06
-7.15953e-06
-7.17542e-06
-7.19133e-06
-7.20726e-06
-7.22321e-06
-7.23918e-06
-7.25517e-06
-7.27118e-06
-7.28721e-06
-7.30325e-06
-7.31932e-06
-7.33541e-06
-7.35151e-06
-7.36763e-06
-7.38377e-06
-7.39992e-06
-7.41609e-06
-7.43228e-06
-7.44849e-06
-7.4647e-06
-7.48094e-06
-7.49719e-06
-7.51345e-06
-7.52973e-06
-7.54602e-06
-7.56233e-06
-7.57865e-06
-7.59498e-06
-7.61133e-06
-7.62769e-06
-7.64406e-06
-7.66044e-06
-7.67683e-06
-7.69323e-06
-7.70964e-06
-7.72605e-06
-7.74246e-06
-7.75887e-06
-7.77529e-06
-7.7917e-06
-7.80812e-06
-7.82455e-06
-7.84097e-06
-7.8574e-06
-7.87383e-06
-7.89027e-06
-7.9067e-06
-7.92314e-06
-7.93959e-06
-7.95604e-06
-7.97249e-06
-7.98895e-06
-8.00542e-06
-8.02188e-06
-8.03836e-06
-8.05483e-06
-8.07131e-06
-8.0878e-06
-8.10429e-06
-8.12078e-06
-8.13728e-06
-8.15378e-06
-8.17029e-06
-8.1868e-06
-8.20331e-06
-8.21983e-06
-8.23635e-06
-8.25287e-06
-8.2694e-06
-8.28593e-06
-8.30246e-06
-8.31899e-06
-8.33553e-06
-8.35207e-06
-8.3686e-06
-8.38514e-06
-8.40168e-06
-8.41823e-06
-8.43477e-06
-8.45131e-06
-8.46785e-06
-8.48439e-06
-8.50094e-06
-8.51748e-06
-8.53402e-06
-8.55056e-06
-8.56709e-06
-8.58363e-06
-8.60016e-06
-8.61669e-06
-8.63322e-06
-8.64975e-06
-8.66627e-06
-8.6828e-06
-8.69931e-06
-8.71583e-06
-8.73234e-06
-8.74884e-06
-8.76534e-06
-8.78184e-06
-8.79833e-06
-8.81482e-06
-8.8313e-06
-8.84778e-06
-8.86425e-06
-8.88071e-06
-8.89717e-06
-8.91362e-06
-8.93007e-06
-8.94651e-06
-8.96294e-06
-8.97937e-06
-8.99578e-06
-9.01219e-06
-9.02859e-06
-9.04498e-06
-9.06137e-06
-9.07775e-06
-9.09411e-06
-9.11047e-06
-9.12682e-06
-9.14316e-06
-9.15949e-06
-9.17581e-06
-9.19212e-06
-9.20842e-06
-9.2247e-06
-9.24098e-06
-9.25725e-06
-9.27351e-06
-9.28975e-06
-9.30598e-06
-9.3222e-06
-9.33841e-06
-9.35461e-06
-9.3708e-06
-9.38697e-06
-9.40313e-06
-9.41927e-06
-9.43541e-06
-9.45153e-06
-9.46763e-06
-9.48373e-06
-9.49981e-06
-9.51587e-06
-9.53192e-06
-9.54796e-06
-9.56398e-06
-9.57999e-06
-9.59598e-06
-9.61196e-06
-9.62792e-06
-9.64387e-06
-9.6598e-06
-9.67571e-06
-9.69161e-06
-9.7075e-06
-9.72336e-06
-9.73921e-06
-9.75505e-06
-9.77086e-06
-9.78666e-06
-9.80244e-06
-9.81821e-06
-9.83396e-06
-9.84969e-06
-9.8654e-06
-9.8811e-06
-9.89677e-06
-9.91243e-06
-9.92807e-06
-9.94369e-06
-9.95929e-06
-9.97488e-06
-9.99044e-06
-1.0006e-05
-1.00215e-05
-1.0037e-05
-1.00525e-05
-1.0068e-05
-1.00834e-05
-1.00989e-05
-1.01143e-05
-1.01296e-05
-1.0145e-05
-1.01604e-05
-1.01757e-05
-1.0191e-05
-1.02063e-05
-1.02215e-05
-1.02368e-05
-1.0252e-05
-1.02672e-05
-1.02824e-05
-1.02976e-05
-1.03127e-05
-1.03278e-05
-1.0343e-05
-1.03581e-05
-1.03732e-05
-1.03882e-05
-1.04033e-05
-1.04183e-05
-1.04334e-05
-1.04484e-05
-1.04634e-05
-1.04784e-05
-1.04933e-05
-1.05082e-05
-1.05232e-05
-1.05381e-05
-1.05529e-05
-1.05678e-05
-1.05826e-05
-1.05974e-05
-1.06122e-05
-1.0627e-05
-1.06417e-05
-1.06564e-05
-1.06711e-05
-1.06858e-05
-1.07004e-05
-1.07151e-05
-1.07297e-05
-1.07442e-05
-1.07588e-05
-1.07733e-05
-1.07878e-05
-1.08023e-05
-1.08167e-05
-1.08311e-05
-1.08455e-05
-1.08599e-05
-1.08743e-05
-1.08886e-05
-1.09029e-05
-1.09171e-05
-1.09314e-05
-1.09456e-05
-1.09598e-05
-1.0974e-05
-1.09881e-05
-1.10022e-05
-1.10163e-05
-1.10303e-05
-1.10444e-05
-1.10584e-05
-1.10723e-05
-1.10863e-05
-1.11002e-05
-1.11141e-05
-1.1128e-05
-1.11418e-05
-1.11556e-05
-1.11694e-05
-1.11832e-05
-1.11969e-05
-1.12106e-05
-1.12243e-05
-1.12379e-05
-1.12516e-05
-1.12652e-05
-1.12787e-05
-1.12923e-05
-1.13058e-05
-1.13193e-05
-1.13327e-05
-1.13461e-05
-1.13595e-05
-1.13729e-05
-1.13863e-05
-1.13996e-05
-1.14129e-05
-1.14261e-05
-1.14394e-05
-1.14526e-05
-1.14657e-05
-1.14789e-05
-1.1492e-05
-1.15051e-05
-1.15181e-05
-1.15312e-05
-1.15442e-05
-1.15572e-05
-1.15701e-05
-1.1583e-05
-1.15959e-05
-1.16088e-05
-1.16216e-05
-1.16344e-05
-1.16472e-05
-1.16599e-05
-1.16727e-05
-1.16853e-05
-1.1698e-05
-1.17106e-05
-1.17232e-05
-1.17358e-05
-1.17484e-05
-1.17609e-05
-1.17734e-05
-1.17858e-05
-1.17983e-05
-1.18107e-05
-1.1823e-05
-1.18354e-05
-1.18477e-05
-1.186e-05
-1.18722e-05
-1.18845e-05
-1.18967e-05
-1.19088e-05
-1.1921e-05
-1.19331e-05
-1.19452e-05
-1.19572e-05
-1.19693e-05
-1.19813e-05
-1.19932e-05
-1.20052e-05
-1.20171e-05
-1.2029e-05
-1.20408e-05
-1.20526e-05
-1.20644e-05
-1.20762e-05
-1.20879e-05
-1.20996e-05
-1.21113e-05
-1.2123e-05
-1.21346e-05
-1.21462e-05
-1.21578e-05
-1.21693e-05
-1.21808e-05
-1.21923e-05
-1.22037e-05
-1.22151e-05
-1.22265e-05
-1.22379e-05
-1.22492e-05
-1.22605e-05
-1.22718e-05
-1.2283e-05
-1.22943e-05
-1.23055e-05
-1.23166e-05
-1.23277e-05
-1.23388e-05
-1.23499e-05
-1.2361e-05
-1.2372e-05
-1.2383e-05
-1.23939e-05
-1.24049e-05
-1.24158e-05
-1.24266e-05
-1.24375e-05
-1.24483e-05
-1.24591e-05
-1.24698e-05
-1.24806e-05
-1.24913e-05
-1.2502e-05
-1.25126e-05
-1.25232e-05
-1.25338e-05
-1.25444e-05
-1.25549e-05
-1.25654e-05
-1.25759e-05
-1.25863e-05
-1.25967e-05
-1.26071e-05
-1.26175e-05
-1.26278e-05
-1.26381e-05
-1.26484e-05
-1.26587e-05
-1.26689e-05
-1.26791e-05
-1.26892e-05
-1.26994e-05
-1.27095e-05
-1.27196e-05
-1.27296e-05
-1.27397e-05
-1.27497e-05
-1.27596e-05
-1.27696e-05
-1.27795e-05
-1.27894e-05
-1.27992e-05
-1.28091e-05
-1.28189e-05
-1.28287e-05
-1.28384e-05
-1.28481e-05
-1.28578e-05
-1.28675e-05
-1.28772e-05
-1.28868e-05
-1.28964e-05
-1.29059e-05
-1.29155e-05
-1.2925e-05
-1.29344e-05
-1.29439e-05
-1.29533e-05
-1.29627e-05
-1.29721e-05
-1.29814e-05
-1.29907e-05
-1.3e-05
-1.30093e-05
-1.30185e-05
-1.30278e-05
-1.30369e-05
-1.30461e-05
-1.30552e-05
-1.30643e-05
-1.30734e-05
-1.30825e-05
-1.30915e-05
-1.31005e-05
-1.31095e-05
-1.31184e-05
-1.31273e-05
-1.31362e-05
-1.31451e-05
-1.31539e-05
-1.31628e-05
-1.31715e-05
-1.31803e-05
-1.3189e-05
-1.31978e-05
-1.32065e-05
-1.32151e-05
-1.32237e-05
-1.32324e-05
-1.32409e-05
-1.32495e-05
-1.3258e-05
-1.32665e-05
-1.3275e-05
-1.32835e-05
-1.32919e-05
-1.33003e-05
-1.33087e-05
-1.33171e-05
-1.33254e-05
-1.33337e-05
-1.3342e-05
-1.33502e-05
-1.33585e-05
-1.33667e-05
-1.33749e-05
-1.3383e-05
-1.33912e-05
-1.33993e-05
-1.34073e-05
-1.34154e-05
-1.34234e-05
-1.34315e-05
-1.34394e-05
-1.34474e-05
-1.34553e-05
-1.34633e-05
-1.34711e-05
-1.3479e-05
-1.34868e-05
-1.34947e-05
-1.35025e-05
-1.35102e-05
-1.3518e-05
-1.35257e-05
-1.35334e-05
-1.35411e-05
-1.35487e-05
-1.35563e-05
-1.35639e-05
-1.35715e-05
-1.35791e-05
-1.35866e-05
-1.35941e-05
-1.36016e-05
-1.36091e-05
-1.36165e-05
-1.36239e-05
-1.36313e-05
-1.36387e-05
-1.3646e-05
-1.36534e-05
-1.36607e-05
-1.36679e-05
-1.36752e-05
-1.36824e-05
-1.36896e-05
-1.36968e-05
-1.3704e-05
-1.37111e-05
-1.37182e-05
-1.37253e-05
-1.37324e-05
-1.37395e-05
-1.37465e-05
-1.37535e-05
-1.37605e-05
-1.37675e-05
-1.37744e-05
-1.37813e-05
-1.37882e-05
-1.37951e-05
-1.3802e-05
-1.38088e-05
-1.38156e-05
-1.38224e-05
-1.38292e-05
-1.38359e-05
-1.38426e-05
-1.38493e-05
-1.3856e-05
-1.38627e-05
-1.38693e-05
-1.38759e-05
-1.38825e-05
-1.38891e-05
-1.38957e-05
-1.39022e-05
-1.39087e-05
-1.39152e-05
-1.39217e-05
-1.39281e-05
-1.39346e-05
-1.3941e-05
-1.39473e-05
-1.39537e-05
-1.39601e-05
-1.39664e-05
-1.39727e-05
-1.3979e-05
-1.39853e-05
-1.39915e-05
-1.39977e-05
-1.40039e-05
-1.40101e-05
-1.40163e-05
-1.40224e-05
-1.40285e-05
-1.40347e-05
-1.40407e-05
-1.40468e-05
-1.40529e-05
-1.40589e-05
-1.40649e-05
-1.40709e-05
-1.40768e-05
-1.40828e-05
-1.40887e-05
-1.40946e-05
-1.41005e-05
-1.41064e-05
-1.41122e-05
-1.41181e-05
-1.41239e-05
-1.41297e-05
-1.41355e-05
-1.41412e-05
-1.41469e-05
-1.41527e-05
-1.41584e-05
-1.41641e-05
-1.41697e-05
-1.41754e-05
-1.4181e-05
-1.41866e-05
-1.41922e-05
-1.41977e-05
-1.42033e-05
-1.42088e-05
-1.42144e-05
-1.42198e-05
-1.42253e-05
-1.42308e-05
-1.42362e-05
-1.42417e-05
-1.42471e-05
-1.42525e-05
-1.42578e-05
-1.42632e-05
-1.42685e-05
-1.42738e-05
-1.42791e-05
-1.42844e-05
-1.42897e-05
-1.42949e-05
-1.43002e-05
-1.43054e-05
-1.43106e-05
-1.43157e-05
-1.43209e-05
-1.43261e-05
-1.43312e-05
-1.43363e-05
-1.43414e-05
-1.43465e-05
-1.43515e-05
-1.43566e-05
-1.43616e-05
-1.43666e-05
-1.43716e-05
-1.43766e-05
-1.43815e-05
-1.43865e-05
-1.43914e-05
-1.43963e-05
-1.44012e-05
-1.44061e-05
-1.44109e-05
-1.44158e-05
-1.44206e-05
-1.44254e-05
-1.44302e-05
-1.4435e-05
-1.44397e-05
-1.44445e-05
-1.44492e-05
-1.44539e-05
-1.44586e-05
-1.44633e-05
-1.4468e-05
-1.44726e-05
-1.44773e-05
-1.44819e-05
-1.44865e-05
-1.44911e-05
-1.44957e-05
-1.45002e-05
-1.45048e-05
-1.45093e-05
-1.45138e-05
-1.45183e-05
-1.45228e-05
-1.45273e-05
-1.45317e-05
-1.45361e-05
-1.45406e-05
-1.4545e-05
-1.45494e-05
-1.45537e-05
-1.45581e-05
-1.45625e-05
-1.45668e-05
-1.45711e-05
-1.45754e-05
-1.45797e-05
-1.4584e-05
-1.45882e-05
-1.45925e-05
-1.45967e-05
-1.46009e-05
-1.46051e-05
-1.46093e-05
-1.46135e-05
-1.46177e-05
-1.46218e-05
-1.46259e-05
-1.463e-05
-1.46341e-05
-1.46382e-05
-1.46423e-05
-1.46464e-05
-1.46504e-05
-1.46545e-05
-1.46585e-05
-1.46625e-05
-1.46665e-05
-1.46705e-05
-1.46744e-05
-1.46784e-05
-1.46823e-05
-1.46862e-05
-1.46902e-05
-1.46941e-05
-1.46979e-05
-1.47018e-05
-1.47057e-05
-1.47095e-05
-1.47134e-05
-1.47172e-05
-1.4721e-05
-1.47248e-05
-1.47286e-05
-1.47323e-05
-1.47361e-05
-1.47398e-05
-1.47435e-05
-1.47473e-05
-1.4751e-05
-1.47547e-05
-1.47583e-05
-1.4762e-05
-1.47657e-05
-1.47693e-05
-1.47729e-05
-1.47765e-05
-1.47801e-05
-1.47837e-05
-1.47873e-05
-1.47909e-05
-1.47944e-05
-1.4798e-05
-1.48015e-05
-1.4805e-05
-1.48085e-05
-1.4812e-05
-1.48155e-05
-1.4819e-05
-1.48224e-05
-1.48259e-05
-1.48293e-05
-1.48327e-05
-1.48361e-05
-1.48395e-05
-1.48429e-05
-1.48463e-05
-1.48497e-05
-1.4853e-05
-1.48564e-05
-1.48597e-05
-1.4863e-05
-1.48663e-05
-1.48696e-05
-1.48729e-05
-1.48762e-05
-1.48794e-05
-1.48827e-05
-1.48859e-05
-1.48891e-05
-1.48924e-05
-1.48956e-05
-1.48988e-05
-1.49019e-05
-1.49051e-05
-1.49083e-05
-1.49114e-05
-1.49146e-05
-1.49177e-05
-1.49208e-05
-1.49239e-05
-1.4927e-05
-1.49301e-05
-1.49332e-05
-1.49362e-05
-1.49393e-05
-1.49423e-05
-1.49454e-05
-1.49484e-05
-1.49514e-05
-1.49544e-05
-1.49574e-05
-1.49604e-05
-1.49633e-05
-1.49663e-05
-1.49693e-05
-1.49722e-05
-1.49751e-05
-1.4978e-05
-1.4981e-05
-1.49839e-05
-1.49867e-05
-1.49896e-05
-1.49925e-05
-1.49953e-05
-1.49982e-05
-1.5001e-05
-1.50039e-05
-1.50067e-05
-1.50095e-05
-1.50123e-05
-1.50151e-05
-1.50179e-05
-1.50206e-05
-1.50234e-05
-1.50262e-05
-1.50289e-05
-1.50316e-05
-1.50344e-05
-1.50371e-05
-1.50398e-05
-1.50425e-05
-1.50452e-05
-1.50478e-05
-1.50505e-05
-1.50532e-05
-1.50558e-05
-1.50584e-05
-1.50611e-05
-1.50637e-05
-1.50663e-05
-1.50689e-05
-1.50715e-05
-1.50741e-05
-1.50767e-05
-1.50792e-05
-1.50818e-05
-1.50843e-05
-1.50869e-05
-1.50894e-05
-1.50919e-05
-1.50945e-05
-1.5097e-05
-1.50995e-05
-1.51019e-05
-1.51044e-05
-1.51069e-05
-1.51094e-05
-1.51118e-05
-1.51143e-05
-1.51167e-05
-1.51191e-05
-1.51215e-05
-1.5124e-05
-1.51264e-05
-1.51288e-05
-1.51311e-05
-1.51335e-05
-1.51359e-05
-1.51382e-05
-1.51406e-05
-1.51429e-05
-1.51453e-05
-1.51476e-05
-1.51499e-05
-1.51522e-05
-1.51546e-05
-1.51568e-05
-1.51591e-05
-1.51614e-05
-1.51637e-05
-1.5166e-05
-1.51682e-05
-1.51705e-05
-1.51727e-05
-1.51749e-05
-1.51772e-05
-1.51794e-05
-1.51816e-05
-1.51838e-05
-1.5186e-05
-1.51882e-05
-1.51904e-05
-1.51925e-05
-1.51947e-05
-1.51968e-05
-1.5199e-05
-1.52011e-05
-1.52033e-05
-1.52054e-05
-1.52075e-05
-1.52096e-05
-1.52117e-05
-1.52138e-05
-1.52159e-05
-1.5218e-05
-1.52201e-05
-1.52222e-05
-1.52242e-05
-1.52263e-05
-1.52283e-05
-1.52304e-05
-1.52324e-05
-1.52344e-05
-1.52364e-05
-1.52384e-05
-1.52405e-05
-1.52424e-05
-1.52444e-05
-1.52464e-05
-1.52484e-05
-1.52504e-05
-1.52523e-05
-1.52543e-05
-1.52562e-05
-1.52582e-05
-1.52601e-05
-1.5262e-05
-1.5264e-05
-1.52659e-05
-1.52678e-05
-1.52697e-05
-1.52716e-05
-1.52735e-05
-1.52754e-05
-1.52772e-05
-1.52791e-05
-1.5281e-05
-1.52828e-05
-1.52847e-05
-1.52865e-05
-1.52884e-05
-1.52902e-05
-1.5292e-05
-1.52938e-05
-1.52956e-05
-1.52975e-05
-1.52993e-05
-1.5301e-05
-1.53028e-05
-1.53046e-05
-1.53064e-05
-1.53082e-05
-1.53099e-05
-1.53117e-05
-1.53134e-05
-1.53152e-05
-1.53169e-05
-1.53186e-05
-1.53204e-05
-1.53221e-05
-1.53238e-05
-1.53255e-05
-1.53272e-05
-1.53289e-05
-1.53306e-05
-1.53323e-05
-1.53339e-05
-1.53356e-05
-1.53373e-05
-1.53389e-05
-1.53406e-05
-1.53423e-05
-1.53439e-05
-1.53455e-05
-1.53472e-05
-1.53488e-05
-1.53504e-05
-1.5352e-05
-1.53536e-05
-1.53552e-05
-1.53568e-05
-1.53584e-05
-1.536e-05
-1.53616e-05
-1.53632e-05
-3.63359e-05
-6.05476e-05
-8.14399e-05
-9.76833e-05
-0.000109608
-0.000117948
-0.000123449
-0.000126755
-0.000128394
-0.000128791
-0.000128284
-0.00012714
-0.000125568
-0.000123732
-0.000121762
-0.000119757
-0.000117793
-0.000115928
-0.000114209
-0.00011267
-0.000111336
-0.000110227
-0.00010936
-0.000108751
-0.000108412
-0.000108356
-0.000108598
-0.000109158
-0.00011006
-0.00011133
-0.000113005
-0.000115135
-0.000117779
-0.000121018
-0.000124959
-0.000129742
-0.000135562
-0.00014269
-0.000151512
-0.00016261
-0.000176899
-0.000195897
-0.000222349
-0.000261711
-0.000326226
-0.000446172
-0.000686925
-0.0010736
-0.00133316
-0.00139274
-0.00134782
-0.00125151
-0.00112519
-0.000974964
-0.000803416
-0.000618373
-0.000436667
-0.000278982
-0.000158842
-7.67526e-05
-2.42968e-05
8.52785e-06
2.92299e-05
4.23299e-05
5.02776e-05
5.43775e-05
5.53671e-05
5.37155e-05
4.97649e-05
4.37961e-05
3.60595e-05
2.67872e-05
1.62002e-05
4.50832e-06
-8.08921e-06
-2.14051e-05
-3.52661e-05
-4.95135e-05
-6.40042e-05
-7.8611e-05
-9.32224e-05
-0.000107742
-0.000122089
-0.000136196
-0.000150009
-0.000163486
-0.000176596
-0.000189317
-0.000201636
-0.000213545
-0.000225046
-0.000236145
-0.000246851
-0.000257184
-0.00026716
-0.000276803
-0.000286139
-0.000295196
-0.000304009
-0.00031261
-0.000321038
-0.000329335
-0.000337547
-0.000345724
-0.000353918
-0.000362195
-0.000370614
-0.000379256
-0.000388194
-0.000397517
-0.000407316
-0.000417689
-0.00042874
-0.000440577
-0.000453301
-0.000467013
-0.000481789
-0.000497679
-0.000514679
-0.000532701
-0.000551542
-0.000570833
-0.000590001
-0.000608245
-0.000624545
-0.000637718
-0.000646563
-0.000650075
-0.000647639
-0.000639161
-0.000625031
-0.000605971
-0.000582583
-0.000555492
-0.000525219
-0.000492175
-0.000456697
-0.00041911
-0.000379783
-0.000339189
-0.000297963
-0.000256922
-0.000217047
-0.000179411
-0.000145054
-0.000114818
-8.92031e-05
-6.83047e-05
-5.18364e-05
-3.92403e-05
-2.98363e-05
-2.29386e-05
-1.79346e-05
-1.43206e-05
-1.17074e-05
-9.80599e-06
-8.40861e-06
-7.36866e-06
-6.58407e-06
-5.98414e-06
-5.5198e-06
-5.15683e-06
-4.87106e-06
-4.64521e-06
-4.46668e-06
-4.3261e-06
-4.21638e-06
-4.13204e-06
-4.06878e-06
-4.02315e-06
-3.99237e-06
-3.97414e-06
-3.96658e-06
-3.96812e-06
-3.97742e-06
-3.99336e-06
-4.01501e-06
-4.04156e-06
-4.07233e-06
-4.10671e-06
-4.14423e-06
-4.18444e-06
-4.22697e-06
-4.27152e-06
-4.31779e-06
-4.36556e-06
-4.41463e-06
-4.4648e-06
-4.51593e-06
-4.56789e-06
-4.62055e-06
-4.67382e-06
-4.72759e-06
-4.7818e-06
-4.83637e-06
-4.89125e-06
-4.94636e-06
-5.00167e-06
-5.05713e-06
-5.11269e-06
-5.16833e-06
-5.22401e-06
-5.27969e-06
-5.33535e-06
-5.39097e-06
-5.44651e-06
-5.50195e-06
-5.55728e-06
-5.61248e-06
-5.66751e-06
-5.72237e-06
-5.77704e-06
-5.83151e-06
-5.88575e-06
-5.93974e-06
-5.99349e-06
-6.04696e-06
-6.10016e-06
-6.15305e-06
-6.20564e-06
-6.25791e-06
-6.30985e-06
-6.36144e-06
-6.41268e-06
-6.46355e-06
-6.51404e-06
-6.56414e-06
-6.61385e-06
-6.66314e-06
-6.71203e-06
-6.76048e-06
-6.8085e-06
-6.85608e-06
-6.9032e-06
-6.94987e-06
-6.99607e-06
-7.04179e-06
-7.08703e-06
-7.13179e-06
-7.17605e-06
-7.2198e-06
-7.26305e-06
-7.30579e-06
-7.34801e-06
-7.3897e-06
-7.43086e-06
-7.47149e-06
-7.51159e-06
-7.55114e-06
-7.59014e-06
-7.62859e-06
-7.66649e-06
-7.70383e-06
-7.74061e-06
-7.77683e-06
-7.81249e-06
-7.84757e-06
-7.88209e-06
-7.91603e-06
-7.9494e-06
-7.98219e-06
-8.01441e-06
-8.04605e-06
-8.07711e-06
-8.1076e-06
-8.1375e-06
-8.16682e-06
-8.19556e-06
-8.22372e-06
-8.2513e-06
-8.2783e-06
-8.30473e-06
-8.33057e-06
-8.35583e-06
-8.38052e-06
-8.40463e-06
-8.42817e-06
-8.45113e-06
-8.47353e-06
-8.49535e-06
-8.5166e-06
-8.53729e-06
-8.55741e-06
-8.57698e-06
-8.59598e-06
-8.61442e-06
-8.63231e-06
-8.64965e-06
-8.66644e-06
-8.68268e-06
-8.69837e-06
-8.71353e-06
-8.72815e-06
-8.74223e-06
-8.75578e-06
-8.76881e-06
-8.78131e-06
-8.79328e-06
-8.80474e-06
-8.81569e-06
-8.82613e-06
-8.83606e-06
-8.84548e-06
-8.85441e-06
-8.86285e-06
-8.87079e-06
-8.87825e-06
-8.88523e-06
-8.89173e-06
-8.89775e-06
-8.90331e-06
-8.9084e-06
-8.91303e-06
-8.91721e-06
-8.92093e-06
-8.9242e-06
-8.92703e-06
-8.92942e-06
-8.93137e-06
-8.9329e-06
-8.93399e-06
-8.93467e-06
-8.93492e-06
-8.93477e-06
-8.9342e-06
-8.93324e-06
-8.93187e-06
-8.93011e-06
-8.92796e-06
-8.92542e-06
-8.9225e-06
-8.91921e-06
-8.91554e-06
-8.91151e-06
-8.90712e-06
-8.90237e-06
-8.89726e-06
-8.89181e-06
-8.88601e-06
-8.87988e-06
-8.87341e-06
-8.86661e-06
-8.85948e-06
-8.85204e-06
-8.84428e-06
-8.83621e-06
-8.82783e-06
-8.81915e-06
-8.81017e-06
-8.8009e-06
-8.79134e-06
-8.7815e-06
-8.77137e-06
-8.76098e-06
-8.75031e-06
-8.73938e-06
-8.72818e-06
-8.71673e-06
-8.70503e-06
-8.69308e-06
-8.68088e-06
-8.66845e-06
-8.65578e-06
-8.64288e-06
-8.62976e-06
-8.61641e-06
-8.60285e-06
-8.58907e-06
-8.57508e-06
-8.56088e-06
-8.54649e-06
-8.53189e-06
-8.5171e-06
-8.50212e-06
-8.48696e-06
-8.47161e-06
-8.45609e-06
-8.4404e-06
-8.42453e-06
-8.40851e-06
-8.39232e-06
-8.37597e-06
-8.35948e-06
-8.34283e-06
-8.32604e-06
-8.30911e-06
-8.29204e-06
-8.27484e-06
-8.25752e-06
-8.24006e-06
-8.22249e-06
-8.20479e-06
-8.18698e-06
-8.16907e-06
-8.15104e-06
-8.13291e-06
-8.11468e-06
-8.09636e-06
-8.07794e-06
-8.05943e-06
-8.04084e-06
-8.02216e-06
-8.0034e-06
-7.98457e-06
-7.96566e-06
-7.94668e-06
-7.92764e-06
-7.90853e-06
-7.88937e-06
-7.87014e-06
-7.85086e-06
-7.83153e-06
-7.81215e-06
-7.79273e-06
-7.77327e-06
-7.75376e-06
-7.73422e-06
-7.71465e-06
-7.69504e-06
-7.67541e-06
-7.65575e-06
-7.63607e-06
-7.61637e-06
-7.59665e-06
-7.57692e-06
-7.55717e-06
-7.53742e-06
-7.51766e-06
-7.4979e-06
-7.47813e-06
-7.45837e-06
-7.43861e-06
-7.41885e-06
-7.3991e-06
-7.37937e-06
-7.35964e-06
-7.33993e-06
-7.32024e-06
-7.30057e-06
-7.28092e-06
-7.26129e-06
-7.24169e-06
-7.22211e-06
-7.20257e-06
-7.18306e-06
-7.16358e-06
-7.14414e-06
-7.12475e-06
-7.10539e-06
-7.08608e-06
-7.06682e-06
-7.04761e-06
-7.02845e-06
-7.00935e-06
-6.99029e-06
-6.9713e-06
-6.95236e-06
-6.93348e-06
-6.91466e-06
-6.8959e-06
-6.8772e-06
-6.85857e-06
-6.84001e-06
-6.82151e-06
-6.80308e-06
-6.78472e-06
-6.76643e-06
-6.74822e-06
-6.73008e-06
-6.71201e-06
-6.69402e-06
-6.67611e-06
-6.65827e-06
-6.64052e-06
-6.62285e-06
-6.60526e-06
-6.58776e-06
-6.57034e-06
-6.55301e-06
-6.53576e-06
-6.51861e-06
-6.50154e-06
-6.48456e-06
-6.46768e-06
-6.45089e-06
-6.43419e-06
-6.41758e-06
-6.40106e-06
-6.38464e-06
-6.36831e-06
-6.35207e-06
-6.33593e-06
-6.31989e-06
-6.30394e-06
-6.2881e-06
-6.27235e-06
-6.25671e-06
-6.24117e-06
-6.22573e-06
-6.2104e-06
-6.19518e-06
-6.18006e-06
-6.16505e-06
-6.15015e-06
-6.13536e-06
-6.12068e-06
-6.10611e-06
-6.09166e-06
-6.07731e-06
-6.06308e-06
-6.04897e-06
-6.03496e-06
-6.02108e-06
-6.00731e-06
-5.99365e-06
-5.98012e-06
-5.9667e-06
-5.9534e-06
-5.94021e-06
-5.92715e-06
-5.91421e-06
-5.90138e-06
-5.88868e-06
-5.87609e-06
-5.86363e-06
-5.85129e-06
-5.83906e-06
-5.82697e-06
-5.81499e-06
-5.80314e-06
-5.7914e-06
-5.77979e-06
-5.76831e-06
-5.75695e-06
-5.74571e-06
-5.73459e-06
-5.7236e-06
-5.71274e-06
-5.702e-06
-5.69138e-06
-5.68089e-06
-5.67052e-06
-5.66028e-06
-5.65016e-06
-5.64017e-06
-5.6303e-06
-5.62056e-06
-5.61094e-06
-5.60145e-06
-5.59209e-06
-5.58285e-06
-5.57373e-06
-5.56474e-06
-5.55588e-06
-5.54714e-06
-5.53853e-06
-5.53005e-06
-5.52169e-06
-5.51345e-06
-5.50534e-06
-5.49736e-06
-5.4895e-06
-5.48177e-06
-5.47416e-06
-5.46668e-06
-5.45933e-06
-5.45211e-06
-5.44502e-06
-5.43806e-06
-5.43124e-06
-5.42454e-06
-5.41798e-06
-5.41155e-06
-5.40525e-06
-5.39908e-06
-5.39303e-06
-5.38712e-06
-5.38133e-06
-5.37567e-06
-5.37014e-06
-5.36473e-06
-5.35945e-06
-5.35429e-06
-5.34926e-06
-5.34435e-06
-5.33956e-06
-5.3349e-06
-5.33036e-06
-5.32594e-06
-5.32164e-06
-5.31747e-06
-5.31342e-06
-5.30948e-06
-5.30567e-06
-5.30198e-06
-5.2984e-06
-5.29493e-06
-5.29158e-06
-5.28834e-06
-5.28521e-06
-5.28219e-06
-5.27928e-06
-5.27649e-06
-5.2738e-06
-5.27123e-06
-5.26877e-06
-5.26642e-06
-5.26419e-06
-5.26207e-06
-5.26006e-06
-5.25817e-06
-5.25638e-06
-5.25472e-06
-5.25316e-06
-5.25172e-06
-5.25039e-06
-5.24917e-06
-5.24807e-06
-5.24708e-06
-5.2462e-06
-5.24543e-06
-5.24478e-06
-5.24424e-06
-5.24381e-06
-5.24349e-06
-5.24328e-06
-5.24318e-06
-5.24319e-06
-5.24332e-06
-5.24355e-06
-5.24389e-06
-5.24434e-06
-5.2449e-06
-5.24557e-06
-5.24635e-06
-5.24724e-06
-5.24823e-06
-5.24933e-06
-5.25053e-06
-5.25185e-06
-5.25326e-06
-5.25479e-06
-5.25642e-06
-5.25815e-06
-5.25999e-06
-5.26193e-06
-5.26398e-06
-5.26613e-06
-5.26838e-06
-5.27073e-06
-5.27319e-06
-5.27575e-06
-5.2784e-06
-5.28116e-06
-5.28402e-06
-5.28698e-06
-5.29004e-06
-5.2932e-06
-5.29646e-06
-5.29981e-06
-5.30327e-06
-5.30682e-06
-5.31046e-06
-5.31421e-06
-5.31805e-06
-5.32199e-06
-5.32602e-06
-5.33014e-06
-5.33436e-06
-5.33868e-06
-5.34309e-06
-5.34759e-06
-5.35219e-06
-5.35687e-06
-5.36165e-06
-5.36652e-06
-5.37148e-06
-5.37654e-06
-5.38168e-06
-5.38691e-06
-5.39223e-06
-5.39764e-06
-5.40315e-06
-5.40876e-06
-5.41446e-06
-5.42026e-06
-5.42615e-06
-5.43214e-06
-5.43823e-06
-5.44441e-06
-5.45069e-06
-5.45706e-06
-5.46352e-06
-5.47007e-06
-5.47672e-06
-5.48345e-06
-5.49027e-06
-5.49717e-06
-5.50416e-06
-5.51124e-06
-5.5184e-06
-5.52564e-06
-5.53297e-06
-5.54037e-06
-5.54786e-06
-5.55543e-06
-5.56308e-06
-5.57081e-06
-5.57861e-06
-5.58649e-06
-5.59445e-06
-5.60249e-06
-5.61061e-06
-5.61879e-06
-5.62706e-06
-5.6354e-06
-5.6438e-06
-5.65228e-06
-5.66082e-06
-5.66942e-06
-5.67809e-06
-5.68682e-06
-5.69561e-06
-5.70447e-06
-5.71339e-06
-5.72237e-06
-5.73142e-06
-5.74053e-06
-5.7497e-06
-5.75893e-06
-5.76823e-06
-5.7776e-06
-5.78703e-06
-5.79652e-06
-5.80608e-06
-5.8157e-06
-5.82538e-06
-5.83513e-06
-5.84495e-06
-5.85483e-06
-5.86477e-06
-5.87477e-06
-5.88484e-06
-5.89497e-06
-5.90517e-06
-5.91543e-06
-5.92575e-06
-5.93613e-06
-5.94657e-06
-5.95708e-06
-5.96764e-06
-5.97827e-06
-5.98896e-06
-5.99971e-06
-6.01051e-06
-6.02138e-06
-6.03231e-06
-6.04329e-06
-6.05433e-06
-6.06544e-06
-6.07659e-06
-6.08781e-06
-6.09908e-06
-6.11041e-06
-6.1218e-06
-6.13324e-06
-6.14474e-06
-6.15629e-06
-6.16789e-06
-6.17955e-06
-6.19127e-06
-6.20303e-06
-6.21485e-06
-6.22672e-06
-6.23865e-06
-6.25063e-06
-6.26265e-06
-6.27473e-06
-6.28686e-06
-6.29904e-06
-6.31127e-06
-6.32355e-06
-6.33588e-06
-6.34825e-06
-6.36068e-06
-6.37315e-06
-6.38567e-06
-6.39824e-06
-6.41085e-06
-6.42351e-06
-6.43622e-06
-6.44897e-06
-6.46177e-06
-6.47461e-06
-6.4875e-06
-6.50043e-06
-6.5134e-06
-6.52642e-06
-6.53948e-06
-6.55258e-06
-6.56572e-06
-6.57891e-06
-6.59214e-06
-6.60541e-06
-6.61872e-06
-6.63207e-06
-6.64546e-06
-6.65889e-06
-6.67235e-06
-6.68586e-06
-6.69941e-06
-6.71299e-06
-6.72661e-06
-6.74027e-06
-6.75396e-06
-6.7677e-06
-6.78146e-06
-6.79527e-06
-6.80911e-06
-6.82299e-06
-6.83691e-06
-6.85088e-06
-6.86489e-06
-6.87894e-06
-6.89305e-06
-6.90719e-06
-6.92138e-06
-6.93561e-06
-6.94989e-06
-6.9642e-06
-6.97856e-06
-6.99295e-06
-7.00738e-06
-7.02185e-06
-7.03635e-06
-7.05088e-06
-7.06545e-06
-7.08006e-06
-7.09469e-06
-7.10936e-06
-7.12405e-06
-7.13878e-06
-7.15353e-06
-7.16832e-06
-7.18313e-06
-7.19797e-06
-7.21283e-06
-7.22772e-06
-7.24264e-06
-7.25758e-06
-7.27255e-06
-7.28754e-06
-7.30255e-06
-7.31759e-06
-7.33265e-06
-7.34773e-06
-7.36283e-06
-7.37796e-06
-7.39311e-06
-7.40828e-06
-7.42347e-06
-7.43868e-06
-7.45391e-06
-7.46915e-06
-7.48442e-06
-7.49971e-06
-7.51501e-06
-7.53034e-06
-7.54568e-06
-7.56104e-06
-7.57642e-06
-7.59181e-06
-7.60722e-06
-7.62264e-06
-7.63809e-06
-7.65354e-06
-7.66902e-06
-7.68451e-06
-7.70001e-06
-7.71553e-06
-7.73106e-06
-7.7466e-06
-7.76216e-06
-7.77773e-06
-7.79332e-06
-7.80891e-06
-7.82452e-06
-7.84013e-06
-7.85575e-06
-7.87137e-06
-7.887e-06
-7.90263e-06
-7.91826e-06
-7.93389e-06
-7.94953e-06
-7.96517e-06
-7.98082e-06
-7.99647e-06
-8.01212e-06
-8.02778e-06
-8.04344e-06
-8.05911e-06
-8.07478e-06
-8.09045e-06
-8.10614e-06
-8.12182e-06
-8.13752e-06
-8.15322e-06
-8.16892e-06
-8.18463e-06
-8.20034e-06
-8.21606e-06
-8.23179e-06
-8.24752e-06
-8.26325e-06
-8.27899e-06
-8.29474e-06
-8.31049e-06
-8.32624e-06
-8.342e-06
-8.35776e-06
-8.37353e-06
-8.3893e-06
-8.40507e-06
-8.42084e-06
-8.43662e-06
-8.4524e-06
-8.46819e-06
-8.48397e-06
-8.49976e-06
-8.51555e-06
-8.53134e-06
-8.54713e-06
-8.56293e-06
-8.57872e-06
-8.59452e-06
-8.61031e-06
-8.62611e-06
-8.6419e-06
-8.65769e-06
-8.67349e-06
-8.68928e-06
-8.70507e-06
-8.72086e-06
-8.73665e-06
-8.75244e-06
-8.76822e-06
-8.78401e-06
-8.79979e-06
-8.81556e-06
-8.83134e-06
-8.84711e-06
-8.86288e-06
-8.87864e-06
-8.8944e-06
-8.91015e-06
-8.9259e-06
-8.94165e-06
-8.95739e-06
-8.97313e-06
-8.98886e-06
-9.00458e-06
-9.0203e-06
-9.03601e-06
-9.05172e-06
-9.06742e-06
-9.08312e-06
-9.0988e-06
-9.11448e-06
-9.13015e-06
-9.14582e-06
-9.16148e-06
-9.17713e-06
-9.19277e-06
-9.2084e-06
-9.22402e-06
-9.23964e-06
-9.25524e-06
-9.27084e-06
-9.28643e-06
-9.302e-06
-9.31757e-06
-9.33313e-06
-9.34868e-06
-9.36421e-06
-9.37974e-06
-9.39526e-06
-9.41076e-06
-9.42625e-06
-9.44173e-06
-9.4572e-06
-9.47266e-06
-9.48811e-06
-9.50354e-06
-9.51897e-06
-9.53437e-06
-9.54977e-06
-9.56515e-06
-9.58053e-06
-9.59588e-06
-9.61123e-06
-9.62656e-06
-9.64187e-06
-9.65718e-06
-9.67246e-06
-9.68774e-06
-9.703e-06
-9.71824e-06
-9.73347e-06
-9.74869e-06
-9.76389e-06
-9.77907e-06
-9.79424e-06
-9.80939e-06
-9.82453e-06
-9.83965e-06
-9.85476e-06
-9.86985e-06
-9.88492e-06
-9.89997e-06
-9.91501e-06
-9.93003e-06
-9.94504e-06
-9.96003e-06
-9.975e-06
-9.98995e-06
-1.00049e-05
-1.00198e-05
-1.00347e-05
-1.00496e-05
-1.00644e-05
-1.00793e-05
-1.00941e-05
-1.01089e-05
-1.01237e-05
-1.01385e-05
-1.01532e-05
-1.0168e-05
-1.01827e-05
-1.01974e-05
-1.02121e-05
-1.02267e-05
-1.02413e-05
-1.0256e-05
-1.02705e-05
-1.02851e-05
-1.02997e-05
-1.03142e-05
-1.03287e-05
-1.03432e-05
-1.03577e-05
-1.03722e-05
-1.03866e-05
-1.04011e-05
-1.04155e-05
-1.04299e-05
-1.04443e-05
-1.04587e-05
-1.0473e-05
-1.04874e-05
-1.05017e-05
-1.0516e-05
-1.05303e-05
-1.05446e-05
-1.05588e-05
-1.05731e-05
-1.05873e-05
-1.06015e-05
-1.06157e-05
-1.06298e-05
-1.0644e-05
-1.06581e-05
-1.06722e-05
-1.06863e-05
-1.07003e-05
-1.07143e-05
-1.07283e-05
-1.07423e-05
-1.07563e-05
-1.07702e-05
-1.07841e-05
-1.0798e-05
-1.08119e-05
-1.08257e-05
-1.08395e-05
-1.08533e-05
-1.08671e-05
-1.08808e-05
-1.08946e-05
-1.09083e-05
-1.09219e-05
-1.09356e-05
-1.09492e-05
-1.09628e-05
-1.09764e-05
-1.09899e-05
-1.10034e-05
-1.10169e-05
-1.10304e-05
-1.10438e-05
-1.10572e-05
-1.10706e-05
-1.1084e-05
-1.10973e-05
-1.11106e-05
-1.11239e-05
-1.11372e-05
-1.11504e-05
-1.11636e-05
-1.11768e-05
-1.119e-05
-1.12031e-05
-1.12162e-05
-1.12293e-05
-1.12423e-05
-1.12554e-05
-1.12684e-05
-1.12813e-05
-1.12943e-05
-1.13072e-05
-1.13201e-05
-1.1333e-05
-1.13458e-05
-1.13586e-05
-1.13714e-05
-1.13842e-05
-1.13969e-05
-1.14096e-05
-1.14223e-05
-1.14349e-05
-1.14476e-05
-1.14602e-05
-1.14727e-05
-1.14853e-05
-1.14978e-05
-1.15103e-05
-1.15227e-05
-1.15352e-05
-1.15476e-05
-1.156e-05
-1.15723e-05
-1.15846e-05
-1.15969e-05
-1.16092e-05
-1.16215e-05
-1.16337e-05
-1.16459e-05
-1.1658e-05
-1.16702e-05
-1.16823e-05
-1.16943e-05
-1.17064e-05
-1.17184e-05
-1.17304e-05
-1.17424e-05
-1.17543e-05
-1.17662e-05
-1.17781e-05
-1.179e-05
-1.18018e-05
-1.18136e-05
-1.18254e-05
-1.18371e-05
-1.18489e-05
-1.18606e-05
-1.18722e-05
-1.18839e-05
-1.18955e-05
-1.19071e-05
-1.19186e-05
-1.19301e-05
-1.19416e-05
-1.19531e-05
-1.19646e-05
-1.1976e-05
-1.19874e-05
-1.19987e-05
-1.20101e-05
-1.20214e-05
-1.20326e-05
-1.20439e-05
-1.20551e-05
-1.20663e-05
-1.20775e-05
-1.20886e-05
-1.20997e-05
-1.21108e-05
-1.21219e-05
-1.21329e-05
-1.21439e-05
-1.21549e-05
-1.21658e-05
-1.21767e-05
-1.21876e-05
-1.21985e-05
-1.22093e-05
-1.22201e-05
-1.22309e-05
-1.22417e-05