0
6.04775e-07
1.12786e-06
1.54835e-06
1.88232e-06
2.14445e-06
2.34659e-06
2.49856e-06
2.60859e-06
2.68352e-06
2.72906e-06
2.74982e-06
2.7497e-06
2.73202e-06
2.69965e-06
2.65509e-06
2.60049e-06
2.53771e-06
2.46835e-06
2.39374e-06
2.31502e-06
2.23321e-06
2.1492e-06
2.06376e-06
1.97757e-06
1.89124e-06
1.80528e-06
1.72012e-06
1.63613e-06
1.55362e-06
1.47284e-06
1.39398e-06
1.31723e-06
1.2427e-06
1.17049e-06
1.10067e-06
1.03328e-06
9.68339e-07
9.05846e-07
8.45779e-07
7.88108e-07
7.32798e-07
6.79805e-07
6.2908e-07
5.8057e-07
5.34217e-07
4.89963e-07
4.47745e-07
4.07498e-07
3.69154e-07
3.32646e-07
2.97906e-07
2.64865e-07
2.33455e-07
2.0361e-07
1.75264e-07
1.48352e-07
1.2281e-07
9.85775e-08
7.55947e-08
5.38037e-08
3.31485e-08
1.35752e-08
-4.96805e-09
-2.25312e-08
-3.91622e-08
-5.49069e-08
-6.98093e-08
-8.39114e-08
-9.72534e-08
-1.09874e-07
-1.21809e-07
-1.33094e-07
-1.43761e-07
-1.53843e-07
-1.6337e-07
-1.72369e-07
-1.80868e-07
-1.88894e-07
-1.9647e-07
-2.03619e-07
-2.10364e-07
-2.16725e-07
-2.22722e-07
-2.28375e-07
-2.337e-07
-2.38715e-07
-2.43435e-07
-2.47876e-07
-2.52052e-07
-2.55977e-07
-2.59664e-07
-2.63124e-07
-2.66369e-07
-2.69411e-07
-2.72259e-07
-2.74923e-07
-2.77413e-07
-2.79737e-07
-2.81904e-07
-2.83921e-07
-2.85797e-07
-2.87537e-07
-2.8915e-07
-2.90641e-07
-2.92021e-07
-2.93298e-07
-2.94479e-07
-2.9557e-07
-2.96577e-07
-2.97505e-07
-2.98358e-07
-2.99139e-07
-2.99852e-07
-3.005e-07
-3.01085e-07
-3.01609e-07
-3.02075e-07
-3.02486e-07
-3.02842e-07
-3.03147e-07
-3.03402e-07
-3.03609e-07
-3.03771e-07
-3.03889e-07
-3.03964e-07
-3.03999e-07
-3.03995e-07
-3.03954e-07
-3.03878e-07
-3.03767e-07
-3.03623e-07
-3.03447e-07
-3.03242e-07
-3.03008e-07
-3.02746e-07
-3.02458e-07
-3.02144e-07
-3.01806e-07
-3.01445e-07
-3.01062e-07
-3.00657e-07
-3.00232e-07
-2.99788e-07
-2.99325e-07
-2.98845e-07
-2.98348e-07
-2.97834e-07
-2.97305e-07
-2.96761e-07
-2.96204e-07
-2.95633e-07
-2.95049e-07
-2.94452e-07
-2.93845e-07
-2.93226e-07
-2.92597e-07
-2.91957e-07
-2.91308e-07
-2.9065e-07
-2.89984e-07
-2.89309e-07
-2.88627e-07
-2.87937e-07
-2.8724e-07
-2.86536e-07
-2.85827e-07
-2.85111e-07
-2.8439e-07
-2.83664e-07
-2.82932e-07
-2.82196e-07
-2.81456e-07
-2.80711e-07
-2.79963e-07
-2.79211e-07
-2.78456e-07
-2.77698e-07
-2.76936e-07
-2.76173e-07
-2.75406e-07
-2.74638e-07
-2.73867e-07
-2.73095e-07
-2.72321e-07
-2.71545e-07
-2.70768e-07
-2.6999e-07
-2.69211e-07
-2.68431e-07
-2.6765e-07
-2.66869e-07
-2.66087e-07
-2.65305e-07
-2.64523e-07
-2.63741e-07
-2.62959e-07
-2.62177e-07
-2.61395e-07
-2.60614e-07
-2.59833e-07
-2.59053e-07
-2.58274e-07
-2.57495e-07
-2.56717e-07
-2.5594e-07
-2.55165e-07
-2.5439e-07
-2.53616e-07
-2.52844e-07
-2.52074e-07
-2.51304e-07
-2.50536e-07
-2.4977e-07
-2.49006e-07
-2.48243e-07
-2.47481e-07
-2.46722e-07
-2.45965e-07
-2.45209e-07
-2.44455e-07
-2.43704e-07
-2.42954e-07
-2.42207e-07
-2.41462e-07
-2.40719e-07
-2.39978e-07
-2.3924e-07
-2.38503e-07
-2.3777e-07
-2.37038e-07
-2.36309e-07
-2.35583e-07
-2.34859e-07
-2.34138e-07
-2.33419e-07
-2.32703e-07
-2.31989e-07
-2.31278e-07
-2.3057e-07
-2.29865e-07
-2.29162e-07
-2.28462e-07
-2.27765e-07
-2.2707e-07
-2.26379e-07
-2.2569e-07
-2.25004e-07
-2.24321e-07
-2.23641e-07
-2.22964e-07
-2.2229e-07
-2.21618e-07
-2.2095e-07
-2.20285e-07
-2.19622e-07
-2.18963e-07
-2.18307e-07
-2.17653e-07
-2.17003e-07
-2.16356e-07
-2.15712e-07
-2.15071e-07
-2.14433e-07
-2.13798e-07
-2.13166e-07
-2.12538e-07
-2.11912e-07
-2.1129e-07
-2.1067e-07
-2.10054e-07
-2.09441e-07
-2.08831e-07
-2.08224e-07
-2.07621e-07
-2.0702e-07
-2.06423e-07
-2.05829e-07
-2.05238e-07
-2.0465e-07
-2.04065e-07
-2.03484e-07
-2.02905e-07
-2.0233e-07
-2.01758e-07
-2.01189e-07
-2.00624e-07
-2.00061e-07
-1.99502e-07
-1.98946e-07
-1.98393e-07
-1.97843e-07
-1.97296e-07
-1.96752e-07
-1.96212e-07
-1.95675e-07
-1.95141e-07
-1.9461e-07
-1.94082e-07
-1.93557e-07
-1.93035e-07
-1.92517e-07
-1.92002e-07
-1.91489e-07
-1.9098e-07
-1.90474e-07
-1.89971e-07
-1.89472e-07
-1.88975e-07
-1.88481e-07
-1.87991e-07
-1.87503e-07
-1.87019e-07
-1.86537e-07
-1.86059e-07
-1.85584e-07
-1.85112e-07
-1.84642e-07
-1.84176e-07
-1.83713e-07
-1.83253e-07
-1.82796e-07
-1.82342e-07
-1.8189e-07
-1.81442e-07
-1.80997e-07
-1.80555e-07
-1.80115e-07
-1.79679e-07
-1.79246e-07
-1.78818e-07
-1.78396e-07
-1.7798e-07
-1.77573e-07
-1.77172e-07
-1.7678e-07
-1.76395e-07
-1.76018e-07
-1.75648e-07
-1.75285e-07
-1.74928e-07
-1.74578e-07
-1.74234e-07
-1.73896e-07
-1.73562e-07
-1.73234e-07
-1.72911e-07
-1.72592e-07
-1.72276e-07
-1.71964e-07
-1.71654e-07
-1.71347e-07
-1.71043e-07
-1.70741e-07
-1.7044e-07
-1.70142e-07
-1.69845e-07
-1.69551e-07
-1.69257e-07
-1.68966e-07
-1.68676e-07
-1.68387e-07
-1.681e-07
-1.67814e-07
-1.67529e-07
-1.67246e-07
-1.66965e-07
-1.66684e-07
-1.66405e-07
-1.66128e-07
-1.65852e-07
-1.65577e-07
-1.65303e-07
-1.65031e-07
-1.64761e-07
-1.64492e-07
-1.64224e-07
-1.63958e-07
-1.63693e-07
-1.63429e-07
-1.63167e-07
-1.62907e-07
-1.62648e-07
-1.6239e-07
-1.62134e-07
-1.6188e-07
-1.61627e-07
-1.61376e-07
-1.61126e-07
-1.60877e-07
-1.60631e-07
-1.60385e-07
-1.60142e-07
-1.599e-07
-1.59659e-07
-1.5942e-07
-1.59183e-07
-1.58947e-07
-1.58713e-07
-1.5848e-07
-1.58249e-07
-1.58019e-07
-3.71732e-06
-7.99472e-06
-1.18649e-05
-1.504e-05
-1.75174e-05
-1.93794e-05
-2.07239e-05
-2.16441e-05
-2.22216e-05
-2.25263e-05
-2.2617e-05
-2.25425e-05
-2.23438e-05
-2.20545e-05
-2.17019e-05
-2.13077e-05
-2.08899e-05
-2.04627e-05
-2.00372e-05
-1.96219e-05
-1.9223e-05
-1.88451e-05
-1.84913e-05
-1.81636e-05
-1.78633e-05
-1.75916e-05
-1.73493e-05
-1.71365e-05
-1.69535e-05
-1.67999e-05
-1.66754e-05
-1.65797e-05
-1.65125e-05
-1.64735e-05
-1.64626e-05
-1.64801e-05
-1.65274e-05
-1.66056e-05
-1.6716e-05
-1.68603e-05
-1.70401e-05
-1.72574e-05
-1.75148e-05
-1.78156e-05
-1.81652e-05
-1.85695e-05
-1.90347e-05
-1.95682e-05
-2.01783e-05
-2.08781e-05
-2.16826e-05
-2.26089e-05
-2.36795e-05
-2.49244e-05
-2.63787e-05
-2.80931e-05
-3.013e-05
-3.25808e-05
-3.55703e-05
-3.92795e-05
-4.39855e-05
-5.01372e-05
-5.85353e-05
-7.08209e-05
-9.12351e-05
-0.000134802
-0.000234435
-0.000357848
-0.000410335
-0.000413028
-0.000396311
-0.000373075
-0.000346548
-0.000316374
-0.00028116
-0.000239753
-0.000192571
-0.000142891
-9.66134e-05
-5.94049e-05
-3.34597e-05
-1.72252e-05
-7.61529e-06
-1.94935e-06
1.4624e-06
3.52019e-06
4.67059e-06
5.13804e-06
5.04617e-06
4.47403e-06
3.481e-06
2.11763e-06
4.30635e-07
-1.53532e-06
-3.73688e-06
-6.13218e-06
-8.68117e-06
-1.13459e-05
-1.40912e-05
-1.6885e-05
-1.96987e-05
-2.25068e-05
-2.52876e-05
-2.80227e-05
-3.06968e-05
-3.3298e-05
-3.58171e-05
-3.82471e-05
-4.05836e-05
-4.28244e-05
-4.49688e-05
-4.70174e-05
-4.89723e-05
-5.08368e-05
-5.2615e-05
-5.43113e-05
-5.59321e-05
-5.74826e-05
-5.89697e-05
-6.04013e-05
-6.17842e-05
-6.31271e-05
-6.44385e-05
-6.57296e-05
-6.70103e-05
-6.82919e-05
-6.95873e-05
-7.09108e-05
-7.22792e-05
-7.37092e-05
-7.522e-05
-7.68311e-05
-7.85682e-05
-8.0455e-05
-8.25204e-05
-8.4791e-05
-8.72949e-05
-9.00606e-05
-9.31136e-05
-9.64738e-05
-0.000100147
-0.000104121
-0.000108355
-0.000112766
-0.000117213
-0.000121487
-0.000125306
-0.000128316
-0.00013014
-0.000130422
-0.000128894
-0.00012543
-0.000120058
-0.00011292
-0.000104236
-9.42673e-05
-8.33052e-05
-7.16959e-05
-5.98426e-05
-4.82398e-05
-3.74166e-05
-2.78786e-05
-1.99803e-05
-1.38438e-05
-9.34985e-06
-6.21914e-06
-4.11814e-06
-2.7395e-06
-1.84361e-06
-1.25976e-06
-8.74276e-07
-6.14357e-07
-4.3436e-07
-3.05924e-07
-2.11431e-07
-1.39849e-07
-8.41825e-08
-3.99044e-08
-4.01853e-09
2.55134e-08
5.01189e-08
7.08277e-08
8.84036e-08
1.03428e-07
1.16354e-07
1.2754e-07
1.37276e-07
1.45798e-07
1.53299e-07
1.59941e-07
1.65859e-07
1.71165e-07
1.75954e-07
1.80307e-07
1.8429e-07
1.87961e-07
1.9137e-07
1.94556e-07
1.97555e-07
2.00397e-07
2.03108e-07
2.05708e-07
2.08216e-07
2.10649e-07
2.13018e-07
2.15336e-07
2.17613e-07
2.19856e-07
2.22073e-07
2.24269e-07
2.26451e-07
2.28621e-07
2.30785e-07
2.32944e-07
2.35103e-07
2.37263e-07
2.39426e-07
2.41594e-07
2.43769e-07
2.45951e-07
2.48142e-07
2.50343e-07
2.52554e-07
2.54776e-07
2.57011e-07
2.59257e-07
2.61516e-07
2.63788e-07
2.66073e-07
2.68372e-07
2.70685e-07
2.73012e-07
2.75353e-07
2.77708e-07
2.80078e-07
2.82462e-07
2.84861e-07
2.87275e-07
2.89704e-07
2.92147e-07
2.94605e-07
2.97079e-07
2.99567e-07
3.0207e-07
3.04588e-07
3.07121e-07
3.09669e-07
3.12233e-07
3.14811e-07
3.17404e-07
3.20012e-07
3.22635e-07
3.25273e-07
3.27926e-07
3.30593e-07
3.33276e-07
3.35973e-07
3.38685e-07
3.41412e-07
3.44154e-07
3.4691e-07
3.49681e-07
3.52466e-07
3.55266e-07
3.5808e-07
3.60909e-07
3.63752e-07
3.66609e-07
3.6948e-07
3.72366e-07
3.75265e-07
3.78179e-07
3.81106e-07
3.84048e-07
3.87003e-07
3.89971e-07
3.92953e-07
3.95949e-07
3.98958e-07
4.01981e-07
4.05016e-07
4.08065e-07
4.11126e-07
4.14201e-07
4.17288e-07
4.20388e-07
4.23501e-07
4.26626e-07
4.29764e-07
4.32913e-07
4.36075e-07
4.39249e-07
4.42434e-07
4.45632e-07
4.4884e-07
4.52061e-07
4.55293e-07
4.58535e-07
4.61789e-07
4.65054e-07
4.6833e-07
4.71616e-07
4.74913e-07
4.7822e-07
4.81537e-07
4.84865e-07
4.88202e-07
4.91549e-07
4.94905e-07
4.98271e-07
5.01646e-07
5.0503e-07
5.08423e-07
5.11825e-07
5.15235e-07
5.18654e-07
5.2208e-07
5.25515e-07
5.28958e-07
5.32408e-07
5.35866e-07
5.39331e-07
5.42803e-07
5.46282e-07
5.49768e-07
5.53261e-07
5.56759e-07
5.60264e-07
5.63775e-07
5.67292e-07
5.70814e-07
5.74341e-07
5.77874e-07
5.81412e-07
5.84954e-07
5.88501e-07
5.92053e-07
5.95608e-07
5.99168e-07
6.02731e-07
6.06297e-07
6.09867e-07
6.1344e-07
6.17016e-07
6.20595e-07
6.24176e-07
6.2776e-07
6.31345e-07
6.34932e-07
6.38521e-07
6.42111e-07
6.45703e-07
6.49295e-07
6.52888e-07
6.56481e-07
6.60075e-07
6.63669e-07
6.67263e-07
6.70856e-07
6.74449e-07
6.78041e-07
6.81632e-07
6.85222e-07
6.8881e-07
6.92397e-07
6.95982e-07
6.99564e-07
7.03144e-07
7.06722e-07
7.10297e-07
7.13869e-07
7.17437e-07
7.21002e-07
7.24564e-07
7.28121e-07
7.31675e-07
7.35224e-07
7.38769e-07
7.42309e-07
7.45844e-07
7.49373e-07
7.52898e-07
7.56417e-07
7.59929e-07
7.63436e-07
7.66937e-07
7.70431e-07
7.73919e-07
7.77399e-07
7.80873e-07
7.84339e-07
7.87798e-07
7.91249e-07
7.94692e-07
7.98127e-07
8.01553e-07
8.04972e-07
8.08381e-07
8.11782e-07
8.15173e-07
8.18555e-07
8.21928e-07
8.2529e-07
8.28643e-07
8.31986e-07
8.35319e-07
8.38641e-07
8.41953e-07
8.45253e-07
8.48543e-07
8.51821e-07
8.55088e-07
8.58344e-07
8.61588e-07
8.6482e-07
8.68039e-07
8.71247e-07
8.74442e-07
8.77624e-07
8.80794e-07
8.83951e-07
8.87094e-07
8.90225e-07
8.93342e-07
8.96445e-07
8.99535e-07
9.0261e-07
9.05672e-07
9.08719e-07
9.11752e-07
9.14771e-07
9.17775e-07
9.20764e-07
9.23738e-07
9.26697e-07
9.2964e-07
9.32569e-07
9.35482e-07
9.38379e-07
9.4126e-07
9.44126e-07
9.46975e-07
9.49809e-07
9.52626e-07
9.55426e-07
9.5821e-07
9.60978e-07
9.63728e-07
9.66462e-07
9.69179e-07
9.71879e-07
9.74561e-07
9.77226e-07
9.79874e-07
9.82504e-07
9.85116e-07
9.87711e-07
9.90288e-07
9.92847e-07
9.95388e-07
9.9791e-07
1.00041e-06
1.0029e-06
1.00537e-06
1.00782e-06
1.01025e-06
1.01266e-06
1.01505e-06
1.01743e-06
1.01979e-06
1.02212e-06
1.02444e-06
1.02674e-06
1.02902e-06
1.03128e-06
1.03352e-06
1.03575e-06
1.03795e-06
1.04014e-06
1.04231e-06
1.04445e-06
1.04658e-06
1.04869e-06
1.05078e-06
1.05285e-06
1.05491e-06
1.05694e-06
1.05895e-06
1.06094e-06
1.06291e-06
1.06487e-06
1.0668e-06
1.06871e-06
1.0706e-06
1.07248e-06
1.07433e-06
1.07616e-06
1.07797e-06
1.07976e-06
1.08153e-06
1.08328e-06
1.08501e-06
1.08672e-06
1.08841e-06
1.09008e-06
1.09173e-06
1.09335e-06
1.09496e-06
1.09654e-06
1.0981e-06
1.09964e-06
1.10115e-06
1.10264e-06
1.10411e-06
1.10555e-06
1.10697e-06
1.10837e-06
1.10974e-06
1.1111e-06
1.11243e-06
1.11374e-06
1.11503e-06
1.11629e-06
1.11754e-06
1.11876e-06
1.11997e-06
1.12115e-06
1.12231e-06
1.12346e-06
1.12458e-06
1.12568e-06
1.12676e-06
1.12782e-06
1.12886e-06
1.12987e-06
1.13087e-06
1.13185e-06
1.13281e-06
1.13375e-06
1.13466e-06
1.13556e-06
1.13644e-06
1.13729e-06
1.13813e-06
1.13895e-06
1.13974e-06
1.14052e-06
1.14128e-06
1.14201e-06
1.14273e-06
1.14342e-06
1.1441e-06
1.14476e-06
1.14539e-06
1.14601e-06
1.14661e-06
1.14718e-06
1.14774e-06
1.14828e-06
1.1488e-06
1.1493e-06
1.14978e-06
1.15024e-06
1.15068e-06
1.1511e-06
1.1515e-06
1.15188e-06
1.15225e-06
1.15259e-06
1.15292e-06
1.15322e-06
1.15351e-06
1.15378e-06
1.15403e-06
1.15426e-06
1.15447e-06
1.15466e-06
1.15484e-06
1.155e-06
1.15513e-06
1.15525e-06
1.15535e-06
1.15544e-06
1.1555e-06
1.15555e-06
1.15557e-06
1.15558e-06
1.15558e-06
1.15555e-06
1.15551e-06
1.15545e-06
1.15537e-06
1.15527e-06
1.15516e-06
1.15502e-06
1.15487e-06
1.15471e-06
1.15452e-06
1.15432e-06
1.1541e-06
1.15387e-06
1.15362e-06
1.15335e-06
1.15306e-06
1.15276e-06
1.15244e-06
1.15211e-06
1.15175e-06
1.15138e-06
1.151e-06
1.1506e-06
1.15018e-06
1.14975e-06
1.1493e-06
1.14883e-06
1.14835e-06
1.14785e-06
1.14734e-06
1.14681e-06
1.14626e-06
1.1457e-06
1.14513e-06
1.14454e-06
1.14393e-06
1.14331e-06
1.14267e-06
1.14202e-06
1.14136e-06
1.14068e-06
1.13999e-06
1.13929e-06
1.13857e-06
1.13784e-06
1.1371e-06
1.13634e-06
1.13557e-06
1.13479e-06
1.13399e-06
1.13318e-06
1.13236e-06
1.13152e-06
1.13067e-06
1.12981e-06
1.12893e-06
1.12804e-06
1.12714e-06
1.12623e-06
1.1253e-06
1.12436e-06
1.1234e-06
1.12243e-06
1.12145e-06
1.12046e-06
1.11945e-06
1.11843e-06
1.1174e-06
1.11635e-06
1.11529e-06
1.1142e-06
1.1131e-06
1.11198e-06
1.11083e-06
1.10967e-06
1.10849e-06
1.1073e-06
1.10608e-06
1.10485e-06
1.1036e-06
1.10234e-06
1.10106e-06
1.09977e-06
1.09846e-06
1.09714e-06
1.09581e-06
1.09447e-06
1.09311e-06
1.09174e-06
1.09036e-06
1.08897e-06
1.08756e-06
1.08615e-06
1.08473e-06
1.08329e-06
1.08185e-06
1.08039e-06
1.07893e-06
1.07745e-06
1.07597e-06
1.07447e-06
1.07297e-06
1.07146e-06
1.06994e-06
1.0684e-06
1.06686e-06
1.06531e-06
1.06376e-06
1.06219e-06
1.06061e-06
1.05903e-06
1.05743e-06
1.05583e-06
1.05422e-06
1.0526e-06
1.05097e-06
1.04934e-06
1.04769e-06
1.04604e-06
1.04438e-06
1.04271e-06
1.04103e-06
1.03934e-06
1.03765e-06
1.03595e-06
1.03424e-06
1.03252e-06
1.0308e-06
1.02906e-06
1.02732e-06
1.02557e-06
1.02382e-06
1.02206e-06
1.02029e-06
1.01851e-06
1.01672e-06
1.01493e-06
1.01313e-06
1.01133e-06
1.00951e-06
1.0077e-06
1.00587e-06
1.00404e-06
1.0022e-06
1.00035e-06
9.98497e-07
9.96638e-07
9.94772e-07
9.929e-07
9.91022e-07
9.89138e-07
9.87248e-07
9.85351e-07
9.83449e-07
9.81541e-07
9.79627e-07
9.77707e-07
9.75782e-07
9.73851e-07
9.71914e-07
9.69972e-07
9.68025e-07
9.66073e-07
9.64115e-07
9.62152e-07
9.60184e-07
9.5821e-07
9.56232e-07
9.54249e-07
9.52262e-07
9.50269e-07
9.48272e-07
9.4627e-07
9.44264e-07
9.42253e-07
9.40237e-07
9.38218e-07
9.36194e-07
9.34166e-07
9.32133e-07
9.30097e-07
9.28057e-07
9.26012e-07
9.23964e-07
9.21912e-07
9.19857e-07
9.17797e-07
9.15734e-07
9.13668e-07
9.11599e-07
9.09527e-07
9.07454e-07
9.05379e-07
9.03302e-07
9.01224e-07
8.99144e-07
8.97063e-07
8.94981e-07
8.92897e-07
8.90812e-07
8.88725e-07
8.86637e-07
8.84547e-07
8.82455e-07
8.80362e-07
8.78267e-07
8.76171e-07
8.74073e-07
8.71973e-07
8.69871e-07
8.67768e-07
8.65663e-07
8.63556e-07
8.61447e-07
8.59336e-07
8.57224e-07
8.5511e-07
8.52994e-07
8.50873e-07
8.48746e-07
8.4661e-07
8.44465e-07
8.42308e-07
8.40141e-07
8.37963e-07
8.35775e-07
8.33577e-07
8.31369e-07
8.29152e-07
8.26928e-07
8.24695e-07
8.22456e-07
8.20211e-07
8.17961e-07
8.15705e-07
8.13446e-07
8.11182e-07
8.08915e-07
8.06646e-07
8.04374e-07
8.02101e-07
7.99825e-07
7.97549e-07
7.95271e-07
7.92993e-07
7.90715e-07
7.88436e-07
7.86157e-07
7.83878e-07
7.816e-07
7.79322e-07
7.77045e-07
7.74769e-07
7.72493e-07
7.70218e-07
7.67944e-07
7.65671e-07
7.634e-07
7.61129e-07
7.5886e-07
7.56592e-07
7.54325e-07
7.5206e-07
7.49796e-07
7.47533e-07
7.45272e-07
7.43012e-07
7.40754e-07
7.38497e-07
7.36242e-07
7.33988e-07
7.31736e-07
7.29485e-07
7.27236e-07
7.24989e-07
7.22743e-07
7.20499e-07
7.18257e-07
7.16016e-07
7.13777e-07
7.11539e-07
7.09304e-07
7.0707e-07
7.04838e-07
7.02607e-07
7.00379e-07
6.98152e-07
6.95927e-07
6.93704e-07
6.91482e-07
6.89263e-07
6.87046e-07
6.8483e-07
6.82617e-07
6.80405e-07
6.78195e-07
6.75988e-07
6.73782e-07
6.71578e-07
6.69377e-07
6.67178e-07
6.6498e-07
6.62785e-07
6.60592e-07
6.58401e-07
6.56213e-07
6.54026e-07
6.51842e-07
6.49661e-07
6.47481e-07
6.45304e-07
6.43129e-07
6.40956e-07
6.38786e-07
6.36619e-07
6.34453e-07
6.3229e-07
6.3013e-07
6.27972e-07
6.25817e-07
6.23664e-07
6.21514e-07
6.19366e-07
6.17221e-07
6.15079e-07
6.12939e-07
6.10802e-07
6.08668e-07
6.06537e-07
6.04408e-07
6.02282e-07
6.00159e-07
5.98038e-07
5.95921e-07
5.93806e-07
5.91694e-07
5.89585e-07
5.8748e-07
5.85377e-07
5.83277e-07
5.8118e-07
5.79085e-07
5.76995e-07
5.74907e-07
5.72822e-07
5.7074e-07
5.68661e-07
5.66586e-07
5.64513e-07
5.62444e-07
5.60378e-07
5.58316e-07
5.56256e-07
5.542e-07
5.52147e-07
5.50097e-07
5.48051e-07
5.46007e-07
5.43968e-07
5.41931e-07
5.39898e-07
5.37869e-07
5.35842e-07
5.3382e-07
5.318e-07
5.29784e-07
5.27772e-07
5.25763e-07
5.23757e-07
5.21756e-07
5.19757e-07
5.17762e-07
5.15771e-07
5.13783e-07
5.11799e-07
5.09819e-07
5.07842e-07
5.05869e-07
5.03899e-07
5.01933e-07
4.99971e-07
4.98013e-07
4.96058e-07
4.94107e-07
4.9216e-07
4.90216e-07
4.88276e-07
4.8634e-07
4.84408e-07
4.8248e-07
4.80555e-07
4.78634e-07
4.76717e-07
4.74804e-07
4.72895e-07
4.70989e-07
4.69088e-07
4.6719e-07
4.65296e-07
4.63406e-07
4.6152e-07
4.59638e-07
4.5776e-07
4.55886e-07
4.54016e-07
4.5215e-07
4.50287e-07
4.48429e-07
4.46575e-07
4.44725e-07
4.42878e-07
4.41036e-07
4.39198e-07
4.37363e-07
4.35533e-07
4.33707e-07
4.31885e-07
4.30067e-07
4.28253e-07
4.26443e-07
4.24637e-07
4.22836e-07
4.21038e-07
4.19244e-07
4.17455e-07
4.1567e-07
4.13888e-07
4.12111e-07
4.10338e-07
4.0857e-07
4.06805e-07
4.05044e-07
4.03288e-07
4.01536e-07
3.99788e-07
3.98044e-07
3.96304e-07
3.94568e-07
3.92837e-07
3.9111e-07
3.89386e-07
3.87668e-07
3.85953e-07
3.84242e-07
3.82536e-07
3.80834e-07
3.79136e-07
3.77442e-07
3.75753e-07
3.74068e-07
3.72387e-07
3.7071e-07
3.69037e-07
3.67369e-07
3.65704e-07
3.64044e-07
3.62389e-07
3.60737e-07
3.5909e-07
3.57447e-07
3.55809e-07
3.54176e-07
3.52548e-07
3.50924e-07
3.49306e-07
3.47692e-07
3.46083e-07
3.4448e-07
3.42881e-07
3.41287e-07
3.39698e-07
3.38113e-07
3.36533e-07
3.34958e-07
3.33388e-07
3.31822e-07
3.3026e-07
3.28704e-07
3.27151e-07
3.25603e-07
3.2406e-07
3.2252e-07
3.20986e-07
3.19455e-07
3.17929e-07
3.16407e-07
3.14889e-07
3.13375e-07
3.11866e-07
3.1036e-07
3.08859e-07
3.07362e-07
3.05869e-07
3.0438e-07
3.02896e-07
3.01415e-07
2.99938e-07
2.98465e-07
2.96995e-07
2.95525e-07
2.94057e-07
2.92589e-07
2.91122e-07
2.89654e-07
2.88187e-07
2.86721e-07
2.85255e-07
2.8379e-07
2.82325e-07
2.80862e-07
2.79401e-07
2.77941e-07
2.76483e-07
2.75028e-07
2.73575e-07
2.72125e-07
2.70677e-07
2.69233e-07
2.67792e-07
2.66355e-07
2.64921e-07
2.63491e-07
2.62064e-07
2.60642e-07
2.59223e-07
2.57809e-07
2.56399e-07
2.54994e-07
2.53592e-07
2.52195e-07
2.50803e-07
2.49415e-07
2.48032e-07
2.46653e-07
2.45279e-07
2.43909e-07
2.42544e-07
2.41184e-07
2.39828e-07
2.38477e-07
2.37131e-07
2.35789e-07
2.34452e-07
2.3312e-07
2.31792e-07
2.30469e-07
2.29151e-07
2.27837e-07
2.26527e-07
2.25223e-07
2.23923e-07
2.22627e-07
2.21336e-07
2.2005e-07
2.18768e-07
2.1749e-07
2.16217e-07
2.14949e-07
2.13685e-07
2.12425e-07
2.1117e-07
2.09919e-07
2.08673e-07
2.0743e-07
2.06193e-07
2.04959e-07
2.0373e-07
2.02506e-07
2.01285e-07
2.00069e-07
1.98857e-07
1.97649e-07
1.96446e-07
1.95247e-07
1.94051e-07
1.92861e-07
1.91674e-07
1.90491e-07
1.89313e-07
1.88138e-07
1.86968e-07
1.85802e-07
1.8464e-07
1.83482e-07
1.82327e-07
1.81177e-07
1.80031e-07
1.78889e-07
1.77751e-07
1.76617e-07
1.75487e-07
1.74361e-07
1.73239e-07
1.72121e-07
1.71006e-07
1.69896e-07
1.68789e-07
1.67686e-07
1.66587e-07
1.65492e-07
1.64401e-07
1.63313e-07
1.6223e-07
1.6115e-07
1.60074e-07
1.59002e-07
1.57933e-07
1.56868e-07
1.55807e-07
1.5475e-07
1.53696e-07
1.52646e-07
1.516e-07
1.50557e-07
1.49519e-07
1.48483e-07
1.47452e-07
1.46424e-07
1.45399e-07
1.44379e-07
1.43362e-07
1.42348e-07
1.41338e-07
1.40332e-07
1.39329e-07
1.3833e-07
1.37334e-07
1.36342e-07
1.35353e-07
1.34368e-07
1.33386e-07
1.32408e-07
1.31434e-07
1.30462e-07
1.29495e-07
1.2853e-07
1.27569e-07
1.26612e-07
1.25658e-07
1.24707e-07
1.2376e-07
1.22816e-07
1.21876e-07
1.20939e-07
1.20005e-07
1.19075e-07
1.18148e-07
1.17224e-07
1.16304e-07
1.15387e-07
1.14473e-07
1.13563e-07
1.12656e-07
1.11752e-07
1.10851e-07
1.09954e-07
1.0906e-07
1.08169e-07
1.07282e-07
1.06397e-07
1.05516e-07
1.04638e-07
1.03764e-07
1.02892e-07
1.02024e-07
1.01158e-07
1.00296e-07
9.94374e-08
9.85817e-08
9.77291e-08
9.68796e-08
9.60332e-08
9.51899e-08
9.43497e-08
9.35126e-08
9.26786e-08
9.18477e-08
9.10198e-08
9.01949e-08
8.93731e-08
8.85544e-08
8.77386e-08
8.69259e-08
8.61162e-08
8.53095e-08
8.45058e-08
8.3705e-08
8.29073e-08
8.21124e-08
8.13206e-08
8.05317e-08
7.97457e-08
7.89627e-08
7.81825e-08
7.74053e-08
7.6631e-08
7.58596e-08
7.50911e-08
7.43254e-08
7.35626e-08
7.28027e-08
7.20456e-08
7.12914e-08
7.05399e-08
6.97914e-08
6.90456e-08
6.83026e-08
6.75625e-08
6.68251e-08
6.60905e-08
6.53587e-08
6.46296e-08
6.39033e-08
6.31798e-08
6.24589e-08
6.17409e-08
6.10255e-08
6.03128e-08
5.96029e-08
5.88956e-08
5.81911e-08
5.74892e-08
5.679e-08
5.60934e-08
5.53995e-08
5.47083e-08
5.40197e-08
5.33337e-08
5.26503e-08
5.19696e-08
5.12914e-08
5.06159e-08
4.99429e-08
4.92725e-08
4.86047e-08
4.79395e-08
4.72768e-08
4.66166e-08
4.5959e-08
4.53039e-08
4.46513e-08
4.40013e-08
4.33537e-08
4.27087e-08
4.20661e-08
4.1426e-08
4.07884e-08
4.01533e-08
3.95206e-08
3.88904e-08
3.82626e-08
3.76372e-08
3.70142e-08
3.63937e-08
3.57756e-08
3.51599e-08
3.45465e-08
3.39356e-08
3.3327e-08
3.27208e-08
3.2117e-08
3.15155e-08
3.09163e-08
3.03195e-08
2.9725e-08
2.91329e-08
2.8543e-08
2.79555e-08
2.73702e-08
2.67873e-08
2.62066e-08
2.56282e-08
2.50521e-08
2.44782e-08
2.39066e-08
2.33372e-08
2.277e-08
2.22051e-08
2.16424e-08
2.10819e-08
2.05236e-08
1.99675e-08
1.94136e-08
1.88619e-08
1.83123e-08
1.77649e-08
1.72197e-08
1.66766e-08
1.61357e-08
1.55969e-08
1.50602e-08
1.45257e-08
1.39933e-08
1.34629e-08
1.29347e-08
1.24086e-08
1.18845e-08
1.13626e-08
1.08426e-08
1.03248e-08
9.80902e-09
9.29527e-09
8.78357e-09
8.2739e-09
7.76626e-09
7.26063e-09
6.75702e-09
6.25541e-09
5.75579e-09
5.25817e-09
4.76252e-09
4.26886e-09
3.77716e-09
3.28742e-09
2.79963e-09
2.31379e-09
1.82989e-09
1.34793e-09
8.67888e-10
3.89765e-10
-8.64452e-11
-5.60751e-10
-1.03316e-09
-1.50368e-09
-1.97231e-09
-2.43907e-09
-2.90395e-09
-3.36698e-09
-3.82814e-09
-4.28746e-09
-4.74494e-09
-5.20058e-09
-5.65439e-09
-6.10637e-09
-6.55654e-09
-7.00491e-09
-7.45147e-09
-7.89623e-09
-8.33921e-09
-8.7804e-09
-9.21982e-09
-9.65747e-09
-1.00934e-08
-1.05275e-08
-1.09599e-08
-1.13905e-08
-1.18194e-08
-1.22466e-08
-1.2672e-08
-1.30958e-08
-1.35178e-08
-1.39381e-08
-1.43567e-08
-1.47736e-08
-1.51889e-08
-1.56025e-08
-1.60144e-08
-1.64246e-08
-1.68331e-08
-1.72401e-08
-1.76453e-08
-1.8049e-08
-1.8451e-08
-1.88513e-08
-1.92501e-08
-1.96472e-08
-2.00427e-08
-2.04366e-08
-2.08289e-08
-2.12197e-08
-2.16088e-08
-2.19964e-08
-2.23823e-08
-2.27668e-08
-2.31496e-08
-2.35309e-08
-2.39107e-08
-2.42889e-08
-2.46656e-08
-2.50407e-08
-2.54143e-08
-2.57864e-08
-2.6157e-08
-2.65261e-08
-2.68937e-08
-2.72597e-08
-2.76243e-08
-2.79874e-08
-2.83491e-08
-2.87092e-08
-2.90679e-08
-2.94251e-08
-2.97809e-08
-3.01352e-08
-3.04881e-08
-3.08395e-08
-3.11895e-08
-3.15381e-08
-3.18852e-08
-3.22309e-08
-3.25752e-08
-3.29182e-08
-3.32597e-08
-3.35998e-08
-3.39385e-08
-3.42759e-08
-3.46118e-08
-3.49464e-08
-3.52796e-08
-3.56115e-08
-3.5942e-08
-3.62712e-08
-3.6599e-08
-3.69254e-08
-3.72506e-08
-3.75744e-08
-3.78968e-08
-3.8218e-08
-3.85378e-08
-3.88564e-08
-3.91736e-08
-3.94895e-08
-3.98042e-08
-4.01175e-08
-4.04296e-08
-4.07403e-08
-4.10499e-08
-4.13581e-08
-4.16651e-08
-4.19708e-08
-4.22753e-08
-4.25785e-08
-4.28804e-08
-4.31812e-08
-4.34807e-08
-4.37789e-08
-4.4076e-08
-4.43718e-08
-4.46664e-08
-4.49598e-08
-4.5252e-08
-4.5543e-08
-4.58329e-08
-4.61215e-08
-4.64089e-08
-4.66952e-08
-4.69802e-08
-4.72641e-08
-4.75469e-08
-4.78284e-08
-4.81089e-08
-4.83881e-08
-4.86663e-08
-4.89432e-08
-4.92191e-08
-4.94938e-08
-4.97673e-08
-5.00398e-08
-5.03111e-08
-5.05813e-08
-5.08504e-08
-5.11184e-08
-5.13853e-08
-5.16511e-08
-5.19158e-08
-5.21795e-08
-5.2442e-08
-5.27034e-08
-5.29638e-08
-5.32231e-08
-5.34813e-08
-5.37385e-08
-5.39946e-08
-5.42497e-08
-5.45037e-08
-5.47567e-08
-5.50086e-08
-5.52595e-08
-5.55093e-08
-5.57582e-08
-5.6006e-08
-5.62528e-08
-5.64985e-08
-5.67433e-08
-5.6987e-08
-5.72298e-08
-5.74715e-08
-5.77122e-08
-5.7952e-08
-5.81908e-08
-5.84286e-08
-5.86654e-08
-5.89012e-08
-5.9136e-08
-5.93699e-08
-5.96029e-08
-5.98348e-08
-6.00658e-08
-6.02959e-08
-6.0525e-08
-6.07532e-08
-6.09804e-08
-6.12067e-08
-6.14321e-08
-6.16565e-08
-6.188e-08
-6.21026e-08
-6.23243e-08
-6.2545e-08
-6.27649e-08
-6.29838e-08
-6.32018e-08
-6.3419e-08
-6.36352e-08
-6.38506e-08
-6.4065e-08
-6.42786e-08
-6.44913e-08
-6.47031e-08
-6.49141e-08
-6.51242e-08
-6.53334e-08
-6.55418e-08
-6.57493e-08
-6.59559e-08
-6.61617e-08
-6.63666e-08
-6.65707e-08
-6.6774e-08
-6.69764e-08
-6.7178e-08
-6.73787e-08
-6.75787e-08
-6.77778e-08
-6.79761e-08
-6.81735e-08
-6.83702e-08
-6.8566e-08
-6.87611e-08
-6.89553e-08
-6.91487e-08
-6.93414e-08
-6.95332e-08
-6.97243e-08
-6.99145e-08
-7.0104e-08
-7.02927e-08
-7.04806e-08
-7.06678e-08
-7.08542e-08
-7.10398e-08
-7.12246e-08
-7.14087e-08
-7.1592e-08
-7.17746e-08
-7.19564e-08
-7.21375e-08
-7.23178e-08
-7.24974e-08
-7.26762e-08
-7.28544e-08
-7.30317e-08
-7.32084e-08
-7.33843e-08
-7.35595e-08
-7.3734e-08
-7.39077e-08
-7.40808e-08
-7.42531e-08
-7.44247e-08
-7.45956e-08
-7.47658e-08
-7.49353e-08
-7.51041e-08
-7.52723e-08
-7.54397e-08
-7.56064e-08
-7.57725e-08
-7.59378e-08
-7.61025e-08
-7.62665e-08
-7.64299e-08
-7.65925e-08
-7.67545e-08
-7.69159e-08
-7.70765e-08
-7.72365e-08
-7.73959e-08
-7.75546e-08
-7.77126e-08
-7.787e-08
-7.80267e-08
-7.81828e-08
-7.83383e-08
-7.84931e-08
-7.86473e-08
-7.88008e-08
-7.89538e-08
-7.91061e-08
-7.92577e-08
-7.94088e-08
-7.95592e-08
-7.9709e-08
-7.98582e-08
-8.00068e-08
-8.01547e-08
-8.03021e-08
-8.04488e-08
-8.0595e-08
-8.07405e-08
-8.08855e-08
-8.10298e-08
-8.11736e-08
-8.13168e-08
-8.14594e-08
-8.16014e-08
-8.17428e-08
-8.18837e-08
-8.20239e-08
-8.21636e-08
-8.23027e-08
-8.24413e-08
-8.25793e-08
-8.27167e-08
-8.28535e-08
-8.29898e-08
-8.31255e-08
-8.32607e-08
-8.33953e-08
-8.35294e-08
-8.36629e-08
-8.37959e-08
-8.39283e-08
-8.40602e-08
-8.41916e-08
-8.43224e-08
-8.44527e-08
-8.45824e-08
-8.47116e-08
-8.48403e-08
-8.49684e-08
-8.50961e-08
-8.52232e-08
-8.53498e-08
-8.54758e-08
-8.56014e-08
-8.57264e-08
-8.5851e-08
-8.5975e-08
-8.60985e-08
-8.62215e-08
-8.6344e-08
-8.6466e-08
-8.65875e-08
-8.67086e-08
-8.68291e-08
-8.69491e-08
-8.70686e-08
-8.71877e-08
-8.73062e-08
-8.74243e-08
-8.75419e-08
-8.7659e-08
-8.77757e-08
-8.78918e-08
-8.80075e-08
-8.81227e-08
-8.82375e-08
-8.83518e-08
-8.84656e-08
-8.85789e-08
-8.86918e-08
-8.88042e-08
-8.89162e-08
-8.90277e-08
-8.91388e-08
-8.92494e-08
-8.93595e-08
-8.94692e-08
-8.95785e-08
-8.96873e-08
-8.97957e-08
-8.99036e-08
-9.00111e-08
-9.01181e-08
-9.02248e-08
-9.03309e-08
-9.04367e-08
-9.0542e-08
-9.06469e-08
-9.07514e-08
-9.08554e-08
-9.0959e-08
-9.10622e-08
-9.1165e-08
-9.12674e-08
-9.13693e-08
-9.14709e-08
-9.1572e-08
-9.16727e-08
-9.1773e-08
-9.18729e-08
-9.19724e-08
-9.20715e-08
-9.21701e-08
-9.22684e-08
-9.23663e-08
-9.24638e-08
-9.25609e-08
-9.26576e-08
-9.27539e-08
-9.28498e-08
-9.29453e-08
-9.30405e-08
-9.31352e-08
-9.32296e-08
-9.33236e-08
-9.34172e-08
-9.35104e-08
-9.36033e-08
-9.36957e-08
-9.37878e-08
-9.38796e-08
-9.39709e-08
-9.40619e-08
-9.41525e-08
-9.42428e-08
-9.43327e-08
-9.44222e-08
-9.45114e-08
-9.46002e-08
-9.46886e-08
-9.47767e-08
-9.48644e-08
-9.49518e-08
-9.50388e-08
-9.51255e-08
-9.52118e-08
-9.52978e-08
-9.53834e-08
-9.54687e-08
-9.55537e-08
-9.56383e-08
-9.57225e-08
-9.58064e-08
-9.589e-08
-9.59733e-08
-9.60562e-08
-9.61387e-08
-9.6221e-08
-9.63029e-08
-9.63845e-08
-9.64657e-08
-9.65466e-08
-9.66272e-08
-9.67075e-08
-9.67875e-08
-9.68671e-08
-9.69464e-08
-9.70254e-08
-9.71041e-08
-9.71824e-08
-9.72605e-08
-9.73382e-08
-9.74156e-08
-9.74927e-08
-9.75695e-08
-9.7646e-08
-9.77222e-08
-9.77981e-08
-9.78736e-08
-9.79489e-08
-9.80239e-08
-9.80985e-08
-9.81729e-08
-9.8247e-08
-9.83208e-08
-9.83942e-08
-9.84674e-08
-9.85403e-08
-9.86129e-08
-9.86852e-08
-9.87572e-08
-9.8829e-08
-9.89004e-08
-9.89716e-08
-9.90424e-08
-9.9113e-08
-9.91833e-08
-9.92534e-08
-9.93231e-08
-9.93926e-08
-9.94618e-08
-9.95307e-08
-9.95993e-08
-9.96677e-08
-9.97358e-08
-9.98036e-08
-9.98712e-08
-9.99385e-08
-1.00005e-07
-1.00072e-07
-1.00139e-07
-1.00205e-07
-1.00271e-07
-1.00337e-07
-1.00402e-07
-1.00467e-07
-1.00532e-07
-1.00597e-07
-1.00661e-07
-1.00725e-07
-1.00789e-07
-1.00853e-07
-1.00916e-07
-1.00979e-07
-1.01042e-07
-1.01105e-07
-1.01167e-07
-1.01229e-07
-1.01291e-07
-1.01353e-07
-1.01414e-07
-1.01475e-07
-1.01536e-07
-1.01597e-07
-1.01657e-07
-1.01718e-07
-1.01777e-07
-1.01837e-07
-1.01897e-07
-1.01956e-07
-1.02015e-07
-1.02074e-07
-1.02132e-07
-1.02191e-07
-1.02249e-07
-1.02306e-07
-1.02364e-07
-1.02421e-07
-1.02479e-07
-1.02536e-07
-1.02592e-07
-1.02649e-07
-1.02705e-07
-1.02761e-07
-1.02817e-07
-1.02872e-07
-1.02928e-07
-1.02983e-07
-1.03038e-07
-1.03093e-07
-1.03147e-07
-1.03202e-07
-1.03256e-07
-1.03309e-07
-1.03363e-07
-1.03417e-07
-1.0347e-07
-1.03523e-07
-1.03576e-07
-1.03628e-07
-1.03681e-07
-1.03733e-07
-1.03785e-07
-1.03837e-07
-1.03888e-07
-1.0394e-07
-1.03991e-07
-1.04042e-07
-1.04093e-07
-1.04143e-07
-1.04194e-07
-1.04244e-07
-1.04294e-07
-1.04344e-07
-1.04393e-07
-1.04443e-07
-1.04492e-07
-1.04541e-07
-1.0459e-07
-1.04638e-07
-1.04687e-07
-1.04735e-07
-1.04783e-07
-1.04831e-07
-1.04879e-07
-1.04926e-07
-1.04974e-07
-1.05021e-07
-1.05068e-07
-1.05115e-07
-1.05161e-07
-1.05208e-07
-1.05254e-07
-1.053e-07
-1.05346e-07
-1.05391e-07
-1.05437e-07
-1.05482e-07
-1.05527e-07
-1.05572e-07
-1.05617e-07
-1.05662e-07
-1.05706e-07
-1.05751e-07
-1.05795e-07
-1.05839e-07
-1.05883e-07
-1.05926e-07
-1.0597e-07
-1.06013e-07
-1.06056e-07
-1.06099e-07
-1.06142e-07
-1.06184e-07
-1.06227e-07
-1.06269e-07
-1.06311e-07
-1.06353e-07
-1.06395e-07
-1.06437e-07
-1.06478e-07
-1.06519e-07
-1.0656e-07
-1.06601e-07
-1.06642e-07
-1.06683e-07
-1.06723e-07
-1.06764e-07
-1.06804e-07
-1.06844e-07
-1.06884e-07
-1.06924e-07
-1.06963e-07
-1.07003e-07
-1.07042e-07
-1.07081e-07
-1.0712e-07
-1.07159e-07
-1.07198e-07
-1.07236e-07
-1.07275e-07
-1.07313e-07
-1.07351e-07
-1.07389e-07
-1.07427e-07
-1.07464e-07
-1.07502e-07
-1.07539e-07
-1.07577e-07
-1.07614e-07
-1.07651e-07
-1.07687e-07
-1.07724e-07
-1.07761e-07
-1.07797e-07
-1.07833e-07
-1.07869e-07
-1.07905e-07
-1.07941e-07
-1.07977e-07
-1.08012e-07
-1.08048e-07
-1.08083e-07
-1.08118e-07
-1.08153e-07
-1.08188e-07
-1.08223e-07
-1.08258e-07
-1.08292e-07
-1.08326e-07
-1.08361e-07
-1.08395e-07
-1.08429e-07
-1.08463e-07
-1.08496e-07
-1.0853e-07
-1.08563e-07
-1.08597e-07
-1.0863e-07
-1.08663e-07
-1.08696e-07
-1.08729e-07
-1.08761e-07
-1.08794e-07
-1.08826e-07
-1.08859e-07
-1.08891e-07
-1.08923e-07
-1.08955e-07
-1.08987e-07
-1.09019e-07
-1.0905e-07
-1.09082e-07
-1.09113e-07
-1.09144e-07
-1.09176e-07
-1.09207e-07
-1.09237e-07
-1.09268e-07
-1.09299e-07
-1.09329e-07
-1.0936e-07
-1.0939e-07
-1.0942e-07
-1.09451e-07
-1.09481e-07
-1.0951e-07
-1.0954e-07
-1.0957e-07
-1.09599e-07
-1.09629e-07
-1.09658e-07
-1.09687e-07
-1.09716e-07
-1.09745e-07
-1.09774e-07
-1.09803e-07
-1.09832e-07
-1.0986e-07
-1.09889e-07
-1.09917e-07
-1.09945e-07
-1.09974e-07
-1.10002e-07
-1.10029e-07
-1.10057e-07
-1.10085e-07
-1.10113e-07
-1.1014e-07
-1.10168e-07
-1.10195e-07
-1.10222e-07
-1.10249e-07
-1.10276e-07
-1.10303e-07
-1.1033e-07
-1.10357e-07
-1.10383e-07
-1.1041e-07
-1.10436e-07
-1.10463e-07
-1.10489e-07
-1.10515e-07
-1.10541e-07
-1.10567e-07
-1.10593e-07
-1.10618e-07
-1.10644e-07
-1.1067e-07
-1.10695e-07
-1.1072e-07
-1.10746e-07
-1.10771e-07
-1.10796e-07
-1.10821e-07
-1.10846e-07
-1.10871e-07
-1.10895e-07
-1.1092e-07
-1.10945e-07
-1.10969e-07
-1.10993e-07
-1.11018e-07
-1.11042e-07
-1.11066e-07
-1.1109e-07
-1.11114e-07
-1.11138e-07
-1.11161e-07
-1.11185e-07
-1.11209e-07
-1.11232e-07
-1.11255e-07
-1.11279e-07
-1.11302e-07
-1.11325e-07
-1.11348e-07
-1.11371e-07
-1.11394e-07
-1.11417e-07
-1.1144e-07
-1.11462e-07
-1.11485e-07
-1.11507e-07
-1.1153e-07
-1.11552e-07
-1.11574e-07
-1.11596e-07
-1.11618e-07
-1.1164e-07
-1.11662e-07
-1.11684e-07
-1.11706e-07
-1.11728e-07
-1.11749e-07
-1.11771e-07
-1.11792e-07
-1.11814e-07
-1.11835e-07
-1.11856e-07
-1.11877e-07
-1.11898e-07
-1.11919e-07
-1.1194e-07
-1.11961e-07
-1.11982e-07
-1.12002e-07
-1.12023e-07
-1.12044e-07
-1.12064e-07
-1.12084e-07
-1.12105e-07
-1.12125e-07
-1.12145e-07
-1.12165e-07
-1.12185e-07
-1.12205e-07
-1.12225e-07
-1.12245e-07
-1.12265e-07
-1.12284e-07
-1.12304e-07
-1.12324e-07
-1.12343e-07
-1.12362e-07
-1.12382e-07
-1.12401e-07
-1.1242e-07
-1.12439e-07
-1.12458e-07
-1.12477e-07
-1.12496e-07
-1.12515e-07
-1.12534e-07
-1.12553e-07
-1.12571e-07
-1.1259e-07
-1.12608e-07
-1.12627e-07
-1.12645e-07
-1.12664e-07
-1.12682e-07
-1.127e-07
-1.12718e-07
-1.12736e-07
-1.12754e-07
-1.12772e-07
-1.1279e-07
-1.12808e-07
-1.12826e-07
-1.12843e-07
-1.12861e-07
-1.12879e-07
-1.12896e-07
-1.12913e-07
-1.12931e-07
-1.12948e-07
-1.12965e-07
-1.12983e-07
-1.13e-07
-1.13017e-07
-1.13034e-07
-1.13051e-07
-1.13068e-07
-1.13085e-07
-1.13101e-07
-1.13118e-07
-1.13135e-07
-1.13151e-07
-1.13168e-07
-1.13185e-07
-1.13201e-07
-1.13217e-07
-1.13234e-07
-1.1325e-07
-1.13266e-07
-1.13282e-07
-1.13298e-07
-1.13315e-07
-1.1333e-07
-1.13346e-07
-1.13362e-07
-1.13378e-07
-1.13394e-07
-1.1341e-07
-1.13425e-07
-1.13441e-07
-1.13457e-07
-1.13472e-07
-1.13487e-07
-1.13503e-07
-1.13518e-07
-1.13534e-07
-1.13549e-07
-1.13564e-07
-1.13579e-07
-1.13594e-07
-1.13609e-07
-1.13624e-07
-1.13639e-07
-1.13654e-07
-1.13669e-07
-1.13684e-07
-1.13698e-07
-1.13713e-07
-1.13728e-07
-1.13742e-07
-1.13757e-07
-1.13771e-07
-1.13786e-07
-1.138e-07
-1.13815e-07
-1.13829e-07
-1.13843e-07
-1.13857e-07
-1.13871e-07
-1.13886e-07
-1.139e-07
-1.13914e-07
-1.13928e-07
-1.13941e-07
-1.13955e-07
-1.13969e-07
-1.13983e-07
-1.13997e-07
-1.1401e-07
-1.14024e-07
-1.14038e-07
-1.14051e-07
-1.14065e-07
-1.14078e-07
-1.14092e-07
-1.14105e-07
-1.14118e-07
-1.14131e-07
-1.14145e-07
-1.14158e-07
-1.14171e-07
-1.14184e-07
-1.14197e-07
-1.1421e-07
-1.14223e-07
-1.14236e-07
-1.14249e-07
-1.14262e-07
-1.14275e-07
-1.14287e-07
-1.143e-07
-1.14313e-07
-1.14325e-07
-1.14338e-07
-1.14351e-07
-1.14363e-07
-1.14376e-07
-1.14388e-07
-1.144e-07
-1.14413e-07
-1.14425e-07
-1.14437e-07
-1.1445e-07
-1.14462e-07
-1.14474e-07
-1.14486e-07
-1.14498e-07
-1.1451e-07
-1.14522e-07
-1.14534e-07
-1.14546e-07
-1.14558e-07
-1.1457e-07
-1.14582e-07
-1.14593e-07
-1.14605e-07
-1.14617e-07
-1.14628e-07
-1.1464e-07
-1.14652e-07
-1.14663e-07
-1.14675e-07
-1.14686e-07
-1.14697e-07
-1.14709e-07
-1.1472e-07
-1.14732e-07
-1.14743e-07
-1.14754e-07
-1.14765e-07
-1.14776e-07
-1.14788e-07
-1.14799e-07
-1.1481e-07
-1.14821e-07
-1.14832e-07
-1.14843e-07
-1.14854e-07
-1.14865e-07
-1.14875e-07
-1.14886e-07
-1.14897e-07
-1.14908e-07
-1.14919e-07
-1.14929e-07
-1.1494e-07
-1.14951e-07
-1.14961e-07
-1.14972e-07
-1.14982e-07
-1.14993e-07
-1.15003e-07
-1.15014e-07
-3.66385e-06
-7.93133e-06
-1.17959e-05
-1.497e-05
-1.74507e-05
-1.93192e-05
-2.0673e-05
-2.16046e-05
-2.21953e-05
-2.25148e-05
-2.26215e-05
-2.25645e-05
-2.23847e-05
-2.21156e-05
-2.17844e-05
-2.14132e-05
-2.10204e-05
-2.06201e-05
-2.02236e-05
-1.98395e-05
-1.9474e-05
-1.9132e-05
-1.88166e-05
-1.85311e-05
-1.82775e-05
-1.80573e-05
-1.78714e-05
-1.77205e-05
-1.76047e-05
-1.75244e-05
-1.74798e-05
-1.74716e-05
-1.75015e-05
-1.75711e-05
-1.76825e-05
-1.78375e-05
-1.80385e-05
-1.82883e-05
-1.85911e-05
-1.89529e-05
-1.93804e-05
-1.98813e-05
-2.04641e-05
-2.1141e-05
-2.19277e-05
-2.28417e-05
-2.39056e-05
-2.51503e-05
-2.6612e-05
-2.83426e-05
-3.0406e-05
-3.28952e-05
-3.59378e-05
-3.97165e-05
-4.45068e-05
-5.07421e-05
-5.9164e-05
-7.11518e-05
-8.96557e-05
-0.000122019
-0.00018685
-0.000300805
-0.000386355
-0.000409307
-0.000400438
-0.000379537
-0.000353843
-0.000324364
-0.000290024
-0.00024953
-0.000202829
-0.000152591
-0.000104499
-6.47702e-05
-3.65028e-05
-1.86552e-05
-8.11655e-06
-1.95773e-06
1.72961e-06
3.97133e-06
5.27167e-06
5.87769e-06
5.92039e-06
5.48013e-06
4.61529e-06
3.37485e-06
1.80378e-06
-5.4765e-08
-2.15849e-06
-4.4662e-06
-6.93824e-06
-9.53671e-06
-1.22261e-05
-1.49738e-05
-1.77503e-05
-2.05294e-05
-2.32884e-05
-2.60078e-05
-2.86714e-05
-3.12664e-05
-3.37823e-05
-3.62116e-05
-3.85491e-05
-4.07913e-05
-4.29374e-05
-4.49874e-05
-4.69425e-05
-4.88055e-05
-5.05806e-05
-5.22715e-05
-5.38834e-05
-5.54228e-05
-5.68947e-05
-5.83072e-05
-5.96667e-05
-6.09828e-05
-6.22619e-05
-6.35146e-05
-6.475e-05
-6.59812e-05
-6.72181e-05
-6.84756e-05
-6.97674e-05
-7.11115e-05
-7.2526e-05
-7.40305e-05
-7.56465e-05
-7.73983e-05
-7.93127e-05
-8.14181e-05
-8.37425e-05
-8.63141e-05
-8.91602e-05
-9.23049e-05
-9.5764e-05
-9.95346e-05
-0.000103594
-0.000107883
-0.000112292
-0.000116646
-0.0001207
-0.000124128
-0.000126554
-0.000127593
-0.000126911
-0.000124306
-0.000119723
-0.000113254
-0.000105094
-9.55008e-05
-8.47727e-05
-7.32558e-05
-6.13701e-05
-4.96093e-05
-3.85325e-05
-2.86759e-05
-2.04487e-05
-1.40247e-05
-9.31319e-06
-6.04224e-06
-3.8667e-06
-2.46051e-06
-1.56628e-06
-1.00003e-06
-6.39474e-07
-4.06691e-07
-2.53258e-07
-1.49452e-07
-7.71002e-08
-2.50577e-08
1.35659e-08
4.30865e-08
6.62549e-08
8.48614e-08
1.001e-07
1.12789e-07
1.23504e-07
1.32662e-07
1.40573e-07
1.47472e-07
1.53544e-07
1.58932e-07
1.63754e-07
1.68104e-07
1.72059e-07
1.75685e-07
1.79034e-07
1.8215e-07
1.85073e-07
1.87832e-07
1.90455e-07
1.92964e-07
1.95378e-07
1.97714e-07
1.99986e-07
2.02204e-07
2.04379e-07
2.06519e-07
2.08632e-07
2.10724e-07
2.128e-07
2.14864e-07
2.1692e-07
2.18972e-07
2.21022e-07
2.23073e-07
2.25127e-07
2.27185e-07
2.29249e-07
2.3132e-07
2.33399e-07
2.35487e-07
2.37586e-07
2.39695e-07
2.41816e-07
2.43948e-07
2.46093e-07
2.4825e-07
2.5042e-07
2.52604e-07
2.54801e-07
2.57012e-07
2.59236e-07
2.61475e-07
2.63727e-07
2.65995e-07
2.68276e-07
2.70572e-07
2.72882e-07
2.75207e-07
2.77547e-07
2.79902e-07
2.82271e-07
2.84655e-07
2.87054e-07
2.89467e-07
2.91896e-07
2.94339e-07
2.96798e-07
2.99271e-07
3.01759e-07
3.04262e-07
3.0678e-07
3.09313e-07
3.1186e-07
3.14423e-07
3.17e-07
3.19592e-07
3.22199e-07
3.2482e-07
3.27456e-07
3.30107e-07
3.32773e-07
3.35453e-07
3.38148e-07
3.40857e-07
3.43581e-07
3.46319e-07
3.49072e-07
3.51839e-07
3.5462e-07
3.57415e-07
3.60225e-07
3.63048e-07
3.65886e-07
3.68738e-07
3.71604e-07
3.74483e-07
3.77376e-07
3.80283e-07
3.83204e-07
3.86138e-07
3.89085e-07
3.92046e-07
3.9502e-07
3.98007e-07
4.01007e-07
4.04021e-07
4.07047e-07
4.10086e-07
4.13137e-07
4.16201e-07
4.19278e-07
4.22367e-07
4.25468e-07
4.28581e-07
4.31706e-07
4.34844e-07
4.37992e-07
4.41153e-07
4.44325e-07
4.47508e-07
4.50703e-07
4.53909e-07
4.57125e-07
4.60353e-07
4.63591e-07
4.6684e-07
4.70099e-07
4.73368e-07
4.76648e-07
4.79937e-07
4.83236e-07
4.86545e-07
4.89864e-07
4.93191e-07
4.96528e-07
4.99874e-07
5.03229e-07
5.06592e-07
5.09964e-07
5.13344e-07
5.16732e-07
5.20129e-07
5.23533e-07
5.26944e-07
5.30364e-07
5.3379e-07
5.37223e-07
5.40664e-07
5.44111e-07
5.47565e-07
5.51024e-07
5.54491e-07
5.57963e-07
5.6144e-07
5.64924e-07
5.68412e-07
5.71906e-07
5.75405e-07
5.78909e-07
5.82417e-07
5.85929e-07
5.89446e-07
5.92967e-07
5.96491e-07
6.00019e-07
6.0355e-07
6.07084e-07
6.10622e-07
6.14162e-07
6.17704e-07
6.21249e-07
6.24796e-07
6.28345e-07
6.31895e-07
6.35447e-07
6.39e-07
6.42554e-07
6.46109e-07
6.49664e-07
6.5322e-07
6.56776e-07
6.60332e-07
6.63888e-07
6.67443e-07
6.70997e-07
6.7455e-07
6.78103e-07
6.81654e-07
6.85203e-07
6.8875e-07
6.92296e-07
6.95839e-07
6.9938e-07
7.02918e-07
7.06453e-07
7.09985e-07
7.13514e-07
7.17039e-07
7.20561e-07
7.24078e-07
7.27591e-07
7.311e-07
7.34604e-07
7.38104e-07
7.41598e-07
7.45087e-07
7.48571e-07
7.52049e-07
7.55521e-07
7.58987e-07
7.62447e-07
7.659e-07
7.69346e-07
7.72786e-07
7.76218e-07
7.79643e-07
7.83061e-07
7.86471e-07
7.89872e-07
7.93266e-07
7.96652e-07
8.00028e-07
8.03397e-07
8.06756e-07
8.10106e-07
8.13447e-07
8.16778e-07
8.20099e-07
8.23411e-07
8.26713e-07
8.30004e-07
8.33285e-07
8.36555e-07
8.39815e-07
8.43063e-07
8.463e-07
8.49526e-07
8.52741e-07
8.55943e-07
8.59134e-07
8.62313e-07
8.6548e-07
8.68634e-07
8.71776e-07
8.74904e-07
8.78021e-07
8.81124e-07
8.84213e-07
8.8729e-07
8.90353e-07
8.93402e-07
8.96438e-07
8.99459e-07
9.02467e-07
9.0546e-07
9.08438e-07
9.11403e-07
9.14352e-07
9.17287e-07
9.20206e-07
9.23111e-07
9.26e-07
9.28874e-07
9.31732e-07
9.34575e-07
9.37402e-07
9.40213e-07
9.43007e-07
9.45786e-07
9.48549e-07
9.51295e-07
9.54024e-07
9.56737e-07
9.59434e-07
9.62113e-07
9.64776e-07
9.67421e-07
9.70049e-07
9.7266e-07
9.75254e-07
9.7783e-07
9.80388e-07
9.82929e-07
9.85452e-07
9.87957e-07
9.90444e-07
9.92914e-07
9.95365e-07
9.97798e-07
1.00021e-06
1.00261e-06
1.00499e-06
1.00735e-06
1.00969e-06
1.01201e-06
1.01431e-06
1.0166e-06
1.01886e-06
1.02111e-06
1.02334e-06
1.02555e-06
1.02775e-06
1.02992e-06
1.03208e-06
1.03421e-06
1.03633e-06
1.03843e-06
1.04051e-06
1.04257e-06
1.04461e-06
1.04663e-06
1.04864e-06
1.05062e-06
1.05258e-06
1.05452e-06
1.05645e-06
1.05835e-06
1.06024e-06
1.0621e-06
1.06394e-06
1.06577e-06
1.06757e-06
1.06936e-06
1.07112e-06
1.07286e-06
1.07459e-06
1.07629e-06
1.07797e-06
1.07964e-06
1.08128e-06
1.0829e-06
1.08449e-06
1.08607e-06
1.08762e-06
1.08914e-06
1.09065e-06
1.09213e-06
1.09358e-06
1.09502e-06
1.09643e-06
1.09783e-06
1.0992e-06
1.10055e-06
1.10187e-06
1.10318e-06
1.10447e-06
1.10573e-06
1.10697e-06
1.1082e-06
1.1094e-06
1.11058e-06
1.11175e-06
1.11289e-06
1.11401e-06
1.11511e-06
1.11619e-06
1.11725e-06
1.1183e-06
1.11932e-06
1.12032e-06
1.1213e-06
1.12226e-06
1.1232e-06
1.12412e-06
1.12502e-06
1.1259e-06
1.12676e-06
1.1276e-06
1.12842e-06
1.12922e-06
1.13e-06
1.13077e-06
1.13151e-06
1.13223e-06
1.13293e-06
1.13361e-06
1.13427e-06
1.13492e-06
1.13554e-06
1.13615e-06
1.13673e-06
1.13729e-06
1.13784e-06
1.13837e-06
1.13887e-06
1.13936e-06
1.13983e-06
1.14028e-06
1.14071e-06
1.14112e-06
1.14151e-06
1.14188e-06
1.14224e-06
1.14257e-06
1.14289e-06
1.14319e-06
1.14347e-06
1.14373e-06
1.14397e-06
1.14419e-06
1.1444e-06
1.14458e-06
1.14475e-06
1.1449e-06
1.14503e-06
1.14515e-06
1.14524e-06
1.14532e-06
1.14538e-06
1.14542e-06
1.14545e-06
1.14545e-06
1.14544e-06
1.14541e-06
1.14536e-06
1.1453e-06
1.14522e-06
1.14512e-06
1.145e-06
1.14487e-06
1.14472e-06
1.14455e-06
1.14436e-06
1.14416e-06
1.14394e-06
1.14371e-06
1.14346e-06
1.14319e-06
1.1429e-06
1.1426e-06
1.14228e-06
1.14195e-06
1.1416e-06
1.14123e-06
1.14085e-06
1.14045e-06
1.14003e-06
1.1396e-06
1.13916e-06
1.13869e-06
1.13822e-06
1.13772e-06
1.13721e-06
1.13669e-06
1.13615e-06
1.13559e-06
1.13503e-06
1.13444e-06
1.13384e-06
1.13323e-06
1.1326e-06
1.13196e-06
1.13131e-06
1.13064e-06
1.12996e-06
1.12927e-06
1.12857e-06
1.12785e-06
1.12711e-06
1.12637e-06
1.12561e-06
1.12484e-06
1.12405e-06
1.12325e-06
1.12244e-06
1.12162e-06
1.12078e-06
1.11993e-06
1.11906e-06
1.11819e-06
1.1173e-06
1.11639e-06
1.11548e-06
1.11455e-06
1.11361e-06
1.11265e-06
1.11168e-06
1.1107e-06
1.10971e-06
1.10869e-06
1.10766e-06
1.10661e-06
1.10554e-06
1.10445e-06
1.10335e-06
1.10222e-06
1.10107e-06
1.09991e-06
1.09873e-06
1.09754e-06
1.09633e-06
1.0951e-06
1.09386e-06
1.09261e-06
1.09134e-06
1.09006e-06
1.08877e-06
1.08746e-06
1.08614e-06
1.08481e-06
1.08347e-06
1.08212e-06
1.08076e-06
1.07938e-06
1.078e-06
1.07661e-06
1.0752e-06
1.07379e-06
1.07236e-06
1.07093e-06
1.06949e-06
1.06804e-06
1.06657e-06
1.0651e-06
1.06362e-06
1.06213e-06
1.06063e-06
1.05912e-06
1.05761e-06
1.05608e-06
1.05455e-06
1.053e-06
1.05145e-06
1.04989e-06
1.04832e-06
1.04674e-06
1.04516e-06
1.04356e-06
1.04196e-06
1.04035e-06
1.03873e-06
1.0371e-06
1.03547e-06
1.03382e-06
1.03217e-06
1.03051e-06
1.02884e-06
1.02717e-06
1.02549e-06
1.0238e-06
1.0221e-06
1.02039e-06
1.01868e-06
1.01696e-06
1.01523e-06
1.0135e-06
1.01175e-06
1.01e-06
1.00825e-06
1.00648e-06
1.00471e-06
1.00294e-06
1.00115e-06
9.99363e-07
9.97566e-07
9.95762e-07
9.93952e-07
9.92136e-07
9.90313e-07
9.88483e-07
9.86648e-07
9.84807e-07
9.82959e-07
9.81106e-07
9.79246e-07
9.77381e-07
9.7551e-07
9.73633e-07
9.7175e-07
9.69862e-07
9.67969e-07
9.6607e-07
9.64166e-07
9.62256e-07
9.60341e-07
9.58421e-07
9.56496e-07
9.54566e-07
9.52631e-07
9.50691e-07
9.48746e-07
9.46797e-07
9.44843e-07
9.42884e-07
9.40921e-07
9.38953e-07
9.36981e-07
9.35004e-07
9.33023e-07
9.31038e-07
9.29049e-07
9.27056e-07
9.25059e-07
9.23058e-07
9.21053e-07
9.19044e-07
9.17032e-07
9.15015e-07
9.12995e-07
9.10972e-07
9.08947e-07
9.06919e-07
9.04889e-07
9.02858e-07
9.00825e-07
8.9879e-07
8.96754e-07
8.94717e-07
8.92678e-07
8.90638e-07
8.88596e-07
8.86552e-07
8.84508e-07
8.82461e-07
8.80413e-07
8.78363e-07
8.76312e-07
8.74258e-07
8.72203e-07
8.70147e-07
8.68088e-07
8.66028e-07
8.63965e-07
8.61901e-07
8.59835e-07
8.57768e-07
8.55698e-07
8.53627e-07
8.51554e-07
8.49475e-07
8.4739e-07
8.45295e-07
8.4319e-07
8.41074e-07
8.38947e-07
8.3681e-07
8.34663e-07
8.32505e-07
8.30338e-07
8.28163e-07
8.25979e-07
8.23789e-07
8.21591e-07
8.19388e-07
8.17179e-07
8.14966e-07
8.12748e-07
8.10527e-07
8.08302e-07
8.06075e-07
8.03846e-07
8.01614e-07
7.99382e-07
7.97148e-07
7.94913e-07
7.92677e-07
7.90441e-07
7.88205e-07
7.85969e-07
7.83733e-07
7.81497e-07
7.79262e-07
7.77027e-07
7.74793e-07
7.7256e-07
7.70328e-07
7.68096e-07
7.65866e-07
7.63637e-07
7.61408e-07
7.59181e-07
7.56956e-07
7.54731e-07
7.52508e-07
7.50286e-07
7.48065e-07
7.45846e-07
7.43628e-07
7.41412e-07
7.39197e-07
7.36983e-07
7.34771e-07
7.32561e-07
7.30352e-07
7.28145e-07
7.25939e-07
7.23734e-07
7.21532e-07
7.1933e-07
7.17131e-07
7.14933e-07
7.12737e-07
7.10542e-07
7.08349e-07
7.06158e-07
7.03969e-07
7.01781e-07
6.99595e-07
6.97411e-07
6.95228e-07
6.93048e-07
6.90869e-07
6.88692e-07
6.86517e-07
6.84343e-07
6.82172e-07
6.80003e-07
6.77835e-07
6.7567e-07
6.73506e-07
6.71345e-07
6.69185e-07
6.67028e-07
6.64872e-07
6.62719e-07
6.60568e-07
6.58419e-07
6.56272e-07
6.54127e-07
6.51985e-07
6.49845e-07
6.47707e-07
6.45571e-07
6.43438e-07
6.41306e-07
6.39178e-07
6.37051e-07
6.34927e-07
6.32806e-07
6.30687e-07
6.2857e-07
6.26456e-07
6.24344e-07
6.22235e-07
6.20128e-07
6.18024e-07
6.15922e-07
6.13823e-07
6.11727e-07
6.09634e-07
6.07543e-07
6.05455e-07
6.03369e-07
6.01286e-07
5.99206e-07
5.97129e-07
5.95055e-07
5.92983e-07
5.90914e-07
5.88849e-07
5.86786e-07
5.84726e-07
5.82669e-07
5.80614e-07
5.78563e-07
5.76515e-07
5.7447e-07
5.72428e-07
5.70389e-07
5.68353e-07
5.6632e-07
5.6429e-07
5.62263e-07
5.6024e-07
5.5822e-07
5.56202e-07
5.54188e-07
5.52178e-07
5.5017e-07
5.48166e-07
5.46165e-07
5.44167e-07
5.42173e-07
5.40182e-07
5.38194e-07
5.3621e-07
5.34229e-07
5.32251e-07
5.30277e-07
5.28306e-07
5.26339e-07
5.24375e-07
5.22415e-07
5.20458e-07
5.18504e-07
5.16554e-07
5.14608e-07
5.12665e-07
5.10726e-07
5.0879e-07
5.06858e-07
5.04929e-07
5.03005e-07
5.01083e-07
4.99166e-07
4.97251e-07
4.95341e-07
4.93434e-07
4.91531e-07
4.89632e-07
4.87736e-07
4.85844e-07
4.83956e-07
4.82072e-07
4.80191e-07
4.78314e-07
4.76441e-07
4.74572e-07
4.72706e-07
4.70844e-07
4.68986e-07
4.67132e-07
4.65282e-07
4.63435e-07
4.61593e-07
4.59754e-07
4.57919e-07
4.56088e-07
4.54261e-07
4.52438e-07
4.50619e-07
4.48803e-07
4.46992e-07
4.45184e-07
4.43381e-07
4.41581e-07
4.39785e-07
4.37994e-07
4.36206e-07
4.34422e-07
4.32642e-07
4.30867e-07
4.29095e-07
4.27327e-07
4.25563e-07
4.23803e-07
4.22047e-07
4.20296e-07
4.18548e-07
4.16804e-07
4.15065e-07
4.13329e-07
4.11597e-07
4.0987e-07
4.08147e-07
4.06427e-07
4.04712e-07
4.03001e-07
4.01293e-07
3.9959e-07
3.97891e-07
3.96196e-07
3.94506e-07
3.92819e-07
3.91136e-07
3.89458e-07
3.87783e-07
3.86113e-07
3.84447e-07
3.82785e-07
3.81127e-07
3.79473e-07
3.77823e-07
3.76178e-07
3.74536e-07
3.72899e-07
3.71266e-07
3.69637e-07
3.68012e-07
3.66391e-07
3.64774e-07
3.63162e-07
3.61554e-07
3.5995e-07
3.58351e-07
3.56757e-07
3.55167e-07
3.53582e-07
3.52002e-07
3.50427e-07
3.48857e-07
3.47292e-07
3.45731e-07
3.44175e-07
3.42624e-07
3.41077e-07
3.39535e-07
3.37997e-07
3.36464e-07
3.34936e-07
3.33412e-07
3.31892e-07
3.30376e-07
3.28865e-07
3.27359e-07
3.25856e-07
3.24358e-07
3.22864e-07
3.21374e-07
3.19888e-07
3.18406e-07
3.16928e-07
3.15455e-07
3.13986e-07
3.1252e-07
3.11059e-07
3.09602e-07
3.08148e-07
3.06699e-07
3.05254e-07
3.03812e-07
3.02375e-07
3.00941e-07
2.9951e-07
2.9808e-07
2.96651e-07
2.95223e-07
2.93795e-07
2.92368e-07
2.9094e-07
2.89513e-07
2.88087e-07
2.86661e-07
2.85237e-07
2.83813e-07
2.82392e-07
2.80971e-07
2.79553e-07
2.78137e-07
2.76723e-07
2.75312e-07
2.73904e-07
2.72499e-07
2.71097e-07
2.69699e-07
2.68303e-07
2.66912e-07
2.65524e-07
2.6414e-07
2.6276e-07
2.61384e-07
2.60013e-07
2.58645e-07
2.57282e-07
2.55923e-07
2.54568e-07
2.53218e-07
2.51872e-07
2.5053e-07
2.49193e-07
2.47861e-07
2.46533e-07
2.4521e-07
2.43891e-07
2.42577e-07
2.41267e-07
2.39961e-07
2.38661e-07
2.37365e-07
2.36073e-07
2.34786e-07
2.33503e-07
2.32225e-07
2.30951e-07
2.29682e-07
2.28417e-07
2.27157e-07
2.25901e-07
2.2465e-07
2.23403e-07
2.2216e-07
2.20922e-07
2.19688e-07
2.18458e-07
2.17233e-07
2.16012e-07
2.14795e-07
2.13583e-07
2.12375e-07
2.11171e-07
2.09971e-07
2.08776e-07
2.07584e-07
2.06397e-07
2.05214e-07
2.04036e-07
2.02861e-07
2.0169e-07
2.00524e-07
1.99362e-07
1.98203e-07
1.97049e-07
1.95899e-07
1.94753e-07
1.9361e-07
1.92472e-07
1.91338e-07
1.90208e-07
1.89081e-07
1.87959e-07
1.8684e-07
1.85726e-07
1.84615e-07
1.83508e-07
1.82405e-07
1.81306e-07
1.80211e-07
1.7912e-07
1.78032e-07
1.76948e-07
1.75868e-07
1.74792e-07
1.7372e-07
1.72651e-07
1.71586e-07
1.70525e-07
1.69467e-07
1.68413e-07
1.67363e-07
1.66317e-07
1.65274e-07
1.64235e-07
1.63199e-07
1.62167e-07
1.61139e-07
1.60115e-07
1.59094e-07