0
-1.19549e-06
-2.34628e-06
-3.42921e-06
-4.44771e-06
-5.4057e-06
-6.30686e-06
-7.15455e-06
-7.95191e-06
-8.70184e-06
-9.40701e-06
-1.00699e-05
-1.06929e-05
-1.12782e-05
-1.18279e-05
-1.23438e-05
-1.28279e-05
-1.32819e-05
-1.37074e-05
-1.4106e-05
-1.44792e-05
-1.48282e-05
-1.51545e-05
-1.54592e-05
-1.57436e-05
-1.60087e-05
-1.62556e-05
-1.64853e-05
-1.66988e-05
-1.6897e-05
-1.70808e-05
-1.72509e-05
-1.74082e-05
-1.75534e-05
-1.76872e-05
-1.78103e-05
-1.79233e-05
-1.80267e-05
-1.81212e-05
-1.82073e-05
-1.82855e-05
-1.83562e-05
-1.842e-05
-1.84772e-05
-1.85283e-05
-1.85736e-05
-1.86135e-05
-1.86484e-05
-1.86785e-05
-1.87042e-05
-1.87258e-05
-1.87434e-05
-1.87575e-05
-1.87682e-05
-1.87757e-05
-1.87803e-05
-1.87821e-05
-1.87814e-05
-1.87784e-05
-1.87731e-05
-1.87658e-05
-1.87567e-05
-1.87458e-05
-1.87332e-05
-1.87192e-05
-1.87039e-05
-1.86873e-05
-1.86695e-05
-1.86507e-05
-1.86309e-05
-1.86103e-05
-1.85888e-05
-1.85666e-05
-1.85438e-05
-1.85204e-05
-1.84965e-05
-1.84721e-05
-1.84473e-05
-1.84221e-05
-1.83967e-05
-1.83709e-05
-1.83449e-05
-1.83188e-05
-1.82924e-05
-1.8266e-05
-1.82394e-05
-1.82128e-05
-1.81861e-05
-1.81595e-05
-1.81328e-05
-1.81061e-05
-1.80795e-05
-1.8053e-05
-1.80265e-05
-1.80001e-05
-1.79738e-05
-1.79476e-05
-1.79216e-05
-1.78957e-05
-1.78699e-05
-1.78443e-05
-1.78188e-05
-1.77935e-05
-1.77684e-05
-1.77435e-05
-1.77187e-05
-1.76941e-05
-1.76697e-05
-1.76455e-05
-1.76215e-05
-1.75977e-05
-1.7574e-05
-1.75506e-05
-1.75274e-05
-1.75043e-05
-1.74815e-05
-1.74588e-05
-1.74364e-05
-1.74141e-05
-1.73921e-05
-1.73702e-05
-1.73486e-05
-1.73271e-05
-1.73058e-05
-1.72847e-05
-1.72638e-05
-1.7243e-05
-1.72225e-05
-1.72021e-05
-1.71819e-05
-1.71619e-05
-1.71421e-05
-1.71224e-05
-1.71029e-05
-1.70836e-05
-1.70644e-05
-1.70454e-05
-1.70266e-05
-1.70079e-05
-1.69894e-05
-1.6971e-05
-1.69528e-05
-1.69347e-05
-1.69168e-05
-1.6899e-05
-1.68814e-05
-1.68639e-05
-1.68465e-05
-1.68293e-05
-1.68122e-05
-1.67952e-05
-1.67784e-05
-1.67617e-05
-1.67451e-05
-1.67286e-05
-1.67123e-05
-1.66961e-05
-1.668e-05
-1.6664e-05
-1.66481e-05
-1.66324e-05
-1.66167e-05
-1.66012e-05
-1.65857e-05
-1.65704e-05
-1.65552e-05
-1.654e-05
-1.6525e-05
-1.651e-05
-1.64952e-05
-1.64804e-05
-1.64658e-05
-1.64512e-05
-1.64367e-05
-1.64223e-05
-1.6408e-05
-1.63938e-05
-1.63797e-05
-1.63656e-05
-1.63516e-05
-1.63377e-05
-1.63239e-05
-1.63102e-05
-1.62965e-05
-1.6283e-05
-1.62695e-05
-1.62561e-05
-1.62427e-05
-1.62295e-05
-1.62163e-05
-1.62032e-05
-1.61901e-05
-1.61771e-05
-1.61642e-05
-1.61514e-05
-1.61387e-05
-1.6126e-05
-1.61134e-05
-1.61008e-05
-1.60883e-05
-1.60759e-05
-1.60636e-05
-1.60513e-05
-1.60391e-05
-1.60269e-05
-1.60149e-05
-1.60028e-05
-1.59909e-05
-1.5979e-05
-1.59672e-05
-1.59554e-05
-1.59437e-05
-1.59321e-05
-1.59205e-05
-1.5909e-05
-1.58976e-05
-1.58862e-05
-1.58749e-05
-1.58636e-05
-1.58524e-05
-1.58413e-05
-1.58302e-05
-1.58192e-05
-1.58082e-05
-1.57973e-05
-1.57864e-05
-1.57757e-05
-1.57649e-05
-1.57542e-05
-1.57436e-05
-1.57331e-05
-1.57226e-05
-1.57121e-05
-1.57017e-05
-1.56914e-05
-1.56811e-05
-1.56709e-05
-1.56607e-05
-1.56506e-05
-1.56406e-05
-1.56306e-05
-1.56206e-05
-1.56108e-05
-1.56009e-05
-1.55911e-05
-1.55814e-05
-1.55717e-05
-1.55621e-05
-1.55526e-05
-1.55431e-05
-1.55336e-05
-1.55242e-05
-1.55148e-05
-1.55055e-05
-1.54963e-05
-1.54871e-05
-1.5478e-05
-1.54689e-05
-1.54598e-05
-1.54509e-05
-1.54419e-05
-1.5433e-05
-1.54242e-05
-1.54154e-05
-1.54067e-05
-1.5398e-05
-1.53894e-05
-1.53808e-05
-1.53723e-05
-1.53638e-05
-1.53554e-05
-1.5347e-05
-1.53387e-05
-1.53304e-05
-1.53222e-05
-1.5314e-05
-1.53058e-05
-1.52978e-05
-1.52897e-05
-1.52817e-05
-1.52738e-05
-1.52659e-05
-1.52581e-05
-1.52503e-05
-1.52425e-05
-1.52348e-05
-1.52272e-05
-1.52196e-05
-1.5212e-05
-1.52045e-05
-1.5197e-05
-1.51896e-05
-1.51822e-05
-1.51749e-05
-1.51676e-05
-1.51604e-05
-1.51532e-05
-1.5146e-05
-1.51389e-05
-1.51319e-05
-1.51249e-05
-1.51179e-05
-1.5111e-05
-1.51041e-05
-1.50973e-05
-1.50905e-05
-1.50837e-05
-1.5077e-05
-1.50704e-05
-1.50638e-05
-1.50572e-05
-1.50507e-05
-1.50442e-05
-1.50377e-05
-1.50313e-05
-1.5025e-05
-1.50186e-05
-1.50124e-05
-1.50061e-05
-1.49999e-05
-1.49938e-05
-1.49877e-05
-1.49816e-05
-1.49756e-05
-1.49696e-05
-1.49636e-05
-1.49577e-05
-1.49518e-05
-1.4946e-05
-1.49402e-05
-1.49345e-05
-1.49287e-05
-1.49231e-05
-1.49174e-05
-1.49118e-05
-1.49063e-05
-1.49007e-05
-1.48953e-05
-1.48898e-05
-1.48844e-05
-1.4879e-05
-1.48737e-05
-1.48684e-05
-1.48631e-05
-1.48579e-05
-1.48527e-05
-1.48476e-05
-1.48425e-05
-1.48374e-05
-1.48323e-05
-1.48273e-05
-1.48223e-05
-1.48174e-05
-1.48125e-05
-1.48076e-05
-1.48028e-05
-1.4798e-05
-1.47932e-05
-1.47885e-05
-1.47838e-05
-1.47791e-05
-1.47745e-05
-1.47699e-05
-1.47653e-05
-1.47608e-05
-1.47563e-05
-1.47518e-05
-1.47474e-05
-1.4743e-05
-1.47386e-05
-1.47343e-05
-1.47299e-05
-1.47257e-05
-1.47214e-05
-1.47172e-05
-1.4713e-05
-1.47088e-05
-1.47047e-05
-1.47006e-05
-1.46966e-05
-1.46925e-05
-1.46885e-05
-1.46845e-05
-1.46806e-05
-1.46767e-05
-1.46728e-05
-1.46689e-05
-1.46651e-05
-1.46613e-05
-1.46575e-05
-1.46537e-05
-1.465e-05
-1.46463e-05
-1.46426e-05
-1.4639e-05
-1.46354e-05
-1.46318e-05
-1.46282e-05
-1.46247e-05
-1.46212e-05
-1.46177e-05
-1.46142e-05
-1.46108e-05
-1.46074e-05
-1.4604e-05
-1.46007e-05
-1.45973e-05
-1.4594e-05
-1.45908e-05
-1.45875e-05
-1.45843e-05
-1.45811e-05
-1.45779e-05
-1.45747e-05
-1.45716e-05
-1.45685e-05
-1.45654e-05
-1.45623e-05
-1.45593e-05
-1.45563e-05
-1.45533e-05
-1.45503e-05
-1.45473e-05
-1.45444e-05
-1.45415e-05
-1.45386e-05
-1.45358e-05
-1.45329e-05
-1.45301e-05
-1.45273e-05
-1.45245e-05
-1.45218e-05
-1.4519e-05
-1.45163e-05
-1.45136e-05
-1.4511e-05
-1.45083e-05
-1.45057e-05
-1.45031e-05
-1.45005e-05
-1.44979e-05
-1.44953e-05
-1.44928e-05
-1.44903e-05
-1.44878e-05
-1.44853e-05
-1.44829e-05
-1.44804e-05
-1.4478e-05
-1.44756e-05
-1.44732e-05
-1.44709e-05
-1.44685e-05
-1.44662e-05
-1.44639e-05
-1.44616e-05
-1.44593e-05
-1.4457e-05
-1.44548e-05
-1.44526e-05
-1.44504e-05
-1.44482e-05
-1.4446e-05
-1.44439e-05
-1.44417e-05
-1.44396e-05
-1.44375e-05
-1.44354e-05
-1.44333e-05
-1.44313e-05
-1.44292e-05
-1.44272e-05
-1.44252e-05
-1.44232e-05
-1.44212e-05
-1.44192e-05
-1.44173e-05
-1.44153e-05
-1.44134e-05
-1.44115e-05
-1.44096e-05
-1.44077e-05
-1.44059e-05
-1.4404e-05
-1.44022e-05
-1.44004e-05
-1.43986e-05
-1.43968e-05
-1.4395e-05
-1.43932e-05
-1.43915e-05
-1.43897e-05
-1.4388e-05
-1.43863e-05
-1.43846e-05
-1.43829e-05
-1.43812e-05
-1.43796e-05
-1.43779e-05
-1.43763e-05
-1.43747e-05
-1.43731e-05
-1.43715e-05
-1.43699e-05
-1.43683e-05
-1.43667e-05
-1.43652e-05
-1.43637e-05
-1.43621e-05
-1.43606e-05
-1.43591e-05
-1.43576e-05
-1.43561e-05
-1.43547e-05
-1.43532e-05
-1.43518e-05
-1.43503e-05
-1.43489e-05
-1.43475e-05
-1.43461e-05
-1.43447e-05
-1.43433e-05
-1.4342e-05
-1.43406e-05
-1.43392e-05
-1.43379e-05
-1.43366e-05
-1.43353e-05
-1.4334e-05
-1.43327e-05
-1.43314e-05
-1.43301e-05
-1.43288e-05
-1.43276e-05
-1.43263e-05
-1.43251e-05
-1.43238e-05
-1.43226e-05
-1.43214e-05
-1.43202e-05
-1.4319e-05
-1.43178e-05
-1.43166e-05
-1.43155e-05
-1.43143e-05
-1.43131e-05
-1.4312e-05
-1.43109e-05
-1.43097e-05
-1.43086e-05
-1.43075e-05
-1.43064e-05
-1.43053e-05
-1.43043e-05
-1.43032e-05
-1.43021e-05
-1.4301e-05
-1.43e-05
-1.4299e-05
-1.42979e-05
-1.42969e-05
-1.42959e-05
-1.42949e-05
-1.42939e-05
-1.42929e-05
-1.42919e-05
-1.42909e-05
-1.42899e-05
-1.42889e-05
-1.4288e-05
-1.4287e-05
-1.42861e-05
-1.42851e-05
-1.42842e-05
-1.42833e-05
-1.42824e-05
-1.42815e-05
-1.42805e-05
-1.42797e-05
-1.42788e-05
-1.42779e-05
-1.4277e-05
-1.42761e-05
-1.42753e-05
-1.42744e-05
-1.42735e-05
-1.42727e-05
-1.42719e-05
-1.4271e-05
-1.42702e-05
-1.42694e-05
-1.42686e-05
-1.42677e-05
-1.42669e-05
-1.42661e-05
-1.42654e-05
-1.42646e-05
-1.42638e-05
-1.4263e-05
-1.42622e-05
-1.42615e-05
-1.42607e-05
-1.426e-05
-1.42592e-05
-1.42585e-05
-1.42577e-05
-1.4257e-05
-1.42563e-05
-1.42556e-05
-1.42549e-05
-1.42541e-05
-1.42534e-05
-1.42527e-05
-1.4252e-05
-1.42514e-05
-1.42507e-05
-1.425e-05
-1.42493e-05
-1.42486e-05
-1.4248e-05
-1.42473e-05
-1.42467e-05
-1.4246e-05
-1.42454e-05
-1.42447e-05
-1.42441e-05
-1.42435e-05
-1.42428e-05
-1.42422e-05
-1.42416e-05
-1.4241e-05
-1.42404e-05
-1.42397e-05
-1.42391e-05
-1.42385e-05
-1.4238e-05
-1.42374e-05
-1.42368e-05
-1.42362e-05
-1.42356e-05
-1.42351e-05
-1.42345e-05
-1.42339e-05
-1.42334e-05
-1.42328e-05
-1.42322e-05
-1.42317e-05
-1.42312e-05
-1.42306e-05
-1.42301e-05
-1.42295e-05
-1.4229e-05
-1.42285e-05
-1.4228e-05
-1.42274e-05
-1.42269e-05
-1.42264e-05
-1.42259e-05
-1.42254e-05
-1.42249e-05
-1.42244e-05
-1.42239e-05
-1.42234e-05
-1.42229e-05
-1.42225e-05
-1.4222e-05
-1.42215e-05
-1.4221e-05
-1.42206e-05
-1.42201e-05
-1.42196e-05
-1.42192e-05
-1.42187e-05
-1.42182e-05
-1.42178e-05
-1.42173e-05
-1.42169e-05
-1.42165e-05
-1.4216e-05
-1.42156e-05
-1.42151e-05
-1.42147e-05
-1.42143e-05
-1.42139e-05
-1.42134e-05
-1.4213e-05
-1.42126e-05
-1.42122e-05
-1.42118e-05
-1.42114e-05
-1.4211e-05
-1.42106e-05
-1.42102e-05
-1.42098e-05
-1.42094e-05
-1.4209e-05
-1.42086e-05
-1.42082e-05
-1.42078e-05
-1.42075e-05
-1.42071e-05
-1.42067e-05
-1.42063e-05
-1.4206e-05
-1.42056e-05
-1.42052e-05
-1.42049e-05
-1.42045e-05
-1.42041e-05
-1.42038e-05
-1.42034e-05
-1.42031e-05
-1.42027e-05
-1.42024e-05
-1.4202e-05
-1.42017e-05
-1.42014e-05
-1.4201e-05
-1.42007e-05
-1.42003e-05
-1.42e-05
-1.41997e-05
-1.41994e-05
-1.4199e-05
-1.41987e-05
-1.41984e-05
-1.41981e-05
-1.41978e-05
-1.41974e-05
-1.41971e-05
-1.41968e-05
-1.41965e-05
-1.41962e-05
-1.41959e-05
-1.41956e-05
-1.41953e-05
-1.4195e-05
-1.41947e-05
-1.41944e-05
-1.41941e-05
-1.41938e-05
-1.41935e-05
-1.41933e-05
-1.4193e-05
-1.41927e-05
-1.41924e-05
-1.41921e-05
-1.41918e-05
-1.41916e-05
-1.41913e-05
-1.4191e-05
-1.41908e-05
-1.41905e-05
-1.41902e-05
-1.41899e-05
-1.41897e-05
-1.41894e-05
-1.41892e-05
-1.41889e-05
-1.41886e-05
-1.41884e-05
-1.41881e-05
-1.41879e-05
-1.41876e-05
-1.41874e-05
-1.41871e-05
-1.41869e-05
-1.41866e-05
-1.41864e-05
-1.41862e-05
-1.41859e-05
-1.41857e-05
-1.41854e-05
-1.41852e-05
-1.4185e-05
-1.41847e-05
-1.41845e-05
-1.41843e-05
-1.41841e-05
-1.41838e-05
-1.41836e-05
-1.41834e-05
-1.41832e-05
-1.41829e-05
-1.41827e-05
-1.41825e-05
-1.41823e-05
-1.41821e-05
-1.41819e-05
-1.41816e-05
-1.41814e-05
-1.41812e-05
-1.4181e-05
-1.41808e-05
-1.41806e-05
-1.41804e-05
-1.41802e-05
-1.418e-05
-1.41798e-05
-1.41796e-05
-1.41794e-05
-1.41792e-05
-1.4179e-05
-1.41788e-05
-1.41786e-05
-1.41784e-05
-1.41782e-05
-1.4178e-05
-1.41778e-05
-1.41776e-05
-1.41775e-05
-1.41773e-05
-1.41771e-05
-1.41769e-05
-1.41767e-05
-1.41765e-05
-1.41764e-05
-1.41762e-05
-1.4176e-05
-1.41758e-05
-1.41757e-05
-1.41755e-05
-1.41753e-05
-1.41751e-05
-1.4175e-05
-1.41748e-05
-1.41746e-05
-1.41745e-05
-1.41743e-05
-1.41741e-05
-1.4174e-05
-1.41738e-05
-1.41736e-05
-1.41735e-05
-1.41733e-05
-1.41731e-05
-1.4173e-05
-1.41728e-05
-1.41727e-05
-1.41725e-05
-1.41723e-05
-1.41722e-05
-1.4172e-05
-1.41719e-05
-1.41717e-05
-1.41716e-05
-1.41714e-05
-1.41713e-05
-1.41711e-05
-1.4171e-05
-1.41708e-05
-1.41707e-05
-1.41706e-05
-1.41704e-05
-1.41703e-05
-1.41701e-05
-1.417e-05
-1.41698e-05
-1.41697e-05
-1.41696e-05
-1.41694e-05
-1.41693e-05
-1.41691e-05
-1.4169e-05
-1.41689e-05
-1.41687e-05
-1.41686e-05
-1.41685e-05
-1.41683e-05
-1.41682e-05
-1.41681e-05
-1.4168e-05
-1.41678e-05
-1.41677e-05
-1.41676e-05
-1.41674e-05
-1.41673e-05
-1.41672e-05
-1.41671e-05
-1.41669e-05
-1.41668e-05
-1.41667e-05
-1.41666e-05
-1.41665e-05
-1.41663e-05
-1.41662e-05
-1.41661e-05
-1.4166e-05
-1.41659e-05
-1.41657e-05
-1.41656e-05
-1.41655e-05
-1.41654e-05
-1.41653e-05
-1.41652e-05
-1.41651e-05
-1.4165e-05
-1.41648e-05
-1.41647e-05
-1.41646e-05
-1.41645e-05
-1.41644e-05
-1.41643e-05
-1.41642e-05
-1.41641e-05
-1.4164e-05
-1.41639e-05
-1.41638e-05
-1.41637e-05
-1.41636e-05
-1.41635e-05
-1.41633e-05
-1.41632e-05
-1.41631e-05
-1.4163e-05
-1.41629e-05
-1.41628e-05
-1.41627e-05
-1.41626e-05
-1.41626e-05
-1.41625e-05
-1.41624e-05
-1.41623e-05
-1.41622e-05
-1.41621e-05
-1.4162e-05
-1.41619e-05
-1.41618e-05
-1.41617e-05
-1.41616e-05
-1.41615e-05
-1.41614e-05
-1.41613e-05
-1.41612e-05
-1.41612e-05
-1.41611e-05
-1.4161e-05
-1.41609e-05
-1.41608e-05
-1.41607e-05
-1.41606e-05
-1.41605e-05
-1.41605e-05
-1.41604e-05
-1.41603e-05
-1.41602e-05
-1.41601e-05
-1.416e-05
-1.416e-05
-1.41599e-05
-1.41598e-05
-1.41597e-05
-1.41596e-05
-1.41595e-05
-1.41595e-05
-1.41594e-05
-1.41593e-05
-1.41592e-05
-1.41592e-05
-1.41591e-05
-1.4159e-05
-1.41589e-05
-1.41588e-05
-1.41588e-05
-1.41587e-05
-1.41586e-05
-1.41585e-05
-1.41585e-05
-1.41584e-05
-1.41583e-05
-1.41583e-05
-1.41582e-05
-1.41581e-05
-1.4158e-05
-1.4158e-05
-1.41579e-05
-1.41578e-05
-1.41578e-05
-1.41577e-05
-1.41576e-05
-1.41575e-05
-1.41575e-05
-1.41574e-05
-1.41573e-05
-1.41573e-05
-1.41572e-05
-1.41571e-05
-1.41571e-05
-1.4157e-05
-1.41569e-05
-1.41569e-05
-1.41568e-05
-1.41568e-05
-1.41567e-05
-1.41566e-05
-1.41566e-05
-1.41565e-05
-1.41564e-05
-1.41564e-05
-1.41563e-05
-1.41563e-05
-1.41562e-05
-2.41184e-05
-3.64147e-05
-4.80293e-05
-5.81779e-05
-6.68175e-05
-7.41177e-05
-8.02897e-05
-8.5535e-05
-9.00322e-05
-9.39373e-05
-9.73866e-05
-0.000100501
-0.000103389
-0.000106154
-0.000108894
-0.00011171
-0.000114711
-0.000118021
-0.000121792
-0.000126226
-0.000131608
-0.00013838
-0.000147292
-0.000159786
-0.000179145
-0.0002147
-0.000296724
-0.000455512
-0.000624113
-0.000702391
-0.000728546
-0.000732454
-0.000727593
-0.000719432
-0.000709972
-0.000699893
-0.000689431
-0.000678687
-0.000667717
-0.000656556
-0.00064523
-0.000633754
-0.00062213
-0.000610351
-0.000598398
-0.000586243
-0.000573843
-0.000561143
-0.000548071
-0.000534537
-0.000520428
-0.000505603
-0.000489886
-0.000473051
-0.000454811
-0.000434792
-0.000412512
-0.000387338
-0.000358445
-0.00032478
-0.000285046
-0.000237804
-0.000181831
-0.000116987
-4.56374e-05
2.62868e-05
9.05768e-05
0.000140792
0.000175471
0.000197408
0.000210699
0.000218668
0.000223382
0.00022597
0.000227021
0.000226856
0.000225672
0.000223606
0.000220768
0.000217252
0.000213146
0.000208531
0.000203486
0.000198084
0.000192394
0.000186479
0.000180401
0.000174211
0.000167961
0.000161692
0.000155444
0.000149251
0.000143142
0.000137144
0.000131279
0.000125568
0.000120028
0.000114677
0.00010953
0.000104602
9.99102e-05
9.54704e-05
9.12995e-05
8.74174e-05
8.38451e-05
8.06043e-05
7.77196e-05
7.5212e-05
7.31037e-05
7.14094e-05
7.01375e-05
6.92762e-05
6.88003e-05
6.86598e-05
6.87907e-05
6.91178e-05
6.95719e-05
7.01616e-05
7.09091e-05
7.18234e-05
7.29029e-05
7.41165e-05
7.53989e-05
7.66389e-05
7.76721e-05
7.82799e-05
7.81942e-05
7.71134e-05
7.47373e-05
7.08241e-05
6.52528e-05
5.80875e-05
4.96369e-05
4.04246e-05
3.11328e-05
2.24636e-05
1.49816e-05
9.0032e-06
4.56969e-06
1.50989e-06
-4.56435e-07
-1.62736e-06
-2.25991e-06
-2.55046e-06
-2.63643e-06
-2.60803e-06
-2.52158e-06
-2.41072e-06
-2.29462e-06
-2.18362e-06
-2.08277e-06
-1.99413e-06
-1.91804e-06
-1.85401e-06
-1.80109e-06
-1.75819e-06
-1.72421e-06
-1.69806e-06
-1.67879e-06
-1.66552e-06
-1.65747e-06
-1.65397e-06
-1.65441e-06
-1.65829e-06
-1.66515e-06
-1.67461e-06
-1.68633e-06
-1.70003e-06
-1.71544e-06
-1.73237e-06
-1.75061e-06
-1.77001e-06
-1.79042e-06
-1.81174e-06
-1.83384e-06
-1.85664e-06
-1.88007e-06
-1.90405e-06
-1.92852e-06
-1.95343e-06
-1.97873e-06
-2.00439e-06
-2.03037e-06
-2.05664e-06
-2.08317e-06
-2.10993e-06
-2.13691e-06
-2.16408e-06
-2.19143e-06
-2.21895e-06
-2.24661e-06
-2.2744e-06
-2.30232e-06
-2.33035e-06
-2.35848e-06
-2.3867e-06
-2.41501e-06
-2.44339e-06
-2.47184e-06
-2.50035e-06
-2.52891e-06
-2.55752e-06
-2.58616e-06
-2.61484e-06
-2.64354e-06
-2.67227e-06
-2.70101e-06
-2.72976e-06
-2.75852e-06
-2.78727e-06
-2.81602e-06
-2.84476e-06
-2.87349e-06
-2.90219e-06
-2.93087e-06
-2.95951e-06
-2.98813e-06
-3.0167e-06
-3.04523e-06
-3.07372e-06
-3.10215e-06
-3.13053e-06
-3.15884e-06
-3.1871e-06
-3.21529e-06
-3.2434e-06
-3.27144e-06
-3.2994e-06
-3.32729e-06
-3.35508e-06
-3.38279e-06
-3.4104e-06
-3.43792e-06
-3.46534e-06
-3.49266e-06
-3.51987e-06
-3.54698e-06
-3.57398e-06
-3.60086e-06
-3.62763e-06
-3.65427e-06
-3.6808e-06
-3.7072e-06
-3.73348e-06
-3.75963e-06
-3.78564e-06
-3.81152e-06
-3.83727e-06
-3.86288e-06
-3.88835e-06
-3.91368e-06
-3.93886e-06
-3.9639e-06
-3.98879e-06
-4.01354e-06
-4.03813e-06
-4.06257e-06
-4.08685e-06
-4.11098e-06
-4.13495e-06
-4.15877e-06
-4.18242e-06
-4.20592e-06
-4.22925e-06
-4.25241e-06
-4.27542e-06
-4.29825e-06
-4.32092e-06
-4.34343e-06
-4.36576e-06
-4.38792e-06
-4.40992e-06
-4.43174e-06
-4.45339e-06
-4.47486e-06
-4.49617e-06
-4.5173e-06
-4.53825e-06
-4.55903e-06
-4.57963e-06
-4.60006e-06
-4.62031e-06
-4.64038e-06
-4.66027e-06
-4.67999e-06
-4.69952e-06
-4.71888e-06
-4.73806e-06
-4.75706e-06
-4.77589e-06
-4.79453e-06
-4.81299e-06
-4.83128e-06
-4.84938e-06
-4.8673e-06
-4.88505e-06
-4.90261e-06
-4.92e-06
-4.9372e-06
-4.95422e-06
-4.97107e-06
-4.98773e-06
-5.00421e-06
-5.02052e-06
-5.03664e-06
-5.05258e-06
-5.06835e-06
-5.08393e-06
-5.09934e-06
-5.11456e-06
-5.12961e-06
-5.14448e-06
-5.15917e-06
-5.17369e-06
-5.18802e-06
-5.20218e-06
-5.21616e-06
-5.22997e-06
-5.24359e-06
-5.25705e-06
-5.27032e-06
-5.28343e-06
-5.29635e-06
-5.3091e-06
-5.32168e-06
-5.33409e-06
-5.34632e-06
-5.35838e-06
-5.37027e-06
-5.38198e-06
-5.39353e-06
-5.4049e-06
-5.4161e-06
-5.42714e-06
-5.438e-06
-5.4487e-06
-5.45923e-06
-5.46959e-06
-5.47979e-06
-5.48981e-06
-5.49968e-06
-5.50938e-06
-5.51891e-06
-5.52828e-06
-5.53749e-06
-5.54653e-06
-5.55542e-06
-5.56414e-06
-5.5727e-06
-5.5811e-06
-5.58934e-06
-5.59743e-06
-5.60536e-06
-5.61313e-06
-5.62074e-06
-5.6282e-06
-5.6355e-06
-5.64265e-06
-5.64965e-06
-5.65649e-06
-5.66318e-06
-5.66972e-06
-5.67612e-06
-5.68236e-06
-5.68845e-06
-5.69439e-06
-5.70019e-06
-5.70584e-06
-5.71135e-06
-5.71671e-06
-5.72193e-06
-5.72701e-06
-5.73194e-06
-5.73673e-06
-5.74139e-06
-5.7459e-06
-5.75027e-06
-5.75451e-06
-5.75861e-06
-5.76257e-06
-5.7664e-06
-5.7701e-06
-5.77366e-06
-5.77709e-06
-5.78039e-06
-5.78355e-06
-5.78659e-06
-5.7895e-06
-5.79228e-06
-5.79494e-06
-5.79747e-06
-5.79988e-06
-5.80216e-06
-5.80432e-06
-5.80636e-06
-5.80827e-06
-5.81007e-06
-5.81175e-06
-5.81331e-06
-5.81476e-06
-5.81609e-06
-5.8173e-06
-5.8184e-06
-5.81939e-06
-5.82027e-06
-5.82103e-06
-5.82169e-06
-5.82224e-06
-5.82268e-06
-5.82302e-06
-5.82325e-06
-5.82337e-06
-5.8234e-06
-5.82332e-06
-5.82314e-06
-5.82286e-06
-5.82247e-06
-5.82199e-06
-5.82142e-06
-5.82075e-06
-5.81998e-06
-5.81911e-06
-5.81816e-06
-5.81711e-06
-5.81598e-06
-5.81475e-06
-5.81344e-06
-5.81204e-06
-5.81055e-06
-5.80898e-06
-5.80732e-06
-5.80559e-06
-5.80377e-06
-5.80187e-06
-5.7999e-06
-5.79785e-06
-5.79573e-06
-5.79353e-06
-5.79126e-06
-5.78892e-06
-5.78651e-06
-5.78403e-06
-5.78149e-06
-5.77887e-06
-5.7762e-06
-5.77346e-06
-5.77066e-06
-5.76779e-06
-5.76487e-06
-5.76188e-06
-5.75884e-06
-5.75574e-06
-5.75259e-06
-5.74938e-06
-5.74612e-06
-5.7428e-06
-5.73944e-06
-5.73602e-06
-5.73255e-06
-5.72904e-06
-5.72548e-06
-5.72187e-06
-5.71822e-06
-5.71452e-06
-5.71079e-06
-5.70701e-06
-5.70319e-06
-5.69933e-06
-5.69544e-06
-5.69151e-06
-5.68754e-06
-5.68354e-06
-5.6795e-06
-5.67544e-06
-5.67134e-06
-5.66721e-06
-5.66306e-06
-5.65888e-06
-5.65467e-06
-5.65043e-06
-5.64618e-06
-5.64189e-06
-5.63759e-06
-5.63327e-06
-5.62893e-06
-5.62457e-06
-5.62019e-06
-5.61579e-06
-5.61138e-06
-5.60696e-06
-5.60252e-06
-5.59807e-06
-5.59361e-06
-5.58915e-06
-5.58467e-06
-5.58018e-06
-5.57569e-06
-5.5712e-06
-5.5667e-06
-5.56219e-06
-5.55769e-06
-5.55318e-06
-5.54867e-06
-5.54417e-06
-5.53966e-06
-5.53516e-06
-5.53066e-06
-5.52617e-06
-5.52169e-06
-5.51721e-06
-5.51274e-06
-5.50828e-06
-5.50382e-06
-5.49938e-06
-5.49496e-06
-5.49054e-06
-5.48614e-06
-5.48175e-06
-5.47738e-06
-5.47303e-06
-5.46869e-06
-5.46437e-06
-5.46007e-06
-5.4558e-06
-5.45154e-06
-5.44731e-06
-5.4431e-06
-5.43891e-06
-5.43475e-06
-5.43061e-06
-5.4265e-06
-5.42242e-06
-5.41837e-06
-5.41434e-06
-5.41035e-06
-5.40638e-06
-5.40245e-06
-5.39854e-06
-5.39466e-06
-5.39082e-06
-5.38701e-06
-5.38323e-06
-5.37949e-06
-5.37578e-06
-5.37211e-06
-5.36847e-06
-5.36487e-06
-5.36131e-06
-5.35779e-06
-5.35431e-06
-5.35088e-06
-5.34748e-06
-5.34413e-06
-5.34082e-06
-5.33755e-06
-5.33433e-06
-5.33115e-06
-5.32803e-06
-5.32495e-06
-5.32192e-06
-5.31894e-06
-5.31602e-06
-5.31315e-06
-5.31033e-06
-5.30757e-06
-5.30486e-06
-5.30222e-06
-5.29963e-06
-5.29709e-06
-5.29462e-06
-5.2922e-06
-5.28985e-06
-5.28755e-06
-5.28532e-06
-5.28315e-06
-5.28103e-06
-5.27898e-06
-5.27699e-06
-5.27507e-06
-5.2732e-06
-5.2714e-06
-5.26967e-06
-5.26799e-06
-5.26639e-06
-5.26484e-06
-5.26337e-06
-5.26195e-06
-5.26061e-06
-5.25933e-06
-5.25811e-06
-5.25697e-06
-5.25589e-06
-5.25488e-06
-5.25394e-06
-5.25306e-06
-5.25225e-06
-5.25152e-06
-5.25085e-06
-5.25025e-06
-5.24972e-06
-5.24927e-06
-5.24888e-06
-5.24856e-06
-5.24832e-06
-5.24814e-06
-5.24804e-06
-5.24801e-06
-5.24805e-06
-5.24817e-06
-5.24835e-06
-5.24861e-06
-5.24895e-06
-5.24935e-06
-5.24983e-06
-5.25039e-06
-5.25101e-06
-5.25172e-06
-5.25249e-06
-5.25334e-06
-5.25427e-06
-5.25527e-06
-5.25634e-06
-5.25749e-06
-5.25872e-06
-5.26002e-06
-5.2614e-06
-5.26285e-06
-5.26438e-06
-5.26599e-06
-5.26767e-06
-5.26943e-06
-5.27126e-06
-5.27317e-06
-5.27516e-06
-5.27722e-06
-5.27936e-06
-5.28158e-06
-5.28387e-06
-5.28624e-06
-5.28869e-06
-5.29121e-06
-5.29381e-06
-5.29649e-06
-5.29925e-06
-5.30208e-06
-5.30499e-06
-5.30797e-06
-5.31104e-06
-5.31418e-06
-5.31739e-06
-5.32069e-06
-5.32405e-06
-5.32749e-06
-5.33101e-06
-5.33459e-06
-5.33825e-06
-5.34199e-06
-5.34579e-06
-5.34967e-06
-5.35363e-06
-5.35765e-06
-5.36175e-06
-5.36593e-06
-5.37017e-06
-5.37449e-06
-5.37888e-06
-5.38335e-06
-5.38789e-06
-5.3925e-06
-5.39719e-06
-5.40195e-06
-5.40679e-06
-5.41169e-06
-5.41667e-06
-5.42173e-06
-5.42686e-06
-5.43206e-06
-5.43734e-06
-5.4427e-06
-5.44813e-06
-5.45365e-06
-5.45924e-06
-5.46491e-06
-5.47066e-06
-5.47648e-06
-5.48239e-06
-5.48837e-06
-5.49444e-06
-5.50058e-06
-5.5068e-06
-5.5131e-06
-5.51947e-06
-5.52592e-06
-5.53245e-06
-5.53905e-06
-5.54573e-06
-5.55249e-06
-5.55932e-06
-5.56623e-06
-5.57321e-06
-5.58026e-06
-5.58739e-06
-5.59459e-06
-5.60186e-06
-5.60921e-06
-5.61663e-06
-5.62412e-06
-5.63168e-06
-5.63931e-06
-5.64702e-06
-5.65479e-06
-5.66263e-06
-5.67055e-06
-5.67853e-06
-5.68658e-06
-5.6947e-06
-5.70289e-06
-5.71114e-06
-5.71946e-06
-5.72785e-06
-5.73631e-06
-5.74483e-06
-5.75342e-06
-5.76207e-06
-5.77079e-06
-5.77958e-06
-5.78843e-06
-5.79734e-06
-5.80631e-06
-5.81535e-06
-5.82446e-06
-5.83362e-06
-5.84285e-06
-5.85214e-06
-5.86149e-06
-5.87091e-06
-5.88038e-06
-5.88991e-06
-5.89951e-06
-5.90916e-06
-5.91888e-06
-5.92865e-06
-5.93848e-06
-5.94837e-06
-5.95832e-06
-5.96832e-06
-5.97839e-06
-5.98851e-06
-5.99868e-06
-6.00891e-06
-6.0192e-06
-6.02954e-06
-6.03994e-06
-6.05039e-06
-6.0609e-06
-6.07146e-06
-6.08208e-06
-6.09274e-06
-6.10346e-06
-6.11423e-06
-6.12506e-06
-6.13593e-06
-6.14686e-06
-6.15784e-06
-6.16886e-06
-6.17994e-06
-6.19107e-06
-6.20224e-06
-6.21347e-06
-6.22474e-06
-6.23606e-06
-6.24743e-06
-6.25885e-06
-6.27031e-06
-6.28182e-06
-6.29337e-06
-6.30497e-06
-6.31662e-06
-6.32831e-06
-6.34004e-06
-6.35182e-06
-6.36365e-06
-6.37551e-06
-6.38742e-06
-6.39937e-06
-6.41136e-06
-6.4234e-06
-6.43547e-06
-6.44759e-06
-6.45974e-06
-6.47194e-06
-6.48418e-06
-6.49645e-06
-6.50877e-06
-6.52112e-06
-6.53351e-06
-6.54594e-06
-6.5584e-06
-6.5709e-06
-6.58344e-06
-6.59601e-06
-6.60862e-06
-6.62127e-06
-6.63395e-06
-6.64666e-06
-6.65941e-06
-6.67219e-06
-6.685e-06
-6.69785e-06
-6.71072e-06
-6.72363e-06
-6.73656e-06
-6.74953e-06
-6.76253e-06
-6.77555e-06
-6.78861e-06
-6.8017e-06
-6.81482e-06
-6.82798e-06
-6.84117e-06
-6.85438e-06
-6.86763e-06
-6.88092e-06
-6.89423e-06
-6.90757e-06
-6.92094e-06
-6.93434e-06
-6.94778e-06
-6.96124e-06
-6.97473e-06
-6.98824e-06
-7.00179e-06
-7.01536e-06
-7.02896e-06
-7.04258e-06
-7.05623e-06
-7.06991e-06
-7.0836e-06
-7.09733e-06
-7.11108e-06
-7.12485e-06
-7.13864e-06
-7.15245e-06
-7.16629e-06
-7.18015e-06
-7.19403e-06
-7.20793e-06
-7.22185e-06
-7.23579e-06
-7.24975e-06
-7.26373e-06
-7.27772e-06
-7.29174e-06
-7.30577e-06
-7.31982e-06
-7.33388e-06
-7.34796e-06
-7.36206e-06
-7.37617e-06
-7.3903e-06
-7.40445e-06
-7.4186e-06
-7.43277e-06
-7.44696e-06
-7.46116e-06
-7.47537e-06
-7.48959e-06
-7.50383e-06
-7.51807e-06
-7.53233e-06
-7.5466e-06
-7.56088e-06
-7.57517e-06
-7.58947e-06
-7.60378e-06
-7.6181e-06
-7.63243e-06
-7.64676e-06
-7.66111e-06
-7.67546e-06
-7.68982e-06
-7.70418e-06
-7.71856e-06
-7.73294e-06
-7.74732e-06
-7.76172e-06
-7.77611e-06
-7.79051e-06
-7.80492e-06
-7.81933e-06
-7.83375e-06
-7.84817e-06
-7.86259e-06
-7.87702e-06
-7.89145e-06
-7.90588e-06
-7.92031e-06
-7.93475e-06
-7.94919e-06
-7.96362e-06
-7.97806e-06
-7.99251e-06
-8.00695e-06
-8.02139e-06
-8.03583e-06
-8.05027e-06
-8.06471e-06
-8.07915e-06
-8.09358e-06
-8.10802e-06
-8.12245e-06
-8.13689e-06
-8.15132e-06
-8.16574e-06
-8.18017e-06
-8.19459e-06
-8.209e-06
-8.22341e-06
-8.23782e-06
-8.25223e-06
-8.26663e-06
-8.28102e-06
-8.29541e-06
-8.30979e-06
-8.32417e-06
-8.33854e-06
-8.35291e-06
-8.36727e-06
-8.38162e-06
-8.39596e-06
-8.4103e-06
-8.42463e-06
-8.43895e-06
-8.45327e-06
-8.46758e-06
-8.48187e-06
-8.49616e-06
-8.51044e-06
-8.52471e-06
-8.53897e-06
-8.55322e-06
-8.56747e-06
-8.5817e-06
-8.59592e-06
-8.61013e-06
-8.62433e-06
-8.63851e-06
-8.65269e-06
-8.66686e-06
-8.68101e-06
-8.69515e-06
-8.70928e-06
-8.7234e-06
-8.7375e-06
-8.75159e-06
-8.76567e-06
-8.77974e-06
-8.79379e-06
-8.80782e-06
-8.82185e-06
-8.83586e-06
-8.84985e-06
-8.86383e-06
-8.8778e-06
-8.89175e-06
-8.90569e-06
-8.91961e-06
-8.93352e-06
-8.94741e-06
-8.96128e-06
-8.97514e-06
-8.98898e-06
-9.00281e-06
-9.01661e-06
-9.03041e-06
-9.04418e-06
-9.05794e-06
-9.07168e-06
-9.08541e-06
-9.09911e-06
-9.1128e-06
-9.12647e-06
-9.14012e-06
-9.15376e-06
-9.16737e-06
-9.18097e-06
-9.19455e-06
-9.20811e-06
-9.22165e-06
-9.23517e-06
-9.24867e-06
-9.26215e-06
-9.27561e-06
-9.28906e-06
-9.30248e-06
-9.31588e-06
-9.32927e-06
-9.34263e-06
-9.35597e-06
-9.36929e-06
-1.961e-05
-3.2207e-05
-4.40542e-05
-5.43466e-05
-6.3041e-05
-7.03122e-05
-7.63759e-05
-8.14358e-05
-8.56707e-05
-8.9234e-05
-9.2257e-05
-9.48519e-05
-9.71165e-05
-9.91361e-05
-0.000100987
-0.000102738
-0.000104454
-0.000106195
-0.000108022
-0.000109999
-0.000112194
-0.000114684
-0.000117562
-0.000120943
-0.000124981
-0.000129886
-0.000135965
-0.000143694
-0.00015386
-0.000167892
-0.000188689
-0.00022291
-0.000287038
-0.000410922
-0.000572468
-0.000667623
-0.000707422
-0.00071962
-0.000719155
-0.000713181
-0.000704814
-0.000695302
-0.000685139
-0.000674534
-0.000663595
-0.000652386
-0.000640949
-0.000629307
-0.00061747
-0.000605435
-0.000593185
-0.000580691
-0.000567907
-0.000554772
-0.000541208
-0.000527115
-0.000512368
-0.000496806
-0.000480225
-0.000462368
-0.000442901
-0.000421391
-0.000397273
-0.000369807
-0.000338041
-0.000300775
-0.000256608
-0.000204155
-0.000142675
-7.32932e-05
-4.1757e-07
6.83276e-05
0.000125203
0.000166496
0.000193522
0.000210183
0.000220273
0.000226379
0.000229974
0.000231835
0.000232371
0.000231818
0.000230333
0.000228034
0.000225021
0.000221383
0.000217206
0.000212569
0.000207547
0.000202213
0.000196634
0.000190871
0.000184982
0.000179019
0.000173028
0.000167052
0.000161127
0.000155287
0.00014956
0.000143973
0.00013855
0.000133312
0.000128279
0.000123472
0.000118911
0.000114616
0.000110608
0.000106913
0.000103553
0.000100554
9.79412e-05
9.57356e-05
9.39562e-05
9.26108e-05
9.16971e-05
9.11889e-05
9.10481e-05
9.12144e-05
9.16276e-05
9.22269e-05
9.30324e-05
9.40843e-05
9.542e-05
9.70594e-05
9.90038e-05
0.000101212
0.0001036
0.000106019
0.000108259
0.00011003
0.000110981
0.000110715
0.00010884
0.000105028
9.90883e-05
9.10281e-05
8.10921e-05
6.97583e-05
5.7696e-05
4.56875e-05
3.44998e-05
2.47529e-05
1.68072e-05
1.07281e-05
6.34052e-06
3.33292e-06
1.36049e-06
1.15907e-07
-6.43293e-07
-1.09187e-06
-1.34822e-06
-1.48909e-06
-1.56259e-06
-1.59812e-06
-1.61327e-06
-1.61837e-06
-1.61933e-06
-1.61945e-06
-1.62051e-06
-1.62336e-06
-1.62838e-06
-1.63563e-06
-1.64506e-06
-1.65651e-06
-1.66982e-06
-1.68479e-06
-1.70126e-06
-1.71906e-06
-1.73805e-06
-1.75808e-06
-1.77904e-06
-1.80083e-06
-1.82335e-06
-1.84653e-06
-1.8703e-06
-1.89459e-06
-1.91935e-06
-1.94453e-06
-1.97009e-06
-1.996e-06
-2.02223e-06
-2.04874e-06
-2.0755e-06
-2.10251e-06
-2.12973e-06
-2.15715e-06
-2.18476e-06
-2.21253e-06
-2.24046e-06
-2.26853e-06
-2.29674e-06
-2.32506e-06
-2.3535e-06
-2.38203e-06
-2.41067e-06
-2.43938e-06
-2.46818e-06
-2.49705e-06
-2.52598e-06
-2.55497e-06
-2.58401e-06
-2.61309e-06
-2.64221e-06
-2.67137e-06
-2.70055e-06
-2.72975e-06
-2.75897e-06
-2.7882e-06
-2.81743e-06
-2.84667e-06
-2.8759e-06
-2.90512e-06
-2.93432e-06
-2.96351e-06
-2.99267e-06
-3.02181e-06
-3.05091e-06
-3.07997e-06
-3.109e-06
-3.13798e-06
-3.1669e-06
-3.19578e-06
-3.22459e-06
-3.25335e-06
-3.28203e-06
-3.31065e-06
-3.3392e-06
-3.36766e-06
-3.39605e-06
-3.42436e-06
-3.45257e-06
-3.4807e-06
-3.50873e-06
-3.53666e-06
-3.5645e-06
-3.59223e-06
-3.61985e-06
-3.64736e-06
-3.67477e-06
-3.70205e-06
-3.72922e-06
-3.75627e-06
-3.7832e-06
-3.81e-06
-3.83668e-06
-3.86322e-06
-3.88964e-06
-3.91592e-06
-3.94206e-06
-3.96806e-06
-3.99392e-06
-4.01965e-06
-4.04522e-06
-4.07065e-06
-4.09593e-06
-4.12107e-06
-4.14605e-06
-4.17088e-06
-4.19555e-06
-4.22007e-06
-4.24443e-06
-4.26863e-06
-4.29267e-06
-4.31656e-06
-4.34027e-06
-4.36383e-06
-4.38722e-06
-4.41045e-06
-4.4335e-06
-4.4564e-06
-4.47912e-06
-4.50167e-06
-4.52405e-06
-4.54627e-06
-4.56831e-06
-4.59017e-06
-4.61187e-06
-4.63339e-06
-4.65473e-06
-4.67591e-06
-4.6969e-06
-4.71772e-06
-4.73837e-06
-4.75883e-06
-4.77912e-06
-4.79924e-06
-4.81917e-06
-4.83893e-06
-4.85851e-06
-4.87791e-06
-4.89713e-06
-4.91618e-06
-4.93504e-06
-4.95373e-06
-4.97224e-06
-4.99057e-06
-5.00872e-06
-5.02669e-06
-5.04448e-06
-5.06209e-06
-5.07953e-06
-5.09678e-06
-5.11385e-06
-5.13075e-06
-5.14747e-06
-5.164e-06
-5.18036e-06
-5.19654e-06
-5.21254e-06
-5.22836e-06
-5.24401e-06
-5.25947e-06
-5.27476e-06
-5.28987e-06
-5.30481e-06
-5.31956e-06
-5.33414e-06
-5.34855e-06
-5.36277e-06
-5.37682e-06
-5.3907e-06
-5.4044e-06
-5.41793e-06
-5.43128e-06
-5.44446e-06
-5.45746e-06
-5.47029e-06
-5.48295e-06
-5.49544e-06
-5.50775e-06
-5.5199e-06
-5.53187e-06
-5.54367e-06
-5.5553e-06
-5.56676e-06
-5.57806e-06
-5.58918e-06
-5.60014e-06
-5.61093e-06
-5.62155e-06
-5.63201e-06
-5.6423e-06
-5.65242e-06
-5.66238e-06
-5.67218e-06
-5.68181e-06
-5.69128e-06
-5.70059e-06
-5.70974e-06
-5.71872e-06
-5.72755e-06
-5.73622e-06
-5.74472e-06
-5.75307e-06
-5.76126e-06
-5.76929e-06
-5.77717e-06
-5.78489e-06
-5.79246e-06
-5.79987e-06
-5.80713e-06
-5.81423e-06
-5.82118e-06
-5.82798e-06
-5.83464e-06
-5.84114e-06
-5.84749e-06
-5.85369e-06
-5.85974e-06
-5.86565e-06
-5.87141e-06
-5.87703e-06
-5.8825e-06
-5.88783e-06
-5.89302e-06
-5.89806e-06
-5.90296e-06
-5.90772e-06
-5.91234e-06
-5.91683e-06
-5.92117e-06
-5.92538e-06
-5.92945e-06
-5.93338e-06
-5.93718e-06
-5.94085e-06
-5.94439e-06
-5.94779e-06
-5.95106e-06
-5.9542e-06
-5.95721e-06
-5.9601e-06
-5.96285e-06
-5.96548e-06
-5.96799e-06
-5.97037e-06
-5.97262e-06
-5.97476e-06
-5.97677e-06
-5.97866e-06
-5.98043e-06
-5.98208e-06
-5.98362e-06
-5.98503e-06
-5.98634e-06
-5.98752e-06
-5.9886e-06
-5.98956e-06
-5.99041e-06
-5.99114e-06
-5.99177e-06
-5.99229e-06
-5.9927e-06
-5.99301e-06
-5.9932e-06
-5.9933e-06
-5.99329e-06
-5.99318e-06
-5.99296e-06
-5.99265e-06
-5.99223e-06
-5.99172e-06
-5.9911e-06
-5.99039e-06
-5.98959e-06
-5.98869e-06
-5.98769e-06
-5.98661e-06
-5.98543e-06
-5.98416e-06
-5.9828e-06
-5.98136e-06
-5.97983e-06
-5.97821e-06
-5.97651e-06
-5.97473e-06
-5.97286e-06
-5.97092e-06
-5.9689e-06
-5.9668e-06
-5.96463e-06
-5.96238e-06
-5.96006e-06
-5.95767e-06
-5.9552e-06
-5.95267e-06
-5.95007e-06
-5.9474e-06
-5.94467e-06
-5.94187e-06
-5.939e-06
-5.93607e-06
-5.93308e-06
-5.93003e-06
-5.92692e-06
-5.92375e-06
-5.92053e-06
-5.91725e-06
-5.91391e-06
-5.91052e-06
-5.90707e-06
-5.90357e-06
-5.90003e-06
-5.89643e-06
-5.89278e-06
-5.88909e-06
-5.88535e-06
-5.88156e-06
-5.87774e-06
-5.87387e-06
-5.86995e-06
-5.866e-06
-5.86201e-06
-5.85797e-06
-5.85391e-06
-5.8498e-06
-5.84566e-06
-5.84149e-06
-5.83729e-06
-5.83305e-06
-5.82878e-06
-5.82449e-06
-5.82016e-06
-5.81581e-06
-5.81143e-06
-5.80703e-06
-5.80261e-06
-5.79816e-06
-5.79369e-06
-5.7892e-06
-5.7847e-06
-5.78017e-06
-5.77563e-06
-5.77107e-06
-5.76649e-06
-5.76191e-06
-5.75731e-06
-5.7527e-06
-5.74808e-06
-5.74345e-06
-5.73881e-06
-5.73416e-06
-5.72951e-06
-5.72485e-06
-5.72019e-06
-5.71553e-06
-5.71086e-06
-5.70619e-06
-5.70153e-06
-5.69686e-06
-5.6922e-06
-5.68754e-06
-5.68288e-06
-5.67823e-06
-5.67358e-06
-5.66895e-06
-5.66432e-06
-5.6597e-06
-5.65509e-06
-5.65049e-06
-5.6459e-06
-5.64132e-06
-5.63676e-06
-5.63222e-06
-5.62769e-06
-5.62318e-06
-5.61868e-06
-5.6142e-06
-5.60975e-06
-5.60531e-06
-5.6009e-06
-5.5965e-06
-5.59213e-06
-5.58779e-06
-5.58346e-06
-5.57917e-06
-5.5749e-06
-5.57066e-06
-5.56644e-06
-5.56225e-06
-5.55809e-06
-5.55396e-06
-5.54986e-06
-5.54579e-06
-5.54174e-06
-5.53773e-06
-5.53376e-06
-5.52981e-06
-5.5259e-06
-5.52202e-06
-5.51818e-06
-5.51438e-06
-5.51062e-06
-5.50689e-06
-5.5032e-06
-5.49955e-06
-5.49594e-06
-5.49238e-06
-5.48886e-06
-5.48538e-06
-5.48194e-06
-5.47856e-06
-5.47522e-06
-5.47193e-06
-5.46869e-06
-5.4655e-06
-5.46237e-06
-5.45929e-06
-5.45626e-06
-5.45329e-06
-5.45037e-06
-5.4475e-06
-5.4447e-06
-5.44195e-06
-5.43925e-06
-5.43662e-06
-5.43404e-06
-5.43152e-06
-5.42906e-06
-5.42665e-06
-5.42431e-06
-5.42203e-06
-5.41981e-06
-5.41765e-06
-5.41555e-06
-5.41351e-06
-5.41154e-06
-5.40962e-06
-5.40777e-06
-5.40599e-06
-5.40426e-06
-5.4026e-06
-5.40101e-06
-5.39948e-06
-5.39802e-06
-5.39662e-06
-5.39529e-06
-5.39402e-06
-5.39282e-06
-5.39169e-06
-5.39062e-06
-5.38962e-06
-5.38869e-06
-5.38783e-06
-5.38704e-06
-5.38632e-06
-5.38566e-06
-5.38508e-06
-5.38456e-06
-5.38412e-06
-5.38374e-06
-5.38344e-06
-5.3832e-06
-5.38304e-06
-5.38295e-06
-5.38293e-06
-5.38298e-06
-5.38311e-06
-5.3833e-06
-5.38357e-06
-5.38391e-06
-5.38433e-06
-5.38482e-06
-5.38538e-06
-5.38601e-06
-5.38672e-06
-5.3875e-06
-5.38836e-06
-5.38929e-06
-5.39029e-06
-5.39137e-06
-5.39253e-06
-5.39375e-06
-5.39506e-06
-5.39644e-06
-5.39789e-06
-5.39942e-06
-5.40102e-06
-5.4027e-06
-5.40445e-06
-5.40628e-06
-5.40818e-06
-5.41016e-06
-5.41222e-06
-5.41435e-06
-5.41656e-06
-5.41884e-06
-5.4212e-06
-5.42363e-06
-5.42614e-06
-5.42873e-06
-5.43139e-06
-5.43413e-06
-5.43694e-06
-5.43983e-06
-5.44279e-06
-5.44582e-06
-5.44893e-06
-5.4521e-06
-5.45535e-06
-5.45868e-06
-5.46207e-06
-5.46554e-06
-5.46908e-06
-5.47269e-06
-5.47637e-06
-5.48012e-06
-5.48395e-06
-5.48785e-06
-5.49182e-06
-5.49586e-06
-5.49998e-06
-5.50417e-06
-5.50843e-06
-5.51276e-06
-5.51717e-06
-5.52165e-06
-5.5262e-06
-5.53082e-06
-5.53552e-06
-5.5403e-06
-5.54515e-06
-5.55008e-06
-5.55509e-06
-5.56017e-06
-5.56533e-06
-5.57058e-06
-5.57589e-06
-5.58129e-06
-5.58677e-06
-5.59232e-06
-5.59795e-06
-5.60365e-06
-5.60944e-06
-5.6153e-06
-5.62123e-06
-5.62725e-06
-5.63333e-06
-5.6395e-06
-5.64573e-06
-5.65204e-06
-5.65843e-06
-5.66489e-06
-5.67142e-06
-5.67803e-06
-5.6847e-06
-5.69145e-06
-5.69827e-06
-5.70517e-06
-5.71213e-06
-5.71917e-06
-5.72627e-06
-5.73345e-06
-5.74069e-06
-5.74801e-06
-5.75539e-06
-5.76284e-06
-5.77036e-06
-5.77795e-06
-5.78561e-06
-5.79333e-06
-5.80112e-06
-5.80898e-06
-5.8169e-06
-5.82489e-06
-5.83295e-06
-5.84107e-06
-5.84925e-06
-5.8575e-06
-5.86581e-06
-5.87419e-06
-5.88263e-06
-5.89114e-06
-5.8997e-06
-5.90833e-06
-5.91702e-06
-5.92578e-06
-5.93459e-06
-5.94347e-06
-5.9524e-06
-5.9614e-06
-5.97046e-06
-5.97957e-06
-5.98875e-06
-5.99799e-06
-6.00728e-06
-6.01663e-06
-6.02604e-06
-6.03551e-06
-6.04503e-06
-6.05461e-06
-6.06425e-06
-6.07394e-06
-6.08369e-06
-6.09349e-06
-6.10335e-06
-6.11327e-06
-6.12323e-06
-6.13326e-06
-6.14333e-06
-6.15346e-06
-6.16364e-06
-6.17387e-06
-6.18416e-06
-6.19449e-06
-6.20488e-06
-6.21532e-06
-6.22581e-06
-6.23635e-06
-6.24694e-06
-6.25757e-06
-6.26826e-06
-6.27899e-06
-6.28978e-06
-6.30061e-06
-6.31149e-06
-6.32241e-06
-6.33338e-06
-6.3444e-06
-6.35546e-06
-6.36657e-06
-6.37773e-06
-6.38893e-06
-6.40017e-06
-6.41146e-06
-6.42279e-06
-6.43416e-06
-6.44557e-06
-6.45703e-06
-6.46853e-06
-6.48007e-06
-6.49165e-06
-6.50328e-06
-6.51494e-06
-6.52664e-06
-6.53838e-06
-6.55017e-06
-6.56199e-06
-6.57384e-06
-6.58574e-06
-6.59767e-06
-6.60964e-06
-6.62165e-06
-6.6337e-06
-6.64578e-06
-6.65789e-06
-6.67004e-06
-6.68223e-06
-6.69444e-06
-6.7067e-06
-6.71898e-06
-6.7313e-06
-6.74366e-06
-6.75604e-06
-6.76845e-06
-6.78089e-06
-6.79337e-06
-6.80588e-06
-6.81841e-06
-6.83098e-06
-6.84359e-06
-6.85622e-06
-6.86889e-06
-6.88159e-06
-6.89432e-06
-6.90708e-06
-6.91988e-06
-6.9327e-06
-6.94555e-06
-6.95844e-06
-6.97135e-06
-6.9843e-06
-6.99727e-06
-7.01027e-06
-7.0233e-06
-7.03636e-06
-7.04944e-06
-7.06255e-06
-7.07569e-06
-7.08885e-06
-7.10203e-06
-7.11524e-06
-7.12848e-06
-7.14174e-06
-7.15502e-06
-7.16832e-06
-7.18165e-06
-7.195e-06
-7.20837e-06
-7.22176e-06
-7.23517e-06
-7.24861e-06
-7.26206e-06
-7.27553e-06
-7.28902e-06
-7.30253e-06
-7.31605e-06
-7.3296e-06
-7.34316e-06
-7.35674e-06
-7.37034e-06
-7.38395e-06
-7.39757e-06
-7.41122e-06
-7.42487e-06
-7.43855e-06
-7.45223e-06
-7.46593e-06
-7.47965e-06
-7.49337e-06
-7.50711e-06
-7.52086e-06
-7.53463e-06
-7.5484e-06
-7.56219e-06
-7.57599e-06
-7.5898e-06
-7.60361e-06
-7.61744e-06
-7.63128e-06
-7.64513e-06
-7.65898e-06
-7.67285e-06
-7.68672e-06
-7.7006e-06
-7.71449e-06
-7.72839e-06
-7.74229e-06
-7.7562e-06
-7.77011e-06
-7.78403e-06
-7.79796e-06
-7.81189e-06
-7.82583e-06
-7.83977e-06
-7.85372e-06
-7.86767e-06
-7.88162e-06
-7.89558e-06
-7.90954e-06
-7.9235e-06
-7.93747e-06
-7.95143e-06
-7.9654e-06
-7.97937e-06
-7.99335e-06
-8.00732e-06
-8.02129e-06
-8.03527e-06
-8.04924e-06
-8.06321e-06
-8.07719e-06
-8.09116e-06
-8.10513e-06
-8.1191e-06
-8.13307e-06
-8.14704e-06
-8.161e-06
-8.17497e-06
-8.18892e-06
-8.20288e-06
-8.21683e-06
-8.23078e-06
-8.24473e-06
-8.25867e-06
-8.27261e-06
-8.28654e-06
-8.30047e-06
-8.31439e-06
-8.32831e-06
-8.34222e-06
-8.35613e-06
-8.37003e-06
-8.38392e-06
-8.39781e-06
-8.41169e-06
-8.42556e-06
-8.43943e-06
-8.45328e-06
-8.46713e-06
-8.48098e-06
-8.49481e-06
-8.50864e-06
-8.52245e-06
-8.53626e-06
-8.55006e-06
-8.56385e-06
-8.57762e-06
-8.59139e-06
-8.60515e-06
-8.6189e-06
-8.63264e-06
-8.64636e-06
-8.66008e-06
-8.67378e-06
-8.68748e-06
-8.70116e-06
-8.71483e-06
-8.72849e-06
-8.74213e-06
-8.75576e-06
-8.76938e-06
-8.78299e-06
-8.79658e-06
-8.81016e-06
-8.82373e-06
-8.83728e-06
-8.85082e-06
-8.86435e-06
-8.87786e-06
-8.89135e-06
-8.90484e-06
-8.9183e-06
-8.93176e-06
-8.94519e-06
-8.95861e-06
-8.97202e-06
-8.98541e-06
-8.99878e-06
-9.01214e-06
-9.02548e-06
-9.03881e-06
-9.05212e-06
-9.06541e-06
-9.07868e-06
-9.09194e-06
-9.10518e-06
-9.1184e-06
-9.13161e-06
-9.1448e-06
-9.15797e-06
-9.17112e-06
-9.18425e-06
-9.19737e-06
-9.21046e-06
-9.22354e-06
-9.2366e-06
-9.24964e-06
-9.26266e-06
-9.27567e-06
-9.28865e-06
-9.30161e-06
-9.31455e-06
-9.32748e-06
-9.34038e-06
-9.35327e-06
-9.36613e-06
-9.37897e-06
-9.3918e-06
-9.4046e-06
-9.41738e-06
-9.43014e-06
-9.44288e-06
-9.4556e-06
-9.4683e-06
-9.48097e-06
-9.49363e-06
-9.50626e-06
-9.51887e-06
-9.53146e-06
-9.54403e-06
-9.55658e-06
-9.5691e-06
-9.5816e-06
-9.59408e-06
-9.60654e-06
-9.61898e-06
-9.63139e-06
-9.64378e-06
-9.65615e-06
-9.66849e-06
-9.68081e-06
-9.69311e-06
-9.70538e-06
-9.71764e-06
-9.72987e-06
-9.74208e-06
-9.75427e-06
-9.76644e-06
-9.7786e-06
-9.79073e-06
-9.80284e-06
-9.81494e-06
-9.82701e-06
-9.83907e-06
-9.8511e-06
-9.86312e-06
-9.87511e-06
-9.88709e-06
-9.89904e-06
-9.91098e-06
-9.92289e-06
-9.93479e-06
-9.94666e-06
-9.95851e-06
-9.97034e-06
-9.98215e-06
-9.99393e-06
-1.00057e-05
-1.00174e-05
-1.00292e-05
-1.00409e-05
-1.00525e-05
-1.00642e-05
-1.00758e-05
-1.00874e-05
-1.0099e-05
-1.01105e-05
-1.01221e-05
-1.01336e-05
-1.01451e-05
-1.01565e-05
-1.0168e-05
-1.01794e-05
-1.01908e-05
-1.02021e-05
-1.02134e-05
-1.02248e-05
-1.0236e-05
-1.02473e-05
-1.02585e-05
-1.02697e-05
-1.02809e-05
-1.02921e-05
-1.03032e-05
-1.03143e-05
-1.03254e-05
-1.03365e-05
-1.03475e-05
-1.03585e-05
-1.03695e-05
-1.03804e-05
-1.03913e-05
-1.04022e-05
-1.04131e-05
-1.04239e-05
-1.04348e-05
-1.04455e-05
-1.04563e-05
-1.0467e-05
-1.04778e-05
-1.04884e-05
-1.04991e-05
-1.05097e-05
-1.05203e-05
-1.05309e-05
-1.05415e-05
-1.0552e-05
-1.05625e-05
-1.05729e-05
-1.05834e-05
-1.05938e-05
-1.06042e-05
-1.06145e-05
-1.06249e-05
-1.06352e-05
-1.06455e-05
-1.06557e-05
-1.06659e-05
-1.06761e-05
-1.06863e-05
-1.06965e-05
-1.07066e-05
-1.07167e-05
-1.07267e-05
-1.07368e-05
-1.07468e-05
-1.07567e-05
-1.07667e-05
-1.07766e-05
-1.07865e-05
-1.07964e-05
-1.08062e-05
-1.08161e-05
-1.08258e-05
-1.08356e-05
-1.08453e-05
-1.08551e-05
-1.08647e-05
-1.08744e-05
-1.0884e-05
-1.08936e-05
-1.09032e-05
-1.09128e-05
-1.09223e-05
-1.09318e-05
-1.09412e-05
-1.09507e-05
-1.09601e-05
-1.09695e-05
-1.09788e-05
-1.09882e-05
-1.09975e-05
-1.10067e-05
-1.1016e-05
-1.10252e-05
-1.10344e-05
-1.10436e-05
-1.10527e-05
-1.10619e-05
-1.1071e-05
-1.108e-05
-1.10891e-05
-1.10981e-05
-1.11071e-05
-1.1116e-05
-1.1125e-05
-1.11339e-05
-1.11427e-05
-1.11516e-05
-1.11604e-05
-1.11692e-05
-1.1178e-05
-1.11867e-05
-1.11955e-05
-1.12042e-05
-1.12128e-05
-1.12215e-05
-1.12301e-05
-1.12387e-05
-1.12473e-05
-1.12558e-05
-1.12643e-05
-1.12728e-05
-1.12813e-05
-1.12897e-05
-1.12981e-05
-1.13065e-05
-1.13149e-05
-1.13232e-05
-1.13315e-05
-1.13398e-05
-1.13481e-05
-1.13563e-05
-1.13645e-05
-1.13727e-05
-1.13808e-05
-1.1389e-05
-1.13971e-05
-1.14052e-05
-1.14132e-05
-1.14212e-05
-1.14292e-05
-1.14372e-05
-1.14452e-05
-1.14531e-05
-1.1461e-05
-1.14689e-05
-1.14768e-05
-1.14846e-05
-1.14924e-05
-1.15002e-05
-1.15079e-05
-1.15157e-05
-1.15234e-05
-1.15311e-05
-1.15387e-05
-1.15464e-05
-1.1554e-05
-1.15616e-05
-1.15691e-05
-1.15767e-05
-1.15842e-05
-1.15917e-05
-1.15991e-05
-1.16066e-05
-1.1614e-05
-1.16214e-05
-1.16287e-05
-1.16361e-05
-1.16434e-05
-1.16507e-05
-1.1658e-05
-1.16652e-05
-1.16725e-05
-1.16797e-05
-1.16869e-05
-1.1694e-05
-1.17011e-05
-1.17083e-05
-1.17153e-05
-1.17224e-05
-1.17295e-05
-1.17365e-05
-1.17435e-05
-1.17504e-05
-1.17574e-05
-1.17643e-05
-1.17712e-05
-1.17781e-05
-1.1785e-05
-1.17918e-05
-1.17986e-05
-1.18054e-05
-1.18122e-05
-1.18189e-05
-1.18256e-05
-1.18323e-05
-1.1839e-05
-1.18457e-05
-1.18523e-05
-1.18589e-05
-1.18655e-05
-1.18721e-05
-1.18786e-05
-1.18851e-05
-1.18916e-05
-1.18981e-05
-1.19046e-05
-1.1911e-05
-1.19174e-05
-1.19238e-05
-1.19302e-05
-1.19366e-05
-1.19429e-05
-1.19492e-05
-1.19555e-05
-1.19617e-05
-1.1968e-05
-1.19742e-05
-1.19804e-05
-1.19866e-05
-1.19928e-05
-1.19989e-05
-1.2005e-05
-1.20111e-05
-1.20172e-05
-1.20232e-05
-1.20293e-05
-1.20353e-05
-1.20413e-05
-1.20473e-05
-1.20532e-05
-1.20591e-05
-1.2065e-05
-1.20709e-05
-1.20768e-05
-1.20827e-05
-1.20885e-05
-1.20943e-05
-1.21001e-05
-1.21059e-05
-1.21116e-05
-1.21174e-05
-1.21231e-05
-1.21288e-05
-1.21344e-05
-1.21401e-05
-1.21457e-05
-1.21513e-05
-1.21569e-05
-1.21625e-05
-1.21681e-05
-1.21736e-05
-1.21791e-05
-1.21846e-05
-1.21901e-05
-1.21955e-05
-1.2201e-05
-1.22064e-05
-1.22118e-05
-1.22172e-05
-1.22226e-05
-1.22279e-05
-1.22332e-05
-1.22385e-05
-1.22438e-05
-1.22491e-05
-1.22544e-05
-1.22596e-05
-1.22648e-05
-1.227e-05
-1.22752e-05
-1.22803e-05
-1.22855e-05
-1.22906e-05
-1.22957e-05
-1.23008e-05
-1.23059e-05
-1.23109e-05
-1.2316e-05
-1.2321e-05
-1.2326e-05
-1.2331e-05
-1.23359e-05
-1.23409e-05
-1.23458e-05
-1.23507e-05
-1.23556e-05
-1.23605e-05
-1.23654e-05
-1.23702e-05
-1.2375e-05
-1.23798e-05
-1.23846e-05
-1.23894e-05
-1.23942e-05
-1.23989e-05
-1.24036e-05
-1.24083e-05
-1.2413e-05
-1.24177e-05
-1.24224e-05
-1.2427e-05
-1.24316e-05
-1.24362e-05
-1.24408e-05
-1.24454e-05
-1.245e-05
-1.24545e-05
-1.2459e-05
-1.24635e-05
-1.2468e-05
-1.24725e-05
-1.2477e-05
-1.24814e-05
-1.24859e-05
-1.24903e-05
-1.24947e-05
-1.24991e-05
-1.25034e-05
-1.25078e-05
-1.25121e-05
-1.25164e-05
-1.25207e-05
-1.2525e-05
-1.25293e-05
-1.25335e-05
-1.25378e-05
-1.2542e-05
-1.25462e-05
-1.25504e-05
-1.25546e-05
-1.25588e-05
-1.25629e-05
-1.25671e-05
-1.25712e-05
-1.25753e-05
-1.25794e-05
-1.25835e-05
-1.25875e-05
-1.25916e-05
-1.25956e-05
-1.25996e-05
-1.26036e-05
-1.26076e-05
-1.26116e-05
-1.26156e-05
-1.26195e-05
-1.26234e-05
-1.26274e-05
-1.26313e-05
-1.26351e-05
-1.2639e-05
-1.26429e-05
-1.26467e-05
-1.26506e-05
-1.26544e-05
-1.26582e-05
-1.2662e-05
-1.26658e-05
-1.26695e-05
-1.26733e-05
-1.2677e-05
-1.26807e-05
-1.26844e-05
-1.26881e-05
-1.26918e-05
-1.26955e-05
-1.26992e-05
-1.27028e-05
-1.27064e-05
-1.271e-05
-1.27136e-05
-1.27172e-05
-1.27208e-05
-1.27244e-05
-1.27279e-05
-1.27315e-05
-1.2735e-05
-1.27385e-05
-1.2742e-05
-1.27455e-05
-1.2749e-05
-1.27524e-05
-1.27559e-05
-1.27593e-05
-1.27627e-05
-1.27661e-05
-1.27695e-05
-1.27729e-05
-1.27763e-05
-1.27797e-05
-1.2783e-05
-1.27863e-05
-1.27897e-05
-1.2793e-05
-1.27963e-05
-1.27996e-05
-1.28028e-05
-1.28061e-05
-1.28094e-05
-1.28126e-05
-1.28158e-05
-1.2819e-05
-1.28222e-05
-1.28254e-05
-1.28286e-05
-1.28318e-05
-1.2835e-05
-1.28381e-05
-1.28412e-05
-1.28444e-05
-1.28475e-05
-1.28506e-05
-1.28537e-05
-1.28567e-05
-1.28598e-05
-1.28629e-05
-1.28659e-05
-1.28689e-05
-1.28719e-05
-1.2875e-05
-1.2878e-05
-1.28809e-05
-1.28839e-05
-1.28869e-05
-1.28898e-05
-1.28928e-05
-1.28957e-05
-1.28986e-05
-1.29016e-05
-1.29045e-05
-1.29073e-05
-1.29102e-05
-1.29131e-05
-1.2916e-05
-1.29188e-05
-1.29216e-05
-1.29245e-05
-1.29273e-05
-1.29301e-05
-1.29329e-05
-1.29357e-05
-1.29384e-05
-1.29412e-05
-1.2944e-05
-1.29467e-05
-1.29494e-05
-1.29522e-05
-1.29549e-05
-1.29576e-05
-1.29603e-05
-1.2963e-05
-1.29656e-05
-1.29683e-05
-1.2971e-05
-1.29736e-05
-1.29762e-05
-1.29789e-05
-1.29815e-05
-1.29841e-05
-1.29867e-05
-1.29893e-05
-1.29918e-05
-1.29944e-05
-1.2997e-05
-1.29995e-05
-1.30021e-05
-1.30046e-05
-1.30071e-05
-1.30096e-05
-1.30121e-05
-1.30146e-05
-1.30171e-05
-1.30196e-05
-1.3022e-05
-1.30245e-05
-1.30269e-05
-1.30294e-05
-1.30318e-05
-1.30342e-05
-1.30366e-05
-1.3039e-05
-1.30414e-05
-1.30438e-05
-1.30462e-05
-1.30486e-05
-1.30509e-05
-1.30533e-05
-1.30556e-05
-1.3058e-05
-1.30603e-05
-1.30626e-05
-1.30649e-05
-1.30672e-05
-1.30695e-05
-1.30718e-05
-1.3074e-05
-1.30763e-05
-1.30786e-05
-1.30808e-05
-1.3083e-05
-1.30853e-05
-1.30875e-05
-1.30897e-05
-1.30919e-05
-1.30941e-05
-1.30963e-05
-1.30985e-05
-1.31007e-05
-1.31028e-05
-1.3105e-05
-1.31071e-05
-1.31093e-05
-1.31114e-05
-1.31135e-05
-1.31156e-05
-1.31178e-05
-1.31199e-05
-1.3122e-05
-1.3124e-05
-1.31261e-05
-1.31282e-05
-1.31303e-05
-1.31323e-05
-1.31344e-05
-1.31364e-05
-1.31384e-05
-1.31405e-05
-1.31425e-05
-1.31445e-05
-1.31465e-05
-1.31485e-05
-1.31505e-05
-1.31525e-05
-1.31544e-05
-1.31564e-05
-1.31584e-05
-1.31603e-05
-1.31622e-05
-1.31642e-05
-1.31661e-05
-1.3168e-05
-1.317e-05
-1.31719e-05
-1.31738e-05
-1.31757e-05
-1.31775e-05
-1.31794e-05
-1.31813e-05
-1.31832e-05
-1.3185e-05
-1.31869e-05
-1.31887e-05
-1.31906e-05
-1.31924e-05
-1.31942e-05
-1.3196e-05
-1.31979e-05
-1.31997e-05
-1.32015e-05
-1.32033e-05
-1.3205e-05
-1.32068e-05
-1.32086e-05
-1.32104e-05
-1.32121e-05
-1.32139e-05
-1.32156e-05
-1.32174e-05
-1.32191e-05
-1.32208e-05
-1.32225e-05
-1.32242e-05
-1.3226e-05
-1.32277e-05
-1.32294e-05
-1.3231e-05
-1.32327e-05
-1.32344e-05
-1.32361e-05
-1.32377e-05
-1.32394e-05
-1.3241e-05
-1.32427e-05
-1.32443e-05
-1.3246e-05
-1.32476e-05
-1.32492e-05
-1.32508e-05
-1.32524e-05
-1.3254e-05
-1.32556e-05
-1.32572e-05
-1.32588e-05
-1.32604e-05
-1.3262e-05
-1.32635e-05
-1.32651e-05
-1.32667e-05
-1.32682e-05
-1.32698e-05
-1.32713e-05
-1.32728e-05
-1.32744e-05
-1.32759e-05
-1.32774e-05
-1.32789e-05
-1.32804e-05
-1.32819e-05
-1.32834e-05
-1.32849e-05
-1.32864e-05
-1.32879e-05
-1.32893e-05
-1.32908e-05
-1.32923e-05
-1.32937e-05
-1.32952e-05
-1.32966e-05
-1.32981e-05
-1.32995e-05
-1.33009e-05
-1.33024e-05
-1.33038e-05
-1.33052e-05
-1.33066e-05
-1.3308e-05
-1.33094e-05
-1.33108e-05
-1.33122e-05
-1.33136e-05
-1.33149e-05
-1.33163e-05
-1.33177e-05
-1.33191e-05
-1.33204e-05
-1.33218e-05
-1.33231e-05
-1.33245e-05
-1.33258e-05
-1.33271e-05
-1.33285e-05
-1.33298e-05
-1.33311e-05
-1.33324e-05
-1.33337e-05
-1.3335e-05
-1.33363e-05
-1.33376e-05
-1.33389e-05
-1.33402e-05
-1.33415e-05
-1.33427e-05
-1.3344e-05
-1.33453e-05
-1.33465e-05
-1.33478e-05
-1.33491e-05
-1.33503e-05
-1.33515e-05
-1.33528e-05
-1.3354e-05
-1.33552e-05
-1.33565e-05
-1.33577e-05
-1.33589e-05
-1.33601e-05
-1.33613e-05
-1.33625e-05
-1.33637e-05
-1.33649e-05
-1.33661e-05
-1.33673e-05
-1.33685e-05
-1.33697e-05
-1.33708e-05
-1.3372e-05
-1.33732e-05
-1.33743e-05
-1.33755e-05
-1.33766e-05
-1.33778e-05
-1.33789e-05
-1.33801e-05
-1.33812e-05
-1.33823e-05
-1.33834e-05
-1.33846e-05
-1.33857e-05
-1.33868e-05
-1.33879e-05
-1.3389e-05
-1.33901e-05
-1.33912e-05
-1.33923e-05
-1.33934e-05
-1.33945e-05
-1.33956e-05
-1.33966e-05
-1.33977e-05
-1.33988e-05
-1.33998e-05
-1.34009e-05
-1.3402e-05
-1.3403e-05
-1.34041e-05
-1.34051e-05
-1.34062e-05
-1.34072e-05
-1.34082e-05
-1.34093e-05
-1.34103e-05
-1.34113e-05
-1.34123e-05
-1.34133e-05
-1.34144e-05
-1.34154e-05
-1.34164e-05
-1.34174e-05
-1.34184e-05
-1.34194e-05
-1.34204e-05
-1.34213e-05
-1.34223e-05
-1.34233e-05
-1.34243e-05
-1.34253e-05
-1.34262e-05
-1.34272e-05
-1.34282e-05
-1.34291e-05
-1.34301e-05
-1.3431e-05
-1.3432e-05
-1.34329e-05
-1.34339e-05
-1.34348e-05
-1.34357e-05
-1.34367e-05
-1.34376e-05
-1.34385e-05
-1.34394e-05
-1.34403e-05
-1.34413e-05
-1.34422e-05
-1.34431e-05
-1.3444e-05
-1.34449e-05
-1.34458e-05
-1.34467e-05
-1.34476e-05
-1.34485e-05
-1.34493e-05
-1.34502e-05
-1.34511e-05
-1.3452e-05
-1.34528e-05
-1.34537e-05
-1.34546e-05
-1.34554e-05
-1.34563e-05
-1.34572e-05
-1.3458e-05
-1.34589e-05
-1.34597e-05
-1.34606e-05
-1.34614e-05
-1.34622e-05
-1.34631e-05
-1.34639e-05
-1.34647e-05
-1.34656e-05
-1.34664e-05
-1.34672e-05
-1.3468e-05
-1.34688e-05
-1.34696e-05
-1.34704e-05
-1.34713e-05
-1.34721e-05
-1.34729e-05
-1.34737e-05
-1.34744e-05
-1.34752e-05
-1.3476e-05
-1.34768e-05
-1.34776e-05
-1.34784e-05
-1.34791e-05
-1.34799e-05
-1.34807e-05
-1.34815e-05
-1.34822e-05
-1.3483e-05
-1.34837e-05
-1.34845e-05
-1.34853e-05
-1.3486e-05
-1.34868e-05
-1.34875e-05
-1.34883e-05
-1.3489e-05
-1.34897e-05
-1.34905e-05
-1.34912e-05
-1.34919e-05
-1.34927e-05
-1.34934e-05
-1.34941e-05
-1.34948e-05
-1.34955e-05
-1.34963e-05
-1.3497e-05
-1.34977e-05
-1.34984e-05
-1.34991e-05
-1.34998e-05
-1.35005e-05
-1.35012e-05
-1.35019e-05
-1.35026e-05
-1.35033e-05
-1.3504e-05
-1.35046e-05
-1.35053e-05
-1.3506e-05
-1.35067e-05
-1.35074e-05
-1.3508e-05
-1.35087e-05
-1.35094e-05
-1.351e-05
-1.35107e-05
-1.35113e-05
-1.3512e-05
-1.35127e-05
-1.35133e-05
-1.3514e-05
-1.35146e-05
-1.35153e-05
-1.35159e-05
-1.35165e-05
-1.35172e-05
-1.35178e-05
-1.35185e-05
-1.35191e-05
-1.35197e-05
-1.35204e-05
-1.3521e-05
-1.35216e-05
-1.35222e-05
-1.35228e-05
-1.35235e-05
-1.35241e-05
-1.35247e-05
-1.35253e-05
-1.35259e-05
-1.35265e-05
-1.35271e-05
-1.35277e-05
-1.35283e-05
-1.35289e-05
-1.35295e-05
-1.35301e-05
-1.35307e-05
-1.35313e-05
-1.35319e-05
-1.35325e-05
-1.3533e-05
-1.35336e-05
-1.35342e-05
-1.35348e-05
-1.35354e-05
-1.35359e-05
-1.35365e-05
-1.35371e-05
-1.35376e-05
-1.35382e-05
-1.35388e-05
-1.35393e-05
-1.35399e-05
-1.35404e-05
-1.3541e-05
-1.35415e-05
-1.35421e-05
-1.35426e-05
-1.35432e-05
-1.35437e-05
-1.35443e-05
-1.35448e-05
-1.35454e-05
-1.35459e-05
-1.35464e-05
-1.3547e-05
-1.35475e-05
-1.3548e-05
-1.35486e-05
-1.35491e-05
-1.35496e-05
-1.35501e-05
-1.35506e-05
-1.35512e-05
-1.35517e-05
-1.35522e-05
-1.35527e-05
-1.35532e-05
-1.35537e-05
-1.35542e-05
-1.35547e-05
-1.35552e-05
-1.35557e-05
-1.35562e-05
-1.35567e-05
-1.35572e-05
-1.35577e-05
-1.35582e-05
-1.35587e-05
-1.35592e-05
-1.35597e-05
-1.35602e-05
-1.35607e-05
-1.35612e-05
-1.35616e-05
-1.35621e-05
-1.35626e-05
-1.35631e-05
-1.35636e-05
-1.3564e-05
-1.35645e-05
-1.3565e-05
-1.35654e-05
-1.35659e-05
-1.35664e-05
-1.35668e-05
-1.35673e-05
-1.35678e-05
-1.35682e-05