0
-2.55384e-06
-4.86531e-06
-6.90337e-06
-8.69909e-06
-1.02815e-05
-1.16763e-05
-1.29057e-05
-1.39895e-05
-1.49448e-05
-1.57867e-05
-1.65287e-05
-1.71823e-05
-1.77579e-05
-1.82645e-05
-1.87101e-05
-1.91018e-05
-1.94456e-05
-1.97472e-05
-2.00114e-05
-2.02424e-05
-2.04441e-05
-2.06198e-05
-2.07724e-05
-2.09046e-05
-2.10187e-05
-2.11168e-05
-2.12007e-05
-2.12721e-05
-2.13323e-05
-2.13827e-05
-2.14243e-05
-2.14582e-05
-2.14852e-05
-2.15063e-05
-2.15219e-05
-2.15329e-05
-2.15397e-05
-2.15428e-05
-2.15427e-05
-2.15398e-05
-2.15343e-05
-2.15267e-05
-2.15171e-05
-2.15058e-05
-2.14931e-05
-2.14791e-05
-2.1464e-05
-2.1448e-05
-2.14311e-05
-2.14135e-05
-2.13953e-05
-2.13767e-05
-2.13576e-05
-2.13381e-05
-2.13184e-05
-2.12985e-05
-2.12784e-05
-2.12581e-05
-2.12378e-05
-2.12174e-05
-2.1197e-05
-2.11766e-05
-2.11563e-05
-2.1136e-05
-2.11157e-05
-2.10956e-05
-2.10755e-05
-2.10556e-05
-2.10358e-05
-2.10161e-05
-2.09965e-05
-2.09771e-05
-2.09579e-05
-2.09388e-05
-2.09198e-05
-2.0901e-05
-2.08824e-05
-2.0864e-05
-2.08457e-05
-2.08276e-05
-2.08097e-05
-2.07919e-05
-2.07743e-05
-2.07569e-05
-2.07396e-05
-2.07225e-05
-2.07056e-05
-2.06888e-05
-2.06722e-05
-2.06558e-05
-2.06395e-05
-2.06234e-05
-2.06074e-05
-2.05916e-05
-2.0576e-05
-2.05605e-05
-2.05452e-05
-2.053e-05
-2.05149e-05
-2.05e-05
-2.04853e-05
-2.04707e-05
-2.04562e-05
-2.04419e-05
-2.04277e-05
-2.04137e-05
-2.03997e-05
-2.03859e-05
-2.03723e-05
-2.03588e-05
-2.03454e-05
-2.03321e-05
-2.03189e-05
-2.03059e-05
-2.0293e-05
-2.02802e-05
-2.02675e-05
-2.0255e-05
-2.02425e-05
-2.02302e-05
-2.02179e-05
-2.02058e-05
-2.01938e-05
-2.01819e-05
-2.01701e-05
-2.01584e-05
-2.01468e-05
-2.01354e-05
-2.0124e-05
-2.01127e-05
-2.01015e-05
-2.00904e-05
-2.00794e-05
-2.00685e-05
-2.00577e-05
-2.00469e-05
-2.00363e-05
-2.00257e-05
-2.00153e-05
-2.00049e-05
-1.99946e-05
-1.99844e-05
-1.99743e-05
-1.99642e-05
-1.99543e-05
-1.99444e-05
-1.99346e-05
-1.99249e-05
-1.99152e-05
-1.99057e-05
-1.98962e-05
-1.98868e-05
-1.98774e-05
-1.98682e-05
-1.9859e-05
-1.98498e-05
-1.98408e-05
-1.98318e-05
-1.98229e-05
-1.9814e-05
-1.98052e-05
-1.97965e-05
-1.97879e-05
-1.97793e-05
-1.97708e-05
-1.97623e-05
-1.97539e-05
-1.97456e-05
-1.97373e-05
-1.97291e-05
-1.9721e-05
-1.97129e-05
-1.97048e-05
-1.96969e-05
-1.9689e-05
-1.96811e-05
-1.96733e-05
-1.96656e-05
-1.96579e-05
-1.96502e-05
-1.96427e-05
-1.96351e-05
-1.96277e-05
-1.96202e-05
-1.96129e-05
-1.96055e-05
-1.95983e-05
-1.95911e-05
-1.95839e-05
-1.95768e-05
-1.95697e-05
-1.95627e-05
-1.95557e-05
-1.95488e-05
-1.95419e-05
-1.95351e-05
-1.95283e-05
-1.95216e-05
-1.95149e-05
-1.95082e-05
-1.95016e-05
-1.94951e-05
-1.94886e-05
-1.94821e-05
-1.94757e-05
-1.94693e-05
-1.9463e-05
-1.94567e-05
-1.94504e-05
-1.94442e-05
-1.9438e-05
-1.94319e-05
-1.94258e-05
-1.94197e-05
-1.94137e-05
-1.94077e-05
-1.94018e-05
-1.93959e-05
-1.939e-05
-1.93842e-05
-1.93784e-05
-1.93726e-05
-1.93669e-05
-1.93612e-05
-1.93556e-05
-1.935e-05
-1.93444e-05
-1.93389e-05
-1.93334e-05
-1.93279e-05
-1.93225e-05
-1.93171e-05
-1.93117e-05
-1.93064e-05
-1.93011e-05
-1.92958e-05
-1.92906e-05
-1.92854e-05
-1.92802e-05
-1.92751e-05
-1.927e-05
-1.92649e-05
-1.92599e-05
-1.92549e-05
-1.92499e-05
-1.92449e-05
-1.924e-05
-1.92351e-05
-1.92303e-05
-1.92254e-05
-1.92206e-05
-1.92159e-05
-1.92111e-05
-1.92064e-05
-1.92017e-05
-1.91971e-05
-1.91924e-05
-1.91878e-05
-1.91833e-05
-1.91787e-05
-1.91742e-05
-1.91697e-05
-1.91652e-05
-1.91608e-05
-1.91564e-05
-1.9152e-05
-1.91476e-05
-1.91433e-05
-1.9139e-05
-1.91347e-05
-1.91304e-05
-1.91262e-05
-1.9122e-05
-1.91178e-05
-1.91136e-05
-1.91095e-05
-1.91054e-05
-1.91013e-05
-1.90972e-05
-1.90932e-05
-1.90892e-05
-1.90852e-05
-1.90812e-05
-1.90773e-05
-1.90733e-05
-1.90694e-05
-1.90656e-05
-1.90617e-05
-1.90579e-05
-1.90541e-05
-1.90503e-05
-1.90465e-05
-1.90427e-05
-1.9039e-05
-1.90353e-05
-1.90316e-05
-1.9028e-05
-1.90243e-05
-1.90207e-05
-1.90171e-05
-1.90135e-05
-1.901e-05
-1.90064e-05
-1.90029e-05
-1.89994e-05
-1.89959e-05
-1.89925e-05
-1.8989e-05
-1.89856e-05
-1.89822e-05
-1.89788e-05
-1.89754e-05
-1.89721e-05
-1.89688e-05
-1.89655e-05
-1.89622e-05
-1.89589e-05
-1.89556e-05
-1.89524e-05
-1.89491e-05
-1.89459e-05
-1.89427e-05
-1.89396e-05
-1.89364e-05
-1.89333e-05
-1.89301e-05
-1.8927e-05
-1.89239e-05
-1.89209e-05
-1.89178e-05
-1.89148e-05
-1.89117e-05
-1.89087e-05
-1.89057e-05
-1.89028e-05
-1.88998e-05
-1.88969e-05
-1.8894e-05
-1.8891e-05
-1.88882e-05
-1.88853e-05
-1.88824e-05
-1.88796e-05
-1.88767e-05
-1.88739e-05
-1.88711e-05
-1.88683e-05
-1.88656e-05
-1.88628e-05
-1.88601e-05
-1.88574e-05
-1.88547e-05
-1.8852e-05
-1.88493e-05
-1.88466e-05
-1.8844e-05
-1.88414e-05
-1.88388e-05
-1.88361e-05
-1.88336e-05
-1.8831e-05
-1.88284e-05
-1.88259e-05
-1.88234e-05
-1.88208e-05
-1.88183e-05
-1.88158e-05
-1.88134e-05
-1.88109e-05
-1.88085e-05
-1.8806e-05
-1.88036e-05
-1.88012e-05
-1.87988e-05
-1.87964e-05
-1.8794e-05
-1.87917e-05
-1.87893e-05
-1.8787e-05
-1.87847e-05
-1.87824e-05
-1.87801e-05
-1.87778e-05
-1.87755e-05
-1.87733e-05
-1.8771e-05
-1.87688e-05
-1.87666e-05
-1.87644e-05
-1.87622e-05
-1.876e-05
-1.87578e-05
-1.87557e-05
-1.87535e-05
-1.87514e-05
-1.87493e-05
-1.87472e-05
-1.87451e-05
-1.8743e-05
-1.87409e-05
-1.87388e-05
-1.87368e-05
-1.87347e-05
-1.87327e-05
-1.87307e-05
-1.87286e-05
-1.87266e-05
-1.87246e-05
-1.87227e-05
-1.87207e-05
-1.87187e-05
-1.87168e-05
-1.87148e-05
-1.87129e-05
-1.8711e-05
-1.87091e-05
-1.87072e-05
-1.87053e-05
-1.87034e-05
-1.87015e-05
-1.86997e-05
-1.86978e-05
-1.8696e-05
-1.86942e-05
-1.86923e-05
-1.86905e-05
-1.86887e-05
-1.86869e-05
-1.86852e-05
-1.86834e-05
-1.86816e-05
-1.86799e-05
-1.86781e-05
-1.86764e-05
-1.86747e-05
-1.86729e-05
-1.86712e-05
-1.86695e-05
-1.86678e-05
-1.86662e-05
-1.86645e-05
-1.86628e-05
-1.86612e-05
-1.86595e-05
-1.86579e-05
-1.86563e-05
-1.86546e-05
-1.8653e-05
-1.86514e-05
-1.86498e-05
-1.86482e-05
-1.86467e-05
-1.86451e-05
-1.86435e-05
-1.8642e-05
-1.86404e-05
-1.86389e-05
-1.86374e-05
-1.86358e-05
-1.86343e-05
-1.86328e-05
-1.86313e-05
-1.86298e-05
-1.86283e-05
-1.86269e-05
-1.86254e-05
-1.86239e-05
-1.86225e-05
-1.8621e-05
-1.86196e-05
-1.86182e-05
-1.86167e-05
-1.86153e-05
-1.86139e-05
-1.86125e-05
-1.86111e-05
-1.86097e-05
-1.86083e-05
-1.8607e-05
-1.86056e-05
-1.86042e-05
-1.86029e-05
-1.86015e-05
-1.86002e-05
-1.85989e-05
-1.85975e-05
-1.85962e-05
-1.85949e-05
-1.85936e-05
-1.85923e-05
-1.8591e-05
-1.85897e-05
-1.85885e-05
-1.85872e-05
-1.85859e-05
-1.85847e-05
-1.85834e-05
-1.85822e-05
-1.85809e-05
-1.85797e-05
-1.85785e-05
-1.85772e-05
-1.8576e-05
-1.85748e-05
-1.85736e-05
-1.85724e-05
-1.85712e-05
-1.857e-05
-1.85689e-05
-1.85677e-05
-1.85665e-05
-1.85654e-05
-1.85642e-05
-1.85631e-05
-1.85619e-05
-1.85608e-05
-1.85596e-05
-1.85585e-05
-1.85574e-05
-1.85563e-05
-1.85552e-05
-1.85541e-05
-1.8553e-05
-1.85519e-05
-1.85508e-05
-1.85497e-05
-1.85486e-05
-1.85476e-05
-1.85465e-05
-1.85454e-05
-1.85444e-05
-1.85433e-05
-1.85423e-05
-1.85413e-05
-1.85402e-05
-1.85392e-05
-1.85382e-05
-1.85372e-05
-1.85361e-05
-1.85351e-05
-1.85341e-05
-1.85331e-05
-1.85321e-05
-1.85312e-05
-1.85302e-05
-1.85292e-05
-1.85282e-05
-1.85273e-05
-1.85263e-05
-1.85253e-05
-1.85244e-05
-1.85234e-05
-1.85225e-05
-1.85215e-05
-1.85206e-05
-1.85197e-05
-1.85188e-05
-1.85178e-05
-1.85169e-05
-1.8516e-05
-1.85151e-05
-1.85142e-05
-1.85133e-05
-1.85124e-05
-1.85115e-05
-1.85106e-05
-1.85098e-05
-1.85089e-05
-1.8508e-05
-1.85071e-05
-1.85063e-05
-1.85054e-05
-1.85046e-05
-1.85037e-05
-1.85029e-05
-1.8502e-05
-1.85012e-05
-1.85004e-05
-1.84995e-05
-1.84987e-05
-1.84979e-05
-1.84971e-05
-1.84962e-05
-1.84954e-05
-1.84946e-05
-1.84938e-05
-1.8493e-05
-1.84922e-05
-1.84915e-05
-1.84907e-05
-1.84899e-05
-1.84891e-05
-1.84883e-05
-1.84876e-05
-1.84868e-05
-1.8486e-05
-1.84853e-05
-1.84845e-05
-1.84838e-05
-1.8483e-05
-1.84823e-05
-3.27657e-05
-4.98386e-05
-6.52574e-05
-7.79597e-05
-8.79968e-05
-9.57257e-05
-0.000101546
-0.00010582
-0.000108858
-0.000110919
-0.000112215
-0.000112921
-0.000113181
-0.000113114
-0.000112816
-0.000112367
-0.000111835
-0.000111273
-0.000110728
-0.00011024
-0.000109841
-0.000109562
-0.00010943
-0.000109471
-0.000109713
-0.000110182
-0.000110911
-0.000111936
-0.000113301
-0.000115061
-0.000117288
-0.000120077
-0.000123556
-0.000127908
-0.000133401
-0.000140444
-0.000149706
-0.000162366
-0.000180739
-0.000210103
-0.000265162
-0.00039284
-0.000650756
-0.000949948
-0.00107911
-0.00109599
-0.00106418
-0.00101172
-0.000948721
-0.00087693
-0.000794373
-0.000698001
-0.000586069
-0.000460966
-0.000331519
-0.000211643
-0.000113923
-4.31503e-05
3.97243e-06
3.42209e-05
5.37388e-05
6.66225e-05
7.5209e-05
8.07542e-05
8.39476e-05
8.52026e-05
8.48002e-05
8.29566e-05
7.98548e-05
7.56592e-05
7.05223e-05
6.45865e-05
5.79862e-05
5.08458e-05
4.32801e-05
3.53937e-05
2.72803e-05
1.90227e-05
1.06924e-05
2.35087e-06
-5.95106e-06
-1.4172e-05
-2.22794e-05
-3.02485e-05
-3.80617e-05
-4.57079e-05
-5.31808e-05
-6.04794e-05
-6.76066e-05
-7.45677e-05
-8.13703e-05
-8.80268e-05
-9.4548e-05
-0.000100948
-0.00010724
-0.000113439
-0.000119561
-0.000125619
-0.000131633
-0.000137617
-0.000143591
-0.000149574
-0.000155586
-0.000161649
-0.000167785
-0.000174021
-0.000180379
-0.000186892
-0.000193581
-0.000200478
-0.000207604
-0.00021498
-0.000222618
-0.000230516
-0.000238658
-0.000247001
-0.000255475
-0.000263978
-0.000272368
-0.000280463
-0.000288031
-0.000294762
-0.000300217
-0.00030371
-0.000304388
-0.000301446
-0.000294344
-0.000282967
-0.000267656
-0.000249085
-0.00022811
-0.000205635
-0.000182539
-0.000159633
-0.00013763
-0.000117117
-9.85347e-05
-8.21509e-05
-6.80598e-05
-5.6201e-05
-4.63983e-05
-3.84043e-05
-3.19438e-05
-2.67484e-05
-2.25754e-05
-1.92177e-05
-1.65055e-05
-1.43032e-05
-1.25043e-05
-1.10265e-05
-9.80576e-06
-8.79273e-06
-7.94888e-06
-7.244e-06
-6.65414e-06
-6.16011e-06
-5.74642e-06
-5.40039e-06
-5.11158e-06
-4.87133e-06
-4.67239e-06
-4.50869e-06
-4.37509e-06
-4.26724e-06
-4.18145e-06
-4.11458e-06
-4.06395e-06
-4.02727e-06
-4.00258e-06
-3.98822e-06
-3.98274e-06
-3.98493e-06
-3.99372e-06
-4.00821e-06
-4.02762e-06
-4.0513e-06
-4.07866e-06
-4.10922e-06
-4.14254e-06
-4.17827e-06
-4.2161e-06
-4.25574e-06
-4.29698e-06
-4.3396e-06
-4.38343e-06
-4.42832e-06
-4.47415e-06
-4.52079e-06
-4.56816e-06
-4.61615e-06
-4.66471e-06
-4.71376e-06
-4.76325e-06
-4.81312e-06
-4.86334e-06
-4.91386e-06
-4.96465e-06
-5.01568e-06
-5.06692e-06
-5.11834e-06
-5.16993e-06
-5.22166e-06
-5.27352e-06
-5.32548e-06
-5.37753e-06
-5.42966e-06
-5.48186e-06
-5.5341e-06
-5.58639e-06
-5.6387e-06
-5.69103e-06
-5.74337e-06
-5.79571e-06
-5.84803e-06
-5.90034e-06
-5.95261e-06
-6.00485e-06
-6.05704e-06
-6.10918e-06
-6.16125e-06
-6.21326e-06
-6.26519e-06
-6.31704e-06
-6.3688e-06
-6.42046e-06
-6.47201e-06
-6.52346e-06
-6.57478e-06
-6.62599e-06
-6.67706e-06
-6.72799e-06
-6.77879e-06
-6.82943e-06
-6.87992e-06
-6.93024e-06
-6.9804e-06
-7.03039e-06
-7.0802e-06
-7.12982e-06
-7.17926e-06
-7.2285e-06
-7.27754e-06
-7.32637e-06
-7.375e-06
-7.42341e-06
-7.4716e-06
-7.51956e-06
-7.5673e-06
-7.6148e-06
-7.66206e-06
-7.70908e-06
-7.75585e-06
-7.80237e-06
-7.84863e-06
-7.89463e-06
-7.94036e-06
-7.98583e-06
-8.03102e-06
-8.07594e-06
-8.12058e-06
-8.16493e-06
-8.20899e-06
-8.25277e-06
-8.29625e-06
-8.33944e-06
-8.38232e-06
-8.4249e-06
-8.46717e-06
-8.50914e-06
-8.55079e-06
-8.59213e-06
-8.63315e-06
-8.67385e-06
-8.71422e-06
-8.75428e-06
-8.794e-06
-8.8334e-06
-8.87246e-06
-8.91119e-06
-8.94958e-06
-8.98763e-06
-9.02534e-06
-9.06271e-06
-9.09974e-06
-9.13642e-06
-9.17276e-06
-9.20875e-06
-9.24438e-06
-9.27967e-06
-9.3146e-06
-9.34918e-06
-9.38341e-06
-9.41728e-06
-9.45079e-06
-9.48395e-06
-9.51674e-06
-9.54918e-06
-9.58126e-06
-9.61298e-06
-9.64434e-06
-9.67533e-06
-9.70597e-06
-9.73624e-06
-9.76615e-06
-9.7957e-06
-9.82488e-06
-9.8537e-06
-9.88216e-06
-9.91026e-06
-9.938e-06
-9.96537e-06
-9.99238e-06
-1.0019e-05
-1.00453e-05
-1.00712e-05
-1.00968e-05
-1.0122e-05
-1.01469e-05
-1.01713e-05
-1.01955e-05
-1.02193e-05
-1.02427e-05
-1.02657e-05
-1.02884e-05
-1.03108e-05
-1.03328e-05
-1.03544e-05
-1.03757e-05
-1.03967e-05
-1.04173e-05
-1.04375e-05
-1.04575e-05
-1.0477e-05
-1.04962e-05
-1.05151e-05
-1.05337e-05
-1.05519e-05
-1.05697e-05
-1.05873e-05
-1.06045e-05
-1.06213e-05
-1.06379e-05
-1.06541e-05
-1.06699e-05
-1.06855e-05
-1.07007e-05
-1.07156e-05
-1.07302e-05
-1.07445e-05
-1.07585e-05
-1.07721e-05
-1.07855e-05
-1.07985e-05
-1.08112e-05
-1.08236e-05
-1.08357e-05
-1.08475e-05
-1.0859e-05
-1.08703e-05
-1.08812e-05
-1.08918e-05
-1.09021e-05
-1.09122e-05
-1.09219e-05
-1.09314e-05
-1.09406e-05
-1.09495e-05
-1.09582e-05
-1.09665e-05
-1.09747e-05
-1.09825e-05
-1.09901e-05
-1.09974e-05
-1.10044e-05
-1.10112e-05
-1.10177e-05
-1.1024e-05
-1.10301e-05
-1.10359e-05
-1.10414e-05
-1.10467e-05
-1.10518e-05
-1.10566e-05
-1.10612e-05
-1.10656e-05
-1.10698e-05
-1.10737e-05
-1.10774e-05
-1.10809e-05
-1.10842e-05
-1.10872e-05
-1.10901e-05
-1.10927e-05
-1.10951e-05
-1.10974e-05
-1.10994e-05
-1.11012e-05
-1.11028e-05
-1.11043e-05
-1.11055e-05
-1.11066e-05
-1.11075e-05
-1.11082e-05
-1.11087e-05
-1.1109e-05
-1.11092e-05
-1.11092e-05
-1.1109e-05
-1.11087e-05
-1.11082e-05
-1.11075e-05
-1.11067e-05
-1.11057e-05
-1.11046e-05
-1.11033e-05
-1.11019e-05
-1.11003e-05
-1.10986e-05
-1.10967e-05
-1.10948e-05
-1.10926e-05
-1.10904e-05
-1.1088e-05
-1.10855e-05
-1.10828e-05
-1.10801e-05
-1.10772e-05
-1.10742e-05
-1.10711e-05
-1.10679e-05
-1.10645e-05
-1.10611e-05
-1.10576e-05
-1.10539e-05
-1.10502e-05
-1.10463e-05
-1.10424e-05
-1.10384e-05
-1.10343e-05
-1.10301e-05
-1.10258e-05
-1.10214e-05
-1.1017e-05
-1.10124e-05
-1.10078e-05
-1.10031e-05
-1.09984e-05
-1.09936e-05
-1.09887e-05
-1.09837e-05
-1.09787e-05
-1.09737e-05
-1.09685e-05
-1.09633e-05
-1.09581e-05
-1.09528e-05
-1.09474e-05
-1.0942e-05
-1.09365e-05
-1.0931e-05
-1.09255e-05
-1.09199e-05
-1.09143e-05
-1.09086e-05
-1.09029e-05
-1.08971e-05
-1.08914e-05
-1.08856e-05
-1.08797e-05
-1.08739e-05
-1.0868e-05
-1.08621e-05
-1.08562e-05
-1.08503e-05
-1.08444e-05
-1.08384e-05
-1.08325e-05
-1.08265e-05
-1.08205e-05
-1.08146e-05
-1.08086e-05
-1.08026e-05
-1.07967e-05
-1.07907e-05
-1.07848e-05
-1.07788e-05
-1.07729e-05
-1.07669e-05
-1.0761e-05
-1.07551e-05
-1.07492e-05
-1.07433e-05
-1.07374e-05
-1.07315e-05
-1.07257e-05
-1.07199e-05
-1.07141e-05
-1.07083e-05
-1.07026e-05
-1.06968e-05
-1.06911e-05
-1.06855e-05
-1.06798e-05
-1.06742e-05
-1.06686e-05
-1.0663e-05
-1.06575e-05
-1.0652e-05
-1.06466e-05
-1.06412e-05
-1.06358e-05
-1.06304e-05
-1.06251e-05
-1.06199e-05
-1.06147e-05
-1.06095e-05
-1.06043e-05
-1.05993e-05
-1.05942e-05
-1.05892e-05
-1.05843e-05
-1.05794e-05
-1.05745e-05
-1.05697e-05
-1.0565e-05
-1.05603e-05
-1.05556e-05
-1.0551e-05
-1.05465e-05
-1.0542e-05
-1.05376e-05
-1.05332e-05
-1.05289e-05
-1.05246e-05
-1.05205e-05
-1.05163e-05
-1.05122e-05
-1.05082e-05
-1.05043e-05
-1.05004e-05
-1.04966e-05
-1.04928e-05
-1.04891e-05
-1.04854e-05
-1.04818e-05
-1.04783e-05
-1.04748e-05
-1.04714e-05
-1.0468e-05
-1.04647e-05
-1.04615e-05
-1.04584e-05
-1.04553e-05
-1.04522e-05
-1.04493e-05
-1.04464e-05
-1.04436e-05
-1.04408e-05
-1.04381e-05
-1.04355e-05
-1.0433e-05
-1.04306e-05
-1.04282e-05
-1.04259e-05
-1.04237e-05
-1.04215e-05
-1.04195e-05
-1.04175e-05
-1.04156e-05
-1.04138e-05
-1.04121e-05
-1.04104e-05
-1.04089e-05
-1.04074e-05
-1.0406e-05
-1.04047e-05
-1.04034e-05
-1.04023e-05
-1.04012e-05
-1.04002e-05
-1.03993e-05
-1.03985e-05
-1.03977e-05
-1.03971e-05
-1.03965e-05
-1.0396e-05
-1.03956e-05
-1.03953e-05
-1.0395e-05
-1.03949e-05
-1.03948e-05
-1.03948e-05
-1.03949e-05
-1.03951e-05
-1.03953e-05
-1.03956e-05
-1.03961e-05
-1.03966e-05
-1.03971e-05
-1.03978e-05
-1.03986e-05
-1.03994e-05
-1.04003e-05
-1.04013e-05
-1.04024e-05
-1.04035e-05
-1.04048e-05
-1.04061e-05
-1.04075e-05
-1.0409e-05
-1.04106e-05
-1.04122e-05
-1.0414e-05
-1.04158e-05
-1.04177e-05
-1.04197e-05
-1.04217e-05
-1.04239e-05
-1.04261e-05
-1.04284e-05
-1.04308e-05
-1.04333e-05
-1.04358e-05
-1.04385e-05
-1.04412e-05
-1.0444e-05
-1.04468e-05
-1.04498e-05
-1.04528e-05
-1.0456e-05
-1.04591e-05
-1.04624e-05
-1.04658e-05
-1.04692e-05
-1.04727e-05
-1.04763e-05
-1.04799e-05
-1.04837e-05
-1.04874e-05
-1.04913e-05
-1.04952e-05
-1.04992e-05
-1.05033e-05
-1.05074e-05
-1.05116e-05
-1.05159e-05
-1.05203e-05
-1.05247e-05
-1.05292e-05
-1.05337e-05
-1.05384e-05
-1.05431e-05
-1.05479e-05
-1.05527e-05
-1.05576e-05
-1.05626e-05
-1.05677e-05
-1.05729e-05
-1.05781e-05
-1.05834e-05
-1.05888e-05
-1.05942e-05
-1.05997e-05
-1.06053e-05
-1.0611e-05
-1.06168e-05
-1.06226e-05
-1.06286e-05
-1.06346e-05
-1.06406e-05
-1.06468e-05
-1.0653e-05
-1.06593e-05
-1.06657e-05
-1.06721e-05
-1.06787e-05
-1.06853e-05
-1.06919e-05
-1.06987e-05
-1.07055e-05
-1.07124e-05
-1.07193e-05
-1.07263e-05
-1.07334e-05
-1.07406e-05
-1.07478e-05
-1.07551e-05
-1.07625e-05
-1.07699e-05
-1.07774e-05
-1.07849e-05
-1.07926e-05
-1.08003e-05
-1.0808e-05
-1.08158e-05
-1.08237e-05
-1.08317e-05
-1.08397e-05
-1.08477e-05
-1.08559e-05
-1.0864e-05
-1.08723e-05
-1.08806e-05
-1.0889e-05
-1.08974e-05
-1.09059e-05
-1.09145e-05
-1.09231e-05
-1.09317e-05
-1.09405e-05
-1.09492e-05
-1.09581e-05
-1.0967e-05
-1.09759e-05
-1.09849e-05
-1.0994e-05
-1.10031e-05
-1.10123e-05
-1.10215e-05
-1.10308e-05
-1.10401e-05
-1.10495e-05
-1.10589e-05
-1.10684e-05
-1.1078e-05
-1.10876e-05
-1.10972e-05
-1.11069e-05
-1.11166e-05
-1.11264e-05
-1.11363e-05
-1.11462e-05
-1.11561e-05
-1.11661e-05
-1.11761e-05
-1.11862e-05
-1.11963e-05
-1.12065e-05
-1.12167e-05
-1.1227e-05
-1.12373e-05
-1.12476e-05
-1.1258e-05
-1.12685e-05
-1.1279e-05
-1.12895e-05
-1.13001e-05
-1.13107e-05
-1.13213e-05
-1.1332e-05
-1.13428e-05
-1.13535e-05
-1.13644e-05
-1.13752e-05
-1.13861e-05
-1.13971e-05
-1.1408e-05
-1.1419e-05
-1.14301e-05
-1.14412e-05
-1.14523e-05
-1.14634e-05
-1.14746e-05
-1.14858e-05
-1.1497e-05
-1.15083e-05
-1.15196e-05
-1.15309e-05
-1.15422e-05
-1.15536e-05
-1.1565e-05
-1.15764e-05
-1.15878e-05
-1.15993e-05
-1.16108e-05
-1.16223e-05
-1.16339e-05
-1.16455e-05
-1.16571e-05
-1.16687e-05
-1.16804e-05
-1.1692e-05
-1.17037e-05
-1.17155e-05
-1.17273e-05
-1.17391e-05
-1.17509e-05
-1.17627e-05
-1.17746e-05
-1.17866e-05
-1.17985e-05
-1.18105e-05
-1.18225e-05
-1.18346e-05
-1.18466e-05
-1.18587e-05
-1.18709e-05
-1.18831e-05
-1.18952e-05
-1.19075e-05
-1.19197e-05
-1.1932e-05
-1.19443e-05
-1.19566e-05
-1.1969e-05
-1.19813e-05
-1.19937e-05
-1.20062e-05
-1.20186e-05
-1.20311e-05
-1.20436e-05
-1.20561e-05
-1.20686e-05
-1.20811e-05
-1.20937e-05
-1.21063e-05
-1.21189e-05
-1.21315e-05
-1.21441e-05
-1.21568e-05
-1.21694e-05
-1.21821e-05
-1.21948e-05
-1.22075e-05
-1.22203e-05
-1.2233e-05
-1.22458e-05
-1.22585e-05
-1.22713e-05
-1.22841e-05
-1.22969e-05
-1.23097e-05
-1.23226e-05
-1.23354e-05
-1.23483e-05
-1.23611e-05
-1.2374e-05
-1.23869e-05
-1.23998e-05
-1.24127e-05
-1.24256e-05
-1.24385e-05
-1.24514e-05
-1.24644e-05
-1.24773e-05
-1.24903e-05
-1.25032e-05
-1.25162e-05
-1.25291e-05
-1.25421e-05
-1.25551e-05
-1.25681e-05
-1.25811e-05
-1.2594e-05
-1.2607e-05
-1.262e-05
-1.2633e-05
-1.2646e-05
-1.26591e-05
-1.26721e-05
-1.26851e-05
-1.26981e-05
-1.27111e-05
-1.27241e-05
-1.27371e-05
-1.27502e-05
-1.27632e-05
-1.27762e-05
-1.27892e-05
-1.28022e-05
-1.28153e-05
-1.28283e-05
-1.28413e-05
-1.28543e-05
-1.28673e-05
-1.28803e-05
-1.28933e-05
-1.29063e-05
-1.29193e-05
-1.29323e-05
-1.29453e-05
-1.29583e-05
-1.29713e-05
-1.29843e-05
-1.29973e-05
-1.30102e-05
-1.30232e-05
-1.30362e-05
-1.30491e-05
-1.30621e-05
-1.3075e-05
-1.30879e-05
-1.31009e-05
-1.31138e-05
-1.31267e-05
-1.31396e-05
-1.31525e-05
-1.31654e-05
-1.31783e-05
-1.31912e-05
-1.3204e-05
-1.32169e-05
-1.32298e-05
-1.32426e-05
-1.32554e-05
-1.32682e-05
-1.32811e-05
-1.32938e-05
-1.33066e-05
-1.33194e-05
-1.33322e-05
-1.33449e-05
-1.33577e-05
-1.33704e-05
-1.33831e-05
-1.33959e-05
-1.34085e-05
-1.34212e-05
-1.34339e-05
-1.34466e-05
-1.34592e-05
-1.34718e-05
-1.34845e-05
-1.34971e-05
-1.35097e-05
-1.35222e-05
-1.35348e-05
-1.35474e-05
-1.35599e-05
-1.35724e-05
-1.35849e-05
-1.35974e-05
-1.36099e-05
-1.36223e-05
-1.36348e-05
-1.36472e-05
-1.36596e-05
-1.3672e-05
-1.36844e-05
-1.36968e-05
-1.37091e-05
-1.37215e-05
-1.37338e-05
-1.37461e-05
-1.37583e-05
-1.37706e-05
-1.37828e-05
-1.37951e-05
-1.38073e-05
-1.38195e-05
-1.38316e-05
-1.38438e-05
-1.38559e-05
-1.38681e-05
-1.38801e-05
-1.38922e-05
-1.39043e-05
-1.39163e-05
-1.39284e-05
-1.39404e-05
-1.39523e-05
-1.39643e-05
-1.39762e-05
-1.39882e-05
-1.40001e-05
-1.4012e-05
-1.40238e-05
-1.40357e-05
-1.40475e-05
-1.40593e-05
-1.40711e-05
-1.40828e-05
-1.40946e-05
-1.41063e-05
-1.4118e-05
-1.41297e-05
-1.41413e-05
-1.41529e-05
-1.41646e-05
-1.41761e-05
-1.41877e-05
-1.41993e-05
-1.42108e-05
-1.42223e-05
-1.42338e-05
-1.42452e-05
-1.42567e-05
-1.42681e-05
-1.42795e-05
-1.42908e-05
-1.43022e-05
-1.43135e-05
-1.43248e-05
-1.43361e-05
-1.43473e-05
-1.43586e-05
-1.43698e-05
-1.43809e-05
-1.43921e-05
-1.44032e-05
-1.44144e-05
-1.44254e-05
-1.44365e-05
-1.44476e-05
-1.44586e-05
-1.44696e-05
-1.44805e-05
-1.44915e-05
-1.45024e-05
-1.45133e-05
-1.45242e-05
-1.4535e-05
-1.45459e-05
-1.45567e-05
-1.45674e-05
-1.45782e-05
-1.45889e-05
-1.45996e-05
-1.46103e-05
-1.4621e-05
-1.46316e-05
-1.46422e-05
-1.46528e-05
-1.46634e-05
-1.46739e-05
-1.46844e-05
-1.46949e-05
-1.47053e-05
-1.47158e-05
-1.47262e-05
-1.47366e-05
-1.47469e-05
-1.47573e-05
-1.47676e-05
-1.47778e-05
-1.47881e-05
-1.47983e-05
-1.48085e-05
-1.48187e-05
-1.48289e-05
-1.4839e-05
-1.48491e-05
-1.48592e-05
-1.48693e-05
-1.48793e-05
-1.48893e-05
-1.48993e-05
-1.49092e-05
-1.49192e-05
-1.49291e-05
-1.49389e-05
-1.49488e-05
-1.49586e-05
-1.49684e-05
-1.49782e-05
-1.4988e-05
-1.49977e-05
-1.50074e-05
-1.50171e-05
-1.50267e-05
-1.50363e-05
-1.50459e-05
-1.50555e-05
-1.50651e-05
-1.50746e-05
-1.50841e-05
-1.50936e-05
-1.5103e-05
-1.51125e-05
-1.51219e-05
-1.51313e-05
-1.51406e-05
-1.515e-05
-1.51593e-05
-1.51686e-05
-1.51778e-05
-1.51871e-05
-1.51963e-05
-1.52055e-05
-1.52147e-05
-1.52238e-05
-1.5233e-05
-1.52421e-05
-1.52511e-05
-1.52602e-05
-1.52692e-05
-1.52782e-05
-1.52872e-05
-1.52961e-05
-1.53051e-05
-1.5314e-05
-1.53228e-05
-1.53317e-05
-1.53405e-05
-1.53493e-05
-1.53581e-05
-1.53668e-05
-1.53756e-05
-1.53843e-05
-1.53929e-05
-1.54016e-05
-1.54102e-05
-1.54188e-05
-1.54274e-05
-1.54359e-05
-1.54444e-05
-1.54529e-05
-1.54614e-05
-1.54699e-05
-1.54783e-05
-1.54867e-05
-1.54951e-05
-1.55034e-05
-1.55117e-05
-1.552e-05
-1.55283e-05
-1.55366e-05
-1.55448e-05
-1.5553e-05
-1.55612e-05
-1.55693e-05
-1.55774e-05
-1.55856e-05
-1.55936e-05
-1.56017e-05
-1.56097e-05
-1.56177e-05
-1.56257e-05
-1.56336e-05
-1.56416e-05
-1.56495e-05
-1.56574e-05
-1.56652e-05
-1.56731e-05
-1.56809e-05
-1.56886e-05
-1.56964e-05
-1.57041e-05
-1.57119e-05
-1.57195e-05
-1.57272e-05
-1.57349e-05
-1.57425e-05
-1.57501e-05
-1.57576e-05
-1.57652e-05
-1.57727e-05
-1.57802e-05
-1.57877e-05
-1.57951e-05
-1.58026e-05
-1.581e-05
-1.58173e-05
-1.58247e-05
-1.5832e-05
-1.58393e-05
-1.58466e-05
-1.58539e-05
-1.58611e-05
-1.58684e-05
-1.58755e-05
-1.58827e-05
-1.58899e-05
-1.5897e-05
-1.59041e-05
-1.59112e-05
-1.59182e-05
-1.59253e-05
-1.59323e-05
-1.59393e-05
-1.59462e-05
-1.59532e-05
-1.59601e-05
-1.5967e-05
-1.59739e-05
-1.59807e-05
-1.59876e-05
-1.59944e-05
-1.60012e-05
-1.60079e-05
-1.60147e-05
-1.60214e-05
-1.60281e-05
-1.60348e-05
-1.60414e-05
-1.60481e-05
-1.60547e-05
-1.60613e-05
-1.60678e-05
-1.60744e-05
-1.60809e-05
-1.60874e-05
-1.60939e-05
-1.61003e-05
-1.61068e-05
-1.61132e-05
-1.61196e-05
-1.6126e-05
-1.61323e-05
-1.61387e-05
-1.6145e-05
-1.61513e-05
-1.61575e-05
-1.61638e-05
-1.617e-05
-1.61762e-05
-1.61824e-05
-1.61886e-05
-1.61947e-05
-1.62009e-05
-1.6207e-05
-1.6213e-05
-1.62191e-05
-1.62252e-05
-1.62312e-05
-1.62372e-05
-1.62432e-05
-1.62491e-05
-1.62551e-05
-1.6261e-05
-1.62669e-05
-1.62728e-05
-1.62786e-05
-1.62845e-05
-1.62903e-05
-1.62961e-05
-1.63019e-05
-1.63077e-05
-1.63134e-05
-1.63191e-05
-1.63248e-05
-1.63305e-05
-1.63362e-05
-1.63418e-05
-1.63475e-05
-1.63531e-05
-1.63587e-05
-1.63642e-05
-1.63698e-05
-1.63753e-05
-1.63808e-05
-1.63863e-05
-1.63918e-05
-1.63973e-05
-1.64027e-05
-1.64081e-05
-1.64135e-05
-1.64189e-05
-1.64243e-05
-1.64296e-05
-1.6435e-05
-1.64403e-05
-1.64456e-05
-1.64508e-05
-1.64561e-05
-1.64613e-05
-1.64666e-05
-1.64718e-05
-1.64769e-05
-1.64821e-05
-1.64873e-05
-1.64924e-05
-1.64975e-05
-1.65026e-05
-1.65077e-05
-1.65127e-05
-1.65178e-05
-1.65228e-05
-1.65278e-05
-1.65328e-05
-1.65378e-05
-1.65427e-05
-1.65477e-05
-1.65526e-05
-1.65575e-05
-1.65624e-05
-1.65673e-05
-1.65721e-05
-1.65769e-05
-1.65818e-05
-1.65866e-05
-1.65914e-05
-1.65961e-05
-1.66009e-05
-1.66056e-05
-1.66103e-05
-1.6615e-05
-1.66197e-05
-1.66244e-05
-1.66291e-05
-1.66337e-05
-1.66383e-05
-1.66429e-05
-1.66475e-05
-1.66521e-05
-1.66566e-05
-1.66612e-05
-1.66657e-05
-1.66702e-05
-1.66747e-05
-1.66792e-05
-1.66837e-05
-1.66881e-05
-1.66925e-05
-1.6697e-05
-1.67014e-05
-1.67058e-05
-1.67101e-05
-1.67145e-05
-1.67188e-05
-1.67231e-05
-1.67275e-05
-1.67317e-05
-1.6736e-05
-1.67403e-05
-1.67445e-05
-1.67488e-05
-1.6753e-05
-1.67572e-05
-1.67614e-05
-1.67656e-05
-1.67697e-05
-1.67739e-05
-1.6778e-05
-1.67821e-05
-1.67862e-05
-1.67903e-05
-1.67944e-05
-1.67984e-05
-1.68025e-05
-1.68065e-05
-1.68105e-05
-1.68145e-05
-1.68185e-05
-1.68225e-05
-1.68264e-05
-1.68304e-05
-1.68343e-05
-1.68382e-05
-1.68421e-05
-1.6846e-05
-1.68499e-05
-1.68537e-05
-1.68576e-05
-1.68614e-05
-1.68652e-05
-1.6869e-05
-1.68728e-05
-1.68766e-05
-1.68804e-05
-1.68841e-05
-1.68879e-05
-1.68916e-05
-1.68953e-05
-1.6899e-05
-1.69027e-05
-1.69064e-05
-1.691e-05
-1.69137e-05
-1.69173e-05
-1.69209e-05
-1.69246e-05
-1.69281e-05
-1.69317e-05
-1.69353e-05
-1.69389e-05
-1.69424e-05
-1.6946e-05
-1.69495e-05
-1.6953e-05
-1.69565e-05
-1.696e-05
-1.69634e-05
-1.69669e-05
-1.69703e-05
-1.69738e-05
-1.69772e-05
-1.69806e-05
-1.6984e-05
-1.69874e-05
-1.69908e-05
-1.69942e-05
-1.69975e-05
-1.70008e-05
-1.70042e-05
-1.70075e-05
-1.70108e-05
-1.70141e-05
-1.70174e-05
-1.70206e-05
-1.70239e-05
-1.70272e-05
-1.70304e-05
-1.70336e-05
-1.70368e-05
-1.704e-05
-1.70432e-05
-1.70464e-05
-1.70496e-05
-1.70527e-05
-1.70559e-05
-1.7059e-05
-1.70621e-05
-1.70652e-05
-1.70684e-05
-1.70714e-05
-1.70745e-05
-1.70776e-05
-1.70806e-05
-1.70837e-05
-1.70867e-05
-1.70898e-05
-1.70928e-05
-1.70958e-05
-1.70988e-05
-1.71018e-05
-1.71047e-05
-1.71077e-05
-1.71106e-05
-1.71136e-05
-1.71165e-05
-1.71194e-05
-1.71224e-05
-1.71253e-05
-1.71281e-05
-1.7131e-05
-1.71339e-05
-1.71368e-05
-1.71396e-05
-1.71424e-05
-1.71453e-05
-1.71481e-05
-1.71509e-05
-1.71537e-05
-1.71565e-05
-1.71593e-05
-1.7162e-05
-1.71648e-05
-1.71675e-05
-1.71703e-05
-1.7173e-05
-1.71757e-05
-1.71785e-05
-1.71812e-05
-1.71838e-05
-1.71865e-05
-1.71892e-05
-1.71919e-05
-1.71945e-05
-1.71972e-05
-1.71998e-05
-1.72024e-05
-1.7205e-05
-1.72077e-05
-1.72103e-05
-1.72128e-05
-1.72154e-05
-1.7218e-05
-1.72206e-05
-1.72231e-05
-1.72257e-05
-1.72282e-05
-1.72307e-05
-1.72332e-05
-1.72357e-05
-1.72382e-05
-1.72407e-05
-1.72432e-05
-1.72457e-05
-1.72482e-05
-1.72506e-05
-1.72531e-05
-1.72555e-05
-1.72579e-05
-1.72603e-05
-1.72628e-05
-1.72652e-05
-1.72676e-05
-1.727e-05
-1.72723e-05
-1.72747e-05
-1.72771e-05
-1.72794e-05
-1.72818e-05
-1.72841e-05
-1.72864e-05
-1.72887e-05
-1.72911e-05
-1.72934e-05
-1.72957e-05
-1.7298e-05
-1.73002e-05
-1.73025e-05
-1.73048e-05
-1.7307e-05
-1.73093e-05
-1.73115e-05
-1.73137e-05
-1.7316e-05
-1.73182e-05
-1.73204e-05
-1.73226e-05
-1.73248e-05
-1.7327e-05
-1.73292e-05
-1.73313e-05
-1.73335e-05
-1.73356e-05
-1.73378e-05
-1.73399e-05
-1.73421e-05
-1.73442e-05
-1.73463e-05
-1.73484e-05
-1.73505e-05
-1.73526e-05
-1.73547e-05
-1.73568e-05
-1.73589e-05
-1.73609e-05
-1.7363e-05
-1.7365e-05
-1.73671e-05
-1.73691e-05
-1.73711e-05
-1.73732e-05
-1.73752e-05
-1.73772e-05
-1.73792e-05
-1.73812e-05
-1.73832e-05
-1.73851e-05
-1.73871e-05
-1.73891e-05
-1.7391e-05
-1.7393e-05
-1.73949e-05
-1.73969e-05
-1.73988e-05
-1.74007e-05
-1.74027e-05
-1.74046e-05
-1.74065e-05
-1.74084e-05
-1.74103e-05
-1.74122e-05
-1.7414e-05
-1.74159e-05
-1.74178e-05
-1.74196e-05
-1.74215e-05
-1.74233e-05
-1.74252e-05
-1.7427e-05
-1.74288e-05
-1.74306e-05
-1.74325e-05
-1.74343e-05
-1.74361e-05
-1.74379e-05
-1.74397e-05
-1.74414e-05
-1.74432e-05
-1.7445e-05
-1.74467e-05
-1.74485e-05
-1.74503e-05
-1.7452e-05
-1.74537e-05
-1.74555e-05
-1.74572e-05
-1.74589e-05
-1.74606e-05
-1.74623e-05
-1.7464e-05
-1.74657e-05
-1.74674e-05
-1.74691e-05
-1.74708e-05
-1.74725e-05
-1.74741e-05
-1.74758e-05
-1.74775e-05
-1.74791e-05
-1.74807e-05
-1.74824e-05
-1.7484e-05
-1.74856e-05
-1.74873e-05
-1.74889e-05
-1.74905e-05
-1.74921e-05
-1.74937e-05
-1.74953e-05
-1.74969e-05
-1.74985e-05
-1.75e-05
-1.75016e-05
-1.75032e-05
-1.75047e-05
-1.75063e-05
-1.75078e-05
-1.75094e-05
-1.75109e-05
-1.75124e-05
-1.7514e-05
-1.75155e-05
-1.7517e-05
-1.75185e-05
-1.752e-05
-1.75215e-05
-1.7523e-05
-1.75245e-05
-1.7526e-05
-1.75275e-05
-1.7529e-05
-1.75304e-05
-1.75319e-05
-1.75334e-05
-1.75348e-05
-1.75363e-05
-1.75377e-05
-1.75392e-05
-1.75406e-05
-1.7542e-05
-1.75434e-05
-1.75449e-05
-1.75463e-05
-1.75477e-05
-1.75491e-05
-1.75505e-05
-1.75519e-05
-1.75533e-05
-1.75547e-05
-1.7556e-05
-1.75574e-05
-1.75588e-05
-1.75602e-05
-1.75615e-05
-1.75629e-05
-1.75642e-05
-1.75656e-05
-1.75669e-05
-1.75683e-05
-1.75696e-05
-1.75709e-05
-1.75723e-05
-1.75736e-05
-1.75749e-05
-1.75762e-05
-1.75775e-05
-1.75788e-05
-1.75801e-05
-1.75814e-05
-1.75827e-05
-1.7584e-05
-1.75853e-05
-1.75865e-05
-1.75878e-05
-1.75891e-05
-1.75903e-05
-1.75916e-05
-1.75928e-05
-1.75941e-05
-1.75953e-05
-1.75966e-05
-1.75978e-05
-1.7599e-05
-1.76003e-05
-1.76015e-05
-1.76027e-05
-1.76039e-05
-1.76051e-05
-1.76063e-05
-1.76075e-05
-1.76087e-05
-1.76099e-05
-1.76111e-05
-1.76123e-05
-1.76135e-05
-1.76147e-05
-1.76158e-05
-1.7617e-05
-1.76182e-05
-1.76193e-05
-1.76205e-05
-1.76217e-05
-1.76228e-05
-1.7624e-05
-1.76251e-05
-1.76262e-05
-1.76274e-05
-1.76285e-05
-1.76296e-05
-1.76307e-05
-1.76319e-05
-1.7633e-05
-1.76341e-05
-1.76352e-05
-1.76363e-05
-1.76374e-05
-1.76385e-05
-1.76396e-05
-1.76407e-05
-1.76418e-05
-1.76428e-05
-1.76439e-05
-1.7645e-05
-1.76461e-05
-1.76471e-05
-1.76482e-05
-1.76492e-05
-1.76503e-05
-1.76514e-05
-1.76524e-05
-1.76534e-05
-1.76545e-05
-1.76555e-05
-1.76566e-05
-1.76576e-05
-1.76586e-05
-1.76596e-05
-1.76607e-05
-1.76617e-05
-1.76627e-05
-1.76637e-05
-1.76647e-05
-1.76657e-05
-1.76667e-05
-1.76677e-05
-1.76687e-05
-1.76697e-05
-1.76707e-05
-1.76716e-05
-1.76726e-05
-1.76736e-05
-1.76746e-05
-1.76755e-05
-1.76765e-05
-1.76775e-05
-1.76784e-05
-1.76794e-05
-1.76803e-05
-1.76813e-05
-1.76822e-05
-1.76832e-05
-1.76841e-05
-1.7685e-05
-1.7686e-05
-1.76869e-05
-1.76878e-05
-1.76888e-05
-1.76897e-05
-1.76906e-05
-1.76915e-05
-1.76924e-05
-1.76933e-05
-1.76942e-05
-1.76951e-05
-1.7696e-05
-1.76969e-05
-1.76978e-05
-1.76987e-05
-1.76996e-05
-1.77005e-05
-1.77014e-05
-1.77022e-05
-1.77031e-05
-1.7704e-05
-1.77049e-05
-1.77057e-05
-1.77066e-05
-1.77074e-05
-1.77083e-05
-1.77092e-05
-1.771e-05
-1.77109e-05
-1.77117e-05
-1.77125e-05
-1.77134e-05
-1.77142e-05
-1.77151e-05
-1.77159e-05
-1.77167e-05
-1.77175e-05
-1.77184e-05
-1.77192e-05
-1.772e-05
-1.77208e-05
-1.77216e-05
-1.77224e-05
-1.77232e-05
-1.7724e-05
-1.77248e-05
-1.77256e-05
-1.77264e-05
-1.77272e-05
-1.7728e-05
-1.77288e-05
-1.77296e-05
-3.20554e-05
-4.91733e-05
-6.46243e-05
-7.73406e-05
-8.73721e-05
-9.50754e-05
-0.000100849
-0.000105058
-0.00010801
-0.000109963
-0.000111131
-0.000111687
-0.000111776
-0.000111514
-0.000110997
-0.000110305
-0.000109501
-0.000108638
-0.000107761
-0.000106903
-0.000106094
-0.000105359
-0.000104718
-0.000104189
-0.000103787
-0.000103526
-0.00010342
-0.000103484
-0.000103731
-0.000104179
-0.000104846
-0.000105756
-0.000106936
-0.00010842
-0.000110251
-0.000112485
-0.000115194
-0.000118472
-0.000122448
-0.000127301
-0.000133283
-0.000140774
-0.00015036
-0.000163006
-0.000180426
-0.000205947
-0.00024681
-0.000320489
-0.000466679
-0.000723556
-0.000949874
-0.00103759
-0.00104461
-0.00101237
-0.000960105
-0.000895097
-0.000818393
-0.000728248
-0.000622746
-0.000502629
-0.000374107
-0.000249365
-0.000142098
-6.04236e-05
-3.92571e-06
3.31974e-05
5.74778e-05
7.37574e-05
8.49613e-05
9.26965e-05
9.78371e-05
0.000100888
0.000102177
0.000101942
0.000100379
9.76586e-05
9.39374e-05
8.93607e-05
8.40644e-05
7.81748e-05
7.18088e-05
6.50731e-05
5.80634e-05
5.08646e-05
4.35505e-05
3.61847e-05
2.88202e-05
2.15002e-05
1.42594e-05
7.12468e-06
1.15269e-07
-6.7556e-06
-1.34801e-05
-2.00553e-05
-2.64812e-05
-3.27609e-05
-3.89005e-05
-4.49055e-05
-5.07834e-05
-5.65438e-05
-6.21919e-05
-6.77394e-05
-7.31889e-05
-7.85489e-05
-8.38211e-05
-8.90126e-05
-9.4122e-05
-9.9155e-05
-0.000104105
-0.000108976
-0.000113756
-0.00011844
-0.00012301
-0.000127448
-0.000131729
-0.000135826
-0.000139705
-0.000143336
-0.000146701
-0.000149816
-0.000152755
-0.000155683
-0.000158871
-0.000162655
-0.000167328
-0.000172887
-0.000178973
-0.000184889
-0.000189667
-0.000192219
-0.000191545
-0.000186935
-0.000178148
-0.000165502
-0.000149812
-0.000132211
-0.000113927
-9.60814e-05
-7.95506e-05
-6.49085e-05
-5.24235e-05
-4.21111e-05
-3.38081e-05
-2.72512e-05
-2.21431e-05
-1.81962e-05
-1.51572e-05
-1.28158e-05
-1.1005e-05
-9.59633e-06
-8.49242e-06
-7.62059e-06
-6.92684e-06
-6.37105e-06
-5.92332e-06
-5.56123e-06
-5.26775e-06
-5.02984e-06
-4.83739e-06
-4.68243e-06
-4.55864e-06
-4.46092e-06
-4.38511e-06
-4.32783e-06
-4.28625e-06
-4.25803e-06
-4.24121e-06
-4.23414e-06
-4.23541e-06
-4.24385e-06
-4.25845e-06
-4.27836e-06
-4.30285e-06
-4.3313e-06
-4.36316e-06
-4.39798e-06
-4.43538e-06
-4.47501e-06
-4.51659e-06
-4.55987e-06
-4.60462e-06
-4.65068e-06
-4.69787e-06
-4.74606e-06
-4.79513e-06
-4.84497e-06
-4.8955e-06
-4.94664e-06
-4.99832e-06
-5.05047e-06
-5.10305e-06
-5.15601e-06
-5.20931e-06
-5.26291e-06
-5.31678e-06
-5.37089e-06
-5.42522e-06
-5.47973e-06
-5.53442e-06
-5.58926e-06
-5.64424e-06
-5.69933e-06
-5.75452e-06
-5.8098e-06
-5.86516e-06
-5.92057e-06
-5.97604e-06
-6.03155e-06
-6.08709e-06
-6.14265e-06
-6.19822e-06
-6.25379e-06
-6.30935e-06
-6.36489e-06
-6.4204e-06
-6.47588e-06
-6.53132e-06
-6.58671e-06
-6.64204e-06
-6.6973e-06
-6.75249e-06
-6.8076e-06
-6.86262e-06
-6.91755e-06
-6.97237e-06
-7.02708e-06
-7.08168e-06
-7.13616e-06
-7.1905e-06
-7.24472e-06
-7.29878e-06
-7.3527e-06
-7.40647e-06
-7.46007e-06
-7.51351e-06
-7.56678e-06
-7.61986e-06
-7.67276e-06
-7.72547e-06
-7.77799e-06
-7.8303e-06
-7.88241e-06
-7.9343e-06
-7.98598e-06
-8.03743e-06
-8.08866e-06
-8.13965e-06
-8.19041e-06
-8.24092e-06
-8.29119e-06
-8.3412e-06
-8.39096e-06
-8.44045e-06
-8.48968e-06
-8.53864e-06
-8.58733e-06
-8.63574e-06
-8.68386e-06
-8.7317e-06
-8.77925e-06
-8.8265e-06
-8.87346e-06
-8.92012e-06
-8.96647e-06
-9.01251e-06
-9.05824e-06
-9.10366e-06
-9.14876e-06
-9.19354e-06
-9.238e-06
-9.28213e-06
-9.32592e-06
-9.36939e-06
-9.41252e-06
-9.45531e-06
-9.49776e-06
-9.53987e-06
-9.58163e-06
-9.62305e-06
-9.66411e-06
-9.70482e-06
-9.74518e-06
-9.78518e-06
-9.82483e-06
-9.86411e-06
-9.90304e-06
-9.94159e-06
-9.97979e-06
-1.00176e-05
-1.00551e-05
-1.00922e-05
-1.01289e-05
-1.01652e-05
-1.02012e-05
-1.02368e-05
-1.0272e-05
-1.03069e-05
-1.03414e-05
-1.03755e-05
-1.04092e-05
-1.04425e-05
-1.04755e-05
-1.05081e-05
-1.05403e-05
-1.05721e-05
-1.06035e-05
-1.06346e-05
-1.06653e-05
-1.06956e-05
-1.07255e-05
-1.0755e-05
-1.07842e-05
-1.0813e-05
-1.08414e-05
-1.08694e-05
-1.0897e-05
-1.09243e-05
-1.09512e-05
-1.09777e-05
-1.10038e-05
-1.10295e-05
-1.10549e-05
-1.10799e-05
-1.11045e-05
-1.11287e-05
-1.11526e-05
-1.11761e-05
-1.11992e-05
-1.1222e-05
-1.12444e-05
-1.12664e-05
-1.1288e-05
-1.13093e-05
-1.13302e-05
-1.13508e-05
-1.1371e-05
-1.13908e-05
-1.14103e-05
-1.14294e-05
-1.14482e-05
-1.14666e-05
-1.14846e-05
-1.15023e-05
-1.15197e-05
-1.15367e-05
-1.15534e-05
-1.15697e-05
-1.15857e-05
-1.16013e-05
-1.16166e-05
-1.16316e-05
-1.16462e-05
-1.16605e-05
-1.16745e-05
-1.16881e-05
-1.17014e-05
-1.17144e-05
-1.17271e-05
-1.17395e-05
-1.17515e-05
-1.17632e-05
-1.17746e-05
-1.17857e-05
-1.17965e-05
-1.1807e-05
-1.18171e-05
-1.1827e-05
-1.18366e-05
-1.18458e-05
-1.18548e-05
-1.18635e-05
-1.18719e-05
-1.188e-05
-1.18879e-05
-1.18954e-05
-1.19027e-05
-1.19097e-05
-1.19165e-05
-1.1923e-05
-1.19292e-05
-1.19351e-05
-1.19408e-05
-1.19462e-05
-1.19514e-05
-1.19563e-05
-1.1961e-05
-1.19654e-05
-1.19696e-05
-1.19735e-05
-1.19772e-05
-1.19807e-05
-1.19839e-05
-1.19869e-05
-1.19896e-05
-1.19922e-05
-1.19945e-05
-1.19966e-05
-1.19985e-05
-1.20001e-05
-1.20016e-05
-1.20028e-05
-1.20039e-05
-1.20047e-05
-1.20053e-05
-1.20058e-05
-1.2006e-05
-1.20061e-05
-1.20059e-05
-1.20056e-05
-1.20051e-05
-1.20044e-05
-1.20035e-05
-1.20025e-05
-1.20012e-05
-1.19999e-05
-1.19983e-05
-1.19966e-05
-1.19947e-05
-1.19926e-05
-1.19904e-05
-1.19881e-05
-1.19856e-05
-1.19829e-05
-1.19801e-05
-1.19772e-05
-1.19741e-05
-1.19709e-05
-1.19675e-05
-1.1964e-05
-1.19604e-05
-1.19566e-05
-1.19528e-05
-1.19488e-05
-1.19446e-05
-1.19404e-05
-1.19361e-05
-1.19316e-05
-1.1927e-05
-1.19224e-05
-1.19176e-05
-1.19127e-05
-1.19077e-05
-1.19026e-05
-1.18975e-05
-1.18922e-05
-1.18868e-05
-1.18814e-05
-1.18759e-05
-1.18702e-05
-1.18646e-05
-1.18588e-05
-1.18529e-05
-1.1847e-05
-1.1841e-05
-1.1835e-05
-1.18288e-05
-1.18226e-05
-1.18164e-05
-1.181e-05
-1.18036e-05
-1.17972e-05
-1.17907e-05
-1.17841e-05
-1.17775e-05
-1.17708e-05
-1.17641e-05
-1.17574e-05
-1.17506e-05
-1.17438e-05
-1.17369e-05
-1.173e-05
-1.17231e-05
-1.17161e-05
-1.17091e-05
-1.17021e-05
-1.16951e-05
-1.16881e-05
-1.1681e-05
-1.16739e-05
-1.16668e-05
-1.16597e-05
-1.16526e-05
-1.16454e-05
-1.16383e-05
-1.16311e-05
-1.1624e-05
-1.16168e-05
-1.16097e-05
-1.16025e-05
-1.15953e-05
-1.15882e-05
-1.1581e-05
-1.15739e-05
-1.15667e-05
-1.15596e-05
-1.15525e-05
-1.15454e-05
-1.15383e-05
-1.15312e-05
-1.15241e-05
-1.15171e-05
-1.151e-05
-1.1503e-05
-1.1496e-05
-1.1489e-05
-1.14821e-05
-1.14752e-05
-1.14683e-05
-1.14614e-05
-1.14546e-05
-1.14478e-05
-1.1441e-05
-1.14342e-05
-1.14275e-05
-1.14208e-05
-1.14142e-05
-1.14076e-05
-1.1401e-05
-1.13945e-05
-1.1388e-05
-1.13816e-05
-1.13752e-05
-1.13688e-05
-1.13625e-05
-1.13562e-05
-1.135e-05
-1.13438e-05
-1.13377e-05
-1.13316e-05
-1.13256e-05
-1.13196e-05
-1.13137e-05
-1.13078e-05
-1.1302e-05
-1.12962e-05
-1.12905e-05
-1.12848e-05
-1.12792e-05
-1.12737e-05
-1.12682e-05
-1.12627e-05
-1.12574e-05
-1.1252e-05
-1.12467e-05
-1.12415e-05
-1.12364e-05
-1.12313e-05
-1.12262e-05
-1.12212e-05
-1.12163e-05
-1.12114e-05
-1.12066e-05
-1.12019e-05
-1.11972e-05
-1.11926e-05
-1.11881e-05
-1.11836e-05
-1.11792e-05
-1.11749e-05
-1.11706e-05
-1.11664e-05
-1.11623e-05
-1.11583e-05
-1.11543e-05
-1.11505e-05
-1.11467e-05
-1.1143e-05
-1.11393e-05
-1.11358e-05
-1.11323e-05
-1.11289e-05
-1.11255e-05
-1.11223e-05
-1.11191e-05
-1.1116e-05
-1.1113e-05
-1.11101e-05
-1.11073e-05
-1.11045e-05
-1.11018e-05
-1.10992e-05
-1.10967e-05
-1.10942e-05
-1.10919e-05
-1.10896e-05
-1.10874e-05
-1.10852e-05
-1.10832e-05
-1.10812e-05
-1.10794e-05
-1.10776e-05
-1.10758e-05
-1.10742e-05
-1.10727e-05
-1.10712e-05
-1.10698e-05
-1.10685e-05
-1.10673e-05
-1.10661e-05
-1.10651e-05
-1.10641e-05
-1.10632e-05
-1.10624e-05
-1.10616e-05
-1.1061e-05
-1.10604e-05
-1.10599e-05
-1.10595e-05
-1.10592e-05
-1.1059e-05
-1.10588e-05
-1.10587e-05
-1.10587e-05
-1.10588e-05
-1.1059e-05
-1.10592e-05
-1.10596e-05
-1.106e-05
-1.10605e-05
-1.1061e-05
-1.10617e-05
-1.10624e-05
-1.10633e-05
-1.10642e-05
-1.10651e-05
-1.10662e-05
-1.10674e-05
-1.10686e-05
-1.10699e-05
-1.10713e-05
-1.10727e-05
-1.10743e-05
-1.10759e-05
-1.10776e-05
-1.10794e-05
-1.10812e-05
-1.10831e-05
-1.10851e-05
-1.10872e-05
-1.10893e-05
-1.10915e-05
-1.10937e-05
-1.10961e-05
-1.10985e-05
-1.1101e-05
-1.11035e-05
-1.11061e-05
-1.11088e-05
-1.11116e-05
-1.11144e-05
-1.11174e-05
-1.11203e-05
-1.11234e-05
-1.11266e-05
-1.11298e-05
-1.11331e-05
-1.11365e-05
-1.11399e-05
-1.11435e-05
-1.11471e-05
-1.11508e-05
-1.11546e-05
-1.11584e-05
-1.11624e-05
-1.11664e-05
-1.11705e-05
-1.11747e-05
-1.11789e-05
-1.11833e-05
-1.11877e-05
-1.11922e-05
-1.11967e-05
-1.12013e-05
-1.1206e-05
-1.12108e-05
-1.12157e-05
-1.12206e-05
-1.12256e-05
-1.12307e-05
-1.12358e-05
-1.1241e-05
-1.12463e-05
-1.12517e-05
-1.12571e-05
-1.12626e-05
-1.12681e-05
-1.12738e-05
-1.12794e-05
-1.12852e-05
-1.1291e-05
-1.12969e-05
-1.13029e-05
-1.13089e-05
-1.1315e-05
-1.13212e-05
-1.13274e-05
-1.13337e-05
-1.134e-05
-1.13464e-05
-1.13529e-05
-1.13595e-05
-1.13661e-05
-1.13727e-05
-1.13794e-05
-1.13862e-05
-1.13931e-05
-1.14e-05
-1.14069e-05
-1.1414e-05
-1.14211e-05
-1.14282e-05
-1.14354e-05
-1.14427e-05
-1.145e-05
-1.14573e-05
-1.14648e-05
-1.14723e-05
-1.14798e-05
-1.14874e-05
-1.14951e-05
-1.15028e-05
-1.15105e-05
-1.15183e-05
-1.15262e-05
-1.15341e-05
-1.15421e-05
-1.15501e-05
-1.15582e-05
-1.15663e-05
-1.15745e-05
-1.15827e-05
-1.1591e-05
-1.15994e-05
-1.16077e-05
-1.16162e-05
-1.16246e-05
-1.16332e-05
-1.16417e-05
-1.16504e-05
-1.1659e-05
-1.16677e-05
-1.16765e-05
-1.16853e-05
-1.16942e-05
-1.17031e-05
-1.1712e-05
-1.1721e-05
-1.173e-05
-1.17391e-05
-1.17482e-05
-1.17574e-05
-1.17666e-05
-1.17758e-05
-1.17851e-05
-1.17944e-05
-1.18038e-05
-1.18132e-05
-1.18226e-05
-1.18321e-05
-1.18416e-05
-1.18511e-05
-1.18607e-05
-1.18703e-05
-1.18799e-05
-1.18896e-05
-1.18993e-05
-1.1909e-05
-1.19188e-05
-1.19285e-05
-1.19383e-05
-1.19482e-05
-1.1958e-05
-1.19679e-05
-1.19778e-05
-1.19878e-05
-1.19978e-05
-1.20078e-05
-1.20178e-05
-1.20279e-05
-1.2038e-05
-1.20481e-05
-1.20583e-05
-1.20685e-05
-1.20787e-05
-1.2089e-05
-1.20993e-05
-1.21097e-05
-1.21201e-05
-1.21305e-05
-1.21409e-05
-1.21514e-05
-1.21619e-05
-1.21724e-05
-1.2183e-05
-1.21936e-05
-1.22043e-05
-1.22149e-05
-1.22256e-05
-1.22363e-05
-1.22471e-05
-1.22579e-05
-1.22687e-05
-1.22795e-05
-1.22904e-05
-1.23012e-05
-1.23121e-05
-1.23231e-05
-1.2334e-05
-1.2345e-05
-1.2356e-05
-1.2367e-05
-1.23781e-05
-1.23891e-05
-1.24002e-05
-1.24113e-05
-1.24224e-05
-1.24336e-05
-1.24447e-05
-1.24559e-05
-1.24671e-05
-1.24783e-05
-1.24896e-05
-1.25008e-05
-1.25121e-05
-1.25234e-05
-1.25347e-05
-1.2546e-05
-1.25573e-05
-1.25687e-05
-1.258e-05
-1.25914e-05
-1.26028e-05
-1.26142e-05
-1.26256e-05
-1.2637e-05
-1.26485e-05
-1.26599e-05
-1.26714e-05
-1.26828e-05
-1.26943e-05
-1.27058e-05
-1.27173e-05
-1.27288e-05
-1.27404e-05
-1.27519e-05
-1.27634e-05
-1.2775e-05
-1.27865e-05
-1.27981e-05
-1.28097e-05
-1.28213e-05
-1.28329e-05
-1.28445e-05
-1.28561e-05
-1.28677e-05
-1.28793e-05
-1.28909e-05
-1.29025e-05
-1.29142e-05
-1.29258e-05
-1.29374e-05
-1.29491e-05
-1.29607e-05
-1.29724e-05
-1.2984e-05
-1.29957e-05
-1.30073e-05
-1.3019e-05
-1.30307e-05
-1.30423e-05
-1.3054e-05
-1.30657e-05
-1.30773e-05
-1.3089e-05
-1.31007e-05
-1.31123e-05
-1.3124e-05
-1.31357e-05
-1.31473e-05
-1.3159e-05
-1.31706e-05
-1.31823e-05
-1.3194e-05
-1.32056e-05
-1.32173e-05
-1.32289e-05
-1.32406e-05
-1.32522e-05
-1.32639e-05
-1.32755e-05
-1.32871e-05
-1.32988e-05
-1.33104e-05
-1.3322e-05
-1.33336e-05
-1.33452e-05
-1.33569e-05
-1.33685e-05
-1.338e-05
-1.33916e-05
-1.34032e-05
-1.34148e-05
-1.34264e-05
-1.34379e-05
-1.34495e-05
-1.3461e-05
-1.34726e-05
-1.34841e-05
-1.34956e-05
-1.35071e-05
-1.35186e-05
-1.35301e-05
-1.35416e-05
-1.35531e-05
-1.35646e-05
-1.3576e-05
-1.35875e-05
-1.35989e-05
-1.36104e-05
-1.36218e-05
-1.36332e-05
-1.36446e-05
-1.3656e-05
-1.36673e-05
-1.36787e-05
-1.36901e-05
-1.37014e-05
-1.37127e-05
-1.37241e-05
-1.37354e-05
-1.37467e-05
-1.37579e-05
-1.37692e-05
-1.37805e-05
-1.37917e-05
-1.38029e-05
-1.38141e-05
-1.38253e-05
-1.38365e-05
-1.38477e-05
-1.38589e-05
-1.387e-05
-1.38811e-05
-1.38923e-05
-1.39034e-05
-1.39144e-05
-1.39255e-05
-1.39366e-05
-1.39476e-05
-1.39586e-05
-1.39697e-05
-1.39807e-05
-1.39916e-05
-1.40026e-05
-1.40135e-05
-1.40245e-05
-1.40354e-05
-1.40463e-05
-1.40572e-05
-1.4068e-05
-1.40789e-05
-1.40897e-05
-1.41005e-05
-1.41113e-05
-1.41221e-05
-1.41329e-05
-1.41436e-05
-1.41543e-05
-1.4165e-05
-1.41757e-05
-1.41864e-05
-1.41971e-05
-1.42077e-05
-1.42183e-05
-1.42289e-05
-1.42395e-05
-1.425e-05
-1.42606e-05
-1.42711e-05
-1.42816e-05
-1.42921e-05
-1.43026e-05
-1.4313e-05
-1.43234e-05
-1.43339e-05
-1.43442e-05
-1.43546e-05
-1.4365e-05
-1.43753e-05
-1.43856e-05
-1.43959e-05
-1.44062e-05
-1.44164e-05
-1.44266e-05
-1.44368e-05
-1.4447e-05
-1.44572e-05
-1.44673e-05
-1.44775e-05
-1.44876e-05
-1.44977e-05
-1.45077e-05
-1.45178e-05
-1.45278e-05
-1.45378e-05
-1.45478e-05
-1.45577e-05
-1.45677e-05
-1.45776e-05
-1.45875e-05
-1.45974e-05
-1.46072e-05
-1.4617e-05
-1.46268e-05
-1.46366e-05
-1.46464e-05
-1.46561e-05
-1.46659e-05
-1.46756e-05
-1.46852e-05
-1.46949e-05
-1.47045e-05
-1.47142e-05
-1.47237e-05
-1.47333e-05
-1.47429e-05
-1.47524e-05
-1.47619e-05
-1.47714e-05
-1.47808e-05
-1.47903e-05
-1.47997e-05
-1.48091e-05
-1.48184e-05
-1.48278e-05
-1.48371e-05
-1.48464e-05
-1.48557e-05
-1.48649e-05
-1.48742e-05
-1.48834e-05
-1.48926e-05
-1.49017e-05
-1.49109e-05
-1.492e-05
-1.49291e-05
-1.49382e-05
-1.49472e-05
-1.49563e-05
-1.49653e-05
-1.49743e-05
-1.49832e-05
-1.49922e-05
-1.50011e-05
-1.501e-05
-1.50188e-05
-1.50277e-05
-1.50365e-05
-1.50453e-05
-1.50541e-05
-1.50629e-05
-1.50716e-05
-1.50803e-05
-1.5089e-05
-1.50977e-05
-1.51063e-05
-1.51149e-05
-1.51235e-05
-1.51321e-05
-1.51406e-05
-1.51492e-05
-1.51577e-05
-1.51662e-05
-1.51747e-05
-1.51831e-05
-1.51915e-05
-1.51999e-05
-1.52083e-05
-1.52167e-05
-1.5225e-05
-1.52333e-05
-1.52416e-05
-1.52499e-05
-1.52582e-05
-1.52664e-05
-1.52746e-05
-1.52828e-05
-1.5291e-05
-1.52991e-05
-1.53073e-05
-1.53154e-05
-1.53235e-05
-1.53315e-05
-1.53396e-05
-1.53476e-05
-1.53556e-05
-1.53635e-05
-1.53715e-05
-1.53794e-05
-1.53873e-05
-1.53952e-05
-1.5403e-05
-1.54109e-05
-1.54187e-05
-1.54265e-05
-1.54343e-05
-1.5442e-05
-1.54497e-05
-1.54574e-05
-1.54651e-05
-1.54728e-05
-1.54804e-05
-1.5488e-05
-1.54956e-05
-1.55032e-05
-1.55107e-05
-1.55182e-05
-1.55257e-05
-1.55332e-05
-1.55407e-05
-1.55481e-05
-1.55555e-05
-1.55629e-05
-1.55703e-05
-1.55776e-05
-1.55849e-05
-1.55922e-05
-1.55995e-05
-1.56068e-05
-1.5614e-05
-1.56212e-05
-1.56284e-05
-1.56356e-05
-1.56427e-05
-1.56498e-05
-1.56569e-05
-1.5664e-05
-1.56711e-05
-1.56781e-05
-1.56851e-05
-1.56921e-05
-1.56991e-05
-1.57061e-05
-1.5713e-05
-1.57199e-05
-1.57268e-05
-1.57336e-05
-1.57405e-05
-1.57473e-05
-1.57541e-05
-1.57609e-05
-1.57676e-05
-1.57744e-05
-1.57811e-05
-1.57878e-05
-1.57945e-05
-1.58011e-05
-1.58078e-05
-1.58144e-05
-1.5821e-05
-1.58275e-05
-1.58341e-05
-1.58406e-05
-1.58471e-05
-1.58536e-05
-1.58601e-05
-1.58665e-05
-1.58729e-05
-1.58793e-05
-1.58857e-05
-1.58921e-05
-1.58984e-05
-1.59048e-05
-1.59111e-05
-1.59173e-05
-1.59236e-05
-1.59298e-05
-1.59361e-05
-1.59423e-05
-1.59484e-05
-1.59546e-05
-1.59607e-05
-1.59669e-05
-1.5973e-05
-1.59791e-05
-1.59851e-05
-1.59912e-05
-1.59972e-05
-1.60032e-05
-1.60092e-05
-1.60151e-05
-1.60211e-05
-1.6027e-05
-1.60329e-05
-1.60388e-05
-1.60447e-05
-1.60505e-05
-1.60563e-05
-1.60621e-05
-1.60679e-05
-1.60737e-05
-1.60795e-05
-1.60852e-05
-1.60909e-05
-1.60966e-05
-1.61023e-05
-1.61079e-05
-1.61136e-05
-1.61192e-05
-1.61248e-05
-1.61304e-05
-1.61359e-05
-1.61415e-05
-1.6147e-05
-1.61525e-05
-1.6158e-05
-1.61635e-05
-1.61689e-05
-1.61744e-05
-1.61798e-05
-1.61852e-05
-1.61906e-05
-1.61959e-05
-1.62013e-05
-1.62066e-05
-1.62119e-05
-1.62172e-05
-1.62225e-05
-1.62277e-05
-1.6233e-05
-1.62382e-05
-1.62434e-05
-1.62486e-05
-1.62538e-05
-1.62589e-05
-1.62641e-05
-1.62692e-05
-1.62743e-05
-1.62794e-05
-1.62844e-05
-1.62895e-05
-1.62945e-05
-1.62995e-05
-1.63045e-05
-1.63095e-05
-1.63144e-05
-1.63194e-05
-1.63243e-05
-1.63292e-05
-1.63341e-05
-1.6339e-05
-1.63439e-05
-1.63487e-05
-1.63536e-05
-1.63584e-05
-1.63632e-05
-1.63679e-05
-1.63727e-05
-1.63775e-05
-1.63822e-05
-1.63869e-05
-1.63916e-05
-1.63963e-05
-1.64009e-05
-1.64056e-05
-1.64102e-05
-1.64149e-05
-1.64195e-05
-1.6424e-05
-1.64286e-05
-1.64332e-05
-1.64377e-05
-1.64422e-05
-1.64467e-05
-1.64512e-05
-1.64557e-05
-1.64602e-05
-1.64646e-05
-1.64691e-05
-1.64735e-05
-1.64779e-05
-1.64823e-05
-1.64866e-05
-1.6491e-05
-1.64953e-05
-1.64997e-05
-1.6504e-05
-1.65083e-05
-1.65126e-05
-1.65168e-05
-1.65211e-05
-1.65253e-05
-1.65295e-05
-1.65337e-05
-1.65379e-05
-1.65421e-05
-1.65463e-05
-1.65504e-05
-1.65546e-05
-1.65587e-05
-1.65628e-05
-1.65669e-05
-1.6571e-05
-1.6575e-05
-1.65791e-05
-1.65831e-05
-1.65871e-05
-1.65912e-05
-1.65951e-05
-1.65991e-05
-1.66031e-05
-1.66071e-05
-1.6611e-05
-1.66149e-05
-1.66188e-05
-1.66227e-05
-1.66266e-05
-1.66305e-05
-1.66343e-05
-1.66382e-05
-1.6642e-05
-1.66458e-05
-1.66496e-05
-1.66534e-05
-1.66572e-05
-1.6661e-05
-1.66647e-05
-1.66685e-05
-1.66722e-05
-1.66759e-05
-1.66796e-05
-1.66833e-05
-1.6687e-05
-1.66906e-05
-1.66943e-05
-1.66979e-05
-1.67015e-05
-1.67051e-05
-1.67087e-05
-1.67123e-05
-1.67159e-05
-1.67195e-05
-1.6723e-05
-1.67265e-05
-1.67301e-05
-1.67336e-05
-1.67371e-05
-1.67405e-05
-1.6744e-05
-1.67475e-05
-1.67509e-05
-1.67544e-05
-1.67578e-05
-1.67612e-05
-1.67646e-05
-1.6768e-05
-1.67714e-05
-1.67747e-05
-1.67781e-05
-1.67814e-05
-1.67848e-05
-1.67881e-05
-1.67914e-05
-1.67947e-05
-1.6798e-05
-1.68012e-05
-1.68045e-05
-1.68078e-05
-1.6811e-05
-1.68142e-05
-1.68174e-05
-1.68206e-05
-1.68238e-05
-1.6827e-05
-1.68302e-05
-1.68333e-05
-1.68365e-05
-1.68396e-05
-1.68428e-05
-1.68459e-05
-1.6849e-05
-1.68521e-05
-1.68551e-05
-1.68582e-05
-1.68613e-05
-1.68643e-05
-1.68674e-05
-1.68704e-05
-1.68734e-05
-1.68764e-05
-1.68794e-05
-1.68824e-05
-1.68854e-05
-1.68883e-05
-1.68913e-05
-1.68942e-05
-1.68972e-05
-1.69001e-05
-1.6903e-05
-1.69059e-05
-1.69088e-05
-1.69117e-05
-1.69146e-05
-1.69174e-05
-1.69203e-05
-1.69231e-05
-1.6926e-05
-1.69288e-05
-1.69316e-05
-1.69344e-05
-1.69372e-05
-1.694e-05
-1.69427e-05
-1.69455e-05
-1.69483e-05
-1.6951e-05
-1.69537e-05
-1.69565e-05
-1.69592e-05
-1.69619e-05
-1.69646e-05
-1.69673e-05
-1.69699e-05
-1.69726e-05
-1.69753e-05
-1.69779e-05
-1.69806e-05
-1.69832e-05
-1.69858e-05
-1.69884e-05
-1.6991e-05
-1.69936e-05
-1.69962e-05
-1.69988e-05
-1.70014e-05
-1.70039e-05
-1.70065e-05
-1.7009e-05
-1.70115e-05
-1.7014e-05
-1.70166e-05
-1.70191e-05
-1.70216e-05
-1.7024e-05
-1.70265e-05
-1.7029e-05
-1.70315e-05
-1.70339e-05
-1.70364e-05
-1.70388e-05
-1.70412e-05
-1.70436e-05
-1.7046e-05
-1.70484e-05
-1.70508e-05
-1.70532e-05
-1.70556e-05
-1.7058e-05
-1.70603e-05
-1.70627e-05
-1.7065e-05
-1.70673e-05
-1.70697e-05
-1.7072e-05
-1.70743e-05
-1.70766e-05
-1.70789e-05
-1.70812e-05
-1.70834e-05
-1.70857e-05
-1.7088e-05
-1.70902e-05
-1.70925e-05
-1.70947e-05
-1.70969e-05
-1.70992e-05
-1.71014e-05
-1.71036e-05
-1.71058e-05
-1.7108e-05
-1.71102e-05
-1.71123e-05
-1.71145e-05
-1.71167e-05
-1.71188e-05
-1.7121e-05
-1.71231e-05
-1.71252e-05
-1.71273e-05
-1.71295e-05
-1.71316e-05
-1.71337e-05
-1.71358e-05
-1.71379e-05
-1.71399e-05
-1.7142e-05
-1.71441e-05
-1.71461e-05
-1.71482e-05
-1.71502e-05
-1.71522e-05
-1.71543e-05
-1.71563e-05
-1.71583e-05
-1.71603e-05
-1.71623e-05
-1.71643e-05
-1.71663e-05
-1.71683e-05
-1.71702e-05
-1.71722e-05
-1.71742e-05
-1.71761e-05
-1.71781e-05
-1.718e-05
-1.71819e-05
-1.71839e-05
-1.71858e-05
-1.71877e-05
-1.71896e-05
-1.71915e-05
-1.71934e-05
-1.71953e-05
-1.71971e-05
-1.7199e-05
-1.72009e-05
-1.72027e-05
-1.72046e-05
-1.72064e-05
-1.72083e-05
-1.72101e-05
-1.72119e-05
-1.72137e-05
-1.72156e-05
-1.72174e-05
-1.72192e-05
-1.7221e-05
-1.72227e-05
-1.72245e-05
-1.72263e-05
-1.72281e-05
-1.72298e-05
-1.72316e-05
-1.72333e-05
-1.72351e-05
-1.72368e-05
-1.72385e-05
-1.72403e-05
-1.7242e-05
-1.72437e-05
-1.72454e-05
-1.72471e-05
-1.72488e-05
-1.72505e-05
-1.72522e-05
-1.72539e-05
-1.72555e-05
-1.72572e-05
-1.72589e-05
-1.72605e-05
-1.72622e-05
-1.72638e-05
-1.72654e-05
-1.72671e-05
-1.72687e-05
-1.72703e-05
-1.72719e-05
-1.72735e-05
-1.72751e-05
-1.72767e-05
-1.72783e-05
-1.72799e-05
-1.72815e-05
-1.72831e-05
-1.72847e-05
-1.72862e-05
-1.72878e-05
-1.72893e-05
-1.72909e-05
-1.72924e-05
-1.7294e-05
-1.72955e-05
-1.7297e-05
-1.72985e-05
-1.73001e-05
-1.73016e-05
-1.73031e-05
-1.73046e-05
-1.73061e-05
-1.73076e-05
-1.73091e-05
-1.73105e-05
-1.7312e-05
-1.73135e-05
-1.73149e-05
-1.73164e-05
-1.73179e-05
-1.73193e-05
-1.73208e-05