0
1.95091e-06
3.58477e-06
4.85034e-06
5.81491e-06
6.53724e-06
7.0637e-06
7.4318e-06
7.67196e-06
7.80883e-06
7.86238e-06
7.84858e-06
7.78015e-06
7.66764e-06
7.51979e-06
7.34399e-06
7.14639e-06
6.93212e-06
6.70547e-06
6.47002e-06
6.22864e-06
5.98364e-06
5.73699e-06
5.49041e-06
5.24533e-06
5.003e-06
4.76446e-06
4.53054e-06
4.30193e-06
4.07917e-06
3.86266e-06
3.65273e-06
3.44958e-06
3.25336e-06
3.06415e-06
2.88196e-06
2.70677e-06
2.53851e-06
2.37707e-06
2.22234e-06
2.07416e-06
1.93237e-06
1.79677e-06
1.66714e-06
1.54328e-06
1.42498e-06
1.31204e-06
1.20427e-06
1.10148e-06
1.00348e-06
9.1008e-07
8.21103e-07
7.36365e-07
6.55689e-07
5.78903e-07
5.05839e-07
4.36332e-07
3.70224e-07
3.07361e-07
2.47596e-07
1.90785e-07
1.36792e-07
8.54831e-08
3.67324e-08
-9.58191e-09
-5.35762e-08
-9.5362e-08
-1.35046e-07
-1.72729e-07
-2.08509e-07
-2.42478e-07
-2.74724e-07
-3.05333e-07
-3.34382e-07
-3.6195e-07
-3.88107e-07
-4.12924e-07
-4.36466e-07
-4.58795e-07
-4.7997e-07
-5.00047e-07
-5.19081e-07
-5.37121e-07
-5.54216e-07
-5.70413e-07
-5.85753e-07
-6.00279e-07
-6.1403e-07
-6.27044e-07
-6.39354e-07
-6.50996e-07
-6.62001e-07
-6.72399e-07
-6.82219e-07
-6.91488e-07
-7.00233e-07
-7.08478e-07
-7.16246e-07
-7.2356e-07
-7.3044e-07
-7.36908e-07
-7.42981e-07
-7.48679e-07
-7.54018e-07
-7.59015e-07
-7.63686e-07
-7.68045e-07
-7.72108e-07
-7.75899e-07
-7.79439e-07
-7.82745e-07
-7.85833e-07
-7.88714e-07
-7.914e-07
-7.93899e-07
-7.96218e-07
-7.98364e-07
-8.00342e-07
-8.02158e-07
-8.03816e-07
-8.05323e-07
-8.06684e-07
-8.07904e-07
-8.08987e-07
-8.09938e-07
-8.10763e-07
-8.11465e-07
-8.12049e-07
-8.1252e-07
-8.12882e-07
-8.13138e-07
-8.13293e-07
-8.13351e-07
-8.13315e-07
-8.1319e-07
-8.12977e-07
-8.12682e-07
-8.12306e-07
-8.11854e-07
-8.11329e-07
-8.10732e-07
-8.10068e-07
-8.09339e-07
-8.08547e-07
-8.07695e-07
-8.06786e-07
-8.05821e-07
-8.04804e-07
-8.03736e-07
-8.02619e-07
-8.01456e-07
-8.00248e-07
-7.98998e-07
-7.97707e-07
-7.96376e-07
-7.95008e-07
-7.93604e-07
-7.92166e-07
-7.90695e-07
-7.89193e-07
-7.87661e-07
-7.861e-07
-7.84512e-07
-7.82898e-07
-7.81259e-07
-7.79596e-07
-7.7791e-07
-7.76203e-07
-7.74476e-07
-7.72729e-07
-7.70963e-07
-7.69179e-07
-7.67379e-07
-7.65563e-07
-7.63732e-07
-7.61887e-07
-7.60028e-07
-7.58156e-07
-7.56273e-07
-7.54378e-07
-7.52472e-07
-7.50556e-07
-7.48631e-07
-7.46697e-07
-7.44755e-07
-7.42806e-07
-7.40849e-07
-7.38885e-07
-7.36916e-07
-7.34941e-07
-7.3296e-07
-7.30975e-07
-7.28986e-07
-7.26993e-07
-7.24997e-07
-7.22998e-07
-7.20996e-07
-7.18992e-07
-7.16986e-07
-7.14979e-07
-7.1297e-07
-7.10961e-07
-7.08951e-07
-7.0694e-07
-7.0493e-07
-7.02921e-07
-7.00912e-07
-6.98904e-07
-6.96897e-07
-6.94891e-07
-6.92887e-07
-6.90885e-07
-6.88886e-07
-6.86888e-07
-6.84893e-07
-6.82901e-07
-6.80912e-07
-6.78927e-07
-6.76944e-07
-6.74965e-07
-6.7299e-07
-6.71019e-07
-6.69051e-07
-6.67088e-07
-6.6513e-07
-6.63176e-07
-6.61226e-07
-6.59281e-07
-6.57342e-07
-6.55407e-07
-6.53478e-07
-6.51554e-07
-6.49635e-07
-6.47722e-07
-6.45815e-07
-6.43913e-07
-6.42018e-07
-6.40128e-07
-6.38245e-07
-6.36367e-07
-6.34496e-07
-6.32631e-07
-6.30773e-07
-6.28921e-07
-6.27076e-07
-6.25238e-07
-6.23406e-07
-6.21581e-07
-6.19763e-07
-6.17952e-07
-6.16148e-07
-6.14351e-07
-6.12562e-07
-6.10779e-07
-6.09004e-07
-6.07236e-07
-6.05476e-07
-6.03722e-07
-6.01977e-07
-6.00239e-07
-5.98508e-07
-5.96785e-07
-5.9507e-07
-5.93362e-07
-5.91662e-07
-5.8997e-07
-5.88285e-07
-5.86608e-07
-5.8494e-07
-5.83279e-07
-5.81625e-07
-5.7998e-07
-5.78343e-07
-5.76714e-07
-5.75092e-07
-5.73479e-07
-5.71873e-07
-5.70276e-07
-5.68687e-07
-5.67106e-07
-5.65533e-07
-5.63968e-07
-5.62411e-07
-5.60862e-07
-5.59321e-07
-5.57789e-07
-5.56264e-07
-5.54748e-07
-5.5324e-07
-5.5174e-07
-5.50248e-07
-5.48764e-07
-5.47289e-07
-5.45821e-07
-5.44362e-07
-5.42911e-07
-5.41469e-07
-5.40034e-07
-5.38607e-07
-5.37189e-07
-5.35779e-07
-5.34377e-07
-5.32983e-07
-5.31597e-07
-5.30219e-07
-5.2885e-07
-5.27488e-07
-5.26135e-07
-5.2479e-07
-5.23453e-07
-5.22124e-07
-5.20802e-07
-5.19489e-07
-5.18185e-07
-5.16888e-07
-5.15599e-07
-5.14318e-07
-5.13045e-07
-5.1178e-07
-5.10523e-07
-5.09274e-07
-5.08032e-07
-5.06799e-07
-5.05574e-07
-5.04356e-07
-5.03146e-07
-5.01944e-07
-5.0075e-07
-4.99564e-07
-4.98385e-07
-4.97215e-07
-4.96052e-07
-4.94896e-07
-4.93748e-07
-4.92608e-07
-4.91476e-07
-4.90355e-07
-4.8925e-07
-4.88164e-07
-4.87098e-07
-4.86054e-07
-4.85031e-07
-4.84029e-07
-4.83048e-07
-4.82087e-07
-4.81145e-07
-4.80221e-07
-4.79314e-07
-4.78423e-07
-4.77547e-07
-4.76684e-07
-4.75833e-07
-4.74993e-07
-4.74161e-07
-4.73338e-07
-4.72522e-07
-4.71712e-07
-4.70909e-07
-4.70111e-07
-4.69319e-07
-4.68531e-07
-4.67748e-07
-4.6697e-07
-4.66195e-07
-4.65425e-07
-4.64659e-07
-4.63897e-07
-4.63139e-07
-4.62385e-07
-4.61635e-07
-4.60888e-07
-4.60145e-07
-4.59407e-07
-4.58672e-07
-4.5794e-07
-4.57213e-07
-4.5649e-07
-4.5577e-07
-4.55055e-07
-4.54343e-07
-4.53636e-07
-4.52932e-07
-4.52232e-07
-4.51537e-07
-4.50845e-07
-4.50158e-07
-4.49474e-07
-4.48795e-07
-4.4812e-07
-4.47449e-07
-4.46782e-07
-4.46119e-07
-4.45461e-07
-4.44807e-07
-4.44157e-07
-4.43511e-07
-4.42869e-07
-4.42232e-07
-4.41598e-07
-4.4097e-07
-4.40345e-07
-4.39724e-07
-4.39108e-07
-4.38497e-07
-4.37889e-07
-4.37286e-07
-4.36687e-07
-4.36092e-07
-4.35501e-07
-4.34915e-07
-4.34333e-07
-4.33756e-07
-4.33182e-07
-4.32613e-07
-4.32048e-07
-4.31488e-07
-4.30931e-07
-4.30379e-07
-4.29831e-07
-4.29288e-07
-4.28748e-07
-4.28213e-07
-4.27682e-07
-4.27155e-07
-4.26633e-07
-4.26114e-07
-4.256e-07
-4.2509e-07
-4.24584e-07
-4.24082e-07
-4.23584e-07
-4.23091e-07
-4.22601e-07
-4.22116e-07
-4.21634e-07
-4.21157e-07
-4.20683e-07
-4.20214e-07
-4.19749e-07
-4.19287e-07
-4.1883e-07
-4.18377e-07
-4.17927e-07
-4.17482e-07
-4.1704e-07
-4.16602e-07
-4.16168e-07
-4.15738e-07
-4.15312e-07
-4.1489e-07
-4.14471e-07
-4.14056e-07
-4.13645e-07
-4.13238e-07
-4.12834e-07
-4.12435e-07
-4.12038e-07
-4.11646e-07
-4.11257e-07
-4.10872e-07
-4.1049e-07
-4.10112e-07
-4.09738e-07
-4.09367e-07
-4.08999e-07
-4.08636e-07
-4.08275e-07
-4.07918e-07
-4.07565e-07
-4.07215e-07
-4.06868e-07
-4.06525e-07
-4.06185e-07
-4.05849e-07
-4.05516e-07
-4.05186e-07
-4.04859e-07
-4.04536e-07
-4.04216e-07
-4.03899e-07
-4.03585e-07
-4.03275e-07
-4.02968e-07
-4.02663e-07
-4.02362e-07
-4.02064e-07
-4.0177e-07
-4.01478e-07
-4.01189e-07
-4.00903e-07
-4.0062e-07
-4.00341e-07
-4.00064e-07
-3.9979e-07
-3.99519e-07
-3.99251e-07
-3.98986e-07
-3.98723e-07
-3.98464e-07
-3.98207e-07
-3.97953e-07
-3.97702e-07
-3.97453e-07
-3.97208e-07
-3.96965e-07
-3.96724e-07
-3.96487e-07
-3.96252e-07
-3.96019e-07
-3.95789e-07
-3.95562e-07
-3.95337e-07
-3.95115e-07
-3.94896e-07
-3.94679e-07
-3.94464e-07
-3.94252e-07
-3.94042e-07
-3.93835e-07
-3.9363e-07
-3.93428e-07
-3.93228e-07
-3.9303e-07
-3.92835e-07
-3.92642e-07
-3.92451e-07
-3.92262e-07
-3.92076e-07
-3.91892e-07
-3.9171e-07
-3.9153e-07
-3.91353e-07
-3.91178e-07
-3.91005e-07
-3.90834e-07
-3.90665e-07
-3.90498e-07
-3.90333e-07
-3.90171e-07
-3.9001e-07
-3.89851e-07
-3.89695e-07
-3.8954e-07
-3.89387e-07
-3.89237e-07
-3.89088e-07
-3.88941e-07
-3.88796e-07
-3.88653e-07
-3.88512e-07
-3.88372e-07
-3.88235e-07
-3.88099e-07
-3.87965e-07
-3.87833e-07
-3.87703e-07
-3.87574e-07
-3.87447e-07
-3.87322e-07
-3.87198e-07
-3.87077e-07
-3.86956e-07
-3.86838e-07
-3.86721e-07
-3.86606e-07
-3.86492e-07
-3.8638e-07
-3.8627e-07
-3.86161e-07
-3.86054e-07
-3.85948e-07
-3.85844e-07
-3.85741e-07
-3.8564e-07
-3.8554e-07
-3.85442e-07
-3.85345e-07
-3.8525e-07
-3.85156e-07
-3.85063e-07
-3.84972e-07
-3.84882e-07
-3.84794e-07
-3.84707e-07
-3.84621e-07
-3.84537e-07
-3.84453e-07
-3.84372e-07
-3.84291e-07
-3.84212e-07
-3.84134e-07
-3.84057e-07
-3.83982e-07
-3.83908e-07
-3.83835e-07
-3.83763e-07
-3.83692e-07
-3.83623e-07
-3.83554e-07
-3.83487e-07
-3.83421e-07
-3.83356e-07
-3.83293e-07
-3.8323e-07
-3.83168e-07
-3.83108e-07
-3.83048e-07
-3.8299e-07
-3.82933e-07
-3.82877e-07
-3.82821e-07
-3.82767e-07
-3.82714e-07
-3.82662e-07
-3.82611e-07
-3.8256e-07
-3.82511e-07
-3.82463e-07
-3.82416e-07
-3.82369e-07
-3.82324e-07
-3.82279e-07
-3.82235e-07
-3.82193e-07
-3.82151e-07
-3.8211e-07
-3.82069e-07
-3.8203e-07
-3.81992e-07
-3.81954e-07
-3.81917e-07
-3.81881e-07
-3.81846e-07
-3.81812e-07
-3.81778e-07
-3.81746e-07
-3.81714e-07
-3.81682e-07
-3.81652e-07
-3.81622e-07
-3.81593e-07
-3.81565e-07
-3.81537e-07
-3.81511e-07
-3.81484e-07
-3.81459e-07
-3.81434e-07
-3.8141e-07
-3.81387e-07
-3.81364e-07
-3.81342e-07
-3.81321e-07
-3.813e-07
-3.8128e-07
-3.81261e-07
-3.81242e-07
-3.81224e-07
-3.81206e-07
-3.81189e-07
-3.81173e-07
-3.81157e-07
-3.81142e-07
-3.81127e-07
-3.81113e-07
-3.811e-07
-3.81087e-07
-3.81074e-07
-3.81062e-07
-3.81051e-07
-3.8104e-07
-3.8103e-07
-3.8102e-07
-3.81011e-07
-3.81002e-07
-3.80994e-07
-3.80986e-07
-3.80979e-07
-3.80972e-07
-3.80966e-07
-3.8096e-07
-3.80955e-07
-3.8095e-07
-3.80945e-07
-3.80941e-07
-3.80937e-07
-3.80934e-07
-3.80931e-07
-3.80929e-07
-3.80927e-07
-3.80926e-07
-3.80925e-07
-3.80924e-07
-3.80924e-07
-3.80924e-07
-3.80924e-07
-3.80925e-07
-3.80926e-07
-3.80928e-07
-3.8093e-07
-3.80932e-07
-3.80935e-07
-3.80938e-07
-3.80941e-07
-3.80945e-07
-3.80949e-07
-3.80953e-07
-3.80958e-07
-3.80963e-07
-3.80969e-07
-3.80974e-07
-3.8098e-07
-3.80987e-07
-3.80993e-07
-3.81e-07
-3.81007e-07
-3.81015e-07
-3.81022e-07
-3.81031e-07
-3.81039e-07
-3.81047e-07
-3.81056e-07
-3.81066e-07
-3.81075e-07
-3.81085e-07
-3.81095e-07
-3.81105e-07
-3.81115e-07
-3.81126e-07
-3.81137e-07
-3.81148e-07
-3.81159e-07
-3.81171e-07
-3.81183e-07
-3.81195e-07
-3.81207e-07
-3.8122e-07
-3.81232e-07
-3.81245e-07
-3.81258e-07
-3.81272e-07
-3.81285e-07
-3.81299e-07
-3.81313e-07
-3.81327e-07
-3.81341e-07
-3.81356e-07
-3.8137e-07
-3.81385e-07
-3.814e-07
-3.81416e-07
-3.81431e-07
-3.81446e-07
-3.81462e-07
-3.81478e-07
-3.81494e-07
-3.8151e-07
-3.81527e-07
-3.81543e-07
-3.8156e-07
-3.81577e-07
-3.81594e-07
-3.81611e-07
-3.81628e-07
-3.81645e-07
-3.81663e-07
-3.8168e-07
-3.81698e-07
-3.81716e-07
-3.81734e-07
-3.81752e-07
-3.8177e-07
-3.81789e-07
-3.81807e-07
-3.81826e-07
-3.81845e-07
-3.81864e-07
-3.81882e-07
-3.81902e-07
-3.81921e-07
-3.8194e-07
-3.81959e-07
-3.81979e-07
-3.81998e-07
-3.82018e-07
-3.82038e-07
-3.82058e-07
-3.82077e-07
-3.82097e-07
-3.82118e-07
-3.82138e-07
-3.82158e-07
-3.82178e-07
-3.82199e-07
-3.82219e-07
-3.8224e-07
-3.8226e-07
-3.82281e-07
-3.82302e-07
-3.82323e-07
-3.82344e-07
-3.82365e-07
-3.82386e-07
-1.91668e-05
-4.07924e-05
-5.9365e-05
-7.3693e-05
-8.40821e-05
-9.12088e-05
-9.57637e-05
-9.83504e-05
-9.94722e-05
-9.95368e-05
-9.88733e-05
-9.77427e-05
-9.63542e-05
-9.48732e-05
-9.34283e-05
-9.21224e-05
-9.10402e-05
-9.02494e-05
-8.98057e-05
-8.97652e-05
-9.0183e-05
-9.11148e-05
-9.26296e-05
-9.48136e-05
-9.77688e-05
-0.000101644
-0.000106628
-0.000112989
-0.00012111
-0.000131546
-0.00014515
-0.000163314
-0.000188519
-0.000225831
-0.000288159
-0.000420319
-0.000731244
-0.00113958
-0.00132298
-0.00133149
-0.00126993
-0.0011836
-0.00108374
-0.000968619
-0.000833726
-0.000678041
-0.000509849
-0.000348345
-0.00021523
-0.000121449
-6.32935e-05
-2.97974e-05
-1.07821e-05
2.54545e-07
6.72265e-06
1.02503e-05
1.16094e-05
1.11965e-05
9.24968e-06
5.9411e-06
1.41724e-06
-4.18491e-06
-1.07311e-05
-1.80878e-05
-2.61226e-05
-3.47063e-05
-4.37142e-05
-5.30282e-05
-6.25389e-05
-7.21469e-05
-8.1763e-05
-9.13092e-05
-0.000100719
-0.000109936
-0.000118915
-0.000127619
-0.000136023
-0.000144107
-0.000151859
-0.000159274
-0.000166353
-0.0001731
-0.000179523
-0.000185636
-0.000191452
-0.000196989
-0.000202268
-0.000207308
-0.000212133
-0.000216768
-0.00022124
-0.000225576
-0.000229805
-0.000233964
-0.000238089
-0.000242215
-0.000246387
-0.000250652
-0.000255068
-0.000259688
-0.000264578
-0.000269806
-0.000275454
-0.000281604
-0.00028835
-0.000295779
-0.000303992
-0.00031308
-0.000323133
-0.000334217
-0.000346355
-0.000359513
-0.000373572
-0.000388281
-0.000403193
-0.000417652
-0.000430765
-0.000441428
-0.000448433
-0.000450629
-0.000447104
-0.000437378
-0.000421453
-0.000399719
-0.000372805
-0.000341451
-0.000306477
-0.000268791
-0.000229464
-0.000189864
-0.000151587
-0.000116398
-8.58545e-05
-6.09598e-05
-4.19087e-05
-2.81487e-05
-1.86666e-05
-1.23508e-05
-8.22545e-06
-5.54864e-06
-3.80219e-06
-2.64535e-06
-1.86151e-06
-1.31545e-06
-9.23299e-07
-6.32932e-07
-4.11671e-07
-2.38712e-07
-1.00542e-07
1.18339e-08
1.04573e-07
1.82014e-07
2.47308e-07
3.02805e-07
3.50302e-07
3.91207e-07
4.2664e-07
4.57504e-07
4.8454e-07
5.08358e-07
5.29463e-07
5.4828e-07
5.65164e-07
5.80414e-07
5.94282e-07
6.06982e-07
6.18694e-07
6.29572e-07
6.39746e-07
6.49326e-07
6.58408e-07
6.6707e-07
6.75382e-07
6.834e-07
6.91175e-07
6.98749e-07
7.06157e-07
7.13431e-07
7.20596e-07
7.27674e-07
7.34685e-07
7.41645e-07
7.48568e-07
7.55465e-07
7.62347e-07
7.69222e-07
7.76097e-07
7.82979e-07
7.89873e-07
7.96785e-07
8.03716e-07
8.10672e-07
8.17655e-07
8.24667e-07
8.31711e-07
8.38788e-07
8.459e-07
8.53048e-07
8.60233e-07
8.67456e-07
8.74718e-07
8.8202e-07
8.89362e-07
8.96744e-07
9.04168e-07
9.11633e-07
9.1914e-07
9.26689e-07
9.3428e-07
9.41913e-07
9.49588e-07
9.57306e-07
9.65067e-07
9.7287e-07
9.80716e-07
9.88604e-07
9.96535e-07
1.00451e-06
1.01252e-06
1.02058e-06
1.02868e-06
1.03682e-06
1.04501e-06
1.05323e-06
1.0615e-06
1.06981e-06
1.07816e-06
1.08655e-06
1.09499e-06
1.10346e-06
1.11197e-06
1.12053e-06
1.12912e-06
1.13776e-06
1.14643e-06
1.15515e-06
1.1639e-06
1.1727e-06
1.18153e-06
1.1904e-06
1.19931e-06
1.20825e-06
1.21724e-06
1.22626e-06
1.23532e-06
1.24441e-06
1.25354e-06
1.26271e-06
1.27192e-06
1.28115e-06
1.29043e-06
1.29974e-06
1.30908e-06
1.31846e-06
1.32787e-06
1.33731e-06
1.34679e-06
1.3563e-06
1.36584e-06
1.37541e-06
1.38501e-06
1.39465e-06
1.40431e-06
1.414e-06
1.42373e-06
1.43348e-06
1.44326e-06
1.45307e-06
1.4629e-06
1.47277e-06
1.48266e-06
1.49257e-06
1.50251e-06
1.51248e-06
1.52247e-06
1.53248e-06
1.54252e-06
1.55258e-06
1.56266e-06
1.57277e-06
1.5829e-06
1.59304e-06
1.60321e-06
1.6134e-06
1.6236e-06
1.63383e-06
1.64407e-06
1.65433e-06
1.66461e-06
1.6749e-06
1.68521e-06
1.69553e-06
1.70587e-06
1.71622e-06
1.72658e-06
1.73696e-06
1.74735e-06
1.75775e-06
1.76816e-06
1.77858e-06
1.78901e-06
1.79945e-06
1.8099e-06
1.82036e-06
1.83082e-06
1.84129e-06
1.85177e-06
1.86225e-06
1.87273e-06
1.88322e-06
1.89371e-06
1.90421e-06
1.9147e-06
1.9252e-06
1.9357e-06
1.9462e-06
1.9567e-06
1.96719e-06
1.97769e-06
1.98818e-06
1.99867e-06
2.00915e-06
2.01963e-06
2.03011e-06
2.04057e-06
2.05104e-06
2.06149e-06
2.07194e-06
2.08238e-06
2.09281e-06
2.10323e-06
2.11364e-06
2.12404e-06
2.13443e-06
2.1448e-06
2.15516e-06
2.16551e-06
2.17584e-06
2.18616e-06
2.19647e-06
2.20676e-06
2.21703e-06
2.22728e-06
2.23752e-06
2.24773e-06
2.25793e-06
2.26811e-06
2.27827e-06
2.2884e-06
2.29852e-06
2.30861e-06
2.31868e-06
2.32873e-06
2.33875e-06
2.34875e-06
2.35872e-06
2.36867e-06
2.37859e-06
2.38848e-06
2.39835e-06
2.40818e-06
2.41799e-06
2.42777e-06
2.43752e-06
2.44724e-06
2.45693e-06
2.46659e-06
2.47622e-06
2.48581e-06
2.49537e-06
2.5049e-06
2.51439e-06
2.52385e-06
2.53327e-06
2.54266e-06
2.55201e-06
2.56133e-06
2.5706e-06
2.57985e-06
2.58905e-06
2.59821e-06
2.60734e-06
2.61642e-06
2.62547e-06
2.63447e-06
2.64344e-06
2.65236e-06
2.66124e-06
2.67008e-06
2.67888e-06
2.68764e-06
2.69635e-06
2.70502e-06
2.71364e-06
2.72222e-06
2.73075e-06
2.73924e-06
2.74768e-06
2.75608e-06
2.76443e-06
2.77273e-06
2.78099e-06
2.7892e-06
2.79736e-06
2.80547e-06
2.81353e-06
2.82155e-06
2.82951e-06
2.83743e-06
2.8453e-06
2.85311e-06
2.86088e-06
2.86859e-06
2.87626e-06
2.88387e-06
2.89143e-06
2.89894e-06
2.9064e-06
2.9138e-06
2.92115e-06
2.92845e-06
2.9357e-06
2.94289e-06
2.95003e-06
2.95711e-06
2.96414e-06
2.97112e-06
2.97804e-06
2.9849e-06
2.99172e-06
2.99847e-06
3.00517e-06
3.01182e-06
3.01841e-06
3.02494e-06
3.03142e-06
3.03784e-06
3.04421e-06
3.05052e-06
3.05677e-06
3.06296e-06
3.0691e-06
3.07518e-06
3.0812e-06
3.08717e-06
3.09308e-06
3.09894e-06
3.10474e-06
3.11048e-06
3.11617e-06
3.1218e-06
3.12738e-06
3.1329e-06
3.13836e-06
3.14376e-06
3.14911e-06
3.1544e-06
3.15963e-06
3.1648e-06
3.16991e-06
3.17497e-06
3.17997e-06
3.18491e-06
3.18979e-06
3.19461e-06
3.19937e-06
3.20408e-06
3.20872e-06
3.21331e-06
3.21783e-06
3.2223e-06
3.22671e-06
3.23106e-06
3.23535e-06
3.23957e-06
3.24373e-06
3.24783e-06
3.25185e-06
3.25581e-06
3.2597e-06
3.26352e-06
3.26728e-06
3.27097e-06
3.27459e-06
3.27815e-06
3.28165e-06
3.28509e-06
3.28846e-06
3.29178e-06
3.29503e-06
3.29822e-06
3.30136e-06
3.30443e-06
3.30744e-06
3.3104e-06
3.3133e-06
3.31613e-06
3.31891e-06
3.32164e-06
3.3243e-06
3.3269e-06
3.32945e-06
3.33194e-06
3.33437e-06
3.33675e-06
3.33907e-06
3.34132e-06
3.34353e-06
3.34567e-06
3.34776e-06
3.34979e-06
3.35176e-06
3.35368e-06
3.35554e-06
3.35734e-06
3.35909e-06
3.36078e-06
3.36242e-06
3.36399e-06
3.36552e-06
3.36698e-06
3.36839e-06
3.36975e-06
3.37105e-06
3.37229e-06
3.37348e-06
3.37461e-06
3.37569e-06
3.37672e-06
3.37769e-06
3.3786e-06
3.37946e-06
3.38027e-06
3.38102e-06
3.38172e-06
3.38237e-06
3.38296e-06
3.3835e-06
3.38398e-06
3.38441e-06
3.38479e-06
3.38512e-06
3.3854e-06
3.38562e-06
3.38579e-06
3.38591e-06
3.38598e-06
3.38599e-06
3.38596e-06
3.38587e-06
3.38574e-06
3.38555e-06
3.38531e-06
3.38502e-06
3.38468e-06
3.38429e-06
3.38386e-06
3.38337e-06
3.38283e-06
3.38225e-06
3.38161e-06
3.38093e-06
3.3802e-06
3.37942e-06
3.37859e-06
3.37772e-06
3.37679e-06
3.37582e-06
3.37481e-06
3.37374e-06
3.37263e-06
3.37147e-06
3.37027e-06
3.36902e-06
3.36773e-06
3.36639e-06
3.365e-06
3.36357e-06
3.36209e-06
3.36057e-06
3.35901e-06
3.3574e-06
3.35574e-06
3.35405e-06
3.35231e-06
3.35052e-06
3.3487e-06
3.34683e-06
3.34491e-06
3.34296e-06
3.34096e-06
3.33892e-06
3.33684e-06
3.33472e-06
3.33256e-06
3.33036e-06
3.32813e-06
3.32585e-06
3.32354e-06
3.3212e-06
3.31882e-06
3.3164e-06
3.31395e-06
3.31146e-06
3.30893e-06
3.30637e-06
3.30377e-06
3.30114e-06
3.29847e-06
3.29577e-06
3.29303e-06
3.29025e-06
3.28744e-06
3.28459e-06
3.28171e-06
3.27879e-06
3.27583e-06
3.27284e-06
3.26981e-06
3.26675e-06
3.26365e-06
3.26051e-06
3.25731e-06
3.25406e-06
3.25076e-06
3.2474e-06
3.24399e-06
3.24052e-06
3.237e-06
3.23344e-06
3.22982e-06
3.22616e-06
3.22245e-06
3.21871e-06
3.21492e-06
3.21109e-06
3.20723e-06
3.20333e-06
3.1994e-06
3.19543e-06
3.19143e-06
3.18739e-06
3.18333e-06
3.17923e-06
3.17511e-06
3.17095e-06
3.16677e-06
3.16256e-06
3.15832e-06
3.15405e-06
3.14976e-06
3.14543e-06
3.14109e-06
3.13671e-06
3.13231e-06
3.12788e-06
3.12343e-06
3.11895e-06
3.11445e-06
3.10992e-06
3.10536e-06
3.10078e-06
3.09618e-06
3.09155e-06
3.0869e-06
3.08222e-06
3.07752e-06
3.0728e-06
3.06805e-06
3.06328e-06
3.05848e-06
3.05366e-06
3.04882e-06
3.04396e-06
3.03907e-06
3.03416e-06
3.02923e-06
3.02427e-06
3.0193e-06
3.0143e-06
3.00928e-06
3.00424e-06
2.99918e-06
2.9941e-06
2.98899e-06
2.98387e-06
2.97873e-06
2.97356e-06
2.96838e-06
2.96317e-06
2.95795e-06
2.95271e-06
2.94744e-06
2.94216e-06
2.93686e-06
2.93154e-06
2.92621e-06
2.92085e-06
2.91548e-06
2.91009e-06
2.90468e-06
2.89925e-06
2.89381e-06
2.88835e-06
2.88287e-06
2.87737e-06
2.87186e-06
2.86634e-06
2.86079e-06
2.85523e-06
2.84966e-06
2.84407e-06
2.83846e-06
2.83284e-06
2.82721e-06
2.82156e-06
2.8159e-06
2.81022e-06
2.80452e-06
2.79882e-06
2.7931e-06
2.78736e-06
2.78162e-06
2.77586e-06
2.77008e-06
2.7643e-06
2.7585e-06
2.75269e-06
2.74687e-06
2.74103e-06
2.73519e-06
2.72933e-06
2.72346e-06
2.71758e-06
2.71168e-06
2.70578e-06
2.69987e-06
2.69394e-06
2.68801e-06
2.68207e-06
2.67611e-06
2.67015e-06
2.66417e-06
2.65819e-06
2.6522e-06
2.6462e-06
2.6402e-06
2.63419e-06
2.62818e-06
2.62217e-06
2.61615e-06
2.61013e-06
2.60411e-06
2.59808e-06
2.59205e-06
2.58602e-06
2.57998e-06
2.57394e-06
2.5679e-06
2.56185e-06
2.55579e-06
2.54973e-06
2.54367e-06
2.53761e-06
2.53153e-06
2.52546e-06
2.51938e-06
2.51329e-06
2.5072e-06
2.5011e-06
2.49499e-06
2.48886e-06
2.4827e-06
2.4765e-06
2.47028e-06
2.46403e-06
2.45774e-06
2.45142e-06
2.44508e-06
2.43871e-06
2.43232e-06
2.42591e-06
2.41948e-06
2.41303e-06
2.40656e-06
2.40009e-06
2.3936e-06
2.3871e-06
2.3806e-06
2.37408e-06
2.36757e-06
2.36104e-06
2.35452e-06
2.34799e-06
2.34146e-06
2.33492e-06
2.32839e-06
2.32186e-06
2.31532e-06
2.30879e-06
2.30226e-06
2.29573e-06
2.2892e-06
2.28268e-06
2.27615e-06
2.26963e-06
2.26311e-06
2.2566e-06
2.25008e-06
2.24357e-06
2.23706e-06
2.23056e-06
2.22406e-06
2.21756e-06
2.21106e-06
2.20457e-06
2.19809e-06
2.1916e-06
2.18512e-06
2.17865e-06
2.17217e-06
2.1657e-06
2.15924e-06
2.15278e-06
2.14632e-06
2.13987e-06
2.13342e-06
2.12697e-06
2.12053e-06
2.1141e-06
2.10766e-06
2.10124e-06
2.09481e-06
2.08839e-06
2.08198e-06
2.07557e-06
2.06917e-06
2.06277e-06
2.05637e-06
2.04998e-06
2.04359e-06
2.03721e-06
2.03084e-06
2.02447e-06
2.0181e-06
2.01174e-06
2.00538e-06
1.99903e-06
1.99269e-06
1.98635e-06
1.98002e-06
1.97369e-06
1.96737e-06
1.96105e-06
1.95474e-06
1.94844e-06
1.94214e-06
1.93585e-06
1.92956e-06
1.92328e-06
1.91701e-06
1.91074e-06
1.90448e-06
1.89822e-06
1.89197e-06
1.88573e-06
1.8795e-06
1.87327e-06
1.86705e-06
1.86083e-06
1.85463e-06
1.84842e-06
1.84223e-06
1.83604e-06
1.82987e-06
1.82369e-06
1.81753e-06
1.81137e-06
1.80522e-06
1.79908e-06
1.79295e-06
1.78682e-06
1.7807e-06
1.77459e-06
1.76848e-06
1.76239e-06
1.7563e-06
1.75022e-06
1.74415e-06
1.73809e-06
1.73203e-06
1.72598e-06
1.71995e-06
1.71392e-06
1.70789e-06
1.70188e-06
1.69588e-06
1.68988e-06
1.68389e-06
1.67792e-06
1.67195e-06
1.66599e-06
1.66003e-06
1.65409e-06
1.64816e-06
1.64223e-06
1.63632e-06
1.63041e-06
1.62452e-06
1.61863e-06
1.61275e-06
1.60688e-06
1.60102e-06
1.59517e-06
1.58933e-06
1.5835e-06
1.57768e-06
1.57187e-06
1.56607e-06
1.56027e-06
1.55449e-06
1.54872e-06
1.54296e-06
1.5372e-06
1.53146e-06
1.52573e-06
1.52001e-06
1.5143e-06
1.50859e-06
1.5029e-06
1.49722e-06
1.49155e-06
1.48589e-06
1.48024e-06
1.4746e-06
1.46897e-06
1.46335e-06
1.45774e-06
1.45214e-06
1.44656e-06
1.44098e-06
1.43541e-06
1.42986e-06
1.42431e-06
1.41878e-06
1.41326e-06
1.40774e-06
1.40224e-06
1.39675e-06
1.39127e-06
1.3858e-06
1.38034e-06
1.3749e-06
1.36946e-06
1.36404e-06
1.35862e-06
1.35322e-06
1.34783e-06
1.34245e-06
1.33708e-06
1.33172e-06
1.32638e-06
1.32104e-06
1.31572e-06
1.31041e-06
1.3051e-06
1.29981e-06
1.29454e-06
1.28927e-06
1.28401e-06
1.27877e-06
1.27354e-06
1.26832e-06
1.26311e-06
1.25791e-06
1.25272e-06
1.24755e-06
1.24238e-06
1.23723e-06
1.23209e-06
1.22696e-06
1.22184e-06
1.21674e-06
1.21165e-06
1.20656e-06
1.20149e-06
1.19643e-06
1.19139e-06
1.18635e-06
1.18133e-06
1.17632e-06
1.17132e-06
1.16633e-06
1.16135e-06
1.15639e-06
1.15144e-06
1.1465e-06
1.14157e-06
1.13665e-06
1.13175e-06
1.12685e-06
1.12197e-06
1.1171e-06
1.11225e-06
1.1074e-06
1.10257e-06
1.09774e-06
1.09293e-06
1.08814e-06
1.08335e-06
1.07858e-06
1.07381e-06
1.06906e-06
1.06433e-06
1.0596e-06
1.05489e-06
1.05019e-06
1.0455e-06
1.04082e-06
1.03616e-06
1.03152e-06
1.02689e-06
1.02227e-06
1.01766e-06
1.01307e-06
1.0085e-06
1.00393e-06
9.99384e-07
9.94848e-07
9.90325e-07
9.85815e-07
9.81317e-07
9.76833e-07
9.72361e-07
9.67902e-07
9.63455e-07
9.59021e-07
9.54599e-07
9.50189e-07
9.45791e-07
9.41405e-07
9.37031e-07
9.3267e-07
9.2832e-07
9.23981e-07
9.19655e-07
9.1534e-07
9.11037e-07
9.06746e-07
9.02466e-07
8.98198e-07
8.93938e-07
8.89683e-07
8.8543e-07
8.81179e-07
8.76929e-07
8.72679e-07
8.6843e-07
8.64182e-07
8.59936e-07
8.55693e-07
8.51452e-07
8.47216e-07
8.42985e-07
8.38759e-07
8.3454e-07
8.30328e-07
8.26123e-07
8.21927e-07
8.1774e-07
8.13563e-07
8.09395e-07
8.05238e-07
8.01092e-07
7.96957e-07
7.92833e-07
7.88721e-07
7.8462e-07
7.80532e-07
7.76457e-07
7.72394e-07
7.68343e-07
7.64305e-07
7.6028e-07
7.56268e-07
7.52268e-07
7.48282e-07
7.44309e-07
7.40348e-07
7.36401e-07
7.32467e-07
7.28546e-07
7.24638e-07
7.20743e-07
7.16861e-07
7.12992e-07
7.09136e-07
7.05293e-07
7.01463e-07
6.97646e-07
6.93841e-07
6.9005e-07
6.86271e-07
6.82505e-07
6.78752e-07
6.75011e-07
6.71283e-07
6.67568e-07
6.63865e-07
6.60175e-07
6.56497e-07
6.52831e-07
6.49178e-07
6.45537e-07
6.41908e-07
6.38292e-07
6.34688e-07
6.31096e-07
6.27516e-07
6.23948e-07
6.20393e-07
6.16849e-07
6.13317e-07
6.09797e-07
6.06289e-07
6.02793e-07
5.99309e-07
5.95836e-07
5.92375e-07
5.88926e-07
5.85488e-07
5.82062e-07
5.78648e-07
5.75245e-07
5.71853e-07
5.68473e-07
5.65105e-07
5.61748e-07
5.58402e-07
5.55068e-07
5.51744e-07
5.48432e-07
5.45132e-07
5.41842e-07
5.38564e-07
5.35297e-07
5.3204e-07
5.28795e-07
5.25561e-07
5.22338e-07
5.19126e-07
5.15925e-07
5.12734e-07
5.09555e-07
5.06386e-07
5.03228e-07
5.00081e-07
4.96945e-07
4.93819e-07
4.90704e-07
4.876e-07
4.84506e-07
4.81423e-07
4.7835e-07
4.75288e-07
4.72237e-07
4.69196e-07
4.66165e-07
4.63145e-07
4.60135e-07
4.57135e-07
4.54146e-07
4.51167e-07
4.48199e-07
4.4524e-07
4.42292e-07
4.39354e-07
4.36426e-07
4.33509e-07
4.30601e-07
4.27704e-07
4.24816e-07
4.21939e-07
4.19072e-07
4.16214e-07
4.13367e-07
4.10529e-07
4.07701e-07
4.04883e-07
4.02075e-07
3.99277e-07
3.96489e-07
3.9371e-07
3.90941e-07
3.88182e-07
3.85432e-07
3.82692e-07
3.79962e-07
3.77241e-07
3.7453e-07
3.71829e-07
3.69137e-07
3.66454e-07
3.63781e-07
3.61117e-07
3.58463e-07
3.55818e-07
3.53183e-07
3.50556e-07
3.4794e-07
3.45332e-07
3.42734e-07
3.40145e-07
3.37565e-07
3.34994e-07
3.32433e-07
3.2988e-07
3.27337e-07
3.24803e-07
3.22277e-07
3.19761e-07
3.17254e-07
3.14756e-07
3.12267e-07
3.09787e-07
3.07315e-07
3.04853e-07
3.02399e-07
2.99954e-07
2.97518e-07
2.95091e-07
2.92673e-07
2.90263e-07
2.87862e-07
2.8547e-07
2.83086e-07
2.80711e-07
2.78345e-07
2.75987e-07
2.73637e-07
2.71297e-07
2.68964e-07
2.66641e-07
2.64325e-07
2.62018e-07
2.5972e-07
2.5743e-07
2.55148e-07
2.52875e-07
2.5061e-07
2.48353e-07
2.46104e-07
2.43864e-07
2.41632e-07
2.39408e-07
2.37193e-07
2.34985e-07
2.32786e-07
2.30594e-07
2.28411e-07
2.26236e-07
2.24069e-07
2.21909e-07
2.19758e-07
2.17615e-07
2.15479e-07
2.13352e-07
2.11232e-07
2.09121e-07
2.07017e-07
2.04921e-07
2.02832e-07
2.00752e-07
1.98679e-07
1.96614e-07
1.94556e-07
1.92507e-07
1.90465e-07
1.8843e-07
1.86403e-07
1.84384e-07
1.82372e-07
1.80368e-07
1.78371e-07
1.76382e-07
1.744e-07
1.72426e-07
1.70459e-07
1.68499e-07
1.66547e-07
1.64602e-07
1.62664e-07
1.60734e-07
1.58811e-07
1.56895e-07
1.54986e-07
1.53085e-07
1.51191e-07
1.49304e-07
1.47424e-07
1.45551e-07
1.43685e-07
1.41827e-07
1.39975e-07
1.3813e-07
1.36293e-07
1.34462e-07
1.32638e-07
1.30822e-07
1.29012e-07
1.27209e-07
1.25413e-07
1.23623e-07
1.21841e-07
1.20065e-07
1.18296e-07
1.16534e-07
1.14778e-07
1.1303e-07
1.11288e-07
1.09552e-07
1.07823e-07
1.06101e-07
1.04386e-07
1.02676e-07
1.00974e-07
9.92781e-08
9.75886e-08
9.59056e-08
9.42291e-08
9.25591e-08
9.08954e-08
8.92381e-08
8.75873e-08
8.59427e-08
8.43045e-08
8.26726e-08
8.1047e-08
7.94277e-08
7.78146e-08
7.62077e-08
7.4607e-08
7.30126e-08
7.14242e-08
6.9842e-08
6.8266e-08
6.6696e-08
6.51321e-08
6.35742e-08
6.20224e-08
6.04766e-08
5.89368e-08
5.7403e-08
5.58751e-08
5.43532e-08
5.28371e-08
5.1327e-08
4.98227e-08
4.83242e-08
4.68316e-08
4.53448e-08
4.38638e-08
4.23886e-08
4.09191e-08
3.94553e-08
3.79972e-08
3.65448e-08
3.50981e-08
3.3657e-08
3.22216e-08
3.07918e-08
2.93675e-08
2.79488e-08
2.65357e-08
2.51281e-08
2.3726e-08
2.23293e-08
2.09382e-08
1.95525e-08
1.81722e-08
1.67974e-08
1.54279e-08
1.40638e-08
1.2705e-08
1.13516e-08
1.00035e-08
8.66071e-09
7.32317e-09
5.99089e-09
4.66385e-09
3.34203e-09
2.0254e-09
7.13959e-10
-5.92324e-10
-1.89346e-09
-3.18948e-09
-4.48039e-09
-5.76621e-09
-7.04697e-09
-8.32267e-09
-9.59335e-09
-1.0859e-08
-1.21197e-08
-1.33754e-08
-1.46261e-08
-1.58719e-08
-1.71128e-08
-1.83487e-08
-1.95798e-08
-2.0806e-08
-2.20274e-08
-2.32439e-08
-2.44556e-08
-2.56625e-08
-2.68647e-08
-2.80621e-08
-2.92547e-08
-3.04426e-08
-3.16258e-08
-3.28043e-08
-3.39782e-08
-3.51474e-08
-3.63119e-08
-3.74718e-08
-3.86272e-08
-3.97779e-08
-4.09241e-08
-4.20657e-08
-4.32027e-08
-4.43353e-08
-4.54634e-08
-4.65869e-08
-4.7706e-08
-4.88207e-08
-4.99309e-08
-5.10367e-08
-5.21381e-08
-5.32351e-08
-5.43278e-08
-5.54161e-08
-5.65001e-08
-5.75797e-08
-5.8655e-08
-5.97261e-08
-6.07929e-08
-6.18554e-08
-6.29137e-08
-6.39678e-08
-6.50177e-08
-6.60634e-08
-6.71049e-08
-6.81422e-08
-6.91754e-08
-7.02045e-08
-7.12295e-08
-7.22504e-08
-7.32672e-08
-7.42799e-08
-7.52886e-08
-7.62932e-08
-7.72939e-08
-7.82905e-08
-7.92832e-08
-8.02719e-08
-8.12566e-08
-8.22374e-08
-8.32142e-08
-8.41872e-08
-8.51563e-08
-8.61214e-08
-8.70828e-08
-8.80402e-08
-8.89938e-08
-8.99436e-08
-9.08897e-08
-9.18319e-08
-9.27703e-08
-9.3705e-08
-9.46359e-08
-9.55631e-08
-9.64866e-08
-9.74063e-08
-9.83224e-08
-9.92348e-08
-1.00144e-07
-1.01049e-07
-1.0195e-07
-1.02848e-07
-1.03742e-07
-1.04633e-07
-1.0552e-07
-1.06403e-07
-1.07283e-07
-1.0816e-07
-1.09033e-07
-1.09902e-07
-1.10768e-07
-1.11631e-07
-1.1249e-07
-1.13345e-07
-1.14197e-07
-1.15046e-07
-1.15891e-07
-1.16733e-07
-1.17571e-07
-1.18406e-07
-1.19238e-07
-1.20066e-07
-1.20892e-07
-1.21713e-07
-1.22532e-07
-1.23347e-07
-1.24159e-07
-1.24967e-07
-1.25773e-07
-1.26575e-07
-1.27373e-07
-1.28169e-07
-1.28962e-07
-1.29751e-07
-1.30537e-07
-1.3132e-07
-1.321e-07
-1.32876e-07
-1.3365e-07
-1.3442e-07
-1.35187e-07
-1.35951e-07
-1.36712e-07
-1.37471e-07
-1.38225e-07
-1.38977e-07
-1.39726e-07
-1.40472e-07
-1.41215e-07
-1.41955e-07
-1.42692e-07
-1.43426e-07
-1.44157e-07
-1.44885e-07
-1.4561e-07
-1.46332e-07
-1.47051e-07
-1.47768e-07
-1.48481e-07
-1.49192e-07
-1.49899e-07
-1.50604e-07
-1.51306e-07
-1.52005e-07
-1.52702e-07
-1.53395e-07
-1.54086e-07
-1.54774e-07
-1.55459e-07
-1.56142e-07
-1.56821e-07
-1.57498e-07
-1.58172e-07
-1.58844e-07
-1.59513e-07
-1.60179e-07
-1.60842e-07
-1.61503e-07
-1.62161e-07
-1.62816e-07
-1.63469e-07
-1.64119e-07
-1.64767e-07
-1.65412e-07
-1.66054e-07
-1.66694e-07
-1.67331e-07
-1.67965e-07
-1.68597e-07
-1.69227e-07
-1.69853e-07
-1.70478e-07
-1.711e-07
-1.71719e-07
-1.72336e-07
-1.7295e-07
-1.73562e-07
-1.74171e-07
-1.74778e-07
-1.75383e-07
-1.75985e-07
-1.76584e-07
-1.77181e-07
-1.77776e-07
-1.78369e-07
-1.78958e-07
-1.79546e-07
-1.80131e-07
-1.80714e-07
-1.81295e-07
-1.81873e-07
-1.82449e-07
-1.83022e-07
-1.83593e-07
-1.84162e-07
-1.84729e-07
-1.85293e-07
-1.85855e-07
-1.86415e-07
-1.86972e-07
-1.87528e-07
-1.88081e-07
-1.88631e-07
-1.8918e-07
-1.89726e-07
-1.9027e-07
-1.90812e-07
-1.91352e-07
-1.9189e-07
-1.92425e-07
-1.92958e-07
-1.93489e-07
-1.94018e-07
-1.94545e-07
-1.9507e-07
-1.95592e-07
-1.96113e-07
-1.96631e-07
-1.97148e-07
-1.97662e-07
-1.98174e-07
-1.98684e-07
-1.99192e-07
-1.99698e-07
-2.00202e-07
-2.00704e-07
-2.01204e-07
-2.01701e-07
-2.02197e-07
-2.02691e-07
-2.03183e-07
-2.03673e-07
-2.04161e-07
-2.04647e-07
-2.0513e-07
-2.05612e-07
-2.06093e-07
-2.06571e-07
-2.07047e-07
-2.07521e-07
-2.07994e-07
-2.08464e-07
-2.08933e-07
-2.09399e-07
-2.09864e-07
-2.10327e-07
-2.10788e-07
-2.11247e-07
-2.11705e-07
-2.1216e-07
-2.12614e-07
-2.13066e-07
-2.13516e-07
-2.13964e-07
-2.1441e-07
-2.14855e-07
-2.15298e-07
-2.15739e-07
-2.16178e-07
-2.16616e-07
-2.17051e-07
-2.17485e-07
-2.17918e-07
-2.18348e-07
-2.18777e-07
-2.19204e-07
-2.19629e-07
-2.20053e-07
-2.20475e-07
-2.20895e-07
-2.21313e-07
-2.2173e-07
-2.22145e-07
-2.22559e-07
-2.22971e-07
-2.23381e-07
-2.2379e-07
-2.24196e-07
-2.24602e-07
-2.25005e-07
-2.25407e-07
-2.25808e-07
-2.26206e-07
-2.26604e-07
-2.26999e-07
-2.27393e-07
-2.27786e-07
-2.28176e-07
-2.28566e-07
-2.28953e-07
-2.2934e-07
-2.29724e-07
-2.30107e-07
-2.30489e-07
-2.30869e-07
-2.31247e-07
-2.31624e-07
-2.31999e-07
-2.32373e-07
-2.32746e-07
-2.33117e-07
-2.33486e-07
-2.33854e-07
-2.34221e-07
-2.34586e-07
-2.34949e-07
-2.35311e-07
-2.35672e-07
-2.36031e-07
-2.36389e-07
-2.36745e-07
-2.371e-07
-2.37453e-07
-2.37805e-07
-2.38156e-07
-2.38505e-07
-2.38853e-07
-2.392e-07
-2.39545e-07
-2.39888e-07
-2.40231e-07
-2.40572e-07
-2.40911e-07
-2.41249e-07
-2.41586e-07
-2.41922e-07
-2.42256e-07
-2.42589e-07
-2.4292e-07
-2.4325e-07
-2.43579e-07
-2.43907e-07
-2.44233e-07
-2.44558e-07
-2.44881e-07
-2.45204e-07
-2.45525e-07
-2.45844e-07
-2.46163e-07
-2.4648e-07
-2.46796e-07
-2.47111e-07
-2.47424e-07
-2.47736e-07
-2.48047e-07
-2.48357e-07
-2.48665e-07
-2.48973e-07
-2.49279e-07
-2.49583e-07
-2.49887e-07
-2.50189e-07
-2.5049e-07
-2.5079e-07
-1.90445e-05
-4.06793e-05
-5.92572e-05
-7.35851e-05
-8.39678e-05
-9.10822e-05
-9.56185e-05
-9.81808e-05
-9.92726e-05
-9.93017e-05
-9.85976e-05
-9.74214e-05
-9.59818e-05
-9.44442e-05
-9.29368e-05
-9.15608e-05
-9.04001e-05
-8.95211e-05
-8.89779e-05
-8.88218e-05
-8.91051e-05
-8.98797e-05
-9.12048e-05
-9.31593e-05
-9.58341e-05
-9.93574e-05
-0.000103891
-0.000109666
-0.000116994
-0.00012632
-0.000138307
-0.000153981
-0.000175006
-0.000204299
-0.000247556
-0.000317609
-0.0004476
-0.000711148
-0.0010919
-0.0012883
-0.00131227
-0.00125771
-0.00117313
-0.00107262
-0.000955607
-0.000818206
-0.000660333
-0.000491581
-0.000332032
-0.000202815
-0.000113205
-5.82197e-05
-2.66483e-05
-8.65407e-06
1.87196e-06
8.08564e-06
1.14852e-05
1.27837e-05
1.23518e-05
1.04162e-05
7.14376e-06
2.67826e-06
-2.84519e-06
-9.29356e-06
-1.65348e-05
-2.44375e-05
-3.28736e-05
-4.17204e-05
-5.08615e-05
-6.01891e-05
-6.96054e-05
-7.90229e-05
-8.83654e-05
-9.75677e-05
-0.000106575
-0.000115343
-0.000123838
-0.000132032
-0.000139909
-0.000147456
-0.000154669
-0.000161549
-0.000168102
-0.000174334
-0.000180257
-0.00018589
-0.000191247
-0.000196347
-0.000201213
-0.000205866
-0.000210331
-0.000214633
-0.000218805
-0.000222872
-0.000226869
-0.000230831
-0.0002348
-0.00023882
-0.000242934
-0.000247197
-0.000251665
-0.000256411
-0.000261499
-0.000267009
-0.00027302
-0.000279631
-0.000286933
-0.000295026
-0.000303998
-0.000313931
-0.000324892
-0.000336908
-0.000349934
-0.000363833
-0.000378334
-0.000392969
-0.000407049
-0.000419652
-0.000429625
-0.00043573
-0.000436803
-0.000431941
-0.000420714
-0.000403174
-0.000379765
-0.000351173
-0.000318224
-0.000281838
-0.000243089
-0.000203304
-0.000164075
-0.00012722
-9.44973e-05
-6.72427e-05
-4.60075e-05
-3.04694e-05
-1.97073e-05
-1.25665e-05
-7.96268e-06
-5.04267e-06
-3.1989e-06
-2.02856e-06
-1.27563e-06
-7.81283e-07
-4.48254e-07
-2.17164e-07
-5.16768e-08
7.06277e-08
1.63759e-07
2.36623e-07
2.94995e-07
3.42717e-07
3.82406e-07
4.15899e-07
4.44522e-07
4.69254e-07
4.90838e-07
5.09848e-07
5.2674e-07
5.41876e-07
5.5555e-07
5.68004e-07
5.79438e-07
5.90016e-07
5.99876e-07
6.09136e-07
6.17891e-07
6.26224e-07
6.34206e-07
6.41894e-07
6.49339e-07
6.56582e-07
6.63661e-07
6.70605e-07
6.7744e-07
6.8419e-07
6.90872e-07
6.97502e-07
7.04096e-07
7.10663e-07
7.17215e-07
7.23759e-07
7.30303e-07
7.36853e-07
7.43415e-07
7.49994e-07
7.56592e-07
7.63213e-07
7.6986e-07
7.76536e-07
7.83243e-07
7.89982e-07
7.96755e-07
8.03564e-07
8.10408e-07
8.17291e-07
8.24211e-07
8.3117e-07
8.38169e-07
8.45208e-07
8.52288e-07
8.59408e-07
8.66569e-07
8.73772e-07
8.81017e-07
8.88303e-07
8.95631e-07
9.03002e-07
9.10414e-07
9.17869e-07
9.25367e-07
9.32906e-07
9.40488e-07
9.48112e-07
9.55779e-07
9.63487e-07
9.71238e-07
9.79032e-07
9.86867e-07
9.94744e-07
1.00266e-06
1.01062e-06
1.01863e-06
1.02667e-06
1.03476e-06
1.04288e-06
1.05105e-06
1.05926e-06
1.06751e-06
1.0758e-06
1.08413e-06
1.09251e-06
1.10092e-06
1.10937e-06
1.11786e-06
1.12639e-06
1.13496e-06
1.14357e-06
1.15222e-06
1.1609e-06
1.16963e-06
1.17839e-06
1.18719e-06
1.19603e-06
1.2049e-06
1.21381e-06
1.22276e-06
1.23174e-06
1.24076e-06
1.24982e-06
1.25891e-06
1.26803e-06
1.27719e-06
1.28638e-06
1.29561e-06
1.30487e-06
1.31417e-06
1.32349e-06
1.33285e-06
1.34224e-06
1.35166e-06
1.36112e-06
1.3706e-06
1.38011e-06
1.38966e-06
1.39923e-06
1.40883e-06
1.41846e-06
1.42812e-06
1.4378e-06
1.44752e-06
1.45726e-06
1.46702e-06
1.47681e-06
1.48663e-06
1.49647e-06
1.50633e-06
1.51622e-06
1.52613e-06
1.53606e-06
1.54602e-06
1.55599e-06
1.56599e-06
1.57601e-06
1.58604e-06
1.5961e-06
1.60618e-06
1.61627e-06
1.62638e-06
1.63651e-06
1.64665e-06
1.65681e-06
1.66699e-06
1.67718e-06
1.68739e-06
1.6976e-06
1.70783e-06
1.71808e-06
1.72833e-06
1.7386e-06
1.74888e-06
1.75916e-06
1.76946e-06
1.77976e-06
1.79008e-06
1.8004e-06
1.81072e-06
1.82106e-06
1.8314e-06
1.84174e-06
1.85209e-06
1.86244e-06
1.87279e-06
1.88315e-06
1.89351e-06
1.90387e-06
1.91423e-06
1.92459e-06
1.93495e-06
1.94531e-06
1.95567e-06
1.96602e-06
1.97637e-06
1.98672e-06
1.99706e-06
2.0074e-06
2.01773e-06
2.02805e-06
2.03837e-06
2.04868e-06
2.05898e-06
2.06927e-06
2.07955e-06
2.08983e-06
2.10009e-06
2.11034e-06
2.12057e-06
2.1308e-06
2.14101e-06
2.15121e-06
2.16139e-06
2.17155e-06
2.18171e-06
2.19184e-06
2.20196e-06
2.21206e-06
2.22214e-06
2.2322e-06
2.24224e-06
2.25226e-06
2.26227e-06
2.27225e-06
2.2822e-06
2.29214e-06
2.30205e-06
2.31194e-06
2.3218e-06
2.33164e-06
2.34146e-06
2.35125e-06
2.36101e-06
2.37074e-06
2.38045e-06
2.39013e-06
2.39977e-06
2.40939e-06
2.41898e-06
2.42854e-06
2.43807e-06
2.44757e-06
2.45703e-06
2.46647e-06
2.47587e-06
2.48523e-06
2.49456e-06
2.50386e-06
2.51312e-06
2.52235e-06
2.53154e-06
2.54069e-06
2.54981e-06
2.55889e-06
2.56793e-06
2.57694e-06
2.5859e-06
2.59483e-06
2.60371e-06
2.61256e-06
2.62136e-06
2.63012e-06
2.63885e-06
2.64753e-06
2.65616e-06
2.66476e-06
2.67331e-06
2.68182e-06
2.69028e-06
2.6987e-06
2.70708e-06
2.71541e-06
2.72369e-06
2.73193e-06
2.74013e-06
2.74827e-06
2.75637e-06
2.76443e-06
2.77243e-06
2.78039e-06
2.7883e-06
2.79616e-06
2.80397e-06
2.81173e-06
2.81944e-06
2.82711e-06
2.83472e-06
2.84228e-06
2.8498e-06
2.85726e-06
2.86467e-06
2.87203e-06
2.87934e-06
2.88659e-06
2.89379e-06
2.90094e-06
2.90804e-06
2.91509e-06
2.92208e-06
2.92902e-06
2.93591e-06
2.94274e-06
2.94951e-06
2.95624e-06
2.96291e-06
2.96952e-06
2.97608e-06
2.98259e-06
2.98904e-06
2.99543e-06
3.00177e-06
3.00805e-06
3.01428e-06
3.02045e-06
3.02657e-06
3.03263e-06
3.03864e-06
3.04459e-06
3.05048e-06
3.05632e-06
3.06211e-06
3.06784e-06
3.07351e-06
3.07913e-06
3.0847e-06
3.0902e-06
3.09566e-06
3.10105e-06
3.10639e-06
3.11167e-06
3.1169e-06
3.12207e-06
3.12718e-06
3.13223e-06
3.13723e-06
3.14216e-06
3.14704e-06
3.15187e-06
3.15663e-06
3.16134e-06
3.16599e-06
3.17058e-06
3.17511e-06
3.17958e-06
3.184e-06
3.18835e-06
3.19265e-06
3.19688e-06
3.20104e-06
3.20513e-06
3.20916e-06
3.21312e-06
3.21702e-06
3.22085e-06
3.22461e-06
3.22831e-06
3.23195e-06
3.23552e-06
3.23904e-06
3.24249e-06
3.24589e-06
3.24922e-06
3.25249e-06
3.25571e-06
3.25887e-06
3.26196e-06
3.265e-06
3.26799e-06
3.27091e-06
3.27378e-06
3.27659e-06
3.27934e-06
3.28203e-06
3.28467e-06
3.28725e-06
3.28977e-06
3.29224e-06
3.29465e-06
3.297e-06
3.29929e-06
3.30153e-06
3.30372e-06
3.30584e-06
3.30791e-06
3.30992e-06
3.31188e-06
3.31378e-06
3.31563e-06
3.31742e-06
3.31915e-06
3.32083e-06
3.32246e-06
3.32402e-06
3.32554e-06
3.32699e-06
3.3284e-06
3.32975e-06
3.33104e-06
3.33228e-06
3.33346e-06
3.33459e-06
3.33567e-06
3.33669e-06
3.33766e-06
3.33858e-06
3.33944e-06
3.34025e-06
3.341e-06
3.3417e-06
3.34235e-06
3.34295e-06
3.3435e-06
3.34399e-06
3.34443e-06
3.34482e-06
3.34515e-06
3.34544e-06
3.34567e-06
3.34586e-06
3.34599e-06
3.34607e-06
3.3461e-06
3.34608e-06
3.34601e-06
3.34589e-06
3.34572e-06
3.3455e-06
3.34523e-06
3.34491e-06
3.34455e-06
3.34413e-06
3.34367e-06
3.34315e-06
3.34259e-06
3.34198e-06
3.34132e-06
3.34062e-06
3.33987e-06
3.33907e-06
3.33822e-06
3.33733e-06
3.33639e-06
3.33541e-06
3.33437e-06
3.3333e-06
3.33217e-06
3.331e-06
3.32979e-06
3.32853e-06
3.32723e-06
3.32588e-06
3.32449e-06
3.32305e-06
3.32157e-06
3.32005e-06
3.31848e-06
3.31687e-06
3.31521e-06
3.31352e-06
3.31178e-06
3.31e-06
3.30817e-06
3.30631e-06
3.3044e-06
3.30245e-06
3.30046e-06
3.29843e-06
3.29637e-06
3.29426e-06
3.29212e-06
3.28995e-06
3.28773e-06
3.28549e-06
3.2832e-06
3.28088e-06
3.27853e-06
3.27614e-06
3.27371e-06
3.27125e-06
3.26875e-06
3.26622e-06
3.26365e-06
3.26104e-06
3.2584e-06
3.25573e-06
3.25302e-06
3.25027e-06
3.24749e-06
3.24467e-06
3.24182e-06
3.23893e-06
3.23601e-06
3.23305e-06
3.23004e-06
3.22698e-06
3.22387e-06
3.2207e-06
3.21748e-06
3.21421e-06
3.21088e-06
3.2075e-06
3.20407e-06
3.2006e-06
3.19708e-06
3.19351e-06
3.18991e-06
3.18626e-06
3.18257e-06
3.17885e-06
3.17509e-06
3.1713e-06
3.16747e-06
3.16361e-06
3.15972e-06
3.1558e-06
3.15185e-06
3.14786e-06
3.14385e-06
3.13981e-06
3.13574e-06
3.13165e-06
3.12752e-06
3.12337e-06
3.11919e-06
3.11499e-06
3.11076e-06
3.1065e-06
3.10221e-06
3.09791e-06
3.09357e-06
3.08921e-06
3.08483e-06
3.08042e-06
3.07598e-06
3.07152e-06
3.06704e-06
3.06253e-06
3.058e-06
3.05344e-06
3.04886e-06
3.04426e-06
3.03963e-06
3.03498e-06
3.03031e-06
3.02561e-06
3.02089e-06
3.01615e-06
3.01139e-06
3.0066e-06
3.00179e-06
2.99696e-06
2.99211e-06
2.98724e-06
2.98234e-06
2.97743e-06
2.97249e-06
2.96753e-06
2.96256e-06
2.95756e-06
2.95254e-06
2.9475e-06
2.94244e-06
2.93737e-06
2.93227e-06
2.92715e-06
2.92202e-06
2.91686e-06
2.91169e-06
2.9065e-06
2.90129e-06
2.89607e-06
2.89082e-06
2.88556e-06
2.88028e-06
2.87498e-06
2.86967e-06
2.86434e-06
2.85899e-06
2.85363e-06
2.84825e-06
2.84285e-06
2.83744e-06
2.83201e-06
2.82657e-06
2.82111e-06
2.81563e-06
2.81015e-06
2.80464e-06
2.79913e-06
2.79359e-06
2.78805e-06
2.78249e-06
2.77691e-06
2.77133e-06
2.76573e-06
2.76011e-06
2.75449e-06
2.74885e-06
2.74319e-06
2.73753e-06
2.73185e-06
2.72617e-06
2.72047e-06
2.71475e-06
2.70903e-06
2.70329e-06
2.69755e-06
2.69179e-06
2.68602e-06
2.68025e-06
2.67446e-06
2.66866e-06
2.66285e-06
2.65703e-06
2.6512e-06
2.64537e-06
2.63952e-06
2.63367e-06
2.62781e-06
2.62195e-06
2.61608e-06
2.61021e-06
2.60434e-06
2.59846e-06
2.59258e-06
2.5867e-06
2.58081e-06
2.57492e-06
2.56903e-06
2.56313e-06
2.55723e-06
2.55132e-06
2.54541e-06
2.53949e-06
2.53357e-06
2.52765e-06
2.52172e-06
2.51579e-06
2.50985e-06
2.50391e-06
2.49796e-06
2.49201e-06
2.48604e-06
2.48006e-06
2.47404e-06
2.468e-06
2.46193e-06
2.45582e-06
2.44969e-06
2.44352e-06
2.43733e-06
2.43111e-06
2.42486e-06
2.4186e-06
2.41231e-06
2.40601e-06
2.39969e-06
2.39336e-06
2.38702e-06
2.38067e-06
2.3743e-06
2.36793e-06
2.36156e-06
2.35518e-06
2.34879e-06
2.3424e-06
2.33601e-06
2.32962e-06
2.32323e-06
2.31684e-06
2.31044e-06
2.30405e-06
2.29766e-06
2.29127e-06
2.28488e-06
2.27849e-06
2.2721e-06
2.26572e-06
2.25934e-06
2.25296e-06
2.24659e-06
2.24021e-06
2.23384e-06
2.22747e-06
2.22111e-06
2.21475e-06
2.20839e-06
2.20204e-06
2.19569e-06
2.18934e-06
2.18299e-06
2.17665e-06
2.17032e-06
2.16398e-06
2.15765e-06
2.15133e-06
2.145e-06
2.13869e-06
2.13237e-06
2.12606e-06
2.11975e-06
2.11345e-06
2.10715e-06
2.10086e-06
2.09457e-06
2.08828e-06
2.082e-06
2.07573e-06
2.06945e-06
2.06318e-06
2.05692e-06
2.05066e-06
2.04441e-06
2.03816e-06
2.03191e-06
2.02567e-06
2.01944e-06
2.01321e-06
2.00699e-06
2.00077e-06
1.99455e-06
1.98834e-06
1.98214e-06
1.97594e-06
1.96975e-06
1.96356e-06
1.95738e-06
1.9512e-06
1.94503e-06
1.93887e-06
1.93271e-06
1.92655e-06
1.92041e-06
1.91427e-06
1.90813e-06
1.902e-06
1.89588e-06
1.88977e-06
1.88366e-06
1.87755e-06
1.87146e-06
1.86537e-06
1.85928e-06
1.85321e-06
1.84714e-06
1.84108e-06
1.83502e-06
1.82897e-06
1.82293e-06
1.8169e-06
1.81087e-06
1.80485e-06
1.79884e-06
1.79283e-06
1.78683e-06
1.78084e-06
1.77486e-06
1.76889e-06
1.76292e-06
1.75696e-06
1.75101e-06
1.74506e-06
1.73913e-06
1.7332e-06
1.72728e-06
1.72137e-06
1.71547e-06
1.70957e-06
1.70368e-06
1.6978e-06
1.69193e-06
1.68607e-06
1.68022e-06
1.67438e-06
1.66854e-06
1.66271e-06
1.65689e-06
1.65109e-06
1.64528e-06
1.63949e-06
1.63371e-06
1.62794e-06
1.62217e-06
1.61642e-06
1.61067e-06
1.60493e-06
1.5992e-06
1.59349e-06
1.58778e-06
1.58208e-06
1.57639e-06
1.57071e-06
1.56503e-06
1.55937e-06
1.55372e-06
1.54808e-06
1.54244e-06
1.53682e-06
1.53121e-06
1.5256e-06
1.52001e-06
1.51443e-06
1.50885e-06
1.50329e-06
1.49774e-06
1.49219e-06
1.48666e-06
1.48114e-06
1.47562e-06
1.47012e-06
1.46463e-06
1.45914e-06
1.45367e-06
1.44821e-06
1.44276e-06
1.43732e-06
1.43189e-06
1.42647e-06
1.42106e-06
1.41566e-06
1.41027e-06
1.40489e-06
1.39953e-06
1.39417e-06
1.38882e-06
1.38349e-06
1.37816e-06
1.37285e-06
1.36755e-06
1.36226e-06
1.35698e-06
1.35171e-06
1.34645e-06
1.3412e-06
1.33596e-06
1.33074e-06
1.32552e-06
1.32032e-06
1.31512e-06
1.30994e-06
1.30477e-06
1.29961e-06
1.29446e-06
1.28932e-06
1.2842e-06
1.27908e-06
1.27398e-06
1.26889e-06
1.26381e-06
1.25874e-06
1.25368e-06
1.24863e-06
1.24359e-06
1.23857e-06
1.23356e-06
1.22855e-06
1.22356e-06
1.21858e-06
1.21362e-06
1.20866e-06
1.20371e-06
1.19878e-06
1.19386e-06
1.18895e-06
1.18405e-06
1.17916e-06
1.17429e-06
1.16942e-06
1.16457e-06
1.15973e-06
1.1549e-06
1.15008e-06
1.14527e-06
1.14048e-06
1.13569e-06
1.13092e-06
1.12616e-06
1.12141e-06
1.11668e-06
1.11195e-06
1.10724e-06
1.10254e-06
1.09785e-06
1.09317e-06
1.0885e-06
1.08384e-06
1.0792e-06
1.07457e-06
1.06995e-06
1.06534e-06
1.06074e-06
1.05616e-06
1.05159e-06
1.04703e-06
1.04249e-06
1.03795e-06
1.03344e-06
1.02893e-06
1.02444e-06
1.01997e-06
1.01551e-06
1.01106e-06
1.00662e-06
1.0022e-06
9.97786e-07
9.93388e-07
9.89003e-07
9.84631e-07
9.8027e-07
9.75922e-07
9.71586e-07
9.67262e-07
9.6295e-07
9.5865e-07
9.54362e-07
9.50086e-07
9.45821e-07
9.41568e-07
9.37326e-07
9.33096e-07
9.28878e-07
9.24671e-07
9.20475e-07
9.16291e-07
9.12118e-07
9.07956e-07
9.03806e-07
8.99664e-07
8.95528e-07
8.91395e-07
8.87264e-07
8.83134e-07
8.79005e-07
8.74877e-07
8.70749e-07
8.66623e-07
8.625e-07
8.58379e-07
8.54263e-07
8.5015e-07
8.46044e-07
8.41943e-07
8.37849e-07
8.33762e-07
8.29684e-07
8.25614e-07
8.21553e-07
8.17502e-07
8.13461e-07
8.09431e-07
8.05411e-07
8.01402e-07
7.97404e-07
7.93418e-07
7.89444e-07
7.85482e-07
7.81532e-07
7.77594e-07
7.73668e-07
7.69755e-07
7.65855e-07
7.61967e-07
7.58092e-07
7.54229e-07
7.50379e-07
7.46542e-07
7.42717e-07
7.38905e-07
7.35106e-07
7.3132e-07
7.27546e-07
7.23785e-07
7.20036e-07
7.163e-07
7.12577e-07
7.08866e-07
7.05168e-07
7.01483e-07
6.97809e-07
6.94148e-07
6.905e-07
6.86864e-07
6.8324e-07
6.79628e-07
6.76029e-07
6.72442e-07
6.68867e-07
6.65303e-07
6.61752e-07
6.58213e-07
6.54686e-07
6.51171e-07
6.47668e-07
6.44177e-07
6.40697e-07
6.37229e-07
6.33773e-07
6.30328e-07
6.26896e-07
6.23474e-07
6.20065e-07
6.16666e-07
6.1328e-07
6.09904e-07
6.06541e-07
6.03188e-07
5.99847e-07
5.96517e-07
5.93198e-07
5.89891e-07
5.86595e-07
5.8331e-07
5.80036e-07
5.76773e-07
5.73521e-07
5.7028e-07
5.6705e-07
5.63831e-07
5.60623e-07
5.57426e-07
5.5424e-07
5.51064e-07
5.479e-07
5.44746e-07
5.41603e-07
5.3847e-07
5.35348e-07
5.32237e-07
5.29136e-07
5.26046e-07
5.22967e-07
5.19898e-07
5.16839e-07
5.13791e-07
5.10753e-07
5.07726e-07
5.04709e-07
5.01702e-07
4.98706e-07
4.9572e-07
4.92744e-07
4.89778e-07
4.86822e-07
4.83877e-07
4.80942e-07
4.78017e-07
4.75102e-07
4.72197e-07
4.69302e-07
4.66417e-07
4.63542e-07
4.60677e-07
4.57821e-07
4.54976e-07
4.52141e-07
4.49315e-07
4.46499e-07
4.43693e-07
4.40897e-07
4.3811e-07
4.35333e-07
4.32566e-07
4.29808e-07
4.2706e-07
4.24322e-07
4.21593e-07
4.18873e-07
4.16163e-07
4.13463e-07
4.10772e-07
4.08091e-07
4.05418e-07
4.02756e-07
4.00102e-07
3.97458e-07
3.94824e-07
3.92198e-07
3.89582e-07
3.86975e-07
3.84377e-07
3.81789e-07
3.79209e-07
3.76639e-07
3.74077e-07
3.71525e-07
3.68982e-07
3.66448e-07
3.63923e-07
3.61407e-07
3.589e-07
3.56401e-07
3.53912e-07
3.51431e-07
3.4896e-07
3.46497e-07
3.44043e-07
3.41598e-07
3.39161e-07
3.36733e-07
3.34314e-07
3.31904e-07
3.29502e-07
3.27109e-07
3.24725e-07
3.22349e-07
3.19981e-07
3.17622e-07
3.15272e-07
3.1293e-07
3.10597e-07
3.08272e-07
3.05955e-07
3.03647e-07
3.01347e-07
2.99056e-07
2.96773e-07
2.94498e-07
2.92231e-07
2.89973e-07
2.87723e-07
2.85481e-07
2.83247e-07
2.81022e-07
2.78804e-07
2.76595e-07
2.74393e-07
2.722e-07
2.70015e-07
2.67838e-07
2.65668e-07
2.63507e-07
2.61354e-07
2.59208e-07
2.57071e-07
2.54941e-07
2.52819e-07
2.50705e-07
2.48599e-07
2.465e-07
2.44409e-07
2.42326e-07
2.40251e-07
2.38183e-07
2.36123e-07
2.34071e-07
2.32026e-07
2.29989e-07
2.27959e-07
2.25937e-07
2.23923e-07
2.21916e-07
2.19916e-07
2.17924e-07
2.15939e-07
2.13962e-07
2.11992e-07
2.10029e-07
2.08074e-07
2.06126e-07
2.04185e-07
2.02252e-07
2.00325e-07
1.98406e-07
1.96495e-07
1.9459e-07
1.92692e-07
1.90802e-07
1.88919e-07
1.87043e-07
1.85173e-07
1.83311e-07
1.81456e-07
1.79608e-07
1.77767e-07
1.75933e-07
1.74106e-07
1.72285e-07
1.70472e-07
1.68665e-07
1.66865e-07
1.65072e-07
1.63286e-07
1.61507e-07
1.59734e-07
1.57968e-07
1.56209e-07
1.54456e-07
1.52711e-07
1.50971e-07
1.49239e-07
1.47513e-07
1.45793e-07
1.4408e-07
1.42374e-07
1.40674e-07
1.38981e-07
1.37294e-07
1.35613e-07
1.33939e-07
1.32271e-07
1.3061e-07
1.28955e-07
1.27307e-07
1.25664e-07
1.24028e-07
1.22399e-07
1.20775e-07
1.19158e-07
1.17547e-07
1.15942e-07
1.14343e-07
1.12751e-07
1.11164e-07
1.09584e-07
1.0801e-07
1.06442e-07
1.0488e-07
1.03324e-07
1.01774e-07
1.00229e-07
9.86913e-08
9.71591e-08
9.56328e-08
9.41125e-08
9.2598e-08
9.10893e-08
8.95865e-08
8.80896e-08
8.65984e-08
8.5113e-08
8.36333e-08
8.21594e-08
8.06912e-08
7.92287e-08
7.77719e-08
7.63208e-08
7.48752e-08
7.34353e-08
7.2001e-08
7.05723e-08
6.91492e-08
6.77315e-08
6.63194e-08
6.49128e-08
6.35117e-08
6.21161e-08
6.07259e-08
5.93411e-08
5.79617e-08
5.65877e-08
5.5219e-08
5.38558e-08
5.24978e-08
5.11452e-08
4.97978e-08
4.84557e-08
4.71189e-08
4.57873e-08
4.44609e-08
4.31397e-08
4.18237e-08
4.05128e-08
3.92071e-08
3.79065e-08
3.6611e-08
3.53206e-08
3.40353e-08
3.2755e-08
3.14797e-08
3.02095e-08
2.89442e-08
2.76839e-08
2.64286e-08
2.51782e-08
2.39327e-08
2.26922e-08
2.14565e-08
2.02257e-08
1.89997e-08
1.77786e-08
1.65623e-08
1.53508e-08
1.4144e-08
1.2942e-08
1.17448e-08
1.05523e-08
9.36446e-09
8.18134e-09
7.0029e-09
5.82912e-09
4.65997e-09
3.49545e-09
2.33553e-09
1.1802e-09
2.94376e-11
-1.11677e-09
-2.25844e-09
-3.39559e-09
-4.52824e-09
-5.6564e-09
-6.78009e-09
-7.89932e-09
-9.01413e-09
-1.01245e-08
-1.12305e-08
-1.23321e-08
-1.34293e-08
-1.45222e-08
-1.56107e-08
-1.66949e-08
-1.77748e-08