0
3.55243e-07
6.79932e-07
9.58277e-07
1.19588e-06
1.3982e-06
1.56971e-06
1.71418e-06
1.83484e-06
1.93447e-06
2.01545e-06
2.07974e-06
2.12907e-06
2.16497e-06
2.18883e-06
2.2019e-06
2.20533e-06
2.20017e-06
2.18737e-06
2.16776e-06
2.14211e-06
2.11112e-06
2.07547e-06
2.03576e-06
1.99255e-06
1.94636e-06
1.89768e-06
1.84692e-06
1.7945e-06
1.74078e-06
1.68608e-06
1.6307e-06
1.57491e-06
1.51894e-06
1.463e-06
1.40728e-06
1.35194e-06
1.29714e-06
1.24298e-06
1.18958e-06
1.13702e-06
1.08538e-06
1.03472e-06
9.85115e-07
9.36598e-07
8.89209e-07
8.42979e-07
7.9793e-07
7.54078e-07
7.11434e-07
6.70002e-07
6.29783e-07
5.90772e-07
5.52961e-07
5.1634e-07
4.80896e-07
4.46612e-07
4.13472e-07
3.81454e-07
3.50539e-07
3.20701e-07
2.91919e-07
2.64166e-07
2.37417e-07
2.11647e-07
1.86828e-07
1.62936e-07
1.39942e-07
1.1782e-07
9.65453e-08
7.60902e-08
5.64294e-08
3.75373e-08
1.93889e-08
1.95962e-09
-1.47747e-08
-3.08376e-08
-4.62521e-08
-6.10409e-08
-7.52259e-08
-8.88284e-08
-1.01869e-07
-1.14368e-07
-1.26346e-07
-1.3782e-07
-1.48811e-07
-1.59334e-07
-1.69408e-07
-1.7905e-07
-1.88275e-07
-1.971e-07
-2.05538e-07
-2.13606e-07
-2.21316e-07
-2.28683e-07
-2.3572e-07
-2.42439e-07
-2.48852e-07
-2.54971e-07
-2.60807e-07
-2.66371e-07
-2.71674e-07
-2.76726e-07
-2.81536e-07
-2.86116e-07
-2.90475e-07
-2.94624e-07
-2.98572e-07
-3.02329e-07
-3.05902e-07
-3.09298e-07
-3.12526e-07
-3.15591e-07
-3.18501e-07
-3.21261e-07
-3.23878e-07
-3.26356e-07
-3.28702e-07
-3.30919e-07
-3.33014e-07
-3.3499e-07
-3.36852e-07
-3.38604e-07
-3.4025e-07
-3.41793e-07
-3.43237e-07
-3.44586e-07
-3.45843e-07
-3.47012e-07
-3.48094e-07
-3.49094e-07
-3.50015e-07
-3.50859e-07
-3.51629e-07
-3.52328e-07
-3.52959e-07
-3.53523e-07
-3.54024e-07
-3.54463e-07
-3.54843e-07
-3.55167e-07
-3.55435e-07
-3.55651e-07
-3.55816e-07
-3.55932e-07
-3.56001e-07
-3.56025e-07
-3.56005e-07
-3.55942e-07
-3.5584e-07
-3.55698e-07
-3.55518e-07
-3.55303e-07
-3.55053e-07
-3.54769e-07
-3.54453e-07
-3.54106e-07
-3.53729e-07
-3.53324e-07
-3.5289e-07
-3.52431e-07
-3.51946e-07
-3.51436e-07
-3.50903e-07
-3.50346e-07
-3.49769e-07
-3.4917e-07
-3.48551e-07
-3.47913e-07
-3.47256e-07
-3.46581e-07
-3.45889e-07
-3.45181e-07
-3.44457e-07
-3.43718e-07
-3.42964e-07
-3.42197e-07
-3.41416e-07
-3.40623e-07
-3.39817e-07
-3.39e-07
-3.38171e-07
-3.37332e-07
-3.36483e-07
-3.35623e-07
-3.34755e-07
-3.33878e-07
-3.32992e-07
-3.32098e-07
-3.31197e-07
-3.30288e-07
-3.29373e-07
-3.28451e-07
-3.27522e-07
-3.26588e-07
-3.25648e-07
-3.24703e-07
-3.23753e-07
-3.22799e-07
-3.2184e-07
-3.20877e-07
-3.1991e-07
-3.1894e-07
-3.17966e-07
-3.16989e-07
-3.16009e-07
-3.15027e-07
-3.14042e-07
-3.13055e-07
-3.12066e-07
-3.11076e-07
-3.10083e-07
-3.0909e-07
-3.08095e-07
-3.07099e-07
-3.06102e-07
-3.05105e-07
-3.04107e-07
-3.03108e-07
-3.0211e-07
-3.01111e-07
-3.00112e-07
-2.99114e-07
-2.98116e-07
-2.97118e-07
-2.96121e-07
-2.95125e-07
-2.94129e-07
-2.93135e-07
-2.92141e-07
-2.91149e-07
-2.90158e-07
-2.89168e-07
-2.8818e-07
-2.87194e-07
-2.86209e-07
-2.85226e-07
-2.84244e-07
-2.83265e-07
-2.82288e-07
-2.81313e-07
-2.8034e-07
-2.79369e-07
-2.784e-07
-2.77434e-07
-2.76471e-07
-2.7551e-07
-2.74552e-07
-2.73596e-07
-2.72643e-07
-2.71693e-07
-2.70745e-07
-2.69801e-07
-2.68859e-07
-2.67921e-07
-2.66985e-07
-2.66053e-07
-2.65124e-07
-2.64198e-07
-2.63275e-07
-2.62356e-07
-2.6144e-07
-2.60527e-07
-2.59618e-07
-2.58712e-07
-2.5781e-07
-2.56911e-07
-2.56016e-07
-2.55124e-07
-2.54236e-07
-2.53352e-07
-2.52471e-07
-2.51594e-07
-2.50721e-07
-2.49851e-07
-2.48985e-07
-2.48123e-07
-2.47265e-07
-2.46411e-07
-2.45561e-07
-2.44714e-07
-2.43872e-07
-2.43033e-07
-2.42198e-07
-2.41368e-07
-2.40541e-07
-2.39718e-07
-2.389e-07
-2.38085e-07
-2.37274e-07
-2.36468e-07
-2.35665e-07
-2.34867e-07
-2.34073e-07
-2.33282e-07
-2.32496e-07
-2.31714e-07
-2.30937e-07
-2.30163e-07
-2.29393e-07
-2.28628e-07
-2.27866e-07
-2.27109e-07
-2.26356e-07
-2.25608e-07
-2.24863e-07
-2.24122e-07
-2.23386e-07
-2.22654e-07
-2.21926e-07
-2.21202e-07
-2.20483e-07
-2.19767e-07
-2.19056e-07
-2.18349e-07
-2.17646e-07
-2.16947e-07
-2.16253e-07
-2.15562e-07
-2.14876e-07
-2.14194e-07
-2.13516e-07
-2.12843e-07
-2.12173e-07
-2.11508e-07
-2.10846e-07
-2.10189e-07
-2.09536e-07
-2.08887e-07
-2.08242e-07
-2.07602e-07
-2.06968e-07
-2.0634e-07
-2.05719e-07
-2.05105e-07
-2.04498e-07
-2.03898e-07
-2.03306e-07
-2.02722e-07
-2.02145e-07
-2.01576e-07
-2.01013e-07
-2.00458e-07
-1.9991e-07
-1.99369e-07
-1.98834e-07
-1.98305e-07
-1.97783e-07
-1.97267e-07
-1.96756e-07
-1.96252e-07
-1.95752e-07
-1.95259e-07
-1.9477e-07
-1.94286e-07
-1.93807e-07
-1.93333e-07
-1.92864e-07
-1.92399e-07
-1.91938e-07
-1.91482e-07
-1.91029e-07
-1.90581e-07
-1.90136e-07
-1.89695e-07
-1.89258e-07
-1.88825e-07
-1.88394e-07
-1.87967e-07
-1.87543e-07
-1.87122e-07
-1.86703e-07
-1.86288e-07
-1.85874e-07
-1.85464e-07
-1.85056e-07
-1.8465e-07
-1.84247e-07
-1.83846e-07
-1.83447e-07
-1.83051e-07
-1.82657e-07
-1.82266e-07
-1.81877e-07
-1.8149e-07
-1.81105e-07
-1.80723e-07
-1.80343e-07
-1.79965e-07
-1.7959e-07
-1.79217e-07
-1.78846e-07
-1.78478e-07
-1.78112e-07
-1.77748e-07
-1.77387e-07
-1.77028e-07
-1.76671e-07
-1.76316e-07
-1.75964e-07
-1.75614e-07
-1.75267e-07
-2.8086e-06
-6.07866e-06
-9.17299e-06
-1.18641e-05
-1.41266e-05
-1.59974e-05
-1.75288e-05
-1.8773e-05
-1.97777e-05
-2.05851e-05
-2.1232e-05
-2.17504e-05
-2.21677e-05
-2.25082e-05
-2.27924e-05
-2.3038e-05
-2.32604e-05
-2.34735e-05
-2.36892e-05
-2.39182e-05
-2.41701e-05
-2.44551e-05
-2.4783e-05
-2.51638e-05
-2.56079e-05
-2.61284e-05
-2.67401e-05
-2.74596e-05
-2.831e-05
-2.93181e-05
-3.05205e-05
-3.19636e-05
-3.37132e-05
-3.58605e-05
-3.85379e-05
-4.19486e-05
-4.64239e-05
-5.25701e-05
-6.16822e-05
-7.73582e-05
-0.000112971
-0.000184425
-0.000255594
-0.000284322
-0.000290518
-0.00028851
-0.000283986
-0.000278622
-0.000272869
-0.000266846
-0.000260559
-0.000253949
-0.000246909
-0.000239282
-0.000230855
-0.000221345
-0.000210385
-0.000197498
-0.000182091
-0.000163473
-0.000140982
-0.000114323
-8.42206e-05
-5.30434e-05
-2.44973e-05
-1.82191e-06
1.39839e-05
2.40661e-05
3.03153e-05
3.42875e-05
3.6936e-05
3.87603e-05
4.00067e-05
4.07997e-05
4.12099e-05
4.12841e-05
4.10588e-05
4.0566e-05
3.98358e-05
3.88971e-05
3.7778e-05
3.65057e-05
3.51064e-05
3.36047e-05
3.20236e-05
3.0384e-05
2.87054e-05
2.70045e-05
2.52962e-05
2.35934e-05
2.19069e-05
2.02458e-05
1.86172e-05
1.70272e-05
1.54803e-05
1.39793e-05
1.25268e-05
1.11246e-05
9.77289e-06
8.47173e-06
7.22085e-06
6.01951e-06
4.86703e-06
3.7622e-06
2.70313e-06
1.68884e-06
7.17377e-07
-2.11414e-07
-1.10011e-06
-1.94944e-06
-2.76231e-06
-3.53948e-06
-4.28272e-06
-4.99329e-06
-5.67507e-06
-6.33122e-06
-6.96628e-06
-7.58497e-06
-8.19634e-06
-8.80938e-06
-9.43548e-06
-1.00876e-05
-1.07762e-05
-1.15114e-05
-1.22948e-05
-1.31124e-05
-1.39448e-05
-1.47598e-05
-1.55079e-05
-1.6115e-05
-1.64861e-05
-1.65092e-05
-1.60669e-05
-1.50801e-05
-1.35426e-05
-1.15633e-05
-9.35522e-06
-7.18046e-06
-5.26226e-06
-3.72255e-06
-2.57726e-06
-1.77114e-06
-1.22262e-06
-8.55321e-07
-6.09029e-07
-4.41491e-07
-3.24831e-07
-2.41237e-07
-1.79487e-07
-1.32517e-07
-9.58376e-08
-6.65497e-08
-4.27345e-08
-2.30873e-08
-6.69279e-09
7.11137e-09
1.88191e-08
2.88087e-08
3.73767e-08
4.47603e-08
5.11517e-08
5.67086e-08
6.15619e-08
6.58207e-08
6.95763e-08
7.29058e-08
7.58743e-08
7.85367e-08
8.09398e-08
8.31231e-08
8.51204e-08
8.69604e-08
8.86675e-08
9.02624e-08
9.17628e-08
9.31841e-08
9.45389e-08
9.58384e-08
9.70919e-08
9.83075e-08
9.94921e-08
1.00651e-07
1.01791e-07
1.02914e-07
1.04025e-07
1.05128e-07
1.06224e-07
1.07316e-07
1.08405e-07
1.09495e-07
1.10586e-07
1.1168e-07
1.12777e-07
1.13878e-07
1.14985e-07
1.16098e-07
1.17218e-07
1.18344e-07
1.19479e-07
1.20622e-07
1.21773e-07
1.22933e-07
1.24102e-07
1.25281e-07
1.26469e-07
1.27667e-07
1.28875e-07
1.30093e-07
1.31322e-07
1.32561e-07
1.3381e-07
1.35071e-07
1.36342e-07
1.37624e-07
1.38918e-07
1.40223e-07
1.41538e-07
1.42866e-07
1.44205e-07
1.45555e-07
1.46917e-07
1.48291e-07
1.49677e-07
1.51074e-07
1.52484e-07
1.53906e-07
1.55339e-07
1.56785e-07
1.58244e-07
1.59715e-07
1.61198e-07
1.62693e-07
1.64201e-07
1.65722e-07
1.67256e-07
1.68802e-07
1.70361e-07
1.71933e-07
1.73519e-07
1.75117e-07
1.76728e-07
1.78352e-07
1.7999e-07
1.8164e-07
1.83304e-07
1.84982e-07
1.86673e-07
1.88377e-07
1.90095e-07
1.91827e-07
1.93572e-07
1.95331e-07
1.97103e-07
1.9889e-07
2.0069e-07
2.02504e-07
2.04332e-07
2.06174e-07
2.0803e-07
2.09901e-07
2.11785e-07
2.13683e-07
2.15596e-07
2.17522e-07
2.19463e-07
2.21419e-07
2.23388e-07
2.25372e-07
2.2737e-07
2.29383e-07
2.3141e-07
2.33452e-07
2.35508e-07
2.37578e-07
2.39663e-07
2.41763e-07
2.43877e-07
2.46006e-07
2.48149e-07
2.50307e-07
2.52479e-07
2.54666e-07
2.56868e-07
2.59085e-07
2.61316e-07
2.63561e-07
2.65822e-07
2.68097e-07
2.70386e-07
2.7269e-07
2.75009e-07
2.77343e-07
2.79691e-07
2.82054e-07
2.84431e-07
2.86823e-07
2.89229e-07
2.9165e-07
2.94086e-07
2.96536e-07
2.99e-07
3.0148e-07
3.03973e-07
3.06481e-07
3.09003e-07
3.1154e-07
3.1409e-07
3.16656e-07
3.19235e-07
3.21828e-07
3.24436e-07
3.27058e-07
3.29694e-07
3.32344e-07
3.35008e-07
3.37685e-07
3.40377e-07
3.43082e-07
3.45801e-07
3.48534e-07
3.51281e-07
3.5404e-07
3.56814e-07
3.59601e-07
3.62401e-07
3.65214e-07
3.68041e-07
3.70881e-07
3.73734e-07
3.76599e-07
3.79478e-07
3.82369e-07
3.85273e-07
3.8819e-07
3.91119e-07
3.94061e-07
3.97015e-07
3.99981e-07
4.0296e-07
4.0595e-07
4.08953e-07
4.11967e-07
4.14993e-07
4.1803e-07
4.21079e-07
4.2414e-07
4.27211e-07
4.30294e-07
4.33388e-07
4.36493e-07
4.39608e-07
4.42735e-07
4.45871e-07
4.49019e-07
4.52176e-07
4.55344e-07
4.58521e-07
4.61709e-07
4.64906e-07
4.68113e-07
4.71329e-07
4.74555e-07
4.7779e-07
4.81034e-07
4.84286e-07
4.87548e-07
4.90818e-07
4.94096e-07
4.97383e-07
5.00678e-07
5.0398e-07
5.07291e-07
5.10609e-07
5.13935e-07
5.17268e-07
5.20608e-07
5.23955e-07
5.27309e-07
5.30669e-07
5.34036e-07
5.37409e-07
5.40788e-07
5.44174e-07
5.47565e-07
5.50961e-07
5.54363e-07
5.5777e-07
5.61183e-07
5.646e-07
5.68021e-07
5.71447e-07
5.74878e-07
5.78312e-07
5.81751e-07
5.85193e-07
5.88639e-07
5.92088e-07
5.9554e-07
5.98995e-07
6.02453e-07
6.05914e-07
6.09376e-07
6.12841e-07
6.16308e-07
6.19777e-07
6.23247e-07
6.26719e-07
6.30192e-07
6.33665e-07
6.3714e-07
6.40615e-07
6.4409e-07
6.47566e-07
6.51041e-07
6.54516e-07
6.57991e-07
6.61465e-07
6.64938e-07
6.6841e-07
6.71881e-07
6.7535e-07
6.78818e-07
6.82284e-07
6.85747e-07
6.89208e-07
6.92667e-07
6.96123e-07
6.99576e-07
7.03025e-07
7.06472e-07
7.09914e-07
7.13353e-07
7.16788e-07
7.20219e-07
7.23645e-07
7.27067e-07
7.30484e-07
7.33896e-07
7.37303e-07
7.40705e-07
7.44101e-07
7.47492e-07
7.50877e-07
7.54256e-07
7.5763e-07
7.60997e-07
7.64357e-07
7.67711e-07
7.71057e-07
7.74397e-07
7.77729e-07
7.81053e-07
7.8437e-07
7.87678e-07
7.90978e-07
7.9427e-07
7.97553e-07
8.00827e-07
8.04091e-07
8.07346e-07
8.10592e-07
8.13828e-07
8.17053e-07
8.20269e-07
8.23474e-07
8.26668e-07
8.29852e-07
8.33024e-07
8.36186e-07
8.39335e-07
8.42474e-07
8.456e-07
8.48714e-07
8.51816e-07
8.54906e-07
8.57983e-07
8.61048e-07
8.64099e-07
8.67138e-07
8.70163e-07
8.73174e-07
8.76172e-07
8.79156e-07
8.82126e-07
8.8508e-07
8.88019e-07
8.90941e-07
8.93847e-07
8.96736e-07
8.99608e-07
9.02463e-07
9.05301e-07
9.08122e-07
9.10925e-07
9.13712e-07
9.16482e-07
9.19234e-07
9.21969e-07
9.24687e-07
9.27388e-07
9.30071e-07
9.32737e-07
9.35385e-07
9.38016e-07
9.40629e-07
9.43224e-07
9.45802e-07
9.48361e-07
9.50903e-07
9.53426e-07
9.55931e-07
9.58418e-07
9.60886e-07
9.63335e-07
9.65766e-07
9.68179e-07
9.70572e-07
9.72946e-07
9.75301e-07
9.77637e-07
9.79954e-07
9.82251e-07
9.84529e-07
9.86787e-07
9.89025e-07
9.91243e-07
9.93442e-07
9.9562e-07
9.97779e-07
9.99917e-07
1.00203e-06
1.00413e-06
1.00621e-06
1.00827e-06
1.0103e-06
1.01232e-06
1.01431e-06
1.01628e-06
1.01824e-06
1.02017e-06
1.02208e-06
1.02397e-06
1.02584e-06
1.02768e-06
1.02951e-06
1.03131e-06
1.03309e-06
1.03485e-06
1.03659e-06
1.03831e-06
1.04001e-06
1.04168e-06
1.04333e-06
1.04496e-06
1.04657e-06
1.04816e-06
1.04972e-06
1.05127e-06
1.05279e-06
1.05428e-06
1.05576e-06
1.05721e-06
1.05865e-06
1.06006e-06
1.06144e-06
1.06281e-06
1.06415e-06
1.06547e-06
1.06677e-06
1.06805e-06
1.0693e-06
1.07053e-06
1.07174e-06
1.07292e-06
1.07409e-06
1.07523e-06
1.07635e-06
1.07744e-06
1.07852e-06
1.07957e-06
1.0806e-06
1.08161e-06
1.08259e-06
1.08356e-06
1.0845e-06
1.08542e-06
1.08633e-06
1.0872e-06
1.08806e-06
1.0889e-06
1.08971e-06
1.0905e-06
1.09128e-06
1.09202e-06
1.09275e-06
1.09346e-06
1.09414e-06
1.09481e-06
1.09545e-06
1.09607e-06
1.09666e-06
1.09724e-06
1.0978e-06
1.09833e-06
1.09884e-06
1.09933e-06
1.09979e-06
1.10024e-06
1.10066e-06
1.10107e-06
1.10145e-06
1.10181e-06
1.10214e-06
1.10246e-06
1.10275e-06
1.10302e-06
1.10328e-06
1.1035e-06
1.10371e-06
1.1039e-06
1.10406e-06
1.10421e-06
1.10433e-06
1.10443e-06
1.10451e-06
1.10457e-06
1.10461e-06
1.10462e-06
1.10462e-06
1.1046e-06
1.10455e-06
1.10448e-06
1.10439e-06
1.10428e-06
1.10414e-06
1.10398e-06
1.10379e-06
1.10358e-06
1.10334e-06
1.10307e-06
1.10279e-06
1.10247e-06
1.10214e-06
1.10177e-06
1.10139e-06
1.10098e-06
1.10055e-06
1.1001e-06
1.09962e-06
1.09912e-06
1.0986e-06
1.09806e-06
1.0975e-06
1.09691e-06
1.09631e-06
1.09568e-06
1.09504e-06
1.09437e-06
1.09369e-06
1.09299e-06
1.09226e-06
1.09152e-06
1.09076e-06
1.08998e-06
1.08918e-06
1.08836e-06
1.08753e-06
1.08667e-06
1.0858e-06
1.08491e-06
1.08401e-06
1.08308e-06
1.08214e-06
1.08118e-06
1.0802e-06
1.07921e-06
1.07819e-06
1.07717e-06
1.07612e-06
1.07506e-06
1.07398e-06
1.07288e-06
1.07177e-06
1.07064e-06
1.0695e-06
1.06834e-06
1.06716e-06
1.06597e-06
1.06476e-06
1.06354e-06
1.0623e-06
1.06105e-06
1.05978e-06
1.05849e-06
1.05719e-06
1.05588e-06
1.05455e-06
1.0532e-06
1.05184e-06
1.05047e-06
1.04908e-06
1.04767e-06
1.04626e-06
1.04482e-06
1.04338e-06
1.04192e-06
1.04045e-06
1.03896e-06
1.03746e-06
1.03594e-06
1.03441e-06
1.03287e-06
1.03132e-06
1.02975e-06
1.02817e-06
1.02657e-06
1.02497e-06
1.02335e-06
1.02172e-06
1.02007e-06
1.01841e-06
1.01674e-06
1.01506e-06
1.01337e-06
1.01167e-06
1.00995e-06
1.00822e-06
1.00648e-06
1.00473e-06
1.00297e-06
1.0012e-06
9.99423e-07
9.97633e-07
9.95834e-07
9.94025e-07
9.92206e-07
9.90378e-07
9.88541e-07
9.86694e-07
9.84838e-07
9.82972e-07
9.81098e-07
9.79215e-07
9.77322e-07
9.75421e-07
9.7351e-07
9.71591e-07
9.69663e-07
9.67726e-07
9.6578e-07
9.63826e-07
9.61864e-07
9.59892e-07
9.57913e-07
9.55925e-07
9.53928e-07
9.51924e-07
9.49911e-07
9.4789e-07
9.45862e-07
9.43825e-07
9.4178e-07
9.39728e-07
9.37668e-07
9.356e-07
9.33525e-07
9.31442e-07
9.29352e-07
9.27254e-07
9.2515e-07
9.23038e-07
9.20919e-07
9.18793e-07
9.1666e-07
9.14521e-07
9.12374e-07
9.10221e-07
9.08062e-07
9.05896e-07
9.03723e-07
9.01545e-07
8.9936e-07
8.97168e-07
8.94967e-07
8.92756e-07
8.90534e-07
8.88301e-07
8.86055e-07
8.83798e-07
8.81529e-07
8.79248e-07
8.76955e-07
8.7465e-07
8.72335e-07
8.70009e-07
8.67673e-07
8.65326e-07
8.62971e-07
8.60606e-07
8.58232e-07
8.5585e-07
8.5346e-07
8.51063e-07
8.48658e-07
8.46247e-07
8.43829e-07
8.41406e-07
8.38976e-07
8.36541e-07
8.34101e-07
8.31656e-07
8.29206e-07
8.26752e-07
8.24293e-07
8.21831e-07
8.19365e-07
8.16895e-07
8.14423e-07
8.11947e-07
8.09468e-07
8.06986e-07
8.04502e-07
8.02016e-07
7.99527e-07
7.97036e-07
7.94543e-07
7.92048e-07
7.89551e-07
7.87053e-07
7.84554e-07
7.82053e-07
7.7955e-07
7.77047e-07
7.74542e-07
7.72037e-07
7.69531e-07
7.67024e-07
7.64516e-07
7.62007e-07
7.59499e-07
7.56989e-07
7.5448e-07
7.5197e-07
7.4946e-07
7.4695e-07
7.4444e-07
7.4193e-07
7.3942e-07
7.36911e-07
7.34401e-07
7.31892e-07
7.29384e-07
7.26876e-07
7.24368e-07
7.21861e-07
7.19355e-07
7.16849e-07
7.14345e-07
7.11841e-07
7.09338e-07
7.06836e-07
7.04335e-07
7.01836e-07
6.99337e-07
6.9684e-07
6.94344e-07
6.91849e-07
6.89356e-07
6.86864e-07
6.84374e-07
6.81885e-07
6.79398e-07
6.76912e-07
6.74428e-07
6.71947e-07
6.69466e-07
6.66988e-07
6.64512e-07
6.62038e-07
6.59565e-07
6.57095e-07
6.54627e-07
6.52162e-07
6.49698e-07
6.47237e-07
6.44778e-07
6.42321e-07
6.39867e-07
6.37416e-07
6.34967e-07
6.3252e-07
6.30076e-07
6.27635e-07
6.25197e-07
6.22761e-07
6.20328e-07
6.17898e-07
6.15471e-07
6.13047e-07
6.10626e-07
6.08208e-07
6.05793e-07
6.03381e-07
6.00972e-07
5.98566e-07
5.96164e-07
5.93765e-07
5.91369e-07
5.88977e-07
5.86588e-07
5.84202e-07
5.8182e-07
5.79441e-07
5.77066e-07
5.74695e-07
5.72327e-07
5.69963e-07
5.67603e-07
5.65246e-07
5.62893e-07
5.60544e-07
5.58198e-07
5.55857e-07
5.5352e-07
5.51186e-07
5.48856e-07
5.46531e-07
5.44209e-07
5.41892e-07
5.39578e-07
5.37269e-07
5.34964e-07
5.32663e-07
5.30367e-07
5.28074e-07
5.25786e-07
5.23502e-07
5.21223e-07
5.18948e-07
5.16677e-07
5.14411e-07
5.12149e-07
5.09892e-07
5.07639e-07
5.05391e-07
5.03147e-07
5.00908e-07
4.98673e-07
4.96443e-07
4.94218e-07
4.91997e-07
4.89782e-07
4.8757e-07
4.85364e-07
4.83162e-07
4.80965e-07
4.78773e-07
4.76586e-07
4.74404e-07
4.72226e-07
4.70054e-07
4.67886e-07
4.65723e-07
4.63565e-07
4.61412e-07
4.59265e-07
4.57122e-07
4.54984e-07
4.52851e-07
4.50723e-07
4.48601e-07
4.46483e-07
4.44371e-07
4.42263e-07
4.40161e-07
4.38064e-07
4.35972e-07
4.33885e-07
4.31804e-07
4.29727e-07
4.27656e-07
4.2559e-07
4.23529e-07
4.21474e-07
4.19424e-07
4.17379e-07
4.15339e-07
4.13305e-07
4.11276e-07
4.09253e-07
4.07234e-07
4.05221e-07
4.03214e-07
4.01213e-07
3.99217e-07
3.97227e-07
3.95243e-07
3.93264e-07
3.91292e-07
3.89326e-07
3.87365e-07
3.85411e-07
3.83462e-07
3.81519e-07
3.79583e-07
3.77652e-07
3.75727e-07
3.73808e-07
3.71894e-07
3.69987e-07
3.68085e-07
3.66189e-07
3.64299e-07
3.62415e-07
3.60536e-07
3.58663e-07
3.56796e-07
3.54934e-07
3.53079e-07
3.51228e-07
3.49384e-07
3.47545e-07
3.45711e-07
3.43884e-07
3.42061e-07
3.40245e-07
3.38433e-07
3.36628e-07
3.34828e-07
3.33033e-07
3.31244e-07
3.2946e-07
3.27682e-07
3.2591e-07
3.24142e-07
3.22381e-07
3.20624e-07
3.18873e-07
3.17128e-07
3.15388e-07
3.13653e-07
3.11924e-07
3.102e-07
3.08481e-07
3.06768e-07
3.0506e-07
3.03358e-07
3.01661e-07
2.99969e-07
2.98283e-07
2.96601e-07
2.94926e-07
2.93255e-07
2.9159e-07
2.8993e-07
2.88276e-07
2.86626e-07
2.84982e-07
2.83344e-07
2.8171e-07
2.80082e-07
2.78459e-07
2.76841e-07
2.75228e-07
2.73619e-07
2.72014e-07
2.70412e-07
2.68812e-07
2.67216e-07
2.65622e-07
2.6403e-07
2.62441e-07
2.60854e-07
2.5927e-07
2.57689e-07
2.56111e-07
2.54535e-07
2.52963e-07
2.51393e-07
2.49827e-07
2.48264e-07
2.46705e-07
2.45149e-07
2.43597e-07
2.42049e-07
2.40505e-07
2.38965e-07
2.37429e-07
2.35898e-07
2.3437e-07
2.32848e-07
2.3133e-07
2.29816e-07
2.28307e-07
2.26803e-07
2.25304e-07
2.2381e-07
2.2232e-07
2.20836e-07
2.19357e-07
2.17882e-07
2.16413e-07
2.1495e-07
2.13491e-07
2.12037e-07
2.10589e-07
2.09146e-07
2.07709e-07
2.06277e-07
2.0485e-07
2.03428e-07
2.02012e-07
2.00601e-07
1.99196e-07
1.97796e-07
1.96402e-07
1.95013e-07
1.93629e-07
1.92251e-07
1.90878e-07
1.8951e-07
1.88148e-07
1.86792e-07
1.8544e-07
1.84095e-07
1.82754e-07
1.81419e-07
1.8009e-07
1.78765e-07
1.77446e-07
1.76133e-07
1.74824e-07
1.73521e-07
1.72224e-07
1.70931e-07
1.69644e-07
1.68362e-07
1.67086e-07
1.65815e-07
1.64548e-07
1.63288e-07
1.62032e-07
1.60781e-07
1.59536e-07
1.58296e-07
1.57061e-07
1.55831e-07
1.54606e-07
1.53386e-07
1.52171e-07
1.50962e-07
1.49757e-07
1.48557e-07
1.47363e-07
1.46173e-07
1.44988e-07
1.43808e-07
1.42634e-07
1.41464e-07
1.40299e-07
1.39138e-07
1.37983e-07
1.36833e-07
1.35687e-07
1.34546e-07
1.3341e-07
1.32279e-07
1.31152e-07
1.3003e-07
1.28913e-07
1.278e-07
1.26693e-07
1.2559e-07
1.24491e-07
1.23397e-07
1.22308e-07
1.21223e-07
1.20143e-07
1.19068e-07
1.17997e-07
1.1693e-07
1.15868e-07
1.14811e-07
1.13758e-07
1.12709e-07
1.11665e-07
1.10626e-07
1.0959e-07
1.0856e-07
1.07533e-07
1.06511e-07
1.05493e-07
1.0448e-07
1.03471e-07
1.02466e-07
1.01465e-07
1.00469e-07
9.94766e-08
9.84887e-08
9.7505e-08
9.65255e-08
9.55502e-08
9.45791e-08
9.36121e-08
9.26493e-08
9.16905e-08
9.07359e-08
8.97853e-08
8.88388e-08
8.78964e-08
8.6958e-08
8.60236e-08
8.50933e-08
8.41669e-08
8.32445e-08
8.23261e-08
8.14116e-08
8.05011e-08
7.95945e-08
7.86917e-08
7.77929e-08
7.68979e-08
7.60068e-08
7.51196e-08
7.42362e-08
7.33566e-08
7.24808e-08
7.16087e-08
7.07405e-08
6.9876e-08
6.90153e-08
6.81582e-08
6.7305e-08
6.64554e-08
6.56094e-08
6.47672e-08
6.39286e-08
6.30937e-08
6.22624e-08
6.14347e-08
6.06106e-08
5.97902e-08
5.89732e-08
5.81599e-08
5.73501e-08
5.65438e-08
5.57411e-08
5.49419e-08
5.41461e-08
5.33539e-08
5.25651e-08
5.17797e-08
5.09978e-08
5.02194e-08
4.94443e-08
4.86727e-08
4.79044e-08
4.71395e-08
4.6378e-08
4.56198e-08
4.4865e-08
4.41135e-08
4.33653e-08
4.26204e-08
4.18787e-08
4.11404e-08
4.04053e-08
3.96734e-08
3.89448e-08
3.82194e-08
3.74973e-08
3.67783e-08
3.60625e-08
3.53498e-08
3.46404e-08
3.3934e-08
3.32308e-08
3.25307e-08
3.18338e-08
3.11399e-08
3.04491e-08
2.97614e-08
2.90767e-08
2.83951e-08
2.77166e-08
2.7041e-08
2.63685e-08
2.56989e-08
2.50324e-08
2.43688e-08
2.37082e-08
2.30505e-08
2.23958e-08
2.1744e-08
2.10951e-08
2.04491e-08
1.9806e-08
1.91658e-08
1.85285e-08
1.7894e-08
1.72624e-08
1.66336e-08
1.60076e-08
1.53844e-08
1.47641e-08
1.41465e-08
1.35317e-08
1.29197e-08
1.23104e-08
1.17038e-08
1.11e-08
1.0499e-08
9.90058e-09
9.3049e-09
8.71192e-09
8.1216e-09
7.53396e-09
6.94896e-09
6.36661e-09
5.7869e-09
5.2098e-09
4.63532e-09
4.06343e-09
3.49413e-09
2.92742e-09
2.36327e-09
1.80167e-09
1.24262e-09
6.86112e-10
1.32124e-10
-4.19349e-10
-9.68319e-10
-1.5148e-09
-2.05879e-09
-2.60031e-09
-3.13937e-09
-3.67598e-09
-4.21014e-09
-4.74188e-09
-5.27119e-09
-5.7981e-09
-6.3226e-09
-6.84471e-09
-7.36445e-09
-7.88181e-09
-8.39682e-09
-8.90947e-09
-9.41979e-09
-9.92777e-09
-1.04334e-08
-1.09368e-08
-1.14378e-08
-1.19366e-08
-1.24331e-08
-1.29273e-08
-1.34193e-08
-1.3909e-08
-1.43964e-08
-1.48817e-08
-1.53647e-08
-1.58455e-08
-1.6324e-08
-1.68004e-08
-1.72747e-08
-1.77467e-08
-1.82166e-08
-1.86843e-08
-1.91499e-08
-1.96133e-08
-2.00746e-08
-2.05338e-08
-2.09909e-08
-2.14458e-08
-2.18987e-08
-2.23495e-08
-2.27983e-08
-2.32449e-08
-2.36895e-08
-2.41321e-08
-2.45726e-08
-2.50111e-08
-2.54476e-08
-2.58821e-08
-2.63146e-08
-2.6745e-08
-2.71735e-08
-2.76001e-08
-2.80246e-08
-2.84472e-08
-2.88679e-08
-2.92866e-08
-2.97033e-08
-3.01182e-08
-3.05311e-08
-3.09422e-08
-3.13513e-08
-3.17585e-08
-3.21639e-08
-3.25674e-08
-3.2969e-08
-3.33688e-08
-3.37667e-08
-3.41628e-08
-3.45571e-08
-3.49495e-08
-3.53401e-08
-3.57289e-08
-3.61159e-08
-3.65012e-08
-3.68846e-08
-3.72663e-08
-3.76462e-08
-3.80243e-08
-3.84007e-08
-3.87753e-08
-3.91483e-08
-3.95194e-08
-3.98889e-08
-4.02567e-08
-4.06227e-08
-4.09871e-08
-4.13497e-08
-4.17107e-08
-4.207e-08
-4.24277e-08
-4.27837e-08
-4.3138e-08
-4.34907e-08
-4.38417e-08
-4.41912e-08
-4.4539e-08
-4.48852e-08
-4.52298e-08
-4.55728e-08
-4.59142e-08
-4.6254e-08
-4.65922e-08
-4.69289e-08
-4.7264e-08
-4.75975e-08
-4.79295e-08
-4.826e-08
-4.85889e-08
-4.89163e-08
-4.92422e-08
-4.95666e-08
-4.98894e-08
-5.02108e-08
-5.05307e-08
-5.08491e-08
-5.1166e-08
-5.14814e-08
-5.17954e-08
-5.21079e-08
-5.24189e-08
-5.27285e-08
-5.30367e-08
-5.33435e-08
-5.36488e-08
-5.39527e-08
-5.42552e-08
-5.45563e-08
-5.48559e-08
-5.51542e-08
-5.54511e-08
-5.57467e-08
-5.60408e-08
-5.63336e-08
-5.6625e-08
-5.69151e-08
-5.72038e-08
-5.74912e-08
-5.77772e-08
-5.80619e-08
-5.83453e-08
-5.86274e-08
-5.89082e-08
-5.91876e-08
-5.94658e-08
-5.97427e-08
-6.00182e-08
-6.02926e-08
-6.05656e-08
-6.08373e-08
-6.11078e-08
-6.13771e-08
-6.16451e-08
-6.19118e-08
-6.21773e-08
-6.24416e-08
-6.27046e-08
-6.29664e-08
-6.32271e-08
-6.34864e-08
-6.37446e-08
-6.40016e-08
-6.42574e-08
-6.4512e-08
-6.47655e-08
-6.50177e-08
-6.52688e-08
-6.55187e-08
-6.57675e-08
-6.60151e-08
-6.62615e-08
-6.65068e-08
-6.6751e-08
-6.6994e-08
-6.72359e-08
-6.74767e-08
-6.77164e-08
-6.79549e-08
-6.81924e-08
-6.84287e-08
-6.86639e-08
-6.88981e-08
-6.91312e-08
-6.93632e-08
-6.95941e-08
-6.98239e-08
-7.00527e-08
-7.02804e-08
-7.05071e-08
-7.07327e-08
-7.09572e-08
-7.11808e-08
-7.14033e-08
-7.16247e-08
-7.18451e-08
-7.20645e-08
-7.22829e-08
-7.25003e-08
-7.27167e-08
-7.29321e-08
-7.31464e-08
-7.33598e-08
-7.35722e-08
-7.37836e-08
-7.39941e-08
-7.42035e-08
-7.4412e-08
-7.46195e-08
-7.48261e-08
-7.50317e-08
-7.52364e-08
-7.54401e-08
-7.56429e-08
-7.58447e-08
-7.60456e-08
-7.62456e-08
-7.64446e-08
-7.66427e-08
-7.684e-08
-7.70363e-08
-7.72317e-08
-7.74262e-08
-7.76197e-08
-7.78125e-08
-7.80043e-08
-7.81952e-08
-7.83852e-08
-7.85744e-08
-7.87627e-08
-7.89501e-08
-7.91367e-08
-7.93224e-08
-7.95072e-08
-7.96912e-08
-7.98744e-08
-8.00567e-08
-8.02382e-08
-8.04188e-08
-8.05986e-08
-8.07775e-08
-8.09557e-08
-8.1133e-08
-8.13095e-08
-8.14852e-08
-8.16601e-08
-8.18342e-08
-8.20075e-08
-8.218e-08
-8.23516e-08
-8.25225e-08
-8.26927e-08
-8.2862e-08
-8.30306e-08
-8.31983e-08
-8.33654e-08
-8.35316e-08
-8.36971e-08
-8.38618e-08
-8.40258e-08
-8.4189e-08
-8.43515e-08
-8.45132e-08
-8.46742e-08
-8.48344e-08
-8.49939e-08
-8.51527e-08
-8.53107e-08
-8.54681e-08
-8.56247e-08
-8.57806e-08
-8.59357e-08
-8.60902e-08
-8.62439e-08
-8.6397e-08
-8.65494e-08
-8.6701e-08
-8.6852e-08
-8.70023e-08
-8.71518e-08
-8.73007e-08
-8.7449e-08
-8.75965e-08
-8.77434e-08
-8.78896e-08
-8.80351e-08
-8.818e-08
-8.83242e-08
-8.84678e-08
-8.86107e-08
-8.87529e-08
-8.88945e-08
-8.90355e-08
-8.91758e-08
-8.93154e-08
-8.94545e-08
-8.95929e-08
-8.97307e-08
-8.98678e-08
-9.00043e-08
-9.01402e-08
-9.02755e-08
-9.04102e-08
-9.05443e-08
-9.06777e-08
-9.08105e-08
-9.09428e-08
-9.10744e-08
-9.12055e-08
-9.13359e-08
-9.14658e-08
-9.1595e-08
-9.17237e-08
-9.18518e-08
-9.19793e-08
-9.21063e-08
-9.22326e-08
-9.23584e-08
-9.24837e-08
-9.26083e-08
-9.27324e-08
-9.28559e-08
-9.29789e-08
-9.31013e-08
-9.32232e-08
-9.33445e-08
-9.34653e-08
-9.35855e-08
-9.37052e-08
-9.38243e-08
-9.39429e-08
-9.4061e-08
-9.41785e-08
-9.42955e-08
-9.4412e-08
-9.4528e-08
-9.46434e-08
-9.47583e-08
-9.48727e-08
-9.49866e-08
-9.50999e-08
-9.52128e-08
-9.53251e-08
-9.5437e-08
-9.55483e-08
-9.56592e-08
-9.57695e-08
-9.58794e-08
-9.59887e-08
-9.60976e-08
-9.62059e-08
-9.63138e-08
-9.64212e-08
-9.65282e-08
-9.66346e-08
-9.67406e-08
-9.68461e-08
-9.69511e-08
-9.70557e-08
-9.71597e-08
-9.72634e-08
-9.73665e-08
-9.74692e-08
-9.75714e-08
-9.76732e-08
-9.77746e-08
-9.78754e-08
-9.79759e-08
-9.80758e-08
-9.81754e-08
-9.82744e-08
-9.83731e-08
-9.84713e-08
-9.85691e-08
-9.86664e-08
-9.87633e-08
-9.88598e-08
-9.89558e-08
-9.90514e-08
-9.91466e-08
-9.92414e-08
-9.93357e-08
-9.94296e-08
-9.95232e-08
-9.96162e-08
-9.97089e-08
-9.98012e-08
-9.98931e-08
-9.99845e-08
-1.00076e-07
-1.00166e-07
-1.00256e-07
-1.00346e-07
-1.00436e-07
-1.00525e-07
-1.00613e-07
-1.00702e-07
-1.0079e-07
-1.00877e-07
-1.00964e-07
-1.01051e-07
-1.01137e-07
-1.01223e-07
-1.01309e-07
-1.01394e-07
-1.01479e-07
-1.01563e-07
-1.01647e-07
-1.01731e-07
-1.01814e-07
-1.01897e-07
-1.0198e-07
-1.02062e-07
-1.02144e-07
-1.02226e-07
-1.02307e-07
-1.02388e-07
-1.02468e-07
-1.02548e-07
-1.02628e-07
-1.02707e-07
-1.02786e-07
-1.02865e-07
-1.02943e-07
-1.03021e-07
-1.03099e-07
-1.03176e-07
-1.03253e-07
-1.0333e-07
-1.03406e-07
-1.03482e-07
-1.03558e-07
-1.03633e-07
-1.03709e-07
-1.03783e-07
-1.03858e-07
-1.03932e-07
-1.04005e-07
-1.04079e-07
-1.04152e-07
-1.04224e-07
-1.04297e-07
-1.04369e-07
-1.04441e-07
-1.04512e-07
-1.04584e-07
-1.04654e-07
-1.04725e-07
-1.04795e-07
-1.04865e-07
-1.04935e-07
-1.05004e-07
-1.05073e-07
-1.05142e-07
-1.05211e-07
-1.05279e-07
-1.05347e-07
-1.05414e-07
-1.05481e-07
-1.05548e-07
-1.05615e-07
-1.05682e-07
-1.05748e-07
-1.05813e-07
-1.05879e-07
-1.05944e-07
-1.06009e-07
-1.06074e-07
-1.06138e-07
-1.06203e-07
-1.06267e-07
-1.0633e-07
-1.06394e-07
-1.06457e-07
-1.06519e-07
-1.06582e-07
-1.06644e-07
-1.06706e-07
-1.06768e-07
-1.06829e-07
-1.06891e-07
-1.06951e-07
-1.07012e-07
-1.07073e-07
-1.07133e-07
-1.07193e-07
-1.07252e-07
-1.07312e-07
-1.07371e-07
-1.0743e-07
-1.07488e-07
-1.07547e-07
-1.07605e-07
-1.07663e-07
-1.0772e-07
-1.07778e-07
-1.07835e-07
-1.07892e-07
-1.07949e-07
-1.08005e-07
-1.08061e-07
-1.08117e-07
-1.08173e-07
-1.08228e-07
-1.08284e-07
-1.08339e-07
-1.08393e-07
-1.08448e-07
-1.08502e-07
-1.08556e-07
-1.0861e-07
-1.08664e-07
-1.08717e-07
-1.0877e-07
-1.08823e-07
-1.08876e-07
-1.08929e-07
-1.08981e-07
-1.09033e-07
-1.09085e-07
-1.09136e-07
-1.09188e-07
-1.09239e-07
-1.0929e-07
-1.09341e-07
-1.09391e-07
-1.09442e-07
-1.09492e-07
-1.09542e-07
-1.09592e-07
-1.09641e-07
-1.0969e-07
-1.09739e-07
-1.09788e-07
-1.09837e-07
-1.09885e-07
-1.09934e-07
-1.09982e-07
-1.1003e-07
-1.10077e-07
-1.10125e-07
-1.10172e-07
-1.10219e-07
-1.10266e-07
-1.10313e-07
-1.10359e-07
-1.10406e-07
-1.10452e-07
-1.10498e-07
-1.10543e-07
-1.10589e-07
-1.10634e-07
-1.10679e-07
-1.10724e-07
-1.10769e-07
-1.10814e-07
-1.10858e-07
-1.10902e-07
-1.10947e-07
-1.1099e-07
-1.11034e-07
-1.11078e-07
-1.11121e-07
-1.11164e-07
-1.11207e-07
-1.1125e-07
-1.11292e-07
-1.11335e-07
-1.11377e-07
-1.11419e-07
-1.11461e-07
-1.11503e-07
-1.11545e-07
-1.11586e-07
-1.11627e-07
-1.11668e-07
-1.11709e-07
-1.1175e-07
-1.11791e-07
-1.11831e-07
-1.11871e-07
-1.11911e-07
-1.11951e-07
-1.11991e-07
-1.1203e-07
-1.1207e-07
-1.12109e-07
-2.73815e-06
-6.00112e-06
-9.09133e-06
-1.17817e-05
-1.40466e-05
-1.59225e-05
-1.74614e-05
-1.87153e-05
-1.97317e-05
-2.05525e-05
-2.12149e-05
-2.17507e-05
-2.21878e-05
-2.25506e-05
-2.28598e-05
-2.31333e-05
-2.33874e-05
-2.36362e-05
-2.38923e-05
-2.41667e-05
-2.44709e-05
-2.48159e-05
-2.52127e-05
-2.56727e-05
-2.62098e-05
-2.68396e-05
-2.75797e-05
-2.8454e-05
-2.949e-05
-3.07259e-05
-3.22099e-05
-3.40088e-05
-3.62159e-05
-3.89651e-05
-4.24578e-05
-4.70161e-05
-5.31932e-05
-6.20491e-05
-7.59224e-05
-0.000100828
-0.000150746
-0.000226036
-0.000271848
-0.000287181
-0.00028852
-0.000285036
-0.00028003
-0.000274435
-0.000268502
-0.000262282
-0.00025574
-0.000248782
-0.000241264
-0.000232984
-0.00022367
-0.000212967
-0.000200413
-0.000185425
-0.00016731
-0.000145368
-0.000119198
-8.93111e-05
-5.78431e-05
-2.84552e-05
-4.66432e-06
1.21459e-05
2.29269e-05
2.95938e-05
3.3808e-05
3.66105e-05
3.85502e-05
3.98962e-05
4.07824e-05
4.12822e-05
4.14433e-05
4.1302e-05
4.08898e-05
4.02362e-05
3.93696e-05
3.83178e-05
3.71078e-05
3.57656e-05
3.43159e-05
3.27819e-05
3.1185e-05
2.95443e-05
2.78775e-05
2.61998e-05
2.45243e-05
2.28625e-05
2.12239e-05
1.9616e-05
1.80451e-05
1.65163e-05
1.50329e-05
1.35974e-05
1.22114e-05
1.08763e-05
9.59213e-06
8.35832e-06
7.17438e-06
6.03963e-06
4.95313e-06
3.91354e-06
2.91886e-06
1.96801e-06
1.05946e-06
1.92794e-07
-6.34765e-07
-1.42405e-06
-2.17802e-06
-2.89689e-06
-3.58298e-06
-4.23848e-06
-4.86745e-06
-5.47356e-06
-6.06124e-06
-6.63765e-06
-7.21225e-06
-7.79287e-06
-8.39199e-06
-9.01881e-06
-9.68161e-06
-1.03829e-05
-1.11095e-05
-1.18452e-05
-1.25634e-05
-1.32219e-05
-1.37596e-05
-1.40959e-05
-1.41351e-05
-1.3775e-05
-1.29398e-05
-1.16154e-05
-9.88865e-06
-7.94574e-06
-6.02227e-06
-4.32701e-06
-2.97565e-06
-1.98427e-06
-1.30088e-06
-8.48346e-07
-5.55296e-07
-3.66339e-07
-2.43345e-07
-1.61665e-07
-1.05904e-07
-6.65946e-08
-3.79377e-08
-1.636e-08
3.70069e-10
1.36733e-08
2.44765e-08
3.34018e-08
4.08796e-08
4.72175e-08
5.26415e-08
5.7323e-08
6.13946e-08
6.49613e-08
6.81074e-08
7.09018e-08
7.34011e-08
7.56522e-08
7.76944e-08
7.95606e-08
8.12786e-08
8.28716e-08
8.43597e-08
8.57595e-08
8.70853e-08
8.83493e-08
8.95619e-08
9.07318e-08
9.18665e-08
9.29725e-08
9.40552e-08
9.51194e-08
9.61689e-08
9.72073e-08
9.82375e-08
9.92619e-08
1.00283e-07
1.01302e-07
1.02321e-07
1.03341e-07
1.04364e-07
1.0539e-07
1.06421e-07
1.07457e-07
1.08498e-07
1.09546e-07
1.10601e-07
1.11663e-07
1.12732e-07
1.1381e-07
1.14896e-07
1.15991e-07
1.17095e-07
1.18207e-07
1.1933e-07
1.20461e-07
1.21602e-07
1.22754e-07
1.23915e-07
1.25086e-07
1.26267e-07
1.27459e-07
1.28661e-07
1.29874e-07
1.31097e-07
1.32331e-07
1.33576e-07
1.34832e-07
1.36099e-07
1.37378e-07
1.38667e-07
1.39968e-07
1.4128e-07
1.42603e-07
1.43938e-07
1.45285e-07
1.46644e-07
1.48014e-07
1.49396e-07
1.5079e-07
1.52196e-07
1.53614e-07
1.55044e-07
1.56487e-07
1.57941e-07
1.59408e-07
1.60888e-07
1.6238e-07
1.63885e-07
1.65402e-07
1.66932e-07
1.68474e-07
1.7003e-07
1.71598e-07
1.73179e-07
1.74773e-07
1.76381e-07
1.78001e-07
1.79635e-07
1.81282e-07
1.82942e-07
1.84615e-07
1.86302e-07
1.88003e-07
1.89716e-07
1.91444e-07
1.93185e-07
1.9494e-07
1.96708e-07
1.9849e-07
2.00286e-07
2.02096e-07
2.0392e-07
2.05757e-07
2.07609e-07
2.09474e-07
2.11354e-07
2.13248e-07
2.15156e-07
2.17078e-07
2.19014e-07
2.20964e-07
2.22929e-07
2.24908e-07
2.26901e-07
2.28909e-07
2.30931e-07
2.32967e-07
2.35018e-07
2.37083e-07
2.39163e-07
2.41257e-07
2.43366e-07
2.45489e-07
2.47627e-07
2.49779e-07
2.51946e-07
2.54127e-07
2.56323e-07
2.58533e-07
2.60758e-07
2.62998e-07
2.65252e-07
2.6752e-07
2.69803e-07
2.72101e-07
2.74413e-07
2.7674e-07
2.79082e-07
2.81438e-07
2.83808e-07
2.86193e-07
2.88592e-07
2.91006e-07
2.93434e-07
2.95877e-07
2.98334e-07
3.00805e-07
3.03291e-07
3.05791e-07
3.08305e-07
3.10833e-07
3.13376e-07
3.15933e-07
3.18504e-07
3.21089e-07
3.23688e-07
3.26301e-07
3.28928e-07
3.31568e-07
3.34223e-07
3.36891e-07
3.39574e-07
3.42269e-07
3.44979e-07
3.47702e-07
3.50438e-07
3.53188e-07
3.55951e-07
3.58727e-07
3.61517e-07
3.6432e-07
3.67135e-07
3.69964e-07
3.72806e-07
3.7566e-07
3.78527e-07
3.81407e-07
3.84299e-07
3.87204e-07
3.90121e-07
3.93051e-07
3.95992e-07
3.98946e-07
4.01911e-07
4.04889e-07
4.07878e-07
4.10879e-07
4.13891e-07
4.16915e-07
4.1995e-07
4.22997e-07
4.26054e-07
4.29122e-07
4.32202e-07
4.35292e-07
4.38392e-07
4.41503e-07
4.44625e-07
4.47757e-07
4.50898e-07
4.5405e-07
4.57212e-07
4.60383e-07
4.63564e-07
4.66754e-07
4.69953e-07
4.73162e-07
4.76379e-07
4.79605e-07
4.8284e-07
4.86084e-07
4.89336e-07
4.92596e-07
4.95864e-07
4.9914e-07
5.02424e-07
5.05715e-07
5.09014e-07
5.1232e-07
5.15633e-07
5.18953e-07
5.2228e-07
5.25614e-07
5.28953e-07
5.32299e-07
5.35652e-07
5.3901e-07
5.42373e-07
5.45743e-07
5.49117e-07
5.52497e-07
5.55882e-07
5.59271e-07
5.62665e-07
5.66064e-07
5.69467e-07
5.72874e-07
5.76285e-07
5.79699e-07
5.83118e-07
5.86539e-07
5.89963e-07
5.93391e-07
5.96821e-07
6.00254e-07
6.03689e-07
6.07126e-07
6.10565e-07
6.14006e-07
6.17448e-07
6.20892e-07
6.24337e-07
6.27783e-07
6.31229e-07
6.34676e-07
6.38124e-07
6.41571e-07
6.45019e-07
6.48466e-07
6.51913e-07
6.55359e-07
6.58804e-07
6.62248e-07
6.65691e-07
6.69133e-07
6.72572e-07
6.7601e-07
6.79445e-07
6.82879e-07
6.8631e-07
6.89738e-07
6.93163e-07
6.96584e-07
7.00003e-07
7.03418e-07
7.06829e-07
7.10236e-07
7.13639e-07
7.17038e-07
7.20432e-07
7.23822e-07
7.27206e-07
7.30586e-07
7.33961e-07
7.3733e-07
7.40694e-07
7.44052e-07
7.47405e-07
7.50751e-07
7.54091e-07
7.57425e-07
7.60752e-07
7.64072e-07
7.67385e-07
7.7069e-07
7.73988e-07
7.77278e-07
7.8056e-07
7.83833e-07
7.87098e-07
7.90355e-07
7.93602e-07
7.9684e-07
8.00069e-07
8.03288e-07
8.06498e-07
8.09697e-07
8.12887e-07
8.16065e-07
8.19234e-07
8.22391e-07
8.25538e-07
8.28673e-07
8.31797e-07
8.3491e-07
8.38011e-07
8.411e-07
8.44176e-07
8.47241e-07
8.50293e-07
8.53332e-07
8.56358e-07
8.59372e-07
8.62372e-07
8.65359e-07
8.68331e-07
8.71289e-07
8.74232e-07
8.77158e-07
8.80069e-07
8.82963e-07
8.8584e-07
8.88701e-07
8.91546e-07
8.94374e-07
8.97185e-07
8.99979e-07
9.02757e-07
9.05518e-07
9.08263e-07
9.1099e-07
9.13701e-07
9.16395e-07
9.19072e-07
9.21731e-07
9.24374e-07
9.26999e-07
9.29607e-07
9.32198e-07
9.34771e-07
9.37326e-07
9.39864e-07
9.42384e-07
9.44886e-07
9.47369e-07
9.49835e-07
9.52283e-07
9.54712e-07
9.57122e-07
9.59514e-07
9.61887e-07
9.64242e-07
9.66577e-07
9.68894e-07
9.71191e-07
9.73469e-07
9.75728e-07
9.77967e-07
9.80187e-07
9.82387e-07
9.84567e-07
9.86728e-07
9.88868e-07
9.90989e-07
9.93089e-07
9.9517e-07
9.9723e-07
9.99269e-07
1.00129e-06
1.00329e-06
1.00527e-06
1.00722e-06
1.00916e-06
1.01108e-06
1.01297e-06
1.01484e-06
1.0167e-06
1.01853e-06
1.02034e-06
1.02213e-06
1.0239e-06
1.02565e-06
1.02737e-06
1.02908e-06
1.03076e-06
1.03242e-06
1.03406e-06
1.03568e-06
1.03727e-06
1.03885e-06
1.0404e-06
1.04193e-06
1.04344e-06
1.04493e-06
1.0464e-06
1.04784e-06
1.04926e-06
1.05066e-06
1.05204e-06
1.05339e-06
1.05473e-06
1.05604e-06
1.05733e-06
1.0586e-06
1.05984e-06
1.06106e-06
1.06227e-06
1.06344e-06
1.0646e-06
1.06574e-06
1.06685e-06
1.06794e-06
1.06901e-06
1.07005e-06
1.07108e-06
1.07208e-06
1.07307e-06
1.07403e-06
1.07497e-06
1.07589e-06
1.07679e-06
1.07766e-06
1.07852e-06
1.07935e-06
1.08017e-06
1.08096e-06
1.08173e-06
1.08248e-06
1.0832e-06
1.08391e-06
1.08459e-06
1.08526e-06
1.0859e-06
1.08652e-06
1.08712e-06
1.08769e-06
1.08825e-06
1.08878e-06
1.0893e-06
1.08979e-06
1.09026e-06
1.09071e-06
1.09113e-06
1.09154e-06
1.09192e-06
1.09228e-06
1.09262e-06
1.09294e-06
1.09324e-06
1.09352e-06
1.09377e-06
1.09401e-06
1.09422e-06
1.09441e-06
1.09459e-06
1.09474e-06
1.09486e-06
1.09497e-06
1.09506e-06
1.09512e-06
1.09517e-06
1.09519e-06
1.0952e-06
1.09518e-06
1.09514e-06
1.09508e-06
1.09499e-06
1.09488e-06
1.09474e-06
1.09458e-06
1.09439e-06
1.09418e-06
1.09394e-06
1.09368e-06
1.0934e-06
1.09309e-06
1.09276e-06
1.0924e-06
1.09202e-06
1.09162e-06
1.0912e-06
1.09075e-06
1.09028e-06
1.08979e-06
1.08928e-06
1.08875e-06
1.0882e-06
1.08763e-06
1.08704e-06
1.08643e-06
1.0858e-06
1.08515e-06
1.08448e-06
1.08379e-06
1.08309e-06
1.08236e-06
1.08162e-06
1.08085e-06
1.08007e-06
1.07928e-06
1.07846e-06
1.07762e-06
1.07677e-06
1.0759e-06
1.07501e-06
1.07411e-06
1.07319e-06
1.07225e-06
1.07129e-06
1.07032e-06
1.06933e-06
1.06833e-06
1.0673e-06
1.06626e-06
1.06521e-06
1.06414e-06
1.06305e-06
1.06195e-06
1.06083e-06
1.05969e-06
1.05854e-06
1.05737e-06
1.05619e-06
1.05499e-06
1.05378e-06
1.05255e-06
1.05131e-06
1.05005e-06
1.04878e-06
1.04749e-06
1.04619e-06
1.04487e-06
1.04354e-06
1.04219e-06
1.04083e-06
1.03946e-06
1.03807e-06
1.03666e-06
1.03525e-06
1.03382e-06
1.03237e-06
1.03092e-06
1.02945e-06
1.02796e-06
1.02647e-06
1.02496e-06
1.02343e-06
1.0219e-06
1.02035e-06
1.01879e-06
1.01721e-06
1.01562e-06
1.01403e-06
1.01241e-06
1.01079e-06
1.00916e-06
1.00751e-06
1.00585e-06
1.00418e-06
1.0025e-06
1.00081e-06
9.99105e-07
9.97392e-07
9.9567e-07
9.93938e-07
9.92196e-07
9.90444e-07
9.88683e-07
9.86912e-07
9.85132e-07
9.83343e-07
9.81544e-07
9.79737e-07
9.7792e-07
9.76094e-07
9.74259e-07
9.72415e-07
9.70562e-07
9.687e-07
9.6683e-07
9.64951e-07
9.63063e-07
9.61166e-07
9.59261e-07
9.57348e-07
9.55426e-07
9.53495e-07
9.51556e-07
9.49609e-07
9.47654e-07
9.45691e-07
9.4372e-07
9.41741e-07
9.39754e-07
9.37759e-07
9.35756e-07
9.33746e-07
9.31728e-07
9.29702e-07
9.27669e-07
9.25629e-07
9.23582e-07
9.21527e-07
9.19466e-07
9.17397e-07
9.15321e-07
9.13239e-07
9.11149e-07
9.09053e-07
9.06951e-07
9.04842e-07
9.02726e-07
9.00604e-07
8.98476e-07
8.96342e-07
8.94199e-07
8.92047e-07
8.89884e-07
8.8771e-07
8.85525e-07
8.83327e-07
8.81117e-07
8.78895e-07
8.76662e-07
8.74417e-07
8.72161e-07
8.69894e-07
8.67616e-07
8.65328e-07
8.63031e-07
8.60724e-07
8.58408e-07
8.56084e-07
8.53752e-07
8.51412e-07
8.49064e-07
8.4671e-07
8.44349e-07
8.41982e-07
8.39609e-07
8.3723e-07
8.34845e-07
8.32456e-07
8.30062e-07
8.27663e-07
8.25261e-07
8.22854e-07
8.20443e-07
8.18028e-07
8.1561e-07
8.13189e-07
8.10765e-07
8.08338e-07
8.05908e-07
8.03476e-07
8.01041e-07
7.98604e-07
7.96165e-07
7.93724e-07
7.91281e-07
7.88836e-07
7.8639e-07
7.83942e-07
7.81493e-07
7.79042e-07
7.76591e-07
7.74138e-07
7.71684e-07
7.6923e-07
7.66775e-07
7.64319e-07
7.61862e-07
7.59405e-07
7.56948e-07
7.5449e-07
7.52032e-07
7.49573e-07
7.47115e-07
7.44656e-07
7.42198e-07
7.39739e-07
7.37281e-07
7.34823e-07
7.32365e-07
7.29908e-07
7.27451e-07
7.24995e-07
7.22539e-07
7.20084e-07
7.17629e-07
7.15176e-07
7.12723e-07
7.10271e-07
7.0782e-07
7.05369e-07
7.0292e-07
7.00472e-07
6.98026e-07
6.9558e-07
6.93136e-07
6.90693e-07
6.88251e-07
6.85811e-07
6.83372e-07
6.80935e-07
6.785e-07
6.76066e-07
6.73634e-07
6.71203e-07
6.68775e-07
6.66348e-07
6.63923e-07
6.61501e-07
6.5908e-07
6.56661e-07
6.54245e-07
6.5183e-07
6.49418e-07
6.47008e-07
6.446e-07
6.42195e-07
6.39792e-07
6.37392e-07
6.34994e-07
6.32598e-07
6.30205e-07
6.27815e-07
6.25428e-07
6.23043e-07
6.20661e-07
6.18281e-07
6.15905e-07
6.13532e-07
6.11161e-07
6.08793e-07
6.06429e-07
6.04067e-07
6.01709e-07
5.99354e-07
5.97001e-07
5.94653e-07
5.92307e-07
5.89965e-07
5.87626e-07
5.8529e-07
5.82958e-07
5.80629e-07
5.78304e-07
5.75982e-07
5.73664e-07
5.71349e-07
5.69038e-07
5.66731e-07
5.64427e-07
5.62127e-07
5.59831e-07
5.57539e-07
5.5525e-07
5.52965e-07
5.50685e-07
5.48408e-07
5.46135e-07
5.43866e-07
5.41601e-07
5.3934e-07
5.37084e-07
5.34831e-07
5.32582e-07
5.30338e-07
5.28098e-07
5.25862e-07
5.2363e-07
5.21403e-07
5.1918e-07
5.16961e-07
5.14747e-07
5.12537e-07
5.10331e-07
5.0813e-07
5.05933e-07
5.03741e-07
5.01553e-07
4.9937e-07
4.97191e-07
4.95017e-07
4.92848e-07
4.90683e-07
4.88523e-07
4.86367e-07
4.84216e-07
4.8207e-07
4.79929e-07
4.77792e-07
4.7566e-07
4.73533e-07
4.71411e-07
4.69293e-07
4.67181e-07
4.65073e-07
4.6297e-07
4.60872e-07
4.58779e-07
4.5669e-07
4.54607e-07
4.52529e-07
4.50455e-07
4.48387e-07
4.46324e-07
4.44265e-07
4.42212e-07
4.40164e-07
4.38121e-07
4.36082e-07
4.34049e-07
4.32022e-07
4.29999e-07
4.27981e-07
4.25968e-07
4.23961e-07
4.21959e-07
4.19962e-07
4.1797e-07
4.15983e-07
4.14002e-07
4.12025e-07
4.10054e-07
4.08089e-07
4.06129e-07
4.04174e-07
4.02225e-07
4.00282e-07
3.98345e-07
3.96414e-07
3.94488e-07
3.92568e-07
3.90654e-07
3.88746e-07
3.86843e-07
3.84947e-07
3.83056e-07
3.81171e-07
3.79291e-07
3.77417e-07
3.75549e-07
3.73687e-07
3.7183e-07
3.69979e-07
3.68134e-07
3.66294e-07
3.6446e-07
3.62631e-07
3.60808e-07
3.5899e-07
3.57178e-07
3.55372e-07
3.53571e-07
3.51775e-07
3.49985e-07
3.482e-07
3.46421e-07
3.44647e-07
3.42879e-07
3.41115e-07
3.39358e-07
3.37605e-07
3.35858e-07
3.34117e-07
3.32381e-07
3.3065e-07
3.28924e-07
3.27204e-07
3.25489e-07
3.23779e-07
3.22074e-07
3.20375e-07
3.18681e-07
3.16993e-07
3.15309e-07
3.13631e-07
3.11958e-07
3.10291e-07
3.08628e-07
3.06971e-07
3.05319e-07
3.03672e-07
3.0203e-07
3.00394e-07
2.98763e-07
2.97137e-07
2.95516e-07
2.939e-07
2.92289e-07
2.90684e-07
2.89083e-07
2.87488e-07
2.85898e-07
2.84313e-07
2.82734e-07
2.81159e-07
2.79589e-07
2.78024e-07
2.76463e-07
2.74905e-07
2.73351e-07
2.71799e-07
2.70249e-07
2.68703e-07
2.67158e-07
2.65616e-07
2.64077e-07
2.6254e-07
2.61006e-07
2.59475e-07
2.57946e-07
2.5642e-07
2.54898e-07
2.53379e-07
2.51863e-07
2.5035e-07
2.48841e-07
2.47336e-07
2.45834e-07
2.44336e-07
2.42842e-07
2.41353e-07
2.39867e-07
2.38386e-07
2.36909e-07
2.35437e-07
2.33969e-07
2.32506e-07
2.31047e-07
2.29593e-07
2.28144e-07
2.267e-07
2.25261e-07
2.23826e-07
2.22397e-07
2.20972e-07
2.19552e-07
2.18138e-07
2.16729e-07
2.15325e-07
2.13925e-07
2.12532e-07
2.11143e-07
2.09759e-07
2.08381e-07
2.07008e-07
2.0564e-07
2.04278e-07
2.0292e-07
2.01568e-07
2.00222e-07
1.9888e-07
1.97544e-07
1.96213e-07
1.94887e-07
1.93566e-07
1.92251e-07
1.90941e-07
1.89636e-07
1.88337e-07
1.87043e-07
1.85754e-07
1.8447e-07
1.83191e-07
1.81917e-07
1.80649e-07
1.79386e-07
1.78128e-07
1.76875e-07
1.75627e-07
1.74385e-07
1.73147e-07
1.71915e-07
1.70687e-07
1.69465e-07
1.68248e-07
1.67035e-07
1.65828e-07
1.64626e-07
1.63428e-07
1.62236e-07
1.61049e-07
1.59866e-07
1.58689e-07
1.57516e-07
1.56348e-07
1.55185e-07
1.54027e-07
1.52874e-07
1.51725e-07
1.50582e-07
1.49443e-07
1.48309e-07
1.47179e-07
1.46055e-07
1.44935e-07
1.43819e-07
1.42709e-07
1.41603e-07
1.40502e-07
1.39405e-07
1.38313e-07
1.37225e-07
1.36142e-07
1.35064e-07
1.3399e-07
1.32921e-07
1.31856e-07
1.30795e-07
1.2974e-07
1.28688e-07
1.27641e-07
1.26599e-07
1.2556e-07
1.24527e-07
1.23497e-07
1.22472e-07
1.21451e-07
1.20435e-07
1.19423e-07
1.18415e-07
1.17411e-07
1.16412e-07
1.15417e-07
1.14426e-07
1.13439e-07
1.12457e-07
1.11478e-07
1.10504e-07
1.09534e-07
1.08568e-07
1.07607e-07
1.06649e-07
1.05695e-07
1.04746e-07
1.038e-07
1.02859e-07
1.01921e-07
1.00988e-07
1.00059e-07
9.91331e-08
9.82116e-08
9.7294e-08
9.63804e-08
9.54706e-08
9.45648e-08
9.36628e-08
9.27647e-08
9.18705e-08
9.09801e-08
9.00936e-08
8.92108e-08
8.83318e-08
8.74567e-08
8.65853e-08
8.57176e-08
8.48537e-08
8.39935e-08
8.3137e-08
8.22842e-08
8.14351e-08
8.05897e-08
7.97479e-08
7.89097e-08
7.80752e-08
7.72443e-08
7.6417e-08
7.55933e-08
7.47731e-08
7.39565e-08
7.31435e-08
7.2334e-08
7.1528e-08
7.07255e-08
6.99264e-08
6.91309e-08
6.83388e-08
6.75502e-08
6.67651e-08
6.59833e-08
6.5205e-08
6.443e-08
6.36584e-08
6.28903e-08
6.21254e-08
6.13639e-08
6.06058e-08
5.9851e-08
5.90994e-08
5.83512e-08
5.76062e-08
5.68646e-08
5.61261e-08
5.53909e-08
5.4659e-08
5.39303e-08
5.32047e-08
5.24824e-08
5.17632e-08
5.10473e-08
5.03344e-08
4.96247e-08
4.89182e-08
4.82147e-08
4.75144e-08
4.68172e-08
4.6123e-08
4.54319e-08
4.47439e-08
4.40589e-08
4.3377e-08
4.26981e-08
4.20222e-08
4.13492e-08
4.06793e-08
4.00124e-08
3.93484e-08
3.86873e-08
3.80292e-08
3.7374e-08
3.67218e-08
3.60724e-08
3.5426e-08
3.47824e-08
3.41417e-08
3.35038e-08
3.28688e-08
3.22366e-08
3.16073e-08
3.09807e-08
3.0357e-08
2.97361e-08
2.91179e-08
2.85025e-08
2.78898e-08
2.72799e-08
2.66728e-08
2.60683e-08
2.54666e-08
2.48675e-08
2.42712e-08
2.36775e-08
2.30865e-08
2.24982e-08
2.19125e-08
2.13294e-08
2.07489e-08
2.01711e-08
1.95959e-08
1.90232e-08
1.84532e-08
1.78857e-08
1.73208e-08
1.67584e-08
1.61985e-08
1.56412e-08
1.50864e-08
1.45341e-08
1.39844e-08
1.3437e-08
1.28922e-08
1.23498e-08
1.18099e-08
1.12725e-08
1.07374e-08
1.02048e-08
9.67464e-09
9.14685e-09
8.62145e-09
8.09844e-09
7.5778e-09
7.05953e-09
6.54361e-09
6.03003e-09
5.51879e-09
5.00987e-09
4.50326e-09
3.99896e-09
3.49696e-09
2.99724e-09
2.49979e-09
2.00461e-09
1.51169e-09
1.02101e-09
5.32566e-10
4.6352e-11
-4.37645e-10
-9.19434e-10
-1.39902e-09
-1.87643e-09
-2.35165e-09
-2.8247e-09
-3.29559e-09
-3.76433e-09
-4.23092e-09
-4.69538e-09
-5.15772e-09
-5.61795e-09
-6.07607e-09
-6.53209e-09
-6.98602e-09
-7.43788e-09
-7.88766e-09
-8.33539e-09
-8.78106e-09
-9.22469e-09
-9.66629e-09
-1.01059e-08
-1.05434e-08
-1.0979e-08
-1.14125e-08
-1.18441e-08
-1.22737e-08
-1.27013e-08
-1.31269e-08
-1.35506e-08
-1.39724e-08
-1.43922e-08
-1.481e-08
-1.5226e-08
-1.564e-08
-1.60522e-08
-1.64624e-08
-1.68708e-08
-1.72773e-08
-1.76819e-08
-1.80846e-08
-1.84855e-08
-1.88846e-08
-1.92818e-08
-1.96771e-08
-2.00707e-08
-2.04625e-08
-2.08524e-08
-2.12405e-08
-2.16269e-08
-2.20115e-08
-2.23943e-08
-2.27753e-08
-2.31546e-08
-2.35321e-08
-2.39079e-08
-2.42819e-08
-2.46543e-08
-2.50249e-08
-2.53938e-08
-2.5761e-08
-2.61265e-08
-2.64903e-08
-2.68524e-08
-2.72129e-08
-2.75717e-08
-2.79288e-08
-2.82843e-08
-2.86381e-08
-2.89903e-08
-2.93409e-08
-2.96899e-08
-3.00372e-08
-3.0383e-08
-3.07271e-08
-3.10697e-08
-3.14106e-08
-3.175e-08
-3.20879e-08
-3.24241e-08
-3.27588e-08
-3.3092e-08
-3.34236e-08
-3.37537e-08
-3.40822e-08
-3.44093e-08
-3.47348e-08
-3.50588e-08
-3.53813e-08
-3.57023e-08
-3.60219e-08
-3.63399e-08
-3.66565e-08
-3.69716e-08
-3.72853e-08
-3.75975e-08
-3.79083e-08
-3.82176e-08
-3.85255e-08
-3.8832e-08
-3.9137e-08
-3.94407e-08
-3.97429e-08
-4.00437e-08
-4.03431e-08
-4.06412e-08
-4.09379e-08
-4.12332e-08
-4.15271e-08
-4.18197e-08
-4.21109e-08
-4.24007e-08
-4.26893e-08
-4.29764e-08
-4.32623e-08
-4.35468e-08
-4.383e-08
-4.41119e-08
-4.43925e-08
-4.46718e-08
-4.49498e-08
-4.52266e-08
-4.5502e-08
-4.57762e-08
-4.6049e-08
-4.63207e-08
-4.6591e-08
-4.68601e-08
-4.7128e-08
-4.73946e-08
-4.766e-08
-4.79242e-08
-4.81871e-08
-4.84489e-08
-4.87094e-08
-4.89687e-08
-4.92268e-08
-4.94837e-08
-4.97394e-08
-4.9994e-08
-5.02473e-08
-5.04995e-08
-5.07505e-08
-5.10004e-08
-5.12491e-08
-5.14967e-08
-5.17431e-08
-5.19883e-08
-5.22325e-08
-5.24755e-08
-5.27174e-08
-5.29581e-08
-5.31978e-08
-5.34363e-08
-5.36737e-08
-5.39101e-08
-5.41453e-08
-5.43795e-08
-5.46125e-08
-5.48445e-08
-5.50755e-08
-5.53053e-08
-5.55341e-08
-5.57619e-08
-5.59885e-08
-5.62142e-08
-5.64388e-08
-5.66623e-08
-5.68849e-08
-5.71064e-08
-5.73268e-08
-5.75463e-08
-5.77647e-08
-5.79822e-08
-5.81986e-08
-5.8414e-08
-5.86285e-08
-5.88419e-08
-5.90544e-08
-5.92659e-08
-5.94764e-08
-5.96859e-08
-5.98945e-08
-6.01021e-08
-6.03088e-08
-6.05145e-08
-6.07192e-08
-6.0923e-08
-6.11259e-08
-6.13278e-08
-6.15288e-08
-6.17289e-08
-6.19281e-08
-6.21263e-08
-6.23237e-08
-6.25201e-08
-6.27156e-08
-6.29102e-08
-6.31039e-08
-6.32968e-08
-6.34887e-08
-6.36798e-08
-6.38699e-08
-6.40592e-08
-6.42477e-08
-6.44353e-08
-6.4622e-08
-6.48078e-08
-6.49928e-08
-6.5177e-08
-6.53603e-08
-6.55427e-08
-6.57243e-08
-6.59051e-08
-6.60851e-08
-6.62642e-08
-6.64425e-08
-6.662e-08
-6.67967e-08
-6.69726e-08
-6.71476e-08
-6.73219e-08
-6.74954e-08
-6.7668e-08
-6.78399e-08
-6.8011e-08
-6.81813e-08
-6.83508e-08
-6.85196e-08
-6.86875e-08
-6.88548e-08
-6.90212e-08
-6.91869e-08
-6.93518e-08
-6.9516e-08
-6.96794e-08
-6.98421e-08
-7.0004e-08
-7.01652e-08
-7.03256e-08
-7.04854e-08
-7.06444e-08
-7.08026e-08
-7.09602e-08
-7.1117e-08
-7.12731e-08
-7.14285e-08
-7.15832e-08
-7.17372e-08
-7.18904e-08
-7.2043e-08
-7.21949e-08
-7.23461e-08
-7.24966e-08
-7.26465e-08
-7.27956e-08
-7.29441e-08
-7.30918e-08
-7.3239e-08
-7.33854e-08
-7.35312e-08
-7.36763e-08
-7.38208e-08
-7.39646e-08
-7.41077e-08
-7.42502e-08
-7.43921e-08
-7.45333e-08
-7.46738e-08
-7.48138e-08
-7.49531e-08
-7.50917e-08
-7.52298e-08
-7.53672e-08
-7.5504e-08
-7.56401e-08
-7.57757e-08
-7.59106e-08
-7.6045e-08
-7.61787e-08
-7.63118e-08
-7.64443e-08
-7.65762e-08
-7.67075e-08
-7.68383e-08
-7.69684e-08
-7.70979e-08
-7.72269e-08
-7.73553e-08
-7.74831e-08
-7.76103e-08
-7.7737e-08
-7.7863e-08
-7.79885e-08
-7.81135e-08
-7.82379e-08
-7.83617e-08
-7.8485e-08
-7.86077e-08
-7.87298e-08
-7.88514e-08
-7.89725e-08
-7.9093e-08
-7.9213e-08
-7.93324e-08
-7.94513e-08
-7.95697e-08
-7.96875e-08
-7.98048e-08
-7.99216e-08
-8.00379e-08
-8.01536e-08
-8.02688e-08
-8.03835e-08
-8.04977e-08
-8.06114e-08
-8.07245e-08
-8.08372e-08
-8.09493e-08
-8.1061e-08
-8.11722e-08
-8.12828e-08
-8.1393e-08