0
2.39042e-07
4.51196e-07
6.09123e-07
7.2109e-07
7.95374e-07
8.38871e-07
8.57266e-07
8.55081e-07
8.36069e-07
8.03352e-07
7.59522e-07
7.06739e-07
6.468e-07
5.81209e-07
5.1122e-07
4.37886e-07
3.62029e-07
2.84343e-07
2.05427e-07
1.25797e-07
4.58989e-08
-3.38862e-08
-1.13231e-07
-1.91855e-07
-2.69522e-07
-3.4603e-07
-4.21212e-07
-4.94927e-07
-5.67062e-07
-6.37525e-07
-7.06241e-07
-7.73156e-07
-8.38217e-07
-9.01391e-07
-9.62683e-07
-1.0221e-06
-1.07966e-06
-1.13538e-06
-1.18927e-06
-1.24135e-06
-1.29165e-06
-1.3402e-06
-1.38703e-06
-1.43216e-06
-1.47564e-06
-1.5175e-06
-1.55777e-06
-1.5965e-06
-1.63373e-06
-1.6695e-06
-1.70384e-06
-1.7368e-06
-1.76842e-06
-1.79875e-06
-1.82782e-06
-1.85567e-06
-1.88235e-06
-1.9079e-06
-1.93235e-06
-1.95574e-06
-1.97812e-06
-1.99951e-06
-2.01995e-06
-2.03948e-06
-2.05813e-06
-2.07593e-06
-2.09292e-06
-2.10913e-06
-2.12458e-06
-2.13931e-06
-2.15334e-06
-2.1667e-06
-2.17942e-06
-2.19152e-06
-2.20302e-06
-2.21395e-06
-2.22433e-06
-2.23419e-06
-2.24353e-06
-2.25239e-06
-2.26078e-06
-2.26872e-06
-2.27623e-06
-2.28333e-06
-2.29002e-06
-2.29633e-06
-2.30228e-06
-2.30787e-06
-2.31312e-06
-2.31804e-06
-2.32265e-06
-2.32696e-06
-2.33098e-06
-2.33472e-06
-2.3382e-06
-2.34142e-06
-2.34439e-06
-2.34712e-06
-2.34963e-06
-2.35192e-06
-2.35399e-06
-2.35587e-06
-2.35755e-06
-2.35904e-06
-2.36035e-06
-2.36149e-06
-2.36247e-06
-2.36328e-06
-2.36395e-06
-2.36446e-06
-2.36483e-06
-2.36507e-06
-2.36518e-06
-2.36516e-06
-2.36502e-06
-2.36476e-06
-2.36439e-06
-2.36392e-06
-2.36334e-06
-2.36266e-06
-2.36189e-06
-2.36103e-06
-2.36008e-06
-2.35904e-06
-2.35792e-06
-2.35673e-06
-2.35546e-06
-2.35412e-06
-2.35271e-06
-2.35124e-06
-2.3497e-06
-2.34811e-06
-2.34645e-06
-2.34474e-06
-2.34298e-06
-2.34116e-06
-2.3393e-06
-2.33739e-06
-2.33543e-06
-2.33343e-06
-2.33139e-06
-2.32931e-06
-2.3272e-06
-2.32505e-06
-2.32286e-06
-2.32064e-06
-2.3184e-06
-2.31612e-06
-2.31381e-06
-2.31148e-06
-2.30912e-06
-2.30674e-06
-2.30434e-06
-2.30191e-06
-2.29947e-06
-2.297e-06
-2.29452e-06
-2.29202e-06
-2.28951e-06
-2.28697e-06
-2.28443e-06
-2.28187e-06
-2.2793e-06
-2.27673e-06
-2.27415e-06
-2.27157e-06
-2.26899e-06
-2.26642e-06
-2.26385e-06
-2.26128e-06
-2.25872e-06
-2.25617e-06
-2.25362e-06
-2.25107e-06
-2.24853e-06
-2.246e-06
-2.24346e-06
-2.24094e-06
-2.23842e-06
-2.2359e-06
-2.23338e-06
-2.23087e-06
-2.22836e-06
-2.22586e-06
-2.22336e-06
-2.22086e-06
-2.21836e-06
-2.21587e-06
-2.21338e-06
-2.2109e-06
-2.20842e-06
-2.20594e-06
-2.20347e-06
-2.201e-06
-2.19853e-06
-2.19607e-06
-2.19361e-06
-2.19116e-06
-2.18871e-06
-2.18626e-06
-2.18383e-06
-2.18139e-06
-2.17896e-06
-2.17654e-06
-2.17412e-06
-2.17171e-06
-2.16931e-06
-2.16691e-06
-2.16451e-06
-2.16213e-06
-2.15975e-06
-2.15737e-06
-2.15501e-06
-2.15264e-06
-2.15028e-06
-2.14793e-06
-2.14558e-06
-2.14323e-06
-2.14089e-06
-2.13856e-06
-2.13623e-06
-2.13391e-06
-2.13159e-06
-2.12928e-06
-2.12698e-06
-2.12468e-06
-2.12239e-06
-2.12011e-06
-2.11784e-06
-2.11557e-06
-2.11331e-06
-2.11107e-06
-2.10883e-06
-2.1066e-06
-2.10438e-06
-2.10217e-06
-2.09997e-06
-2.09778e-06
-2.09559e-06
-2.09342e-06
-2.09126e-06
-2.08911e-06
-2.08697e-06
-2.08484e-06
-2.08272e-06
-2.08062e-06
-2.07852e-06
-2.07643e-06
-2.07436e-06
-2.07229e-06
-2.07024e-06
-2.0682e-06
-2.06617e-06
-2.06415e-06
-2.06214e-06
-2.06014e-06
-2.05815e-06
-2.05618e-06
-2.05422e-06
-2.05226e-06
-2.05032e-06
-2.04839e-06
-2.04647e-06
-2.04457e-06
-2.04267e-06
-2.04079e-06
-2.03892e-06
-2.03705e-06
-2.0352e-06
-2.03337e-06
-2.03154e-06
-2.02972e-06
-2.02792e-06
-2.02612e-06
-2.02434e-06
-2.02257e-06
-2.02081e-06
-2.01906e-06
-2.01733e-06
-2.0156e-06
-2.01389e-06
-2.01218e-06
-2.01049e-06
-2.00881e-06
-2.00714e-06
-2.00548e-06
-2.00383e-06
-2.00219e-06
-2.00057e-06
-1.99895e-06
-1.99735e-06
-1.99575e-06
-1.99417e-06
-1.9926e-06
-1.99104e-06
-1.98948e-06
-1.98794e-06
-1.98641e-06
-1.9849e-06
-1.98339e-06
-1.98189e-06
-1.9804e-06
-1.97893e-06
-1.97746e-06
-1.976e-06
-1.97456e-06
-1.97312e-06
-1.9717e-06
-1.97028e-06
-1.96887e-06
-1.96748e-06
-1.96609e-06
-1.96472e-06
-1.96335e-06
-1.962e-06
-1.96065e-06
-1.95932e-06
-1.95799e-06
-1.95668e-06
-1.95537e-06
-1.95407e-06
-1.95279e-06
-1.95151e-06
-1.95024e-06
-1.94898e-06
-1.94773e-06
-1.94649e-06
-1.94526e-06
-1.94404e-06
-1.94283e-06
-1.94163e-06
-1.94043e-06
-1.93925e-06
-1.93807e-06
-1.93691e-06
-1.93575e-06
-1.9346e-06
-1.93346e-06
-1.93233e-06
-1.9312e-06
-1.93009e-06
-1.92899e-06
-1.92789e-06
-1.9268e-06
-1.92572e-06
-1.92465e-06
-1.92359e-06
-1.92253e-06
-1.92148e-06
-1.92045e-06
-1.91942e-06
-1.91839e-06
-1.91738e-06
-1.91638e-06
-1.91538e-06
-1.91439e-06
-1.91341e-06
-1.91243e-06
-1.91147e-06
-1.91051e-06
-1.90956e-06
-1.90861e-06
-1.90768e-06
-1.90675e-06
-1.90583e-06
-1.90492e-06
-1.90401e-06
-1.90311e-06
-1.90222e-06
-1.90134e-06
-1.90046e-06
-1.89959e-06
-1.89873e-06
-1.89787e-06
-1.89703e-06
-1.89619e-06
-1.89535e-06
-1.89452e-06
-1.8937e-06
-1.89289e-06
-1.89208e-06
-1.89128e-06
-1.89049e-06
-1.8897e-06
-1.88892e-06
-1.88815e-06
-1.88738e-06
-1.88662e-06
-1.88587e-06
-1.88512e-06
-1.88438e-06
-1.88364e-06
-1.88291e-06
-1.88219e-06
-1.88147e-06
-1.88076e-06
-1.88006e-06
-1.87936e-06
-1.87867e-06
-1.87798e-06
-1.8773e-06
-1.87662e-06
-1.87595e-06
-1.87529e-06
-1.87463e-06
-1.87398e-06
-1.87333e-06
-1.87269e-06
-1.87206e-06
-1.87143e-06
-1.8708e-06
-1.87019e-06
-1.86957e-06
-1.86896e-06
-1.86836e-06
-1.86776e-06
-1.86717e-06
-1.86658e-06
-1.866e-06
-1.86543e-06
-1.86485e-06
-1.86429e-06
-1.86373e-06
-1.86317e-06
-1.86262e-06
-1.86207e-06
-1.86153e-06
-1.86099e-06
-1.86046e-06
-1.85993e-06
-1.85941e-06
-1.85889e-06
-1.85838e-06
-1.85787e-06
-1.85736e-06
-1.85686e-06
-1.85637e-06
-1.85588e-06
-1.85539e-06
-1.85491e-06
-1.85443e-06
-1.85396e-06
-1.85349e-06
-1.85302e-06
-1.85256e-06
-1.85211e-06
-1.85165e-06
-1.85121e-06
-1.85076e-06
-1.85032e-06
-1.84989e-06
-1.84945e-06
-1.84903e-06
-1.8486e-06
-1.84818e-06
-1.84777e-06
-1.84735e-06
-1.84694e-06
-1.84654e-06
-1.84614e-06
-1.84574e-06
-1.84535e-06
-1.84496e-06
-1.84457e-06
-1.84419e-06
-1.84381e-06
-1.84343e-06
-1.84306e-06
-1.84269e-06
-1.84233e-06
-1.84197e-06
-1.84161e-06
-1.84125e-06
-1.8409e-06
-1.84055e-06
-1.84021e-06
-1.83987e-06
-1.83953e-06
-1.83919e-06
-1.83886e-06
-1.83853e-06
-1.83821e-06
-1.83788e-06
-1.83756e-06
-1.83725e-06
-1.83693e-06
-1.83662e-06
-1.83632e-06
-1.83601e-06
-1.83571e-06
-1.83541e-06
-1.83512e-06
-1.83482e-06
-1.83453e-06
-1.83425e-06
-1.83396e-06
-1.83368e-06
-1.8334e-06
-1.83312e-06
-1.83285e-06
-1.83258e-06
-1.83231e-06
-1.83205e-06
-1.83178e-06
-1.83152e-06
-1.83126e-06
-1.83101e-06
-1.83076e-06
-1.83051e-06
-1.83026e-06
-1.83001e-06
-1.82977e-06
-1.82953e-06
-1.82929e-06
-1.82905e-06
-1.82882e-06
-1.82859e-06
-1.82836e-06
-1.82813e-06
-1.82791e-06
-1.82769e-06
-1.82747e-06
-1.82725e-06
-1.82704e-06
-1.82682e-06
-1.82661e-06
-1.8264e-06
-1.8262e-06
-1.82599e-06
-1.82579e-06
-1.82559e-06
-1.82539e-06
-1.82519e-06
-1.825e-06
-1.8248e-06
-1.82461e-06
-1.82443e-06
-1.82424e-06
-1.82405e-06
-1.82387e-06
-1.82369e-06
-1.82351e-06
-1.82333e-06
-1.82316e-06
-1.82298e-06
-1.82281e-06
-1.82264e-06
-1.82247e-06
-1.82231e-06
-1.82214e-06
-1.82198e-06
-1.82182e-06
-1.82166e-06
-1.8215e-06
-1.82134e-06
-1.82119e-06
-1.82104e-06
-1.82088e-06
-1.82073e-06
-1.82059e-06
-1.82044e-06
-1.82029e-06
-1.82015e-06
-1.82001e-06
-1.81987e-06
-1.81973e-06
-1.81959e-06
-1.81946e-06
-1.81932e-06
-1.81919e-06
-1.81906e-06
-1.81893e-06
-1.8188e-06
-1.81867e-06
-1.81854e-06
-1.81842e-06
-1.81829e-06
-1.81817e-06
-1.81805e-06
-1.81793e-06
-1.81781e-06
-1.8177e-06
-1.81758e-06
-1.81747e-06
-1.81735e-06
-1.81724e-06
-1.81713e-06
-1.81702e-06
-1.81692e-06
-1.81681e-06
-1.8167e-06
-1.8166e-06
-1.81649e-06
-1.81639e-06
-1.81629e-06
-1.81619e-06
-1.81609e-06
-1.816e-06
-1.8159e-06
-1.8158e-06
-1.81571e-06
-1.01463e-05
-2.00382e-05
-2.88634e-05
-3.59887e-05
-4.14475e-05
-4.54606e-05
-4.82775e-05
-5.01276e-05
-5.12085e-05
-5.16865e-05
-5.16993e-05
-5.13601e-05
-5.07624e-05
-4.9982e-05
-4.90799e-05
-4.81046e-05
-4.70956e-05
-4.60835e-05
-4.50922e-05
-4.41393e-05
-4.32378e-05
-4.2397e-05
-4.16231e-05
-4.09215e-05
-4.02955e-05
-3.97469e-05
-3.92766e-05
-3.88848e-05
-3.85715e-05
-3.83363e-05
-3.81791e-05
-3.81004e-05
-3.81025e-05
-3.81875e-05
-3.83584e-05
-3.86187e-05
-3.89726e-05
-3.94253e-05
-3.99854e-05
-4.06636e-05
-4.14724e-05
-4.2426e-05
-4.35412e-05
-4.48439e-05
-4.6364e-05
-4.81362e-05
-5.02085e-05
-5.26419e-05
-5.55143e-05
-5.89336e-05
-6.30446e-05
-6.80487e-05
-7.42487e-05
-8.21074e-05
-9.23876e-05
-0.000106485
-0.000127337
-0.000162654
-0.0002389
-0.000412238
-0.00063841
-0.000743459
-0.000752641
-0.000722347
-0.000677083
-0.000623756
-0.00056211
-0.000489944
-0.000406163
-0.000313607
-0.000220666
-0.000138818
-7.63241e-05
-3.41343e-05
-7.75849e-06
8.42045e-06
1.86162e-05
2.53043e-05
2.97689e-05
3.26527e-05
3.42918e-05
3.48834e-05
3.45626e-05
3.34365e-05
3.1599e-05
2.91384e-05
2.61392e-05
2.26832e-05
1.88489e-05
1.47111e-05
1.03396e-05
5.79898e-06
1.14767e-06
-3.56227e-06
-8.28545e-06
-1.29826e-05
-1.7621e-05
-2.21739e-05
-2.66198e-05
-3.09426e-05
-3.51303e-05
-3.91748e-05
-4.30721e-05
-4.68207e-05
-5.04222e-05
-5.38799e-05
-5.71984e-05
-6.0385e-05
-6.3447e-05
-6.63944e-05
-6.92355e-05
-7.19813e-05
-7.46444e-05
-7.72341e-05
-7.97638e-05
-8.22464e-05
-8.46979e-05
-8.71325e-05
-8.95647e-05
-9.20135e-05
-9.44973e-05
-9.70403e-05
-9.96605e-05
-0.000102385
-0.000105236
-0.000108249
-0.000111453
-0.00011488
-0.000118566
-0.00012255
-0.000126873
-0.00013157
-0.000136672
-0.000142184
-0.000148072
-0.000154225
-0.000160425
-0.000166284
-0.000171218
-0.000174524
-0.000175423
-0.000173189
-0.000167313
-0.000157627
-0.000144378
-0.000128209
-0.000110082
-9.11608e-05
-7.26928e-05
-5.5812e-05
-4.1364e-05
-2.97622e-05
-2.09726e-05
-1.46294e-05
-1.02151e-05
-7.21171e-06
-5.18653e-06
-3.81647e-06
-2.87664e-06
-2.21787e-06
-1.74385e-06
-1.39314e-06
-1.1266e-06
-9.19067e-07
-7.54146e-07
-6.20894e-07
-5.11822e-07
-4.21655e-07
-3.46559e-07
-2.8367e-07
-2.30792e-07
-1.862e-07
-1.48519e-07
-1.16631e-07
-8.96187e-08
-6.67242e-08
-4.73144e-08
-3.08591e-08
-1.69123e-08
-5.09735e-09
4.90403e-09
1.33617e-08
2.05045e-08
2.6527e-08
3.15945e-08
3.58475e-08
3.94059e-08
4.23715e-08
4.48312e-08
4.68591e-08
4.85183e-08
4.98626e-08
5.09379e-08
5.17834e-08
5.24327e-08
5.29141e-08
5.32522e-08
5.34677e-08
5.35785e-08
5.35999e-08
5.35448e-08
5.34245e-08
5.32484e-08
5.30248e-08
5.27607e-08
5.24622e-08
5.21345e-08
5.17819e-08
5.14085e-08
5.10175e-08
5.06118e-08
5.01939e-08
4.9766e-08
4.93301e-08
4.88876e-08
4.84402e-08
4.79891e-08
4.75355e-08
4.70803e-08
4.66246e-08
4.6169e-08
4.57143e-08
4.52613e-08
4.48105e-08
4.43626e-08
4.39179e-08
4.34771e-08
4.30406e-08
4.26088e-08
4.21821e-08
4.1761e-08
4.13458e-08
4.09369e-08
4.05347e-08
4.01394e-08
3.97515e-08
3.93713e-08
3.8999e-08
3.86351e-08
3.82797e-08
3.79333e-08
3.75962e-08
3.72686e-08
3.69508e-08
3.66431e-08
3.63459e-08
3.60594e-08
3.57839e-08
3.55196e-08
3.5267e-08
3.50262e-08
3.47976e-08
3.45814e-08
3.43779e-08
3.41874e-08
3.40101e-08
3.38464e-08
3.36965e-08
3.35606e-08
3.3439e-08
3.33321e-08
3.324e-08
3.3163e-08
3.31014e-08
3.30554e-08
3.30253e-08
3.30113e-08
3.30138e-08
3.30328e-08
3.30688e-08
3.31218e-08
3.31922e-08
3.32802e-08
3.3386e-08
3.35099e-08
3.3652e-08
3.38126e-08
3.3992e-08
3.41903e-08
3.44077e-08
3.46446e-08
3.49009e-08
3.51771e-08
3.54732e-08
3.57895e-08
3.61262e-08
3.64834e-08
3.68614e-08
3.72603e-08
3.76803e-08
3.81215e-08
3.85842e-08
3.90685e-08
3.95746e-08
4.01026e-08
4.06527e-08
4.1225e-08
4.18197e-08
4.24368e-08
4.30767e-08
4.37393e-08
4.44248e-08
4.51334e-08
4.5865e-08
4.662e-08
4.73983e-08
4.82001e-08
4.90254e-08
4.98744e-08
5.07471e-08
5.16437e-08
5.25642e-08
5.35086e-08
5.44771e-08
5.54697e-08
5.64865e-08
5.75275e-08
5.85928e-08
5.96824e-08
6.07963e-08
6.19346e-08
6.30974e-08
6.42845e-08
6.54961e-08
6.67322e-08
6.79927e-08
6.92777e-08
7.05872e-08
7.19211e-08
7.32794e-08
7.46622e-08
7.60693e-08
7.75008e-08
7.89567e-08
8.04368e-08
8.19411e-08
8.34696e-08
8.50223e-08
8.6599e-08
8.81996e-08
8.98243e-08
9.14727e-08
9.31449e-08
9.48408e-08
9.65602e-08
9.83031e-08
1.00069e-07
1.01859e-07
1.03672e-07
1.05507e-07
1.07366e-07
1.09247e-07
1.11151e-07
1.13078e-07
1.15027e-07
1.16998e-07
1.18991e-07
1.21006e-07
1.23042e-07
1.25101e-07
1.2718e-07
1.29281e-07
1.31403e-07
1.33545e-07
1.35709e-07
1.37893e-07
1.40097e-07
1.42321e-07
1.44564e-07
1.46828e-07
1.49111e-07
1.51413e-07
1.53734e-07
1.56074e-07
1.58432e-07
1.60809e-07
1.63203e-07
1.65615e-07
1.68045e-07
1.70492e-07
1.72957e-07
1.75438e-07
1.77935e-07
1.80449e-07
1.82978e-07
1.85524e-07
1.88085e-07
1.9066e-07
1.93251e-07
1.95857e-07
1.98476e-07
2.0111e-07
2.03757e-07
2.06418e-07
2.09092e-07
2.11779e-07
2.14478e-07
2.1719e-07
2.19914e-07
2.22649e-07
2.25395e-07
2.28153e-07
2.30921e-07
2.33699e-07
2.36488e-07
2.39286e-07
2.42094e-07
2.4491e-07
2.47736e-07
2.5057e-07
2.53412e-07
2.56262e-07
2.59119e-07
2.61984e-07
2.64855e-07
2.67733e-07
2.70617e-07
2.73506e-07
2.76401e-07
2.79302e-07
2.82207e-07
2.85116e-07
2.8803e-07
2.90948e-07
2.93869e-07
2.96793e-07
2.9972e-07
3.02649e-07
3.0558e-07
3.08514e-07
3.11448e-07
3.14384e-07
3.17321e-07
3.20258e-07
3.23195e-07
3.26132e-07
3.29068e-07
3.32003e-07
3.34938e-07
3.3787e-07
3.40802e-07
3.43732e-07
3.4666e-07
3.49587e-07
3.52511e-07
3.55432e-07
3.58348e-07
3.61258e-07
3.64162e-07
3.67059e-07
3.69948e-07
3.72831e-07
3.75705e-07
3.78573e-07
3.81432e-07
3.84283e-07
3.87127e-07
3.89962e-07
3.92788e-07
3.95606e-07
3.98416e-07
4.01216e-07
4.04006e-07
4.06788e-07
4.09559e-07
4.12321e-07
4.15072e-07
4.17812e-07
4.20542e-07
4.2326e-07
4.25967e-07
4.28663e-07
4.31346e-07
4.34017e-07
4.36675e-07
4.39321e-07
4.41954e-07
4.44573e-07
4.47178e-07
4.4977e-07
4.52347e-07
4.5491e-07
4.57458e-07
4.59991e-07
4.62509e-07
4.65011e-07
4.67498e-07
4.69968e-07
4.72422e-07
4.7486e-07
4.77281e-07
4.79685e-07
4.82071e-07
4.84441e-07
4.86792e-07
4.89126e-07
4.91441e-07
4.93739e-07
4.96017e-07
4.98277e-07
5.00518e-07
5.02739e-07
5.04942e-07
5.07124e-07
5.09287e-07
5.1143e-07
5.13552e-07
5.15655e-07
5.17736e-07
5.19797e-07
5.21837e-07
5.23856e-07
5.25854e-07
5.2783e-07
5.29785e-07
5.31717e-07
5.33628e-07
5.35517e-07
5.37383e-07
5.39228e-07
5.41049e-07
5.42848e-07
5.44624e-07
5.46377e-07
5.48107e-07
5.49813e-07
5.51497e-07
5.53156e-07
5.54793e-07
5.56405e-07
5.57993e-07
5.59558e-07
5.61098e-07
5.62614e-07
5.64106e-07
5.65573e-07
5.67016e-07
5.68434e-07
5.69827e-07
5.71196e-07
5.72539e-07
5.73858e-07
5.75151e-07
5.76419e-07
5.77662e-07
5.7888e-07
5.80072e-07
5.81238e-07
5.82379e-07
5.83495e-07
5.84585e-07
5.85648e-07
5.86686e-07
5.87699e-07
5.88685e-07
5.89645e-07
5.90579e-07
5.91487e-07
5.92369e-07
5.93225e-07
5.94054e-07
5.94858e-07
5.95634e-07
5.96385e-07
5.97109e-07
5.97807e-07
5.98478e-07
5.99123e-07
5.99742e-07
6.00334e-07
6.00899e-07
6.01438e-07
6.01951e-07
6.02437e-07
6.02896e-07
6.03329e-07
6.03738e-07
6.04121e-07
6.0448e-07
6.04815e-07
6.05126e-07
6.05412e-07
6.05675e-07
6.0591e-07
6.06117e-07
6.06294e-07
6.06439e-07
6.06553e-07
6.06634e-07
6.06684e-07
6.06702e-07
6.06688e-07
6.06643e-07
6.06568e-07
6.06463e-07
6.06328e-07
6.06164e-07
6.05971e-07
6.0575e-07
6.05501e-07
6.05224e-07
6.0492e-07
6.04588e-07
6.0423e-07
6.03845e-07
6.03433e-07
6.02996e-07
6.02532e-07
6.02042e-07
6.01527e-07
6.00986e-07
6.00419e-07
5.99826e-07
5.99208e-07
5.98565e-07
5.97897e-07
5.97203e-07
5.96484e-07
5.9574e-07
5.94971e-07
5.94177e-07
5.93358e-07
5.92514e-07
5.91646e-07
5.90752e-07
5.89834e-07
5.88891e-07
5.87924e-07
5.86932e-07
5.85916e-07
5.84875e-07
5.8381e-07
5.82721e-07
5.81607e-07
5.80469e-07
5.79307e-07
5.78121e-07
5.76911e-07
5.75678e-07
5.7442e-07
5.73139e-07
5.71834e-07
5.70505e-07
5.69153e-07
5.67778e-07
5.66379e-07
5.64957e-07
5.63512e-07
5.62044e-07
5.60553e-07
5.59039e-07
5.57502e-07
5.55942e-07
5.5436e-07
5.52756e-07
5.51128e-07
5.49479e-07
5.47807e-07
5.46114e-07
5.44398e-07
5.4266e-07
5.40901e-07
5.3912e-07
5.37317e-07
5.35493e-07
5.33647e-07
5.3178e-07
5.29892e-07
5.27982e-07
5.26052e-07
5.24101e-07
5.22129e-07
5.20137e-07
5.18124e-07
5.1609e-07
5.14036e-07
5.11962e-07
5.09868e-07
5.07754e-07
5.0562e-07
5.03467e-07
5.01293e-07
4.991e-07
4.96888e-07
4.94657e-07
4.92406e-07
4.90136e-07
4.87847e-07
4.8554e-07
4.83214e-07
4.80869e-07
4.78506e-07
4.76124e-07
4.73724e-07
4.71306e-07
4.6887e-07
4.66416e-07
4.63944e-07
4.61455e-07
4.58948e-07
4.56424e-07
4.53882e-07
4.51323e-07
4.48748e-07
4.46155e-07
4.43545e-07
4.40919e-07
4.38276e-07
4.35618e-07
4.32944e-07
4.30257e-07
4.27556e-07
4.24842e-07
4.22116e-07
4.19377e-07
4.16622e-07
4.13848e-07
4.11053e-07
4.08236e-07
4.05397e-07
4.02534e-07
3.99648e-07
3.9674e-07
3.9381e-07
3.90859e-07
3.87886e-07
3.84894e-07
3.81882e-07
3.78851e-07
3.75802e-07
3.72735e-07
3.69652e-07
3.66553e-07
3.63437e-07
3.60307e-07
3.57162e-07
3.54002e-07
3.50828e-07
3.47641e-07
3.44441e-07
3.41228e-07
3.38002e-07
3.34763e-07
3.31513e-07
3.2825e-07
3.24976e-07
3.21691e-07
3.18394e-07
3.15086e-07
3.11766e-07
3.08436e-07
3.05095e-07
3.01744e-07
2.98381e-07
2.95009e-07
2.91626e-07
2.88233e-07
2.8483e-07
2.81416e-07
2.77993e-07
2.7456e-07
2.71118e-07
2.67665e-07
2.64203e-07
2.60732e-07
2.57251e-07
2.53761e-07
2.50262e-07
2.46753e-07
2.43236e-07
2.3971e-07
2.36174e-07
2.3263e-07
2.29078e-07
2.25516e-07
2.21947e-07
2.18368e-07
2.14782e-07
2.11187e-07
2.07584e-07
2.03973e-07
2.00354e-07
1.96727e-07
1.93092e-07
1.8945e-07
1.858e-07
1.82143e-07
1.78478e-07
1.74806e-07
1.71126e-07
1.6744e-07
1.63746e-07
1.60045e-07
1.56338e-07
1.52624e-07
1.48903e-07
1.45175e-07
1.41441e-07
1.37701e-07
1.33954e-07
1.30202e-07
1.26443e-07
1.22678e-07
1.18907e-07
1.1513e-07
1.11348e-07
1.0756e-07
1.03766e-07
9.99675e-08
9.61633e-08
9.23537e-08
8.85391e-08
8.47193e-08
8.08946e-08
7.70651e-08
7.32307e-08
6.93917e-08
6.55481e-08
6.17e-08
5.78475e-08
5.39907e-08
5.01296e-08
4.62645e-08
4.23953e-08
3.85222e-08
3.46452e-08
3.07645e-08
2.68801e-08
2.29922e-08
1.91007e-08
1.52059e-08
1.13078e-08
7.40644e-09
3.50197e-09
-4.05526e-10
-4.31597e-09
-8.22927e-09
-1.21453e-08
-1.60641e-08
-1.99854e-08
-2.39093e-08
-2.78356e-08
-3.17642e-08
-3.5695e-08
-3.9628e-08
-4.35631e-08
-4.75002e-08
-5.14392e-08
-5.538e-08
-5.93226e-08
-6.32668e-08
-6.72126e-08
-7.11599e-08
-7.51085e-08
-7.90586e-08
-8.30098e-08
-8.69622e-08
-9.09157e-08
-9.48702e-08
-9.88257e-08
-1.02782e-07
-1.06739e-07
-1.10697e-07
-1.14655e-07
-1.18614e-07
-1.22573e-07
-1.26533e-07
-1.30493e-07
-1.34453e-07
-1.38413e-07
-1.42374e-07
-1.46334e-07
-1.50295e-07
-1.54255e-07
-1.58215e-07
-1.62174e-07
-1.66134e-07
-1.70092e-07
-1.74051e-07
-1.78009e-07
-1.81966e-07
-1.85922e-07
-1.89877e-07
-1.93832e-07
-1.97786e-07
-2.01739e-07
-2.0569e-07
-2.09641e-07
-2.1359e-07
-2.17538e-07
-2.21485e-07
-2.2543e-07
-2.29374e-07
-2.33321e-07
-2.37272e-07
-2.41229e-07
-2.45193e-07
-2.49163e-07
-2.53141e-07
-2.57126e-07
-2.61115e-07
-2.65109e-07
-2.69106e-07
-2.73106e-07
-2.77108e-07
-2.8111e-07
-2.85113e-07
-2.89116e-07
-2.93118e-07
-2.97118e-07
-3.01118e-07
-3.05115e-07
-3.09109e-07
-3.13101e-07
-3.1709e-07
-3.21076e-07
-3.25058e-07
-3.29037e-07
-3.33012e-07
-3.36982e-07
-3.40949e-07
-3.44912e-07
-3.4887e-07
-3.52823e-07
-3.56772e-07
-3.60717e-07
-3.64656e-07
-3.68591e-07
-3.72522e-07
-3.76447e-07
-3.80367e-07
-3.84283e-07
-3.88193e-07
-3.92099e-07
-3.95999e-07
-3.99894e-07
-4.03785e-07
-4.0767e-07
-4.11549e-07
-4.15424e-07
-4.19294e-07
-4.23158e-07
-4.27017e-07
-4.30871e-07
-4.34719e-07
-4.38563e-07
-4.42401e-07
-4.46233e-07
-4.5006e-07
-4.53882e-07
-4.57699e-07
-4.6151e-07
-4.65316e-07
-4.69116e-07
-4.72911e-07
-4.767e-07
-4.80484e-07
-4.84262e-07
-4.88035e-07
-4.91802e-07
-4.95564e-07
-4.9932e-07
-5.0307e-07
-5.06815e-07
-5.10555e-07
-5.14288e-07
-5.18016e-07
-5.21738e-07
-5.25455e-07
-5.29165e-07
-5.3287e-07
-5.36569e-07
-5.40263e-07
-5.4395e-07
-5.47632e-07
-5.51308e-07
-5.54978e-07
-5.58642e-07
-5.623e-07
-5.65952e-07
-5.69598e-07
-5.73238e-07
-5.76872e-07
-5.805e-07
-5.84122e-07
-5.87738e-07
-5.91347e-07
-5.94951e-07
-5.98548e-07
-6.0214e-07
-6.05725e-07
-6.09303e-07
-6.12876e-07
-6.16442e-07
-6.20002e-07
-6.23556e-07
-6.27103e-07
-6.30644e-07
-6.34179e-07
-6.37707e-07
-6.41229e-07
-6.44745e-07
-6.48253e-07
-6.51756e-07
-6.55252e-07
-6.58741e-07
-6.62224e-07
-6.65701e-07
-6.6917e-07
-6.72634e-07
-6.7609e-07
-6.7954e-07
-6.82984e-07
-6.8642e-07
-6.8985e-07
-6.93273e-07
-6.9669e-07
-7.001e-07
-7.03503e-07
-7.06899e-07
-7.10288e-07
-7.13671e-07
-7.17047e-07
-7.20416e-07
-7.23778e-07
-7.27133e-07
-7.30481e-07
-7.33823e-07
-7.37157e-07
-7.40485e-07
-7.43805e-07
-7.47119e-07
-7.50425e-07
-7.53725e-07
-7.57017e-07
-7.60303e-07
-7.63581e-07
-7.66853e-07
-7.70117e-07
-7.73374e-07
-7.76624e-07
-7.79867e-07
-7.83103e-07
-7.86332e-07
-7.89554e-07
-7.92768e-07
-7.95975e-07
-7.99175e-07
-8.02368e-07
-8.05554e-07
-8.08732e-07
-8.11904e-07
-8.15068e-07
-8.18224e-07
-8.21374e-07
-8.24516e-07
-8.27651e-07
-8.30778e-07
-8.33899e-07
-8.37012e-07
-8.40117e-07
-8.43216e-07
-8.46307e-07
-8.4939e-07
-8.52466e-07
-8.55535e-07
-8.58597e-07
-8.61651e-07
-8.64698e-07
-8.67737e-07
-8.70769e-07
-8.73794e-07
-8.76811e-07
-8.79821e-07
-8.82823e-07
-8.85818e-07
-8.88806e-07
-8.91786e-07
-8.94759e-07
-8.97724e-07
-9.00682e-07
-9.03632e-07
-9.06575e-07
-9.0951e-07
-9.12438e-07
-9.15359e-07
-9.18272e-07
-9.21177e-07
-9.24075e-07
-9.26966e-07
-9.29849e-07
-9.32724e-07
-9.35592e-07
-9.38453e-07
-9.41306e-07
-9.44152e-07
-9.4699e-07
-9.49821e-07
-9.52644e-07
-9.55459e-07
-9.58268e-07
-9.61068e-07
-9.63862e-07
-9.66647e-07
-9.69425e-07
-9.72196e-07
-9.74959e-07
-9.77715e-07
-9.80463e-07
-9.83204e-07
-9.85937e-07
-9.88663e-07
-9.91381e-07
-9.94092e-07
-9.96795e-07
-9.99491e-07
-1.00218e-06
-1.00486e-06
-1.00753e-06
-1.0102e-06
-1.01286e-06
-1.01551e-06
-1.01815e-06
-1.02079e-06
-1.02342e-06
-1.02604e-06
-1.02865e-06
-1.03126e-06
-1.03386e-06
-1.03645e-06
-1.03903e-06
-1.04161e-06
-1.04418e-06
-1.04674e-06
-1.04929e-06
-1.05184e-06
-1.05438e-06
-1.05691e-06
-1.05944e-06
-1.06196e-06
-1.06447e-06
-1.06697e-06
-1.06946e-06
-1.07195e-06
-1.07443e-06
-1.07691e-06
-1.07937e-06
-1.08183e-06
-1.08428e-06
-1.08673e-06
-1.08916e-06
-1.09159e-06
-1.09401e-06
-1.09643e-06
-1.09884e-06
-1.10124e-06
-1.10363e-06
-1.10601e-06
-1.10839e-06
-1.11076e-06
-1.11313e-06
-1.11549e-06
-1.11784e-06
-1.12018e-06
-1.12251e-06
-1.12484e-06
-1.12716e-06
-1.12948e-06
-1.13178e-06
-1.13408e-06
-1.13637e-06
-1.13866e-06
-1.14094e-06
-1.14321e-06
-1.14547e-06
-1.14773e-06
-1.14998e-06
-1.15222e-06
-1.15446e-06
-1.15669e-06
-1.15891e-06
-1.16112e-06
-1.16333e-06
-1.16553e-06
-1.16772e-06
-1.16991e-06
-1.17209e-06
-1.17426e-06
-1.17643e-06
-1.17859e-06
-1.18074e-06
-1.18288e-06
-1.18502e-06
-1.18715e-06
-1.18928e-06
-1.19139e-06
-1.19351e-06
-1.19561e-06
-1.19771e-06
-1.1998e-06
-1.20188e-06
-1.20396e-06
-1.20603e-06
-1.20809e-06
-1.21015e-06
-1.2122e-06
-1.21424e-06
-1.21627e-06
-1.2183e-06
-1.22033e-06
-1.22234e-06
-1.22435e-06
-1.22636e-06
-1.22835e-06
-1.23034e-06
-1.23232e-06
-1.2343e-06
-1.23627e-06
-1.23823e-06
-1.24019e-06
-1.24214e-06
-1.24408e-06
-1.24602e-06
-1.24795e-06
-1.24988e-06
-1.25179e-06
-1.2537e-06
-1.25561e-06
-1.25751e-06
-1.2594e-06
-1.26128e-06
-1.26316e-06
-1.26504e-06
-1.2669e-06
-1.26876e-06
-1.27062e-06
-1.27246e-06
-1.27431e-06
-1.27614e-06
-1.27797e-06
-1.27979e-06
-1.28161e-06
-1.28342e-06
-1.28522e-06
-1.28702e-06
-1.28881e-06
-1.29059e-06
-1.29237e-06
-1.29415e-06
-1.29591e-06
-1.29767e-06
-1.29943e-06
-1.30118e-06
-1.30292e-06
-1.30465e-06
-1.30638e-06
-1.30811e-06
-1.30983e-06
-1.31154e-06
-1.31325e-06
-1.31495e-06
-1.31664e-06
-1.31833e-06
-1.32001e-06
-1.32169e-06
-1.32336e-06
-1.32502e-06
-1.32668e-06
-1.32833e-06
-1.32998e-06
-1.33162e-06
-1.33326e-06
-1.33489e-06
-1.33651e-06
-1.33813e-06
-1.33974e-06
-1.34135e-06
-1.34295e-06
-1.34455e-06
-1.34614e-06
-1.34772e-06
-1.3493e-06
-1.35087e-06
-1.35244e-06
-1.354e-06
-1.35556e-06
-1.35711e-06
-1.35865e-06
-1.36019e-06
-1.36173e-06
-1.36326e-06
-1.36478e-06
-1.3663e-06
-1.36781e-06
-1.36931e-06
-1.37082e-06
-1.37231e-06
-1.3738e-06
-1.37529e-06
-1.37677e-06
-1.37824e-06
-1.37971e-06
-1.38117e-06
-1.38263e-06
-1.38408e-06
-1.38553e-06
-1.38697e-06
-1.38841e-06
-1.38984e-06
-1.39127e-06
-1.39269e-06
-1.39411e-06
-1.39552e-06
-1.39692e-06
-1.39833e-06
-1.39972e-06
-1.40111e-06
-1.4025e-06
-1.40388e-06
-1.40525e-06
-1.40662e-06
-1.40799e-06
-1.40935e-06
-1.4107e-06
-1.41205e-06
-1.4134e-06
-1.41474e-06
-1.41608e-06
-1.41741e-06
-1.41873e-06
-1.42005e-06
-1.42137e-06
-1.42268e-06
-1.42398e-06
-1.42529e-06
-1.42658e-06
-1.42787e-06
-1.42916e-06
-1.43044e-06
-1.43172e-06
-1.43299e-06
-1.43426e-06
-1.43552e-06
-1.43678e-06
-1.43804e-06
-1.43928e-06
-1.44053e-06
-1.44177e-06
-1.443e-06
-1.44423e-06
-1.44546e-06
-1.44668e-06
-1.4479e-06
-1.44911e-06
-1.45032e-06
-1.45152e-06
-1.45272e-06
-1.45391e-06
-1.4551e-06
-1.45629e-06
-1.45747e-06
-1.45865e-06
-1.45982e-06
-1.46098e-06
-1.46215e-06
-1.46331e-06
-1.46446e-06
-1.46561e-06
-1.46676e-06
-1.4679e-06
-1.46903e-06
-1.47017e-06
-1.4713e-06
-1.47242e-06
-1.47354e-06
-1.47465e-06
-1.47577e-06
-1.47687e-06
-1.47798e-06
-1.47908e-06
-1.48017e-06
-1.48126e-06
-1.48235e-06
-1.48343e-06
-1.48451e-06
-1.48558e-06
-1.48665e-06
-1.48772e-06
-1.48878e-06
-1.48984e-06
-1.49089e-06
-1.49194e-06
-1.49299e-06
-1.49403e-06
-1.49506e-06
-1.4961e-06
-1.49713e-06
-1.49815e-06
-1.49918e-06
-1.50019e-06
-1.50121e-06
-1.50222e-06
-1.50323e-06
-1.50423e-06
-1.50523e-06
-1.50622e-06
-1.50721e-06
-1.5082e-06
-1.50918e-06
-1.51016e-06
-1.51114e-06
-1.51211e-06
-1.51308e-06
-1.51404e-06
-1.51501e-06
-1.51596e-06
-1.51692e-06
-1.51787e-06
-1.51881e-06
-1.51976e-06
-1.52069e-06
-1.52163e-06
-1.52256e-06
-1.52349e-06
-1.52442e-06
-1.52534e-06
-1.52625e-06
-1.52717e-06
-1.52808e-06
-1.52899e-06
-1.52989e-06
-1.53079e-06
-1.53169e-06
-1.53258e-06
-1.53347e-06
-1.53435e-06
-1.53524e-06
-1.53612e-06
-1.53699e-06
-1.53786e-06
-1.53873e-06
-1.5396e-06
-1.54046e-06
-1.54132e-06
-1.54218e-06
-1.54303e-06
-1.54388e-06
-1.54472e-06
-1.54557e-06
-1.54641e-06
-1.54724e-06
-1.54807e-06
-1.5489e-06
-1.54973e-06
-1.55055e-06
-1.55137e-06
-1.55219e-06
-1.553e-06
-1.55381e-06
-1.55462e-06
-1.55542e-06
-1.55623e-06
-1.55702e-06
-1.55782e-06
-1.55861e-06
-1.5594e-06
-1.56018e-06
-1.56097e-06
-1.56175e-06
-1.56252e-06
-1.5633e-06
-1.56407e-06
-1.56483e-06
-1.5656e-06
-1.56636e-06
-1.56712e-06
-1.56787e-06
-1.56862e-06
-1.56937e-06
-1.57012e-06
-1.57086e-06
-1.5716e-06
-1.57234e-06
-1.57308e-06
-1.57381e-06
-1.57454e-06
-1.57526e-06
-1.57599e-06
-1.57671e-06
-1.57743e-06
-1.57814e-06
-1.57885e-06
-1.57956e-06
-1.58027e-06
-1.58097e-06
-1.58167e-06
-1.58237e-06
-1.58307e-06
-1.58376e-06
-1.58445e-06
-1.58514e-06
-1.58582e-06
-1.58651e-06
-1.58718e-06
-1.58786e-06
-1.58854e-06
-1.58921e-06
-1.58988e-06
-1.59054e-06
-1.59121e-06
-1.59187e-06
-1.59252e-06
-1.59318e-06
-1.59383e-06
-1.59448e-06
-1.59513e-06
-1.59578e-06
-1.59642e-06
-1.59706e-06
-1.5977e-06
-1.59833e-06
-1.59897e-06
-1.5996e-06
-1.60023e-06
-1.60085e-06
-1.60147e-06
-1.60209e-06
-1.60271e-06
-1.60333e-06
-1.60394e-06
-1.60455e-06
-1.60516e-06
-1.60577e-06
-1.60637e-06
-1.60697e-06
-1.60757e-06
-1.60817e-06
-1.60876e-06
-1.60935e-06
-1.60994e-06
-1.61053e-06
-1.61112e-06
-1.6117e-06
-1.61228e-06
-1.61286e-06
-1.61343e-06
-1.61401e-06
-1.61458e-06
-1.61515e-06
-1.61571e-06
-1.61628e-06
-1.61684e-06
-1.6174e-06
-1.61796e-06
-1.61851e-06
-1.61907e-06
-1.61962e-06
-1.62017e-06
-1.62071e-06
-1.62126e-06
-1.6218e-06
-1.62234e-06
-1.62288e-06
-1.62341e-06
-1.62395e-06
-1.62448e-06
-1.62501e-06
-1.62554e-06
-1.62606e-06
-1.62659e-06
-1.62711e-06
-1.62763e-06
-1.62815e-06
-1.62866e-06
-1.62917e-06
-1.62969e-06
-1.6302e-06
-1.6307e-06
-1.63121e-06
-1.63171e-06
-1.63221e-06
-1.63271e-06
-1.63321e-06
-1.6337e-06
-1.6342e-06
-1.63469e-06
-1.63518e-06
-1.63567e-06
-1.63615e-06
-1.63664e-06
-1.63712e-06
-1.6376e-06
-1.63808e-06
-1.63855e-06
-1.63903e-06
-1.6395e-06
-1.63997e-06
-1.64044e-06
-1.64091e-06
-1.64137e-06
-1.64183e-06
-1.64229e-06
-1.64275e-06
-1.64321e-06
-1.64367e-06
-1.64412e-06
-1.64457e-06
-1.64502e-06
-1.64547e-06
-1.64592e-06
-1.64637e-06
-1.64681e-06
-1.64725e-06
-1.64769e-06
-1.64813e-06
-1.64856e-06
-1.649e-06
-1.64943e-06
-1.64986e-06
-1.65029e-06
-1.65072e-06
-1.65115e-06
-1.65157e-06
-1.65199e-06
-1.65242e-06
-1.65284e-06
-1.65325e-06
-1.65367e-06
-1.65408e-06
-1.6545e-06
-1.65491e-06
-1.65532e-06
-1.65573e-06
-1.65613e-06
-1.65654e-06
-1.65694e-06
-1.65734e-06
-1.65774e-06
-1.65814e-06
-1.65854e-06
-1.65893e-06
-1.65933e-06
-1.65972e-06
-1.66011e-06
-1.6605e-06
-1.66089e-06
-1.66127e-06
-1.66166e-06
-1.66204e-06
-1.66242e-06
-1.6628e-06
-1.66318e-06
-1.66356e-06
-1.66393e-06
-1.66431e-06
-1.66468e-06
-1.66505e-06
-1.66542e-06
-1.66579e-06
-1.66615e-06
-1.66652e-06
-1.66688e-06
-1.66724e-06
-1.66761e-06
-1.66797e-06
-1.66832e-06
-1.66868e-06
-1.66904e-06
-1.66939e-06
-1.66974e-06
-1.67009e-06
-1.67044e-06
-1.67079e-06
-1.67114e-06
-1.67148e-06
-1.67183e-06
-1.67217e-06
-1.67251e-06
-1.67285e-06
-1.67319e-06
-1.67353e-06
-1.67386e-06
-1.6742e-06
-1.67453e-06
-1.67487e-06
-1.6752e-06
-1.67553e-06
-1.67585e-06
-1.67618e-06
-1.67651e-06
-1.67683e-06
-1.67715e-06
-1.67748e-06
-1.6778e-06
-1.67812e-06
-1.67843e-06
-1.67875e-06
-1.67907e-06
-1.67938e-06
-1.67969e-06
-1.68001e-06
-1.68032e-06
-1.68063e-06
-1.68093e-06
-1.68124e-06
-1.68155e-06
-1.68185e-06
-1.68215e-06
-1.68246e-06
-1.68276e-06
-1.68306e-06
-1.68336e-06
-1.68365e-06
-1.68395e-06
-1.68424e-06
-1.68454e-06
-1.68483e-06
-1.68512e-06
-1.68541e-06
-1.6857e-06
-1.68599e-06
-1.68628e-06
-1.68656e-06
-1.68685e-06
-1.68713e-06
-1.68742e-06
-1.6877e-06
-1.68798e-06
-1.68826e-06
-1.68853e-06
-1.68881e-06
-1.68909e-06
-1.68936e-06
-1.68964e-06
-1.68991e-06
-1.69018e-06
-1.69045e-06
-1.69072e-06
-1.69099e-06
-1.69126e-06
-1.69152e-06
-1.69179e-06
-1.69205e-06
-1.69232e-06
-1.69258e-06
-1.69284e-06
-1.6931e-06
-1.69336e-06
-1.69362e-06
-1.69388e-06
-1.69413e-06
-1.69439e-06
-1.69464e-06
-1.69489e-06
-1.69515e-06
-1.6954e-06
-1.69565e-06
-1.6959e-06
-1.69614e-06
-1.69639e-06
-1.69664e-06
-1.69688e-06
-1.69713e-06
-1.69737e-06
-1.69761e-06
-1.69786e-06
-1.6981e-06
-1.69834e-06
-1.69857e-06
-1.69881e-06
-1.69905e-06
-1.69929e-06
-1.69952e-06
-1.69975e-06
-1.69999e-06
-1.70022e-06
-1.70045e-06
-1.70068e-06
-1.70091e-06
-1.70114e-06
-1.70137e-06
-1.70159e-06
-1.70182e-06
-1.70205e-06
-1.70227e-06
-1.70249e-06
-1.70272e-06
-1.70294e-06
-1.70316e-06
-1.70338e-06
-1.7036e-06
-1.70381e-06
-1.70403e-06
-1.70425e-06
-1.70446e-06
-1.70468e-06
-1.70489e-06
-1.70511e-06
-1.70532e-06
-1.70553e-06
-1.70574e-06
-1.70595e-06
-1.70616e-06
-1.70637e-06
-1.70658e-06
-1.70678e-06
-1.70699e-06
-1.70719e-06
-1.7074e-06
-1.7076e-06
-1.7078e-06
-1.708e-06
-1.70821e-06
-1.70841e-06
-1.70861e-06
-1.7088e-06
-1.709e-06
-1.7092e-06
-1.7094e-06
-1.70959e-06
-1.70979e-06
-1.70998e-06
-1.71017e-06
-1.71037e-06
-1.71056e-06
-1.71075e-06
-1.71094e-06
-1.71113e-06
-1.71132e-06
-1.71151e-06
-1.71169e-06
-1.71188e-06
-1.71207e-06
-1.71225e-06
-1.71244e-06
-1.71262e-06
-1.7128e-06
-1.71299e-06
-1.71317e-06
-1.71335e-06
-1.71353e-06
-1.71371e-06
-1.71389e-06
-1.71407e-06
-1.71424e-06
-1.71442e-06
-1.7146e-06
-1.71477e-06
-1.71495e-06
-1.71512e-06
-1.71529e-06
-1.71547e-06
-1.71564e-06
-1.71581e-06
-1.71598e-06
-1.71615e-06
-1.71632e-06
-1.71649e-06
-1.71666e-06
-1.71683e-06
-1.71699e-06
-1.71716e-06
-1.71732e-06
-1.71749e-06
-1.71765e-06
-1.71782e-06
-1.71798e-06
-1.71814e-06
-1.7183e-06
-1.71847e-06
-1.71863e-06
-1.71879e-06
-1.71895e-06
-1.7191e-06
-1.71926e-06
-1.71942e-06
-1.71958e-06
-1.71973e-06
-1.71989e-06
-1.72004e-06
-1.7202e-06
-1.72035e-06
-1.72051e-06
-1.72066e-06
-1.72081e-06
-1.72096e-06
-1.72111e-06
-1.72126e-06
-1.72141e-06
-1.72156e-06
-1.72171e-06
-1.72186e-06
-1.72201e-06
-1.72215e-06
-1.7223e-06
-1.72245e-06
-1.72259e-06
-1.72274e-06
-1.72288e-06
-1.72302e-06
-1.72317e-06
-1.72331e-06
-1.72345e-06
-1.72359e-06
-1.72373e-06
-1.72388e-06
-1.72401e-06
-1.72415e-06
-1.72429e-06
-1.72443e-06
-1.72457e-06
-1.72471e-06
-1.72484e-06
-1.72498e-06
-1.72511e-06
-1.72525e-06
-1.72538e-06
-1.72552e-06
-1.72565e-06
-1.72579e-06
-1.72592e-06
-1.72605e-06
-1.72618e-06
-1.72631e-06
-1.72644e-06
-1.72657e-06
-1.7267e-06
-1.72683e-06
-1.72696e-06
-1.72709e-06
-1.72722e-06
-1.72734e-06
-1.72747e-06
-1.7276e-06
-1.72772e-06
-1.72785e-06
-1.72797e-06
-1.7281e-06
-1.72822e-06
-1.72834e-06
-1.72847e-06
-1.72859e-06
-1.72871e-06
-1.72883e-06
-1.72895e-06
-1.72907e-06
-1.72919e-06
-1.72931e-06
-1.72943e-06
-1.72955e-06
-1.72967e-06
-1.72979e-06
-1.7299e-06
-1.73002e-06
-1.73014e-06
-1.73025e-06
-1.73037e-06
-1.73048e-06
-1.7306e-06
-1.73071e-06
-1.73083e-06
-1.73094e-06
-1.73105e-06
-1.73117e-06
-1.73128e-06
-1.73139e-06
-1.7315e-06
-1.73161e-06
-1.73172e-06
-1.73183e-06
-1.73194e-06
-1.73205e-06
-1.73216e-06
-1.73227e-06
-1.73238e-06
-1.73249e-06
-1.73259e-06
-1.7327e-06
-1.73281e-06
-1.73291e-06
-1.73302e-06
-1.73312e-06
-1.73323e-06
-1.73333e-06
-1.73344e-06
-1.73354e-06
-1.73364e-06
-1.73375e-06
-1.73385e-06
-1.73395e-06
-1.73405e-06
-1.73415e-06
-1.73425e-06
-1.73436e-06
-1.73446e-06
-1.73456e-06
-1.73466e-06
-1.73475e-06
-1.73485e-06
-1.73495e-06
-1.73505e-06
-1.73515e-06
-1.73524e-06
-1.73534e-06
-1.73544e-06
-1.73553e-06
-1.73563e-06
-1.73573e-06
-1.73582e-06
-1.73591e-06
-1.73601e-06
-1.7361e-06
-1.7362e-06
-1.73629e-06
-1.73638e-06
-1.73648e-06
-1.73657e-06
-1.73666e-06
-1.73675e-06
-1.73684e-06
-1.73693e-06
-1.73702e-06
-1.73712e-06
-1.73721e-06
-1.73729e-06
-1.73738e-06
-1.73747e-06
-1.73756e-06
-1.73765e-06
-1.73774e-06
-1.73783e-06
-1.73791e-06
-1.738e-06
-1.73809e-06
-1.73817e-06
-1.73826e-06
-1.73834e-06
-1.73843e-06
-1.73852e-06
-1.7386e-06
-1.73868e-06
-1.73877e-06
-1.73885e-06
-1.73894e-06
-1.73902e-06
-1.7391e-06
-1.73918e-06
-1.73927e-06
-1.73935e-06
-1.73943e-06
-1.73951e-06
-1.73959e-06
-1.73967e-06
-1.73975e-06
-1.73983e-06
-1.73991e-06
-1.73999e-06
-1.74007e-06
-1.74015e-06
-1.74023e-06
-1.74031e-06
-1.74039e-06
-1.74047e-06
-1.74054e-06
-1.74062e-06
-1.7407e-06
-1.74077e-06
-1.74085e-06
-1.74093e-06
-1.741e-06
-1.74108e-06
-1.74115e-06
-1.74123e-06
-1.7413e-06
-1.74138e-06
-1.74145e-06
-1.74153e-06
-1.7416e-06
-1.74167e-06
-1.74175e-06
-1.74182e-06
-1.74189e-06
-1.74196e-06
-1.74204e-06
-1.74211e-06
-1.74218e-06
-1.74225e-06
-1.74232e-06
-1.74239e-06
-1.74246e-06
-1.74253e-06
-1.7426e-06
-1.74267e-06
-1.74274e-06
-1.74281e-06
-1.74288e-06
-1.74295e-06
-1.74302e-06
-1.74309e-06
-1.74316e-06
-1.74322e-06
-1.74329e-06
-1.74336e-06
-1.74343e-06
-1.74349e-06
-1.74356e-06
-1.74363e-06
-1.74369e-06
-1.74376e-06
-1.74382e-06
-1.74389e-06
-1.74395e-06
-1.74402e-06
-1.74408e-06
-1.74415e-06
-1.74421e-06
-1.74428e-06
-1.74434e-06
-1.7444e-06
-1.74447e-06
-1.74453e-06
-1.74459e-06
-1.74465e-06
-1.74472e-06
-1.74478e-06
-1.74484e-06
-1.7449e-06
-1.74496e-06
-1.74503e-06
-1.74509e-06
-1.74515e-06
-1.74521e-06
-1.74527e-06
-1.74533e-06
-1.74539e-06
-1.74545e-06
-1.74551e-06
-1.74557e-06
-1.74563e-06
-1.74569e-06
-1.74574e-06
-1.7458e-06
-1.74586e-06
-1.74592e-06
-1.74598e-06
-1.74603e-06
-1.74609e-06
-1.74615e-06
-1.74621e-06
-1.74626e-06
-1.74632e-06
-1.74638e-06
-1.74643e-06
-1.74649e-06
-1.74654e-06
-1.7466e-06
-1.74666e-06
-1.74671e-06
-1.74677e-06
-1.74682e-06
-1.74688e-06
-1.74693e-06
-1.74698e-06
-1.74704e-06
-1.74709e-06
-1.74715e-06
-1.7472e-06
-1.74725e-06
-1.74731e-06
-1.74736e-06
-1.74741e-06
-1.74746e-06
-1.74752e-06
-1.74757e-06
-1.74762e-06
-1.74767e-06
-1.74772e-06
-1.74778e-06
-1.74783e-06
-1.74788e-06
-1.74793e-06
-1.74798e-06
-1.74803e-06
-1.74808e-06
-1.74813e-06
-1.74818e-06
-1.74823e-06
-1.74828e-06
-1.74833e-06
-1.74838e-06
-1.74843e-06
-1.74848e-06
-1.74853e-06
-1.74858e-06
-1.74862e-06
-1.74867e-06
-1.74872e-06
-1.74877e-06
-1.74882e-06
-1.74886e-06
-1.008e-05
-1.99731e-05
-2.87994e-05
-3.59254e-05
-4.13838e-05
-4.53951e-05
-4.82087e-05
-5.00535e-05
-5.11274e-05
-5.15965e-05
-5.15986e-05
-5.12469e-05
-5.06352e-05
-4.98393e-05
-4.89203e-05
-4.79267e-05
-4.68981e-05
-4.58652e-05
-4.48516e-05
-4.38752e-05
-4.29489e-05
-4.20816e-05
-4.12797e-05
-4.0548e-05
-3.98896e-05
-3.93061e-05
-3.87982e-05
-3.83658e-05
-3.80085e-05
-3.77256e-05
-3.75165e-05
-3.73804e-05
-3.73182e-05
-3.73318e-05
-3.74231e-05
-3.75946e-05
-3.78495e-05
-3.81914e-05
-3.86249e-05
-3.91575e-05
-3.97991e-05
-4.05608e-05
-4.14552e-05
-4.24971e-05
-4.37084e-05
-4.51156e-05
-4.67484e-05
-4.86457e-05
-5.08594e-05
-5.34514e-05
-5.65093e-05
-6.01418e-05
-6.45052e-05
-6.98138e-05
-7.63768e-05
-8.46618e-05
-9.54163e-05
-0.00010992
-0.000130601
-0.000162672
-0.000218983
-0.000330897
-0.000528447
-0.000687927
-0.000735927
-0.000724518
-0.000687315
-0.000638048
-0.000579657
-0.000510924
-0.000430458
-0.000339837
-0.000245935
-0.000159885
-9.14725e-05
-4.37653e-05
-1.33895e-05
5.30551e-06
1.70245e-05
2.46889e-05
2.98555e-05
3.33056e-05
3.54399e-05
3.64846e-05
3.65874e-05
3.58608e-05
3.44009e-05
3.22962e-05
2.96318e-05
2.6489e-05
2.29467e-05
1.908e-05
1.49596e-05
1.06508e-05
6.21316e-06
1.70015e-06
-2.8413e-06
-7.37035e-06
-1.18529e-05
-1.62604e-05
-2.05699e-05
-2.47639e-05
-2.88287e-05
-3.27558e-05
-3.65398e-05
-4.01774e-05
-4.36692e-05
-4.70182e-05
-5.02281e-05
-5.33045e-05
-5.62558e-05
-5.90886e-05
-6.18128e-05
-6.44393e-05
-6.69753e-05
-6.94342e-05
-7.18266e-05
-7.41677e-05
-7.64662e-05
-7.87391e-05
-8.10011e-05
-8.32707e-05
-8.55626e-05
-8.78952e-05
-9.02922e-05
-9.27754e-05
-9.53718e-05
-9.81035e-05
-0.000101004
-0.000104107
-0.000107449
-0.000111067
-0.000115009
-0.000119316
-0.000124024
-0.00012915
-0.000134666
-0.000140473
-0.000146356
-0.000151927
-0.000156641
-0.00015981
-0.000160661
-0.000158463
-0.000152672
-0.000143091
-0.000129961
-0.000113985
-9.62171e-05
-7.79597e-05
-6.05303e-05
-4.50576e-05
-3.22701e-05
-2.23864e-05
-1.51849e-05
-1.01825e-05
-6.82666e-06
-4.62281e-06
-3.18796e-06
-2.25093e-06
-1.63118e-06
-1.21282e-06
-9.23018e-07
-7.16398e-07
-5.64698e-07
-4.50187e-07
-3.61592e-07
-2.91606e-07
-2.35379e-07
-1.89604e-07
-1.51959e-07
-1.20765e-07
-9.47718e-08
-7.30274e-08
-5.47876e-08
-3.94612e-08
-2.6571e-08
-1.57272e-08
-6.60844e-09
1.05227e-09
7.47799e-09
1.28559e-08
1.73435e-08
2.1074e-08
2.41599e-08
2.66966e-08
2.8765e-08
3.0434e-08
3.17621e-08
3.27989e-08
3.35869e-08
3.41623e-08
3.45557e-08
3.47935e-08
3.4898e-08
3.48884e-08
3.4781e-08
3.45899e-08
3.43269e-08
3.40023e-08
3.36248e-08
3.3202e-08
3.27402e-08
3.22451e-08
3.17214e-08
3.11732e-08
3.06041e-08
3.0017e-08
2.94147e-08
2.87995e-08
2.81733e-08
2.7538e-08
2.68951e-08
2.62458e-08
2.55916e-08
2.49333e-08
2.4272e-08
2.36084e-08
2.29435e-08
2.22779e-08
2.16122e-08
2.0947e-08
2.02829e-08
1.96204e-08
1.896e-08
1.83021e-08
1.76472e-08
1.69956e-08
1.63479e-08
1.57043e-08
1.50652e-08
1.4431e-08
1.38021e-08
1.31787e-08
1.25613e-08
1.19501e-08
1.13455e-08
1.07479e-08
1.01574e-08
9.57453e-09
8.99952e-09
8.43268e-09
7.87433e-09
7.32479e-09
6.78435e-09
6.25332e-09
5.73201e-09
5.22071e-09
4.71974e-09
4.22938e-09
3.74994e-09
3.28172e-09
2.825e-09
2.38009e-09
1.94728e-09
1.52685e-09
1.1191e-09
7.24313e-10
3.42781e-10
-2.52152e-11
-3.79391e-10
-7.19465e-10
-1.04516e-09
-1.35619e-09
-1.65229e-09
-1.93318e-09
-2.1986e-09
-2.44826e-09
-2.68191e-09
-2.89928e-09
-3.1001e-09
-3.28413e-09
-3.45109e-09
-3.60074e-09
-3.73282e-09
-3.84709e-09
-3.9433e-09
-4.0212e-09
-4.08056e-09
-4.12114e-09
-4.1427e-09
-4.14501e-09
-4.12785e-09
-4.09099e-09
-4.0342e-09
-3.95729e-09
-3.86002e-09
-3.74219e-09
-3.6036e-09
-3.44403e-09
-3.2633e-09
-3.0612e-09
-2.83755e-09
-2.59216e-09
-2.32484e-09
-2.03543e-09
-1.72373e-09
-1.38959e-09
-1.03284e-09
-6.5331e-10
-2.50851e-10
1.74691e-10
6.23464e-10
1.09561e-09
1.59127e-09
2.11058e-09
2.65367e-09
3.22065e-09
3.81166e-09
4.4268e-09
5.06619e-09
5.72993e-09
6.41812e-09
7.13085e-09
7.86822e-09
8.6303e-09
9.41719e-09
1.02289e-08
1.10656e-08
1.19273e-08
1.28141e-08
1.3726e-08
1.46631e-08
1.56253e-08
1.66128e-08
1.76256e-08
1.86637e-08
1.97271e-08
2.08159e-08
2.193e-08
2.30694e-08
2.42342e-08
2.54244e-08
2.66399e-08
2.78807e-08
2.91469e-08
3.04383e-08
3.17549e-08
3.30967e-08
3.44637e-08
3.58558e-08
3.7273e-08
3.87151e-08
4.01821e-08
4.16741e-08
4.31907e-08
4.47321e-08
4.62981e-08
4.78886e-08
4.95036e-08
5.11428e-08
5.28062e-08
5.44938e-08
5.62053e-08
5.79406e-08
5.96997e-08
6.14824e-08
6.32885e-08
6.51179e-08
6.69705e-08
6.88461e-08
7.07445e-08
7.26656e-08
7.46092e-08
7.65752e-08
7.85633e-08
8.05734e-08
8.26052e-08
8.46587e-08
8.67336e-08
8.88297e-08
9.09468e-08
9.30846e-08
9.52431e-08
9.74219e-08
9.96208e-08
1.0184e-07
1.04078e-07
1.06336e-07
1.08613e-07
1.1091e-07
1.13224e-07
1.15558e-07
1.17909e-07
1.20279e-07
1.22666e-07
1.25071e-07
1.27493e-07
1.29931e-07
1.32387e-07
1.34859e-07
1.37346e-07
1.3985e-07
1.42369e-07
1.44904e-07
1.47453e-07
1.50017e-07
1.52595e-07
1.55187e-07
1.57793e-07
1.60413e-07
1.63046e-07
1.65691e-07
1.68349e-07
1.71019e-07
1.73701e-07
1.76395e-07
1.791e-07
1.81816e-07
1.84542e-07
1.87279e-07
1.90026e-07
1.92782e-07
1.95548e-07
1.98323e-07
2.01106e-07
2.03898e-07
2.06697e-07
2.09505e-07
2.12319e-07
2.15141e-07
2.17969e-07
2.20804e-07
2.23645e-07
2.26491e-07
2.29342e-07
2.32199e-07
2.3506e-07
2.37926e-07
2.40795e-07
2.43668e-07
2.46545e-07
2.49424e-07
2.52306e-07
2.5519e-07
2.58076e-07
2.60964e-07
2.63853e-07
2.66742e-07
2.69633e-07
2.72523e-07
2.75414e-07
2.78306e-07
2.81197e-07
2.84088e-07
2.86979e-07
2.89866e-07
2.92751e-07
2.95631e-07
2.98506e-07
3.01377e-07
3.04242e-07
3.07102e-07
3.09956e-07
3.12804e-07
3.15647e-07
3.18483e-07
3.21314e-07
3.24137e-07
3.26954e-07
3.29765e-07
3.32568e-07
3.35364e-07
3.38152e-07
3.40932e-07
3.43705e-07
3.46469e-07
3.49224e-07
3.5197e-07
3.54707e-07
3.57435e-07
3.60152e-07
3.6286e-07
3.65557e-07
3.68243e-07
3.70919e-07
3.73583e-07
3.76236e-07
3.78876e-07
3.81505e-07
3.84121e-07
3.86724e-07
3.89315e-07
3.91892e-07
3.94455e-07
3.97005e-07
3.99541e-07
4.02062e-07
4.04569e-07
4.07061e-07
4.09538e-07
4.11999e-07
4.14445e-07
4.16875e-07
4.19289e-07
4.21687e-07
4.24068e-07
4.26432e-07
4.2878e-07
4.3111e-07
4.33422e-07
4.35717e-07
4.37994e-07
4.40253e-07
4.42494e-07
4.44716e-07
4.46919e-07
4.49103e-07
4.51269e-07
4.53415e-07
4.55541e-07
4.57648e-07
4.59734e-07
4.61801e-07
4.63848e-07
4.65874e-07
4.67879e-07
4.69864e-07
4.71828e-07
4.7377e-07
4.75691e-07
4.77591e-07
4.7947e-07
4.81326e-07
4.83161e-07
4.84973e-07
4.86764e-07
4.88532e-07
4.90278e-07
4.92001e-07
4.93701e-07
4.95379e-07
4.97033e-07
4.98664e-07
5.00272e-07
5.01857e-07
5.03419e-07
5.04956e-07
5.0647e-07
5.07961e-07
5.09427e-07
5.10869e-07
5.12287e-07
5.13682e-07
5.15051e-07
5.16397e-07
5.17718e-07
5.19014e-07
5.20286e-07
5.21533e-07
5.22755e-07
5.23952e-07
5.25125e-07
5.26272e-07
5.27395e-07
5.28492e-07
5.29564e-07
5.30611e-07
5.31632e-07
5.32628e-07
5.33599e-07
5.34544e-07
5.35464e-07
5.36358e-07
5.37227e-07
5.3807e-07
5.38887e-07
5.39679e-07
5.40445e-07
5.41185e-07
5.41899e-07
5.42588e-07
5.4325e-07
5.43887e-07
5.44498e-07
5.45083e-07
5.45643e-07
5.46178e-07
5.4669e-07
5.47177e-07
5.47641e-07
5.48082e-07
5.48499e-07
5.4889e-07
5.49254e-07
5.49588e-07
5.49892e-07
5.50165e-07
5.50406e-07
5.50616e-07
5.50795e-07
5.50943e-07
5.51061e-07
5.51149e-07
5.51207e-07
5.51236e-07
5.51236e-07
5.51208e-07
5.51152e-07
5.51069e-07
5.50958e-07
5.5082e-07
5.50656e-07
5.50465e-07
5.50248e-07
5.50005e-07
5.49736e-07
5.49442e-07
5.49122e-07
5.48776e-07
5.48405e-07
5.48009e-07
5.47588e-07
5.47141e-07
5.4667e-07
5.46174e-07
5.45653e-07
5.45107e-07
5.44536e-07
5.43941e-07
5.4332e-07
5.42676e-07
5.42007e-07
5.41313e-07
5.40595e-07
5.39852e-07
5.39085e-07
5.38294e-07
5.37478e-07
5.36638e-07
5.35774e-07
5.34886e-07
5.33974e-07
5.33038e-07
5.32078e-07
5.31094e-07
5.30087e-07
5.29055e-07
5.28e-07
5.26922e-07
5.25819e-07
5.24694e-07
5.23545e-07
5.22373e-07
5.21177e-07
5.19959e-07
5.18717e-07
5.17452e-07
5.16165e-07
5.14854e-07
5.13521e-07
5.12165e-07
5.10787e-07
5.09386e-07
5.07963e-07
5.06518e-07
5.0505e-07
5.03561e-07
5.02049e-07
5.00515e-07
4.9896e-07
4.97383e-07
4.95784e-07
4.94164e-07
4.92522e-07
4.90859e-07
4.89175e-07
4.8747e-07
4.85743e-07
4.83996e-07
4.82228e-07
4.8044e-07
4.7863e-07
4.76801e-07
4.7495e-07
4.7308e-07
4.7119e-07
4.69279e-07
4.67348e-07
4.65398e-07
4.63428e-07
4.61438e-07
4.59429e-07
4.57401e-07
4.55353e-07
4.53286e-07
4.512e-07
4.49095e-07
4.46971e-07
4.44828e-07
4.42667e-07
4.40488e-07
4.3829e-07
4.36073e-07
4.33839e-07
4.31587e-07
4.29316e-07
4.27028e-07
4.24722e-07
4.22399e-07
4.20058e-07
4.177e-07
4.15325e-07
4.12932e-07
4.10523e-07
4.08097e-07
4.05654e-07
4.03194e-07
4.00718e-07
3.98226e-07
3.9572e-07
3.932e-07
3.90667e-07
3.88121e-07
3.85563e-07
3.82989e-07
3.80396e-07
3.77784e-07
3.75149e-07
3.72492e-07
3.69812e-07
3.67109e-07
3.64383e-07
3.61636e-07
3.58867e-07
3.56077e-07
3.53267e-07
3.50437e-07
3.47588e-07
3.44721e-07
3.41836e-07
3.38934e-07
3.36016e-07
3.33082e-07
3.30132e-07
3.27168e-07
3.24189e-07
3.21196e-07
3.18189e-07
3.15169e-07
3.12136e-07
3.0909e-07
3.06031e-07
3.0296e-07
2.99877e-07
2.96783e-07
2.93676e-07
2.90558e-07
2.87429e-07
2.84288e-07
2.81137e-07
2.77974e-07
2.74801e-07
2.71616e-07
2.68422e-07
2.65217e-07
2.62001e-07
2.58775e-07
2.55539e-07
2.52293e-07
2.49037e-07
2.45771e-07
2.42495e-07
2.3921e-07
2.35914e-07
2.3261e-07
2.29295e-07
2.25972e-07
2.22639e-07
2.19297e-07
2.15945e-07
2.12585e-07
2.09216e-07
2.05838e-07
2.02451e-07
1.99055e-07
1.95651e-07
1.92238e-07
1.88816e-07
1.85387e-07
1.81949e-07
1.78503e-07
1.75048e-07
1.71586e-07
1.68116e-07
1.64638e-07
1.61153e-07
1.57659e-07
1.54158e-07
1.5065e-07
1.47134e-07
1.43611e-07
1.40081e-07
1.36544e-07
1.33e-07
1.29449e-07
1.25891e-07
1.22326e-07
1.18755e-07
1.15177e-07
1.11593e-07
1.08002e-07
1.04405e-07
1.00802e-07
9.71934e-08
9.35784e-08
8.99575e-08
8.63308e-08
8.26985e-08
7.90605e-08
7.54171e-08
7.17682e-08
6.8114e-08
6.44546e-08
6.07901e-08
5.71205e-08
5.3446e-08
4.97667e-08
4.60825e-08
4.23937e-08
3.87004e-08
3.50025e-08
3.13002e-08
2.75937e-08
2.38829e-08
2.0168e-08
1.64491e-08
1.27262e-08
8.99952e-09
5.26904e-09
1.53488e-09
-2.20286e-09
-5.9441e-09
-9.68875e-09
-1.34367e-08
-1.71879e-08
-2.09423e-08
-2.46997e-08
-2.84601e-08
-3.22233e-08
-3.59894e-08
-3.97582e-08
-4.35296e-08
-4.73036e-08
-5.108e-08
-5.48588e-08
-5.86398e-08
-6.24231e-08
-6.62086e-08
-6.9996e-08
-7.37854e-08
-7.75767e-08
-8.13698e-08
-8.51646e-08
-8.89611e-08
-9.27591e-08
-9.65585e-08
-1.00359e-07
-1.04162e-07
-1.07965e-07
-1.1177e-07
-1.15575e-07
-1.19382e-07
-1.23189e-07
-1.26998e-07
-1.30807e-07
-1.34617e-07
-1.38427e-07
-1.42238e-07
-1.4605e-07
-1.49862e-07
-1.53674e-07
-1.57487e-07
-1.61299e-07
-1.65112e-07
-1.68925e-07
-1.72737e-07
-1.7655e-07
-1.80362e-07
-1.84174e-07
-1.87986e-07
-1.91798e-07
-1.95609e-07
-1.99419e-07
-2.03229e-07
-2.07038e-07
-2.10846e-07
-2.14654e-07
-2.1846e-07
-2.22266e-07
-2.26071e-07
-2.29874e-07
-2.33677e-07
-2.37478e-07
-2.41281e-07
-2.45088e-07
-2.489e-07
-2.52719e-07
-2.56545e-07
-2.60379e-07
-2.64219e-07
-2.68066e-07
-2.71918e-07
-2.75773e-07
-2.79632e-07
-2.83493e-07
-2.87356e-07
-2.91219e-07
-2.95082e-07
-2.98945e-07
-3.02808e-07
-3.06668e-07
-3.10528e-07
-3.14385e-07
-3.18239e-07
-3.22092e-07
-3.25941e-07
-3.29787e-07
-3.33629e-07
-3.37468e-07
-3.41304e-07
-3.45135e-07
-3.48963e-07
-3.52786e-07
-3.56605e-07
-3.6042e-07
-3.64231e-07
-3.68037e-07
-3.71839e-07
-3.75636e-07
-3.79429e-07
-3.83217e-07
-3.87e-07
-3.90779e-07
-3.94553e-07
-3.98322e-07
-4.02087e-07
-4.05846e-07
-4.09601e-07
-4.13351e-07
-4.17096e-07
-4.20836e-07
-4.24571e-07
-4.28301e-07
-4.32027e-07
-4.35747e-07
-4.39462e-07
-4.43173e-07
-4.46878e-07
-4.50578e-07
-4.54273e-07
-4.57963e-07
-4.61648e-07
-4.65328e-07
-4.69003e-07
-4.72672e-07
-4.76337e-07
-4.79996e-07
-4.8365e-07
-4.87299e-07
-4.90943e-07
-4.94581e-07
-4.98214e-07
-5.01842e-07
-5.05464e-07
-5.09081e-07
-5.12693e-07
-5.16299e-07
-5.199e-07
-5.23496e-07
-5.27086e-07
-5.30671e-07
-5.3425e-07
-5.37823e-07
-5.41392e-07
-5.44954e-07
-5.48511e-07
-5.52063e-07
-5.55609e-07
-5.59149e-07
-5.62683e-07
-5.66212e-07
-5.69736e-07
-5.73253e-07
-5.76765e-07
-5.80271e-07
-5.83771e-07
-5.87266e-07
-5.90754e-07
-5.94237e-07
-5.97714e-07
-6.01185e-07
-6.0465e-07
-6.08109e-07
-6.11563e-07
-6.1501e-07
-6.18451e-07
-6.21887e-07
-6.25316e-07
-6.28739e-07
-6.32156e-07
-6.35567e-07
-6.38972e-07
-6.42371e-07
-6.45763e-07
-6.4915e-07
-6.5253e-07
-6.55904e-07
-6.59272e-07
-6.62633e-07
-6.65988e-07
-6.69337e-07
-6.7268e-07
-6.76016e-07
-6.79346e-07
-6.8267e-07
-6.85987e-07
-6.89297e-07
-6.92602e-07
-6.959e-07
-6.99191e-07
-7.02476e-07
-7.05754e-07
-7.09026e-07
-7.12292e-07
-7.1555e-07
-7.18803e-07
-7.22048e-07
-7.25287e-07
-7.2852e-07
-7.31746e-07
-7.34965e-07
-7.38177e-07
-7.41383e-07
-7.44582e-07
-7.47775e-07
-7.5096e-07
-7.54139e-07
-7.57312e-07
-7.60477e-07
-7.63636e-07
-7.66788e-07
-7.69933e-07
-7.73071e-07
-7.76202e-07
-7.79327e-07
-7.82445e-07
-7.85555e-07
-7.88659e-07
-7.91756e-07
-7.94847e-07
-7.9793e-07
-8.01006e-07
-8.04076e-07
-8.07138e-07
-8.10194e-07
-8.13242e-07
-8.16284e-07
-8.19318e-07
-8.22346e-07
-8.25366e-07
-8.2838e-07
-8.31386e-07
-8.34386e-07
-8.37378e-07
-8.40364e-07
-8.43342e-07
-8.46313e-07
-8.49277e-07
-8.52234e-07
-8.55185e-07
-8.58127e-07
-8.61063e-07
-8.63992e-07
-8.66914e-07
-8.69828e-07
-8.72735e-07
-8.75636e-07
-8.78529e-07
-8.81415e-07
-8.84293e-07
-8.87165e-07
-8.90029e-07
-8.92887e-07
-8.95737e-07
-8.9858e-07
-9.01416e-07
-9.04244e-07
-9.07066e-07
-9.0988e-07
-9.12687e-07
-9.15487e-07
-9.18279e-07
-9.21065e-07
-9.23843e-07
-9.26614e-07
-9.29378e-07
-9.32135e-07
-9.34884e-07
-9.37627e-07
-9.40362e-07
-9.43089e-07
-9.4581e-07
-9.48523e-07
-9.5123e-07
-9.53929e-07
-9.5662e-07
-9.59305e-07
-9.61982e-07
-9.64652e-07
-9.67315e-07
-9.69971e-07
-9.72619e-07
-9.75261e-07
-9.77895e-07
-9.80522e-07
-9.83141e-07
-9.85754e-07
-9.88359e-07
-9.90957e-07
-9.93548e-07
-9.96132e-07
-9.98708e-07
-1.00128e-06
-1.00384e-06
-1.00639e-06
-1.00894e-06
-1.01148e-06
-1.01402e-06
-1.01654e-06
-1.01906e-06
-1.02157e-06
-1.02408e-06
-1.02658e-06
-1.02907e-06
-1.03155e-06
-1.03403e-06
-1.03649e-06
-1.03896e-06
-1.04141e-06
-1.04386e-06
-1.0463e-06
-1.04873e-06
-1.05116e-06
-1.05358e-06
-1.05599e-06
-1.0584e-06
-1.06079e-06
-1.06319e-06
-1.06557e-06
-1.06795e-06
-1.07032e-06
-1.07268e-06
-1.07503e-06
-1.07738e-06
-1.07972e-06
-1.08206e-06
-1.08439e-06
-1.08671e-06
-1.08902e-06
-1.09133e-06
-1.09363e-06
-1.09592e-06
-1.09821e-06
-1.10048e-06
-1.10276e-06
-1.10502e-06
-1.10728e-06
-1.10953e-06
-1.11177e-06
-1.11401e-06
-1.11624e-06
-1.11847e-06
-1.12068e-06
-1.12289e-06
-1.12509e-06
-1.12729e-06
-1.12948e-06
-1.13166e-06
-1.13384e-06
-1.13601e-06
-1.13817e-06
-1.14032e-06
-1.14247e-06
-1.14461e-06
-1.14675e-06
-1.14888e-06
-1.151e-06
-1.15311e-06
-1.15522e-06
-1.15732e-06
-1.15942e-06
-1.16151e-06
-1.16359e-06
-1.16566e-06
-1.16773e-06
-1.16979e-06
-1.17184e-06
-1.17389e-06