103.45
416.525
538.575
560.425
580.075
599.05
618.45
638.025
657.775
908.8
930.95
954.275
977.35
1000.68
1219.13
1354.38
1382.4
1405.15
1425.98
1445.9
1465.48
1485.03
1751.63
2069.13
2092.08
2113.23
2133.4
2153.28
2173.18
2234.58
2565.45
2587.97
2951.42
3116.8
3143.45
3165.4
3185.72
3205.57
3225.32
3245.17
3265.22
3382.7
3721.05
4066.02
4086.9
4106.02
4125.65
4145.27
4165
4184.92
4547.75
4570.07
4594.25
4617.45
4640.8
4923.55
4952
4974.6
4995.55
5015.7
5035.55
5055.4
5401.4
5786.15
5806.2
5828.27
5850.45
5873.1
5896.3

