0
-2.69959e-06
-3.74106e-06
-4.14963e-06
-4.31116e-06
-4.37596e-06
-4.40283e-06
-4.41478e-06
-4.4208e-06
-4.42443e-06
-4.42706e-06
-4.42925e-06
-4.4312e-06
-4.43303e-06
-4.43475e-06
-4.4364e-06
-4.43799e-06
-4.43953e-06
-4.44101e-06
-4.44245e-06
-4.44385e-06
-4.44521e-06
-4.44653e-06
-4.44783e-06
-4.4491e-06
-4.45033e-06
-4.45155e-06
-4.45273e-06
-4.45388e-06
-4.45502e-06
-4.45613e-06
-4.45721e-06
-4.45828e-06
-4.45933e-06
-4.46036e-06
-4.46138e-06
-4.46238e-06
-4.46336e-06
-4.46433e-06
-4.46529e-06
-4.46623e-06
-4.46716e-06
-4.46808e-06
-4.46899e-06
-4.46989e-06
-4.47077e-06
-4.47165e-06
-4.47251e-06
-4.47336e-06
-4.47421e-06
-4.47504e-06
-4.47587e-06
-4.47668e-06
-4.47749e-06
-4.47829e-06
-4.47908e-06
-4.47986e-06
-4.48063e-06
-4.48139e-06
-4.48215e-06
-4.4829e-06
-4.48364e-06
-4.48437e-06
-4.4851e-06
-4.48582e-06
-4.48653e-06
-4.48723e-06
-4.48793e-06
-4.48862e-06
-4.48931e-06
-4.48998e-06
-4.49065e-06
-4.49132e-06
-4.49197e-06
-4.49262e-06
-4.49327e-06
-4.49391e-06
-4.49454e-06
-4.49517e-06
-4.49579e-06
-4.4964e-06
-4.49701e-06
-4.49761e-06
-4.49821e-06
-4.4988e-06
-4.49939e-06
-4.49997e-06
-4.50054e-06
-4.50111e-06
-4.50168e-06
-4.50224e-06
-4.50279e-06
-4.50334e-06
-4.50389e-06
-4.50443e-06
-4.50497e-06
-4.5055e-06
-4.50602e-06
-4.50654e-06
-4.50706e-06
-4.50757e-06
-4.50808e-06
-4.50858e-06
-4.50908e-06
-4.50958e-06
-4.51007e-06
-4.51055e-06
-4.51103e-06
-4.51151e-06
-4.51198e-06
-4.51245e-06
-4.51292e-06
-4.51338e-06
-4.51384e-06
-4.51429e-06
-4.51474e-06
-4.51519e-06
-4.51563e-06
-4.51607e-06
-4.51651e-06
-4.51694e-06
-4.51737e-06
-4.51779e-06
-4.51821e-06
-4.51863e-06
-4.51904e-06
-4.51946e-06
-4.51986e-06
-4.52027e-06
-4.52067e-06
-4.52107e-06
-4.52146e-06
-4.52185e-06
-4.52224e-06
-4.52263e-06
-4.52301e-06
-4.52339e-06
-4.52377e-06
-4.52414e-06
-4.52451e-06
-4.52488e-06
-4.52524e-06
-4.5256e-06
-4.52596e-06
-4.52632e-06
-4.52667e-06
-4.52702e-06
-4.52737e-06
-4.52771e-06
-4.52806e-06
-4.5284e-06
-4.52873e-06
-4.52907e-06
-4.5294e-06
-4.52973e-06
-4.53006e-06
-4.53038e-06
-4.5307e-06
-4.53102e-06
-4.53134e-06
-4.53166e-06
-4.53197e-06
-4.53228e-06
-4.53259e-06
-4.53289e-06
-4.5332e-06
-4.5335e-06
-4.5338e-06
-4.53409e-06
-4.53439e-06
-4.53468e-06
-4.53497e-06
-4.53526e-06
-4.53554e-06
-4.53582e-06
-4.53611e-06
-4.53638e-06
-4.53666e-06
-4.53694e-06
-4.53721e-06
-4.53748e-06
-4.53775e-06
-4.53802e-06
-4.53828e-06
-4.53854e-06
-4.53881e-06
-4.53906e-06
-4.53932e-06
-4.53958e-06
-4.53983e-06
-4.54008e-06
-4.54033e-06
-4.54058e-06
-4.54083e-06
-4.54107e-06
-4.54131e-06
-4.54155e-06
-4.54179e-06
-4.54203e-06
-4.54226e-06
-4.5425e-06
-4.54273e-06
-4.54296e-06
-4.54319e-06
-4.54342e-06
-4.54364e-06
-4.54386e-06
-4.54409e-06
-4.54431e-06
-4.54452e-06
-4.54474e-06
-4.54496e-06
-4.54517e-06
-4.54538e-06
-4.54559e-06
-4.5458e-06
-4.54601e-06
-4.54622e-06
-4.54642e-06
-4.54662e-06
-4.54682e-06
-4.54702e-06
-4.54722e-06
-4.54742e-06
-4.54761e-06
-4.54781e-06
-4.548e-06
-4.54819e-06
-4.54838e-06
-4.54857e-06
-4.54876e-06
-4.54894e-06
-4.54913e-06
-4.54931e-06
-4.54949e-06
-4.54967e-06
-4.54985e-06
-4.55003e-06
-4.5502e-06
-4.55038e-06
-4.55055e-06
-4.55072e-06
-4.55089e-06
-4.55106e-06
-4.55123e-06
-4.5514e-06
-4.55156e-06
-4.55172e-06
-4.55189e-06
-4.55205e-06
-4.55221e-06
-4.55237e-06
-4.55253e-06
-4.55268e-06
-4.55284e-06
-4.55299e-06
-4.55315e-06
-4.5533e-06
-4.55345e-06
-4.5536e-06
-4.55375e-06
-4.55389e-06
-4.55404e-06
-4.55419e-06
-4.55433e-06
-4.55447e-06
-4.55461e-06
-4.55475e-06
-4.55489e-06
-4.55503e-06
-4.55517e-06
-4.55531e-06
-4.55544e-06
-4.55557e-06
-4.55571e-06
-4.55584e-06
-4.55597e-06
-4.5561e-06
-4.55623e-06
-4.55636e-06
-4.55648e-06
-4.55661e-06
-4.55673e-06
-4.55686e-06
-4.55698e-06
-4.5571e-06
-4.55722e-06
-4.55734e-06
-4.55746e-06
-4.55758e-06
-4.55769e-06
-4.55781e-06
-4.55792e-06
-4.55804e-06
-4.55815e-06
-4.55826e-06
-4.55837e-06
-4.55848e-06
-4.55859e-06
-4.5587e-06
-4.55881e-06
-4.55891e-06
-4.55902e-06
-4.55912e-06
-4.55923e-06
-4.55933e-06
-4.55943e-06
-4.55953e-06
-4.55963e-06
-4.55973e-06
-4.55983e-06
-4.55993e-06
-4.56003e-06
-4.56012e-06
-4.56022e-06
-4.56031e-06
-4.5604e-06
-4.5605e-06
-4.56059e-06
-4.56068e-06
-4.56077e-06
-4.56086e-06
-4.56095e-06
-4.56104e-06
-4.56112e-06
-4.56121e-06
-4.5613e-06
-4.56138e-06
-4.56146e-06
-4.56155e-06
-4.56163e-06
-4.56171e-06
-4.56179e-06
-4.56187e-06
-4.56195e-06
-4.56203e-06
-4.56211e-06
-4.56219e-06
-4.56226e-06
-4.56234e-06
-4.56242e-06
-4.56249e-06
-4.56256e-06
-4.56264e-06
-4.56271e-06
-4.56278e-06
-4.56285e-06
-4.56292e-06
-4.56299e-06
-4.56306e-06
-4.56313e-06
-4.5632e-06
-4.56327e-06
-4.56333e-06
-4.5634e-06
-4.56346e-06
-4.56353e-06
-4.56359e-06
-4.56366e-06
-4.56372e-06
-4.56378e-06
-4.56384e-06
-4.56391e-06
-4.56397e-06
-4.56403e-06
-4.56408e-06
-4.56414e-06
-4.5642e-06
-4.56426e-06
-4.56432e-06
-4.56437e-06
-4.56443e-06
-4.56448e-06
-4.56454e-06
-4.56459e-06
-4.56465e-06
-4.5647e-06
-4.56475e-06
-4.5648e-06
-4.56486e-06
-4.56491e-06
-4.56496e-06
-4.56501e-06
-4.56506e-06
-4.5651e-06
-4.56515e-06
-4.5652e-06
-4.56525e-06
-4.56529e-06
-4.56534e-06
-4.56539e-06
-4.56543e-06
-4.56548e-06
-4.56552e-06
-4.56557e-06
-4.56561e-06
-4.56565e-06
-4.56569e-06
-4.56574e-06
-4.56578e-06
-4.56582e-06
-4.56586e-06
-4.5659e-06
-4.56594e-06
-4.56598e-06
-4.56602e-06
-4.56606e-06
-4.56609e-06
-4.56613e-06
-4.56617e-06
-4.5662e-06
-4.56624e-06
-4.56628e-06
-4.56631e-06
-4.56635e-06
-4.56638e-06
-4.56642e-06
-4.56645e-06
-4.56648e-06
-4.56652e-06
-4.56655e-06
-4.56658e-06
-4.56661e-06
-4.56664e-06
-4.56667e-06
-4.56671e-06
-4.56674e-06
-4.56677e-06
-4.5668e-06
-4.56682e-06
-4.56685e-06
-4.56688e-06
-4.56691e-06
-4.56694e-06
-4.56696e-06
-4.56699e-06
-4.56702e-06
-4.56705e-06
-4.56707e-06
-4.5671e-06
-4.56712e-06
-4.56715e-06
-4.56717e-06
-4.5672e-06
-4.56722e-06
-4.56724e-06
-4.56727e-06
-4.56729e-06
-4.56731e-06
-4.56734e-06
-4.56736e-06
-4.56738e-06
-4.5674e-06
-4.56742e-06
-4.56744e-06
-4.56746e-06
-4.56748e-06
-4.5675e-06
-4.56752e-06
-4.56754e-06
-4.56756e-06
-4.56758e-06
-4.5676e-06
-4.56762e-06
-4.56764e-06
-4.56765e-06
-4.56767e-06
-4.56769e-06
-4.56771e-06
-4.56772e-06
-4.56774e-06
-4.56775e-06
-4.56777e-06
-4.56779e-06
-4.5678e-06
-4.56782e-06
-4.56783e-06
-4.56785e-06
-4.56786e-06
-4.56788e-06
-4.56789e-06
-4.5679e-06
-4.56792e-06
-4.56793e-06
-4.56794e-06
-4.56796e-06
-4.56797e-06
-4.56798e-06
-4.56799e-06
-4.568e-06
-4.56802e-06
-4.56803e-06
-4.56804e-06
-4.56805e-06
-4.56806e-06
-4.56807e-06
-4.56808e-06
-4.56809e-06
-4.5681e-06
-4.56811e-06
-4.56812e-06
-4.56813e-06
-4.56814e-06
-4.56815e-06
-4.56816e-06
-4.56817e-06
-4.56817e-06
-4.56818e-06
-4.56819e-06
-4.5682e-06
-4.56821e-06
-4.56821e-06
-4.56822e-06
-4.56823e-06
-4.56823e-06
-4.56824e-06
-4.56825e-06
-4.56825e-06
-4.56826e-06
-4.56827e-06
-4.56827e-06
-4.56828e-06
-4.56828e-06
-4.56829e-06
-4.5683e-06
-4.5683e-06
-4.56831e-06
-4.56831e-06
-4.56831e-06
-4.56832e-06
-4.56832e-06
-4.56833e-06
-4.56833e-06
-4.56834e-06
-4.56834e-06
-4.56834e-06
-4.56835e-06
-4.56835e-06
-4.56835e-06
-4.56836e-06
-4.56836e-06
-4.56836e-06
-4.56836e-06
-4.56837e-06
-4.56837e-06
-4.56837e-06
-4.56837e-06
-4.56838e-06
-4.56838e-06
-4.56838e-06
-4.56838e-06
-4.56838e-06
-4.56838e-06
-4.56839e-06
-4.56839e-06
-4.56839e-06
-4.56839e-06
-4.56839e-06
-4.56839e-06
-4.56839e-06
-4.56839e-06
-4.56839e-06
-4.56839e-06
-4.56839e-06
-4.56839e-06
-4.56839e-06
-4.56839e-06
-4.56839e-06
-4.56839e-06
-4.56839e-06
-4.56839e-06
-4.56839e-06
-4.56839e-06
-4.56839e-06
-4.56839e-06
-4.56839e-06
-4.56838e-06
-4.56838e-06
-4.56838e-06
-4.56838e-06
-4.56838e-06
-4.56838e-06
-4.56838e-06
-4.56837e-06
-4.56837e-06
-4.56837e-06
-4.56837e-06
-4.56837e-06
-4.56836e-06
-4.56836e-06
-4.56836e-06
-4.56836e-06
-4.56835e-06
-4.56835e-06
-4.56835e-06
-4.56835e-06
-4.56834e-06
-4.56834e-06
-4.56834e-06
-4.56833e-06
-4.56833e-06
-4.56833e-06
-4.56832e-06
-4.56832e-06
-4.56832e-06
-4.56831e-06
-4.56831e-06
-4.56831e-06
-4.5683e-06
-4.5683e-06
-4.5683e-06
-4.56829e-06
-4.56829e-06
-4.56828e-06
-4.56828e-06
-4.56828e-06
-4.56827e-06
-4.56827e-06
-4.56826e-06
-4.56826e-06
-4.56825e-06
-4.56825e-06
-4.56825e-06
-4.56824e-06
-4.56824e-06
-4.56823e-06
-4.56823e-06
-4.56822e-06
-4.56822e-06
-4.56821e-06
-4.56821e-06
-4.5682e-06
-4.5682e-06
-4.56819e-06
-4.56819e-06
-4.56818e-06
-4.56818e-06
-4.56817e-06
-4.56817e-06
-4.56816e-06
-4.56816e-06
-4.56815e-06
-4.56815e-06
-4.56814e-06
-4.56814e-06
-4.56813e-06
-4.56813e-06
-4.56812e-06
-4.56811e-06
-4.56811e-06
-4.5681e-06
-4.5681e-06
-4.56809e-06
-4.56809e-06
-4.56808e-06
-4.56807e-06
-4.56807e-06
-4.56806e-06
-4.56806e-06
-4.56805e-06
-4.56804e-06
-4.56804e-06
-4.56803e-06
-4.56803e-06
-4.56802e-06
-4.56801e-06
-4.56801e-06
-4.568e-06
-4.568e-06
-4.56799e-06
-4.56798e-06
-4.56798e-06
-4.56797e-06
-4.56796e-06
-4.56796e-06
-4.56795e-06
-4.56795e-06
-4.56794e-06
-4.56793e-06
-4.56793e-06
-4.56792e-06
-4.56791e-06
-4.56791e-06
-4.5679e-06
-4.56789e-06
-4.56789e-06
-4.56788e-06
-4.56787e-06
-4.56787e-06
-4.56786e-06
-4.56785e-06
-4.56785e-06
-4.56784e-06
-4.56783e-06
-4.56783e-06
-4.56782e-06
-4.56781e-06
-4.56781e-06
-4.5678e-06
-4.56779e-06
-4.56779e-06
-4.56778e-06
-4.56777e-06
-4.56777e-06
-4.56776e-06
-4.56775e-06
-4.56775e-06
-4.56774e-06
-4.56773e-06
-4.56773e-06
-4.56772e-06
-4.56771e-06
-4.56771e-06
-4.5677e-06
-4.56769e-06
-4.56769e-06
-4.56768e-06
-4.56767e-06
-4.56767e-06
-4.56766e-06
-4.56765e-06
-4.56764e-06
-4.56764e-06
-4.56763e-06
-4.56762e-06
-4.56762e-06
-4.56761e-06
-4.5676e-06
-4.5676e-06
-4.56759e-06
-4.56758e-06
-4.56758e-06
-4.56757e-06
-4.56756e-06
-4.56755e-06
-4.56755e-06
-4.56754e-06
-4.56753e-06
-4.56753e-06
-4.56752e-06
-4.56751e-06
-4.56751e-06
-4.5675e-06
-4.56749e-06
-4.56749e-06
-4.56748e-06
-4.56747e-06
-4.56746e-06
-4.56746e-06
-4.56745e-06
-4.56744e-06
-4.56744e-06
-4.56743e-06
-4.56742e-06
-4.56742e-06
-4.56741e-06
-4.5674e-06
-4.5674e-06
-4.56739e-06
-4.56738e-06
-4.56738e-06
-4.56737e-06
-4.56736e-06
-4.56736e-06
-4.56735e-06
-4.56734e-06
-4.56733e-06
-4.56733e-06
-4.56732e-06
-4.56731e-06
-4.56731e-06
-4.5673e-06
-4.56729e-06
-4.56729e-06
-4.56728e-06
-4.56727e-06
-4.56727e-06
-4.56726e-06
-4.56725e-06
-4.56725e-06
-4.56724e-06
-4.56723e-06
-4.56723e-06
-4.56722e-06
-4.56721e-06
-4.56721e-06
-4.5672e-06
-4.56719e-06
-4.56719e-06
-4.56718e-06
-4.56717e-06
-4.56717e-06
-4.56716e-06
-4.56715e-06
-4.56715e-06
-4.56714e-06
-4.56714e-06
-4.56713e-06
-4.56712e-06
-4.56712e-06
-4.56711e-06
-4.5671e-06
-4.5671e-06
-4.56709e-06
-4.56708e-06
-4.56708e-06
-4.56707e-06
-4.56706e-06
-4.56706e-06
-4.56705e-06
-4.56705e-06
-4.56704e-06
-4.56703e-06
-4.56703e-06
-4.56702e-06
-4.56701e-06
-4.56701e-06
-4.567e-06
-4.567e-06
-4.56699e-06
-4.56698e-06
-4.56698e-06
-4.56697e-06
-4.56696e-06
-4.56696e-06
-4.56695e-06
-4.56695e-06
-4.56694e-06
-4.56693e-06
-4.56693e-06
-4.56692e-06
-4.56692e-06
-4.56691e-06
-4.5669e-06
-4.5669e-06
-4.56689e-06
-4.56689e-06
-4.56688e-06
-4.56687e-06
-4.56687e-06
-4.56686e-06
-4.56686e-06
-4.56685e-06
-4.56685e-06
-4.56684e-06
-4.56683e-06
-4.56683e-06
-4.56682e-06
-4.56682e-06
-4.56681e-06
-4.5668e-06
-4.5668e-06
-4.56679e-06
-4.56679e-06
-4.56678e-06
-4.56678e-06
-4.56677e-06
-4.56677e-06
-4.56676e-06
-4.56675e-06
-4.56675e-06
-4.56674e-06
-4.56674e-06
-4.56673e-06
-4.56673e-06
-4.56672e-06
-4.56672e-06
-4.56671e-06
-4.56671e-06
-4.5667e-06
-4.56669e-06
-4.56669e-06
-4.56668e-06
-4.56668e-06
-4.56667e-06
-4.56667e-06
-4.56666e-06
-4.56666e-06
-4.56665e-06
-4.56665e-06
-4.56664e-06
-4.56664e-06
-4.56663e-06
-4.56663e-06
-4.56662e-06
-4.56662e-06
-4.56661e-06
-4.56661e-06
-4.5666e-06
-4.5666e-06
-4.56659e-06
-4.56659e-06
-4.56658e-06
-4.56658e-06
-4.56657e-06
-4.56657e-06
-4.56656e-06
-4.56656e-06
-4.56655e-06
-4.56655e-06
-4.56654e-06
-4.56654e-06
-4.56653e-06
-4.56653e-06
-4.56653e-06
-4.56652e-06
-4.56652e-06
-4.56651e-06
-4.56651e-06
-4.5665e-06
-4.5665e-06
-4.56649e-06
-4.56649e-06
-4.56648e-06
-4.56648e-06
-4.56647e-06
-4.56647e-06
-4.56647e-06
-4.56646e-06
-4.56646e-06
-4.56645e-06
-4.56645e-06
-4.56644e-06
-4.56644e-06
-4.56644e-06
-4.56643e-06
-4.56643e-06
-4.56642e-06
-4.56642e-06
-4.56641e-06
-4.56641e-06
-4.56641e-06
-4.5664e-06
-4.5664e-06
-4.56639e-06
-4.56639e-06
-4.56639e-06
-4.56638e-06
-4.56638e-06
-4.56637e-06
-4.56637e-06
-4.56637e-06
-4.56636e-06
-4.56636e-06
-4.56635e-06
-4.56635e-06
-4.56635e-06
-4.56634e-06
-4.56634e-06
-4.56634e-06
-4.56633e-06
-4.56633e-06
-4.56632e-06
-4.56632e-06
-4.56632e-06
-4.56631e-06
-4.56631e-06
-4.56631e-06
-4.5663e-06
-4.5663e-06
-4.5663e-06
-4.56629e-06
-4.56629e-06
-4.56628e-06
-4.56628e-06
-4.56628e-06
-4.56627e-06
-4.56627e-06
-4.56627e-06
-4.56626e-06
-4.56626e-06
-4.56626e-06
-4.56625e-06
-4.56625e-06
-4.56625e-06
-4.56624e-06
-4.56624e-06
-4.56624e-06
-4.56623e-06
-4.56623e-06
-4.56623e-06
-4.56623e-06
-4.56622e-06
-4.56622e-06
-4.56622e-06
-4.56621e-06
-4.56621e-06
-4.56621e-06
-4.5662e-06
-4.5662e-06
-4.5662e-06
-4.56619e-06
-4.56619e-06
-4.56619e-06
-4.56619e-06
-4.56618e-06
-4.56618e-06
-4.56618e-06
-4.56617e-06
-4.56617e-06
-4.56617e-06
-4.56617e-06
-4.56616e-06
-4.56616e-06
-4.56616e-06
-4.56616e-06
-4.56615e-06
-4.56615e-06
-4.56615e-06
-4.56615e-06
-4.56614e-06
-4.56614e-06
-4.56614e-06
-4.56614e-06
-4.56613e-06
-4.56613e-06
-4.56613e-06
-4.56613e-06
-4.56612e-06
-4.56612e-06
-4.56612e-06
-4.56612e-06
-4.56611e-06
-4.56611e-06
-4.56611e-06
-4.56611e-06
-4.5661e-06
-4.5661e-06
-4.5661e-06
-4.5661e-06
-4.5661e-06
-4.56609e-06
-4.56609e-06
-4.56609e-06
-4.56609e-06
-4.56608e-06
-4.56608e-06
-4.56608e-06
-4.56608e-06
-4.56608e-06
-4.56607e-06
-4.56607e-06
-4.56607e-06
-4.56607e-06
-4.56607e-06
-4.56606e-06
-4.56606e-06
-4.56606e-06
-4.56606e-06
-4.56606e-06
-4.56606e-06
-4.56605e-06
-4.56605e-06
-4.56605e-06
-4.56605e-06
-4.56605e-06
-4.56604e-06
-4.56604e-06
-4.56604e-06
-4.56604e-06
-4.56604e-06
-4.56604e-06
-4.56603e-06
-4.56603e-06
-4.56603e-06
-4.56603e-06
-4.56603e-06
-4.56603e-06
-4.56603e-06
-4.56602e-06
-4.56602e-06
-4.56602e-06
-4.56602e-06
-4.56602e-06
-4.56602e-06
-4.56602e-06
-4.56601e-06
-4.56601e-06
-4.56601e-06
-4.56601e-06
-4.56601e-06
-4.56601e-06
-4.56601e-06
-4.56601e-06
-4.566e-06
-4.566e-06
-4.566e-06
-4.566e-06
-4.566e-06
-4.566e-06
-4.566e-06
-4.566e-06
-4.56599e-06
-4.56599e-06
-4.56599e-06
-4.56599e-06
-4.56599e-06
-4.56599e-06
-4.56599e-06
-4.56599e-06
-4.56599e-06
-4.56599e-06
-4.56598e-06
-4.56598e-06
-4.56598e-06
-4.56598e-06
-4.56598e-06
-4.56598e-06
-4.56598e-06
-4.56598e-06
-4.56598e-06
-4.56598e-06
-4.56598e-06
-4.56598e-06
-4.56598e-06
-4.56597e-06
-4.56597e-06
-4.56597e-06
-4.56597e-06
-4.56597e-06
-4.56597e-06
-4.56597e-06
-4.56597e-06
-4.56597e-06
-4.56597e-06
-4.56597e-06
-4.56597e-06
-4.56597e-06
-4.56597e-06
-4.56597e-06
-4.56597e-06
-4.56597e-06
-4.56596e-06
-4.56596e-06
-4.56596e-06
-4.56596e-06
-4.56596e-06
-4.56596e-06
-4.56596e-06
-4.56596e-06
-4.56596e-06
-4.56596e-06
-4.56596e-06
-4.56596e-06
-4.56596e-06
-4.56596e-06
-4.56596e-06
-4.56596e-06
-4.56596e-06
-4.56596e-06
-4.56596e-06
-4.56596e-06
-4.56596e-06
-4.56596e-06
-4.56596e-06
-4.56596e-06
-4.56596e-06
-4.56596e-06
-4.56596e-06
-4.56596e-06
-4.56596e-06
-4.56596e-06
-4.56596e-06
-4.56596e-06
-4.56596e-06
-4.56596e-06
-4.56596e-06
-4.56596e-06
-4.56596e-06
-4.56596e-06
-4.56596e-06
-4.56596e-06
-4.56596e-06
-4.56596e-06
-4.56596e-06
-4.56596e-06
-4.56596e-06
-4.56596e-06
-4.56596e-06
-4.56596e-06
-4.56596e-06
-4.56596e-06
-4.56596e-06
-4.56596e-06
-4.56596e-06
-4.56596e-06
-4.56596e-06
-4.56596e-06
-4.56596e-06
-4.56596e-06
-4.56596e-06
-4.56597e-06
-4.56597e-06
-4.56597e-06
-4.56597e-06
-4.56597e-06
-4.56597e-06
-4.56597e-06
-4.56597e-06
-4.56597e-06
-4.56597e-06
-4.56597e-06
-4.56597e-06
-4.56597e-06
-4.56597e-06
-4.56597e-06
-4.56597e-06
-4.56597e-06
-4.56597e-06
-4.56598e-06
-4.56598e-06
-4.56598e-06
-4.56598e-06
-4.56598e-06
-4.56598e-06
-4.56598e-06
-4.56598e-06
-4.56598e-06
-4.56598e-06
-4.56598e-06
-4.56598e-06
-4.56598e-06
-4.56598e-06
-4.56599e-06
-4.56599e-06
-4.56599e-06
-4.56599e-06
-4.56599e-06
-4.56599e-06
-4.56599e-06
-4.56599e-06
-4.56599e-06
-4.56599e-06
-4.56599e-06
-4.566e-06
-4.566e-06
-4.566e-06
-4.566e-06
-4.566e-06
-4.566e-06
-4.566e-06
-4.566e-06
-4.566e-06
-4.566e-06
-4.56601e-06
-4.56601e-06
-4.56601e-06
-4.56601e-06
-4.56601e-06
-4.56601e-06
-4.56601e-06
-4.56601e-06
-4.56601e-06
-4.56602e-06
-4.56602e-06
-4.56602e-06
-4.56602e-06
-4.56602e-06
-4.56602e-06
-4.56602e-06
-4.56602e-06
-4.56603e-06
-4.56603e-06
-4.56603e-06
-4.56603e-06
-4.56603e-06
-4.56603e-06
-4.56603e-06
-4.56604e-06
-4.56604e-06
-4.56604e-06
-4.56604e-06
-4.56604e-06
-4.56604e-06
-4.56604e-06
-4.56604e-06
-4.56605e-06
-4.56605e-06
-4.56605e-06
-4.56605e-06
-4.56605e-06
-4.56605e-06
-4.56606e-06
-4.56606e-06
-4.56606e-06
-4.56606e-06
-4.56606e-06
-4.56606e-06
-4.56606e-06
-4.56607e-06
-4.56607e-06
-4.56607e-06
-4.56607e-06
-4.56607e-06
-4.56607e-06
-4.56608e-06
-4.56608e-06
-4.56608e-06
-4.56608e-06
-4.56608e-06
-4.56608e-06
-4.56609e-06
-4.56609e-06
-4.56609e-06
-4.56609e-06
-4.56609e-06
-4.56609e-06
-4.5661e-06
-4.5661e-06
-4.5661e-06
-4.5661e-06
-4.5661e-06
-4.5661e-06
-4.56611e-06
-4.56611e-06
-4.56611e-06
-4.56611e-06
-4.56611e-06
-4.56612e-06
-4.56612e-06
-4.56612e-06
-4.56612e-06
-4.56612e-06
-4.56613e-06
-4.56613e-06
-4.56613e-06
-4.56613e-06
-4.56613e-06
-4.56614e-06
-4.56614e-06
-4.56614e-06
-4.56614e-06
-4.56614e-06
-4.56614e-06
-4.56615e-06
-4.56615e-06
-4.56615e-06
-4.56615e-06
-4.56616e-06
-4.56616e-06
-4.56616e-06
-4.56616e-06
-4.56616e-06
-4.56617e-06
-4.56617e-06
-4.56617e-06
-4.56617e-06
-4.56617e-06
-4.56618e-06
-4.56618e-06
-4.56618e-06
-4.56618e-06
-4.56618e-06
-4.56619e-06
-4.56619e-06
-4.56619e-06
-4.56619e-06
-4.5662e-06
-4.5662e-06
-4.5662e-06
-4.5662e-06
-4.5662e-06
-4.56621e-06
-4.56621e-06
-4.56621e-06
-4.56621e-06
-4.56622e-06
-4.56622e-06
-4.56622e-06
-4.56622e-06
-4.56623e-06
-4.56623e-06
-4.56623e-06
-4.56623e-06
-4.56623e-06
-4.56624e-06
-4.56624e-06
-4.56624e-06
-4.56624e-06
-4.56625e-06
-4.56625e-06
-4.56625e-06
-4.56625e-06
-4.56626e-06
-4.56626e-06
-4.56626e-06
-4.56626e-06
-4.56627e-06
-4.56627e-06
-4.56627e-06
-4.56627e-06
-4.56628e-06
-4.56628e-06
-4.56628e-06
-4.56628e-06
-4.56629e-06
-4.56629e-06
-4.56629e-06
-4.56629e-06
-4.5663e-06
-4.5663e-06
-4.5663e-06
-1.45195e-05
-2.15568e-05
-2.47908e-05
-2.56681e-05
-2.53821e-05
-2.46118e-05
-2.36903e-05
-2.27658e-05
-2.1898e-05
-2.11059e-05
-2.03922e-05
-1.9753e-05
-1.91814e-05
-1.86711e-05
-1.82165e-05
-1.78115e-05
-1.74509e-05
-1.71307e-05
-1.68478e-05
-1.65993e-05
-1.63817e-05
-1.61924e-05
-1.60292e-05
-1.58907e-05
-1.57761e-05
-1.56844e-05
-1.56149e-05
-1.55658e-05
-1.55361e-05
-1.5525e-05
-1.55323e-05
-1.55576e-05
-1.56018e-05
-1.56654e-05
-1.57489e-05
-1.58522e-05
-1.5975e-05
-1.61173e-05
-1.62798e-05
-1.64633e-05
-1.66702e-05
-1.6903e-05
-1.71638e-05
-1.74542e-05
-1.77756e-05
-1.81303e-05
-1.85229e-05
-1.89601e-05
-1.94484e-05
-1.99929e-05
-2.06003e-05
-2.12843e-05
-2.20609e-05
-2.2945e-05
-2.39603e-05
-2.51416e-05
-2.65274e-05
-2.81829e-05
-3.01925e-05
-3.26923e-05
-3.58889e-05
-4.01321e-05
-4.60531e-05
-5.4908e-05
-6.95631e-05
-9.78372e-05
-0.000166004
-0.000342102
-0.000590683
-0.000634448
-0.000492316
-0.000356752
-0.000268218
-0.000217028
-0.000187616
-0.000169914
-0.000159019
-0.000152782
-0.000150224
-0.000150819
-0.000154221
-0.000160161
-0.0001684
-0.000178713
-0.00019088
-0.000204678
-0.000219887
-0.000236287
-0.000253663
-0.000271809
-0.000290527
-0.000309634
-0.000328961
-0.000348353
-0.000367672
-0.000386798
-0.000405623
-0.000424058
-0.000442026
-0.000459463
-0.000476321
-0.000492558
-0.000508147
-0.000523066
-0.000537302
-0.00055085
-0.00056371
-0.000575885
-0.000587389
-0.000598233
-0.000608433
-0.000618011
-0.000626984
-0.00063538
-0.000643224
-0.000650539
-0.000657352
-0.000663696
-0.000669597
-0.000675085
-0.000680186
-0.000684935
-0.000689365
-0.000693503
-0.000697378
-0.000701016
-0.000704443
-0.000707683
-0.000710755
-0.000713679
-0.00071647
-0.000719134
-0.000721672
-0.000724074
-0.000726324
-0.000728391
-0.000730234
-0.000731797
-0.000733004
-0.000733764
-0.000733962
-0.000733465
-0.000732115
-0.000729734
-0.000726128
-0.000721087
-0.000714399
-0.000705859
-0.000695303
-0.000682623
-0.000667774
-0.000650801
-0.00063179
-0.000610849
-0.000587966
-0.000562895
-0.000535463
-0.000505539
-0.000473084
-0.000438187
-0.000401097
-0.000362238
-0.000322222
-0.000281852
-0.000242096
-0.000204022
-0.00016869
-0.000137004
-0.000109573
-8.66359e-05
-6.8056e-05
-5.34095e-05
-4.20965e-05
-3.34759e-05
-2.69479e-05
-2.20049e-05
-1.82411e-05
-1.53479e-05
-1.30978e-05
-1.13258e-05
-9.91299e-06
-8.77412e-06
-7.8473e-06
-7.08726e-06
-6.4603e-06
-5.94091e-06
-5.50943e-06
-5.15044e-06
-4.85166e-06
-4.60316e-06
-4.39686e-06
-4.22606e-06
-4.08522e-06
-3.9697e-06
-3.87561e-06
-3.79968e-06
-3.73912e-06
-3.69161e-06
-3.65516e-06
-3.62807e-06
-3.60891e-06
-3.59647e-06
-3.58971e-06
-3.58774e-06
-3.58981e-06
-3.59527e-06
-3.60359e-06
-3.61429e-06
-3.62697e-06
-3.64129e-06
-3.65695e-06
-3.67372e-06
-3.69137e-06
-3.70973e-06
-3.72863e-06
-3.74794e-06
-3.76755e-06
-3.78735e-06
-3.80726e-06
-3.82721e-06
-3.84713e-06
-3.86697e-06
-3.88668e-06
-3.90622e-06
-3.92555e-06
-3.94465e-06
-3.96349e-06
-3.98204e-06
-4.00028e-06
-4.0182e-06
-4.03578e-06
-4.05301e-06
-4.06988e-06
-4.08637e-06
-4.10247e-06
-4.11819e-06
-4.13351e-06
-4.14842e-06
-4.16293e-06
-4.17702e-06
-4.1907e-06
-4.20396e-06
-4.2168e-06
-4.22922e-06
-4.24121e-06
-4.25277e-06
-4.26391e-06
-4.27462e-06
-4.2849e-06
-4.29475e-06
-4.30418e-06
-4.31318e-06
-4.32176e-06
-4.32991e-06
-4.33764e-06
-4.34495e-06
-4.35184e-06
-4.35831e-06
-4.36437e-06
-4.37001e-06
-4.37524e-06
-4.38007e-06
-4.38449e-06
-4.38852e-06
-4.39214e-06
-4.39537e-06
-4.3982e-06
-4.40065e-06
-4.40271e-06
-4.4044e-06
-4.4057e-06
-4.40663e-06
-4.4072e-06
-4.4074e-06
-4.40723e-06
-4.40671e-06
-4.40584e-06
-4.40462e-06
-4.40306e-06
-4.40116e-06
-4.39893e-06
-4.39636e-06
-4.39347e-06
-4.39026e-06
-4.38673e-06
-4.3829e-06
-4.37875e-06
-4.37431e-06
-4.36957e-06
-4.36453e-06
-4.35922e-06
-4.35361e-06
-4.34774e-06
-4.34159e-06
-4.33517e-06
-4.32849e-06
-4.32156e-06
-4.31437e-06
-4.30693e-06
-4.29925e-06
-4.29134e-06
-4.28319e-06
-4.27481e-06
-4.26621e-06
-4.2574e-06
-4.24836e-06
-4.23912e-06
-4.22968e-06
-4.22003e-06
-4.2102e-06
-4.20017e-06
-4.18995e-06
-4.17956e-06
-4.16898e-06
-4.15824e-06
-4.14733e-06
-4.13625e-06
-4.12502e-06
-4.11363e-06
-4.10209e-06
-4.09041e-06
-4.07858e-06
-4.06662e-06
-4.05452e-06
-4.04229e-06
-4.02994e-06
-4.01747e-06
-4.00488e-06
-3.99217e-06
-3.97936e-06
-3.96644e-06
-3.95342e-06
-3.9403e-06
-3.92709e-06
-3.91379e-06
-3.9004e-06
-3.88692e-06
-3.87336e-06
-3.85973e-06
-3.84602e-06
-3.83224e-06
-3.81839e-06
-3.80448e-06
-3.79051e-06
-3.77647e-06
-3.76238e-06
-3.74824e-06
-3.73405e-06
-3.71981e-06
-3.70553e-06
-3.6912e-06
-3.67684e-06
-3.66244e-06
-3.64801e-06
-3.63355e-06
-3.61906e-06
-3.60454e-06
-3.59e-06
-3.57544e-06
-3.56087e-06
-3.54627e-06
-3.53167e-06
-3.51705e-06
-3.50242e-06
-3.48779e-06
-3.47315e-06
-3.45851e-06
-3.44387e-06
-3.42923e-06
-3.41459e-06
-3.39995e-06
-3.38533e-06
-3.37071e-06
-3.3561e-06
-3.3415e-06
-3.32692e-06
-3.31235e-06
-3.2978e-06
-3.28327e-06
-3.26876e-06
-3.25427e-06
-3.2398e-06
-3.22536e-06
-3.21094e-06
-3.19655e-06
-3.18219e-06
-3.16786e-06
-3.15356e-06
-3.1393e-06
-3.12506e-06
-3.11086e-06
-3.0967e-06
-3.08258e-06
-3.06849e-06
-3.05444e-06
-3.04043e-06
-3.02646e-06
-3.01254e-06
-2.99866e-06
-2.98482e-06
-2.97103e-06
-2.95728e-06
-2.94358e-06
-2.92993e-06
-2.91632e-06
-2.90277e-06
-2.88926e-06
-2.87581e-06
-2.86241e-06
-2.84906e-06
-2.83576e-06
-2.82251e-06
-2.80932e-06
-2.79618e-06
-2.7831e-06
-2.77008e-06
-2.75711e-06
-2.74419e-06
-2.73134e-06
-2.71854e-06
-2.7058e-06
-2.69312e-06
-2.6805e-06
-2.66793e-06
-2.65543e-06
-2.64299e-06
-2.6306e-06
-2.61828e-06
-2.60602e-06
-2.59383e-06
-2.58169e-06
-2.56962e-06
-2.5576e-06
-2.54566e-06
-2.53377e-06
-2.52195e-06
-2.51019e-06
-2.49849e-06
-2.48686e-06
-2.4753e-06
-2.46379e-06
-2.45235e-06
-2.44098e-06
-2.42967e-06
-2.41843e-06
-2.40725e-06
-2.39613e-06
-2.38509e-06
-2.3741e-06
-2.36318e-06
-2.35233e-06
-2.34154e-06
-2.33082e-06
-2.32017e-06
-2.30958e-06
-2.29905e-06
-2.28859e-06
-2.2782e-06
-2.26787e-06
-2.25761e-06
-2.24742e-06
-2.23729e-06
-2.22722e-06
-2.21723e-06
-2.2073e-06
-2.19744e-06
-2.18765e-06
-2.17792e-06
-2.16826e-06
-2.15866e-06
-2.14913e-06
-2.13966e-06
-2.13026e-06
-2.12092e-06
-2.11164e-06
-2.10243e-06
-2.09329e-06
-2.08421e-06
-2.07519e-06
-2.06624e-06
-2.05735e-06
-2.04853e-06
-2.03977e-06
-2.03108e-06
-2.02245e-06
-2.01388e-06
-2.00538e-06
-1.99694e-06
-1.98856e-06
-1.98025e-06
-1.972e-06
-1.96381e-06
-1.95569e-06
-1.94763e-06
-1.93963e-06
-1.9317e-06
-1.92382e-06
-1.91601e-06
-1.90826e-06
-1.90057e-06
-1.89295e-06
-1.88538e-06
-1.87788e-06
-1.87043e-06
-1.86305e-06
-1.85573e-06
-1.84847e-06
-1.84127e-06
-1.83412e-06
-1.82704e-06
-1.82002e-06
-1.81306e-06
-1.80615e-06
-1.79931e-06
-1.79252e-06
-1.78579e-06
-1.77912e-06
-1.77251e-06
-1.76595e-06
-1.75946e-06
-1.75302e-06
-1.74663e-06
-1.74031e-06
-1.73404e-06
-1.72783e-06
-1.72167e-06
-1.71557e-06
-1.70953e-06
-1.70354e-06
-1.69761e-06
-1.69173e-06
-1.6859e-06
-1.68014e-06
-1.67442e-06
-1.66876e-06
-1.66315e-06
-1.6576e-06
-1.6521e-06
-1.64666e-06
-1.64127e-06
-1.63593e-06
-1.63064e-06
-1.6254e-06
-1.62022e-06
-1.61509e-06
-1.61001e-06
-1.60499e-06
-1.60001e-06
-1.59508e-06
-1.59021e-06
-1.58539e-06
-1.58061e-06
-1.57589e-06
-1.57122e-06
-1.56659e-06
-1.56202e-06
-1.55749e-06
-1.55302e-06
-1.54859e-06
-1.54421e-06
-1.53988e-06
-1.5356e-06
-1.53136e-06
-1.52718e-06
-1.52304e-06
-1.51894e-06
-1.5149e-06
-1.5109e-06
-1.50695e-06
-1.50304e-06
-1.49918e-06
-1.49537e-06
-1.4916e-06
-1.48787e-06
-1.4842e-06
-1.48056e-06
-1.47697e-06
-1.47343e-06
-1.46993e-06
-1.46648e-06
-1.46308e-06
-1.45972e-06
-1.45641e-06
-1.45314e-06
-1.44991e-06
-1.44673e-06
-1.44358e-06
-1.44048e-06
-1.43742e-06
-1.4344e-06
-1.43142e-06
-1.42849e-06
-1.42559e-06
-1.42274e-06
-1.41993e-06
-1.41715e-06
-1.41442e-06
-1.41173e-06
-1.40908e-06
-1.40647e-06
-1.4039e-06
-1.40137e-06
-1.39888e-06
-1.39643e-06
-1.39402e-06
-1.39165e-06
-1.38931e-06
-1.38702e-06
-1.38476e-06
-1.38255e-06
-1.38037e-06
-1.37823e-06
-1.37612e-06
-1.37406e-06
-1.37203e-06
-1.37004e-06
-1.36809e-06
-1.36617e-06
-1.36429e-06
-1.36245e-06
-1.36064e-06
-1.35887e-06
-1.35714e-06
-1.35544e-06
-1.35378e-06
-1.35215e-06
-1.35056e-06
-1.349e-06
-1.34748e-06
-1.346e-06
-1.34455e-06
-1.34313e-06
-1.34175e-06
-1.3404e-06
-1.33908e-06
-1.3378e-06
-1.33656e-06
-1.33534e-06
-1.33416e-06
-1.33302e-06
-1.3319e-06
-1.33082e-06
-1.32977e-06
-1.32876e-06
-1.32777e-06
-1.32682e-06
-1.3259e-06
-1.32502e-06
-1.32416e-06
-1.32334e-06
-1.32255e-06
-1.32178e-06
-1.32105e-06
-1.32036e-06
-1.31969e-06
-1.31905e-06
-1.31844e-06
-1.31786e-06
-1.31732e-06
-1.3168e-06
-1.31631e-06
-1.31586e-06
-1.31543e-06
-1.31503e-06
-1.31466e-06
-1.31432e-06
-1.31401e-06
-1.31373e-06
-1.31348e-06
-1.31325e-06
-1.31306e-06
-1.31289e-06
-1.31275e-06
-1.31264e-06
-1.31255e-06
-1.3125e-06
-1.31247e-06
-1.31247e-06
-1.31249e-06
-1.31255e-06
-1.31263e-06
-1.31273e-06
-1.31287e-06
-1.31303e-06
-1.31322e-06
-1.31343e-06
-1.31367e-06
-1.31394e-06
-1.31423e-06
-1.31454e-06
-1.31489e-06
-1.31526e-06
-1.31566e-06
-1.31609e-06
-1.31655e-06
-1.31704e-06
-1.31755e-06
-1.31808e-06
-1.31864e-06
-1.31922e-06
-1.31982e-06
-1.32045e-06
-1.3211e-06
-1.32178e-06
-1.32248e-06
-1.3232e-06
-1.32394e-06
-1.32471e-06
-1.3255e-06
-1.32632e-06
-1.32716e-06
-1.32802e-06
-1.3289e-06
-1.32981e-06
-1.33074e-06
-1.3317e-06
-1.33268e-06
-1.33368e-06
-1.3347e-06
-1.33575e-06
-1.33681e-06
-1.3379e-06
-1.33902e-06
-1.34015e-06
-1.34131e-06
-1.34249e-06
-1.34369e-06
-1.34491e-06
-1.34616e-06
-1.34743e-06
-1.34871e-06
-1.35002e-06
-1.35135e-06
-1.35271e-06
-1.35408e-06
-1.35547e-06
-1.35689e-06
-1.35833e-06
-1.35978e-06
-1.36126e-06
-1.36276e-06
-1.36428e-06
-1.36582e-06
-1.36738e-06
-1.36896e-06
-1.37055e-06
-1.37217e-06
-1.37381e-06
-1.37547e-06
-1.37715e-06
-1.37885e-06
-1.38057e-06
-1.38231e-06
-1.38406e-06
-1.38584e-06
-1.38763e-06
-1.38945e-06
-1.39128e-06
-1.39313e-06
-1.395e-06
-1.39689e-06
-1.3988e-06
-1.40073e-06
-1.40267e-06
-1.40463e-06
-1.40661e-06
-1.40861e-06
-1.41063e-06
-1.41266e-06
-1.41472e-06
-1.41679e-06
-1.41888e-06
-1.42098e-06
-1.42311e-06
-1.42525e-06
-1.4274e-06
-1.42958e-06
-1.43177e-06
-1.43398e-06
-1.43621e-06
-1.43845e-06
-1.44071e-06
-1.44299e-06
-1.44528e-06
-1.44759e-06
-1.44991e-06
-1.45226e-06
-1.45461e-06
-1.45699e-06
-1.45938e-06
-1.46179e-06
-1.46421e-06
-1.46665e-06
-1.4691e-06
-1.47157e-06
-1.47406e-06
-1.47656e-06
-1.47907e-06
-1.48161e-06
-1.48415e-06
-1.48672e-06
-1.48929e-06
-1.49188e-06
-1.49449e-06
-1.49711e-06
-1.49975e-06
-1.5024e-06
-1.50507e-06
-1.50775e-06
-1.51044e-06
-1.51315e-06
-1.51587e-06
-1.51861e-06
-1.52136e-06
-1.52414e-06
-1.52693e-06
-1.52974e-06
-1.53256e-06
-1.53541e-06
-1.53827e-06
-1.54114e-06
-1.54402e-06
-1.54692e-06
-1.54983e-06
-1.55274e-06
-1.55567e-06
-1.55861e-06
-1.56157e-06
-1.56453e-06
-1.56751e-06
-1.5705e-06
-1.5735e-06
-1.57651e-06
-1.57954e-06
-1.58258e-06
-1.58563e-06
-1.58869e-06
-1.59177e-06
-1.59486e-06
-1.59796e-06
-1.60107e-06
-1.6042e-06
-1.60734e-06
-1.61049e-06
-1.61365e-06
-1.61682e-06
-1.62001e-06
-1.62321e-06
-1.62642e-06
-1.62964e-06
-1.63287e-06
-1.63612e-06
-1.63937e-06
-1.64264e-06
-1.64592e-06
-1.64921e-06
-1.65252e-06
-1.65583e-06
-1.65916e-06
-1.66249e-06
-1.66584e-06
-1.6692e-06
-1.67257e-06
-1.67595e-06
-1.67934e-06
-1.68274e-06
-1.68615e-06
-1.68958e-06
-1.69301e-06
-1.69646e-06
-1.69991e-06
-1.70337e-06
-1.70685e-06
-1.71034e-06
-1.71383e-06
-1.71734e-06
-1.72085e-06
-1.72438e-06
-1.72791e-06
-1.73146e-06
-1.73501e-06
-1.73858e-06
-1.74215e-06
-1.74574e-06
-1.74933e-06
-1.75293e-06
-1.75654e-06
-1.76016e-06
-1.76379e-06
-1.76743e-06
-1.77108e-06
-1.77474e-06
-1.7784e-06
-1.78208e-06
-1.78576e-06
-1.78945e-06
-1.79315e-06
-1.79686e-06
-1.80058e-06
-1.80431e-06
-1.80804e-06
-1.81179e-06
-1.81554e-06
-1.8193e-06
-1.82306e-06
-1.82684e-06
-1.83062e-06
-1.83441e-06
-1.83821e-06
-1.84202e-06
-1.84583e-06
-1.84965e-06
-1.85348e-06
-1.85732e-06
-1.86116e-06
-1.86501e-06
-1.86887e-06
-1.87274e-06
-1.87661e-06
-1.88049e-06
-1.88437e-06
-1.88827e-06
-1.89217e-06
-1.89608e-06
-1.89999e-06
-1.90391e-06
-1.90784e-06
-1.91177e-06
-1.91571e-06
-1.91966e-06
-1.92361e-06
-1.92757e-06
-1.93153e-06
-1.9355e-06
-1.93948e-06
-1.94346e-06
-1.94745e-06
-1.95144e-06
-1.95544e-06
-1.95945e-06
-1.96346e-06
-1.96748e-06
-1.9715e-06
-1.97553e-06
-1.97956e-06
-1.9836e-06
-1.98765e-06
-1.99169e-06
-1.99575e-06
-1.99981e-06
-2.00387e-06
-2.00794e-06
-2.01201e-06
-2.01609e-06
-2.02018e-06
-2.02426e-06
-2.02836e-06
-2.03245e-06
-2.03656e-06
-2.04066e-06
-2.04477e-06
-2.04889e-06
-2.053e-06
-2.05713e-06
-2.06125e-06
-2.06538e-06
-2.06952e-06
-2.07366e-06
-2.0778e-06
-2.08194e-06
-2.08609e-06
-2.09025e-06
-2.0944e-06
-2.09856e-06
-2.10273e-06
-2.10691e-06
-2.11109e-06
-2.11528e-06
-2.11947e-06
-2.12368e-06
-2.12789e-06
-2.1321e-06
-2.13633e-06
-2.14055e-06
-2.14478e-06
-2.14902e-06
-2.15325e-06
-2.15749e-06
-2.16173e-06
-2.16596e-06
-2.1702e-06
-2.17443e-06
-2.17867e-06
-2.1829e-06
-2.18714e-06
-2.19138e-06
-2.19562e-06
-2.19986e-06
-2.2041e-06
-2.20834e-06
-2.21258e-06
-2.21683e-06
-2.22108e-06
-2.22533e-06
-2.22958e-06
-2.23383e-06
-2.23808e-06
-2.24234e-06
-2.24659e-06
-2.25085e-06
-2.25511e-06
-2.25937e-06
-2.26364e-06
-2.2679e-06
-2.27217e-06
-2.27643e-06
-2.2807e-06
-2.28497e-06
-2.28924e-06
-2.29351e-06
-2.29779e-06
-2.30206e-06
-2.30634e-06
-2.31061e-06
-2.31489e-06
-2.31917e-06
-2.32345e-06
-2.32773e-06
-2.33201e-06
-2.33629e-06
-2.34057e-06
-2.34485e-06
-2.34913e-06
-2.35342e-06
-2.3577e-06
-2.36198e-06
-2.36627e-06
-2.37055e-06
-2.37484e-06
-2.37912e-06
-2.38341e-06
-2.38769e-06
-2.39198e-06
-2.39626e-06
-2.40055e-06
-2.40483e-06
-2.40911e-06
-2.4134e-06
-2.41768e-06
-2.42197e-06
-2.42625e-06
-2.43053e-06
-2.43481e-06
-2.43909e-06
-2.44337e-06
-2.44765e-06
-2.45193e-06
-2.45621e-06
-2.46049e-06
-2.46476e-06
-2.46904e-06
-2.47331e-06
-2.47759e-06
-2.48186e-06
-2.48613e-06
-2.4904e-06
-2.49467e-06
-2.49894e-06
-2.5032e-06
-2.50747e-06
-2.51173e-06
-2.51599e-06
-2.52025e-06
-2.52451e-06
-2.52877e-06
-2.53302e-06
-2.53727e-06
-2.54152e-06
-2.54577e-06
-2.55002e-06
-2.55427e-06
-2.55851e-06
-2.56275e-06
-2.56699e-06
-2.57123e-06
-2.57547e-06
-2.5797e-06
-2.58393e-06
-2.58816e-06
-2.59239e-06
-2.59661e-06
-2.60083e-06
-2.60505e-06
-2.60927e-06
-2.61348e-06
-2.61769e-06
-2.6219e-06
-2.62611e-06
-2.63031e-06
-2.63451e-06
-2.63871e-06
-2.6429e-06
-2.6471e-06
-2.65128e-06
-2.65547e-06
-2.65965e-06
-2.66383e-06
-2.66801e-06
-2.67218e-06
-2.67635e-06
-2.68052e-06
-2.68469e-06
-2.68885e-06
-2.693e-06
-2.69716e-06
-2.70131e-06
-2.70545e-06
-2.7096e-06
-2.71374e-06
-2.71787e-06
-2.72201e-06
-2.72614e-06
-2.73026e-06
-2.73438e-06
-2.7385e-06
-2.74261e-06
-2.74672e-06
-2.75083e-06
-2.75493e-06
-2.75903e-06
-2.76313e-06
-2.76722e-06
-2.7713e-06
-2.77538e-06
-2.77946e-06
-2.78354e-06
-2.78761e-06
-2.79167e-06
-2.79573e-06
-2.79979e-06
-2.80384e-06
-2.80789e-06
-2.81193e-06
-2.81597e-06
-2.82001e-06
-2.82404e-06
-2.82806e-06
-2.83208e-06
-2.8361e-06
-2.84011e-06
-2.84412e-06
-2.84812e-06
-2.85212e-06
-2.85611e-06
-2.8601e-06
-2.86409e-06
-2.86806e-06
-2.87204e-06
-2.87601e-06
-2.87997e-06
-2.88393e-06
-2.88788e-06
-2.89183e-06
-2.89578e-06
-2.89972e-06
-2.90365e-06
-2.90758e-06
-2.9115e-06
-2.91542e-06
-2.91933e-06
-2.92324e-06
-2.92715e-06
-2.93104e-06
-2.93493e-06
-2.93882e-06
-2.9427e-06
-2.94658e-06
-2.95045e-06
-2.95432e-06
-2.95818e-06
-2.96203e-06
-2.96588e-06
-2.96972e-06
-2.97356e-06
-2.97739e-06
-2.98122e-06
-2.98504e-06
-2.98885e-06
-2.99266e-06
-2.99647e-06
-3.00027e-06
-3.00406e-06
-3.00785e-06
-3.01163e-06
-3.0154e-06
-3.01917e-06
-3.02293e-06
-3.02669e-06
-3.03044e-06
-3.03419e-06
-3.03793e-06
-3.04166e-06
-3.04539e-06
-3.04911e-06
-3.05283e-06
-3.05654e-06
-3.06025e-06
-3.06394e-06
-3.06764e-06
-3.07132e-06
-3.075e-06
-3.07868e-06
-3.08234e-06
-3.086e-06
-3.08966e-06
-3.09331e-06
-3.09695e-06
-3.10059e-06
-3.10422e-06
-3.10784e-06
-3.11146e-06
-3.11507e-06
-3.11868e-06
-3.12228e-06
-3.12587e-06
-3.12946e-06
-3.13304e-06
-3.13661e-06
-3.14018e-06
-3.14374e-06
-3.1473e-06
-3.15084e-06
-3.15439e-06
-3.15792e-06
-3.16145e-06
-3.16497e-06
-3.16849e-06
-3.172e-06
-3.1755e-06
-3.179e-06
-3.18249e-06
-3.18597e-06
-3.18945e-06
-3.19292e-06
-3.19639e-06
-3.19984e-06
-3.20329e-06
-3.20674e-06
-3.21018e-06
-3.21361e-06
-3.21703e-06
-3.22045e-06
-3.22386e-06
-3.22727e-06
-3.23066e-06
-3.23405e-06
-3.23744e-06
-3.24082e-06
-3.24419e-06
-3.24755e-06
-3.25091e-06
-3.25426e-06
-3.25761e-06
-3.26094e-06
-3.26428e-06
-3.2676e-06
-3.27092e-06
-3.27423e-06
-3.27753e-06
-3.28083e-06
-3.28412e-06
-3.2874e-06
-3.29068e-06
-3.29395e-06
-3.29721e-06
-3.30047e-06
-3.30372e-06
-3.30696e-06
-3.3102e-06
-3.31343e-06
-3.31665e-06
-3.31987e-06
-3.32308e-06
-3.32628e-06
-3.32948e-06
-3.33266e-06
-3.33585e-06
-3.33902e-06
-3.34219e-06
-3.34535e-06
-3.3485e-06
-3.35165e-06
-3.35479e-06
-3.35793e-06
-3.36105e-06
-3.36417e-06
-3.36729e-06
-3.37039e-06
-3.37349e-06
-3.37659e-06
-3.37967e-06
-3.38275e-06
-3.38582e-06
-3.38889e-06
-3.39195e-06
-3.395e-06
-3.39804e-06
-3.40108e-06
-3.40411e-06
-3.40714e-06
-3.41015e-06
-3.41316e-06
-3.41617e-06
-3.41916e-06
-3.42215e-06
-3.42514e-06
-3.42811e-06
-3.43108e-06
-3.43404e-06
-3.437e-06
-3.43995e-06
-3.44289e-06
-3.44582e-06
-3.44875e-06
-3.45167e-06
-3.45459e-06
-3.4575e-06
-3.4604e-06
-3.46329e-06
-3.46618e-06
-3.46906e-06
-3.47193e-06
-3.4748e-06
-3.47766e-06
-3.48051e-06
-3.48336e-06
-3.4862e-06
-3.48903e-06
-3.49185e-06
-3.49467e-06
-3.49748e-06
-3.50029e-06
-3.50309e-06
-3.50588e-06
-3.50867e-06
-3.51144e-06
-3.51421e-06
-3.51698e-06
-3.51974e-06
-3.52249e-06
-3.52523e-06
-3.52797e-06
-3.5307e-06
-3.53343e-06
-3.53614e-06
-3.53885e-06
-3.54156e-06
-3.54425e-06
-3.54694e-06
-3.54963e-06
-3.55231e-06
-3.55498e-06
-3.55764e-06
-3.5603e-06
-3.56295e-06
-3.56559e-06
-3.56823e-06
-3.57086e-06
-3.57348e-06
-3.5761e-06
-3.57871e-06
-3.58131e-06
-3.58391e-06
-3.5865e-06
-3.58908e-06
-3.59166e-06
-3.59423e-06
-3.59679e-06
-3.59935e-06
-3.6019e-06
-3.60445e-06
-3.60699e-06
-3.60952e-06
-3.61204e-06
-3.61456e-06
-3.61707e-06
-3.61958e-06
-3.62207e-06
-3.62457e-06
-3.62705e-06
-3.62953e-06
-3.632e-06
-3.63447e-06
-3.63693e-06
-3.63938e-06
-3.64183e-06
-3.64427e-06
-3.6467e-06
-3.64913e-06
-3.65155e-06
-3.65396e-06
-3.65637e-06
-3.65877e-06
-3.66117e-06
-3.66356e-06
-3.66594e-06
-3.66832e-06
-3.67069e-06
-3.67305e-06
-3.67541e-06
-3.67776e-06
-3.6801e-06
-3.68244e-06
-3.68477e-06
-3.6871e-06
-3.68942e-06
-3.69173e-06
-3.69404e-06
-3.69634e-06
-3.69863e-06
-3.70092e-06
-3.7032e-06
-3.70548e-06
-3.70775e-06
-3.71001e-06
-3.71228e-06
-3.71453e-06
-3.71678e-06
-3.71902e-06
-3.72126e-06
-3.72349e-06
-3.72572e-06
-3.72794e-06
-3.73016e-06
-3.73237e-06
-3.73457e-06
-3.73677e-06
-3.73896e-06
-3.74114e-06
-3.74332e-06
-3.7455e-06
-3.74766e-06
-3.74983e-06
-3.75198e-06
-3.75413e-06
-3.75628e-06
-3.75842e-06
-3.76055e-06
-3.76268e-06
-3.7648e-06
-3.76691e-06
-3.76902e-06
-3.77112e-06
-3.77322e-06
-3.77531e-06
-3.7774e-06
-3.77948e-06
-3.78155e-06
-3.78362e-06
-3.78568e-06
-3.78774e-06
-3.78979e-06
-3.79183e-06
-3.79387e-06
-3.7959e-06
-3.79793e-06
-3.79995e-06
-3.80197e-06
-3.80398e-06
-3.80598e-06
-3.80798e-06
-3.80998e-06
-3.81196e-06
-3.81395e-06
-3.81592e-06
-3.81789e-06
-3.81986e-06
-3.82182e-06
-3.82377e-06
-3.82572e-06
-3.82766e-06
-3.8296e-06
-3.83153e-06
-3.83346e-06
-3.83538e-06
-3.83729e-06
-3.8392e-06
-3.8411e-06
-3.843e-06
-3.84489e-06
-3.84678e-06
-3.84866e-06
-3.85054e-06
-3.85241e-06
-3.85428e-06
-3.85614e-06
-3.85799e-06
-3.85984e-06
-3.86168e-06
-3.86352e-06
-3.86535e-06
-3.86718e-06
-3.869e-06
-3.87082e-06
-3.87263e-06
-3.87444e-06
-3.87624e-06
-3.87804e-06
-3.87983e-06
-3.88161e-06
-3.88339e-06
-3.88517e-06
-3.88693e-06
-3.8887e-06
-3.89046e-06
-3.89221e-06
-3.89396e-06
-3.8957e-06
-3.89744e-06
-3.89918e-06
-3.9009e-06
-3.90263e-06
-3.90434e-06
-3.90606e-06
-3.90776e-06
-3.90947e-06
-3.91116e-06
-3.91286e-06
-3.91454e-06
-3.91623e-06
-3.9179e-06
-3.91957e-06
-3.92124e-06
-3.9229e-06
-3.92456e-06
-3.92621e-06
-3.92786e-06
-3.9295e-06
-3.93114e-06
-3.93277e-06
-3.9344e-06
-3.93602e-06
-3.93764e-06
-3.93925e-06
-3.94086e-06
-3.94247e-06
-3.94406e-06
-3.94566e-06
-3.94725e-06
-3.94883e-06
-3.95041e-06
-3.95198e-06
-3.95355e-06
-3.95512e-06
-3.95668e-06
-3.95823e-06
-3.95979e-06
-3.96133e-06
-3.96287e-06
-3.96441e-06
-3.96594e-06
-3.96747e-06
-3.96899e-06
-3.97051e-06
-3.97202e-06
-3.97353e-06
-3.97504e-06
-3.97653e-06
-3.97803e-06
-3.97952e-06
-3.98101e-06
-3.98249e-06
-3.98396e-06
-3.98544e-06
-3.9869e-06
-3.98837e-06
-3.98983e-06
-3.99128e-06
-3.99273e-06
-3.99417e-06
-3.99562e-06
-3.99705e-06
-3.99848e-06
-3.99991e-06
-4.00133e-06
-4.00275e-06
-4.00417e-06
-4.00558e-06
-4.00698e-06
-4.00839e-06
-4.00978e-06
-4.01118e-06
-4.01256e-06
-4.01395e-06
-4.01533e-06
-4.0167e-06
-4.01807e-06
-4.01944e-06
-4.0208e-06
-4.02216e-06
-4.02352e-06
-4.02487e-06
-4.02621e-06
-4.02755e-06
-4.02889e-06
-4.03023e-06
-4.03155e-06
-4.03288e-06
-4.0342e-06
-4.03552e-06
-4.03683e-06
-4.03814e-06
-4.03944e-06
-4.04074e-06
-4.04204e-06
-4.04333e-06
-4.04462e-06
-4.04591e-06
-4.04719e-06
-4.04846e-06
-4.04973e-06
-4.051e-06
-4.05227e-06
-4.05353e-06
-4.05478e-06
-4.05604e-06
-4.05729e-06
-4.05853e-06
-4.05977e-06
-4.06101e-06
-4.06224e-06
-4.06347e-06
-4.06469e-06
-4.06592e-06
-4.06713e-06
-4.06835e-06
-4.06956e-06
-4.07076e-06
-4.07196e-06
-4.07316e-06
-4.07436e-06
-4.07555e-06
-4.07674e-06
-4.07792e-06
-4.0791e-06
-4.08027e-06
-4.08145e-06
-4.08262e-06
-4.08378e-06
-4.08494e-06
-4.0861e-06
-4.08725e-06
-4.0884e-06
-4.08955e-06
-4.09069e-06
-4.09183e-06
-4.09297e-06
-4.0941e-06
-4.09523e-06
-4.09635e-06
-4.09747e-06
-4.09859e-06
-4.0997e-06
-4.10081e-06
-4.10192e-06
-4.10302e-06
-4.10412e-06
-4.10522e-06
-4.10631e-06
-4.1074e-06
-4.10849e-06
-4.10957e-06
-4.11065e-06
-4.11173e-06
-4.1128e-06
-4.11387e-06
-4.11493e-06
-4.11599e-06
-4.11705e-06
-4.11811e-06
-4.11916e-06
-4.12021e-06
-4.12125e-06
-4.12229e-06
-4.12333e-06
-4.12437e-06
-4.1254e-06
-4.12643e-06
-4.12745e-06
-4.12848e-06
-4.12949e-06
-4.13051e-06
-4.13152e-06
-4.13253e-06
-4.13354e-06
-4.13454e-06
-4.13554e-06
-4.13653e-06
-4.13753e-06
-4.13852e-06
-4.1395e-06
-4.14048e-06
-4.14146e-06
-4.14244e-06
-4.14342e-06
-4.14439e-06
-4.14535e-06
-4.14632e-06
-4.14728e-06
-4.14824e-06
-4.14919e-06
-4.15014e-06
-4.15109e-06
-4.15204e-06
-4.15298e-06
-4.15392e-06
-4.15486e-06
-4.15579e-06
-4.15672e-06
-4.15765e-06
-4.15857e-06
-4.1595e-06
-4.16041e-06
-4.16133e-06
-4.16224e-06
-4.16315e-06
-4.16406e-06
-4.16496e-06
-4.16586e-06
-4.16676e-06
-4.16766e-06
-4.16855e-06
-4.16944e-06
-4.17033e-06
-4.17121e-06
-4.17209e-06
-4.17297e-06
-4.17384e-06
-4.17471e-06
-4.17558e-06
-4.17645e-06
-4.17731e-06
-4.17818e-06
-4.17903e-06
-4.17989e-06
-4.18074e-06
-4.18159e-06
-4.18244e-06
-4.18328e-06
-4.18412e-06
-4.18496e-06
-4.1858e-06
-4.18663e-06
-4.18746e-06
-4.18829e-06
-4.18912e-06
-4.18994e-06
-4.19076e-06
-4.19158e-06
-4.19239e-06
-4.1932e-06
-4.19401e-06
-4.19482e-06
-4.19562e-06
-4.19642e-06
-4.19722e-06
-4.19802e-06
-4.19881e-06
-4.1996e-06
-4.20039e-06
-4.20118e-06
-4.20196e-06
-4.20274e-06
-4.20352e-06
-4.2043e-06
-4.20507e-06
-4.20584e-06
-4.20661e-06
-4.20737e-06
-4.20813e-06
-4.20889e-06
-4.20965e-06
-4.21041e-06
-4.21116e-06
-4.21191e-06
-4.21266e-06
-4.2134e-06
-4.21414e-06
-4.21488e-06
-4.21562e-06
-4.21635e-06
-4.21709e-06
-4.21782e-06
-4.21854e-06
-4.21927e-06
-4.21999e-06
-4.22071e-06
-4.22143e-06
-4.22215e-06
-4.22286e-06
-4.22357e-06
-4.22428e-06
-4.22499e-06
-4.22569e-06
-4.22639e-06
-4.22709e-06
-4.22779e-06
-4.22849e-06
-4.22918e-06
-4.22987e-06
-4.23056e-06
-4.23124e-06
-4.23193e-06
-4.23261e-06
-4.23329e-06
-4.23397e-06
-4.23464e-06
-4.23531e-06
-4.23598e-06
-4.23665e-06
-4.23732e-06
-4.23798e-06
-4.23864e-06
-4.2393e-06
-4.23996e-06
-4.24062e-06
-4.24127e-06
-4.24192e-06
-4.24257e-06
-4.24322e-06
-4.24386e-06
-4.2445e-06
-4.24514e-06
-4.24578e-06
-4.24642e-06
-4.24705e-06
-4.24769e-06
-4.24832e-06
-4.24894e-06
-4.24957e-06
-4.25019e-06
-4.25082e-06
-4.25144e-06
-4.25205e-06
-4.25267e-06
-4.25328e-06
-4.2539e-06
-4.25451e-06
-4.25511e-06
-4.25572e-06
-4.25632e-06
-4.25693e-06
-4.25752e-06
-4.25812e-06
-4.25872e-06
-4.25931e-06
-4.25991e-06
-4.2605e-06
-4.26108e-06
-4.26167e-06
-4.26225e-06
-4.26284e-06
-4.26342e-06
-4.264e-06
-4.26457e-06
-4.26515e-06
-4.26572e-06
-4.26629e-06
-4.26686e-06
-4.26743e-06
-4.26799e-06
-4.26856e-06
-4.26912e-06
-4.26968e-06
-4.27024e-06
-4.27079e-06
-4.27135e-06
-4.2719e-06
-4.27245e-06
-4.273e-06
-4.27355e-06
-4.27409e-06
-4.27464e-06
-4.27518e-06
-4.27572e-06
-4.27626e-06
-4.27679e-06
-4.27733e-06
-4.27786e-06
-4.27839e-06
-4.27892e-06
-4.27945e-06
-4.27998e-06
-4.2805e-06
-4.28102e-06
-4.28154e-06
-4.28206e-06
-4.28258e-06
-4.2831e-06
-4.28361e-06
-4.28412e-06
-4.28463e-06
-4.28514e-06
-4.28565e-06
-4.28616e-06
-4.28666e-06
-4.28716e-06
-4.28766e-06
-4.28816e-06
-4.28866e-06
-4.28916e-06
-4.28965e-06
-4.29014e-06
-4.29063e-06
-4.29112e-06
-4.29161e-06
-4.2921e-06
-4.29258e-06
-4.29306e-06
-4.29354e-06
-4.29402e-06
-4.2945e-06
-4.29498e-06
-4.29545e-06
-4.29593e-06
-4.2964e-06
-4.29687e-06
-4.29734e-06
-4.29781e-06
-4.29827e-06
-4.29874e-06
-4.2992e-06
-4.29966e-06
-4.30012e-06
-4.30058e-06
-4.30103e-06
-4.30149e-06
-4.30194e-06
-4.30239e-06
-4.30284e-06
-4.30329e-06
-4.30374e-06
-4.30419e-06
-4.30463e-06
-4.30508e-06
-4.30552e-06
-4.30596e-06
-4.3064e-06
-4.30683e-06
-4.30727e-06
-4.3077e-06
-4.30814e-06
-4.30857e-06
-4.309e-06
-4.30943e-06
-4.30986e-06
-4.31028e-06
-4.31071e-06
-4.31113e-06
-4.31155e-06
-4.31197e-06
-4.31239e-06
-4.31281e-06
-4.31322e-06
-4.31364e-06
-4.31405e-06
-4.31446e-06
-4.31488e-06
-4.31528e-06
-4.31569e-06
-4.3161e-06
-4.31651e-06
-4.31691e-06
-4.31731e-06
-4.31771e-06
-4.31811e-06
-4.31851e-06
-4.31891e-06
-4.31931e-06
-4.3197e-06
-4.32009e-06
-4.32049e-06
-4.32088e-06
-4.32127e-06
-4.32166e-06
-4.32204e-06
-4.32243e-06
-4.32281e-06
-4.3232e-06
-4.32358e-06
-4.32396e-06
-4.32434e-06
-4.32472e-06
-4.32509e-06
-4.32547e-06
-4.32584e-06
-4.32622e-06
-4.32659e-06
-4.32696e-06
-4.32733e-06
-4.3277e-06
-4.32807e-06
-4.32843e-06
-4.3288e-06
-4.32916e-06
-4.32952e-06
-4.32988e-06
-4.33024e-06
-4.3306e-06
-4.33096e-06
-4.33132e-06
-4.33167e-06
-4.33203e-06
-4.33238e-06
-4.33273e-06
-4.33308e-06
-4.33343e-06
-4.33378e-06
-4.33413e-06
-4.33447e-06
-4.33482e-06
-4.33516e-06
-4.3355e-06
-4.33584e-06
-4.33618e-06
-4.33652e-06
-4.33686e-06
-4.3372e-06
-4.33753e-06
-4.33787e-06
-4.3382e-06
-4.33854e-06
-4.33887e-06
-4.3392e-06
-4.33953e-06
-4.33986e-06
-4.34018e-06
-4.34051e-06
-4.34083e-06
-4.34116e-06
-4.34148e-06
-4.3418e-06
-4.34212e-06
-4.34244e-06
-4.34276e-06
-4.34308e-06
-4.34339e-06
-4.34371e-06
-4.34402e-06
-4.34434e-06
-4.34465e-06
-4.34496e-06
-4.34527e-06
-4.34558e-06
-4.34589e-06
-4.3462e-06
-4.3465e-06
-4.34681e-06
-4.34711e-06
-4.34742e-06
-4.34772e-06
-4.34802e-06
-4.34832e-06
-4.34862e-06
-4.34892e-06
-4.34921e-06
-4.34951e-06
-4.34981e-06
-4.3501e-06
-4.35039e-06
-4.35069e-06
-4.35098e-06
-4.35127e-06
-4.35156e-06
-4.35185e-06
-4.35213e-06
-4.35242e-06
-4.35271e-06
-4.35299e-06
-4.35327e-06
-4.35356e-06
-4.35384e-06
-4.35412e-06
-4.3544e-06
-4.35468e-06
-4.35496e-06
-4.35524e-06
-4.35551e-06
-4.35579e-06
-4.35606e-06
-4.35634e-06
-4.35661e-06
-4.35688e-06
-4.35715e-06
-4.35742e-06
-4.35769e-06
-4.35796e-06
-4.35823e-06
-4.35849e-06
-4.35876e-06
-4.35902e-06
-4.35929e-06
-4.35955e-06
-4.35981e-06
-4.36007e-06
-4.36034e-06
-4.3606e-06
-4.36085e-06
-4.36111e-06
-4.36137e-06
-4.36163e-06
-4.36188e-06
-4.36214e-06
-4.36239e-06
-4.36264e-06
-4.36289e-06
-4.36315e-06
-4.3634e-06
-4.36365e-06
-4.36389e-06
-4.36414e-06
-4.36439e-06
-4.36464e-06
-4.36488e-06
-4.36513e-06
-4.36537e-06
-4.36561e-06
-4.36586e-06
-4.3661e-06
-4.36634e-06
-4.36658e-06
-4.36682e-06
-4.36706e-06
-4.36729e-06
-4.36753e-06
-4.36777e-06
-4.368e-06
-4.36824e-06
-4.36847e-06
-4.3687e-06
-4.36894e-06
-4.36917e-06
-4.3694e-06
-4.36963e-06
-4.36986e-06
-4.37009e-06
-4.37031e-06
-4.37054e-06
-4.37077e-06
-4.37099e-06
-4.37122e-06
-4.37144e-06
-4.37166e-06
-4.37189e-06
-4.37211e-06
-4.37233e-06
-4.37255e-06
-4.37277e-06
-4.37299e-06
-4.37321e-06
-4.37342e-06
-4.37364e-06
-4.37386e-06
-4.37407e-06
-4.37429e-06
-4.3745e-06
-4.37471e-06
-4.37493e-06
-4.37514e-06
-4.37535e-06
-4.37556e-06
-4.37577e-06
-4.37598e-06
-4.37619e-06
-4.37639e-06
-4.3766e-06
-4.37681e-06
-4.37701e-06
-4.37722e-06
-4.37742e-06
-4.37763e-06
-4.37783e-06
-4.37803e-06
-4.37823e-06
-4.37843e-06
-4.37863e-06
-4.37883e-06
-4.37903e-06
-4.37923e-06
-4.37943e-06
-4.37963e-06
-4.37982e-06
-4.38002e-06
-4.38021e-06
-4.38041e-06
-4.3806e-06
-4.3808e-06
-4.38099e-06
-4.38118e-06
-4.38137e-06
-4.38156e-06
-4.38175e-06
-4.38194e-06
-4.38213e-06
-4.38232e-06
-4.38251e-06
-4.38269e-06
-4.38288e-06
-4.38307e-06
-4.38325e-06
-4.38344e-06
-4.38362e-06
-4.3838e-06
-4.38399e-06
-4.38417e-06
-4.38435e-06
-4.38453e-06
-4.38471e-06
-4.38489e-06
-4.38507e-06
-4.38525e-06
-4.38543e-06
-4.38561e-06
-4.38578e-06
-4.38596e-06
-4.38614e-06
-4.38631e-06
-4.38649e-06
-4.38666e-06
-4.38683e-06
-4.38701e-06
-4.38718e-06
-4.38735e-06
-4.38752e-06
-4.38769e-06
-4.38786e-06
-4.38803e-06
-4.3882e-06
-4.38837e-06
-4.38854e-06
-4.38871e-06
-4.38887e-06
-4.38904e-06
-4.38921e-06
-4.38937e-06
-4.38954e-06
-4.3897e-06
-4.38986e-06
-4.39003e-06
-4.39019e-06
-4.39035e-06
-4.39051e-06
-4.39067e-06
-4.39083e-06
-4.39099e-06
-4.39115e-06
-4.39131e-06
-4.39147e-06
-4.39163e-06
-4.39179e-06
-4.39194e-06
-4.3921e-06
-4.39226e-06
-4.39241e-06
-4.39257e-06
-4.39272e-06
-4.39287e-06
-4.39303e-06
-4.39318e-06
-4.39333e-06
-4.39349e-06
-4.39364e-06
-4.39379e-06
-4.39394e-06
-4.39409e-06
-4.39424e-06
-4.39439e-06
-4.39454e-06
-4.39468e-06
-4.39483e-06
-4.39498e-06
-4.39512e-06
-4.39527e-06
-4.39542e-06
-4.39556e-06
-4.39571e-06
-4.39585e-06
-4.39599e-06
-4.39614e-06
-4.39628e-06
-4.39642e-06
-4.39656e-06
-4.39671e-06
-4.39685e-06
-4.39699e-06
-4.39713e-06
-4.39727e-06
-4.39741e-06
-4.39755e-06
-4.39768e-06
-4.39782e-06
-4.39796e-06
-4.3981e-06
-4.39823e-06
-4.39837e-06
-4.3985e-06
-4.39864e-06
-4.39877e-06
-4.39891e-06
-4.39904e-06
-4.39918e-06
-4.39931e-06
-4.39944e-06
-4.39957e-06
-4.39971e-06
-4.39984e-06
-4.39997e-06
-4.4001e-06
-4.40023e-06
-4.40036e-06
-4.40049e-06
-4.40062e-06
-4.40075e-06
-4.40087e-06
-4.401e-06
-4.40113e-06
-4.40126e-06
-4.40138e-06
-4.40151e-06
-4.40163e-06
-4.40176e-06
-4.40188e-06
-4.40201e-06
-4.40213e-06
-4.40226e-06
-4.40238e-06
-4.4025e-06
-4.40262e-06
-4.40275e-06
-4.40287e-06
-4.40299e-06
-4.40311e-06
-4.40323e-06
-4.40335e-06
-4.40347e-06
-4.40359e-06
-4.40371e-06
-4.40383e-06
-4.40394e-06
-4.40406e-06
-4.40418e-06
-4.4043e-06
-4.40441e-06
-4.40453e-06
-4.40465e-06
-4.40476e-06
-4.40488e-06
-4.40499e-06
-4.40511e-06
-4.40522e-06
-4.40533e-06
-4.40545e-06
-4.40556e-06
-4.40567e-06
-4.40579e-06
-4.4059e-06
-4.40601e-06
-4.40612e-06
-4.40623e-06
-4.40634e-06
-4.40645e-06
-4.40656e-06
-4.40667e-06
-4.40678e-06
-4.40689e-06
-4.407e-06
-4.40711e-06
-4.40721e-06
-4.40732e-06
-4.40743e-06
-4.40753e-06
-4.40764e-06
-4.40775e-06
-4.40785e-06
-4.40796e-06
-4.40806e-06
-4.40817e-06
-4.40827e-06
-4.40838e-06
-4.40848e-06
-4.40858e-06
-4.40869e-06
-4.40879e-06
-4.40889e-06
-4.40899e-06
-4.4091e-06
-4.4092e-06
-4.4093e-06
-4.4094e-06
-4.4095e-06
-4.4096e-06
-4.4097e-06
-4.4098e-06
-4.4099e-06
-4.41e-06
-4.4101e-06
-4.41019e-06
-4.41029e-06
-4.41039e-06
-4.41049e-06
-4.41058e-06
-4.41068e-06
-4.41078e-06
-4.41087e-06
-4.41097e-06
-4.41106e-06
-4.41116e-06
-4.41125e-06
-4.41135e-06
-4.41144e-06
-4.41154e-06
-4.41163e-06
-4.41172e-06
-4.41182e-06
-4.41191e-06
-4.412e-06
-4.4121e-06
-4.41219e-06
-4.41228e-06
-4.41237e-06
-4.41246e-06
-4.41255e-06
-4.41264e-06
-4.41273e-06
-4.41282e-06
-4.41291e-06
-4.413e-06
-4.41309e-06
-4.41318e-06
-4.41327e-06
-4.41336e-06
-4.41345e-06
-4.41353e-06
-4.41362e-06
-4.41371e-06
-4.41379e-06
-4.41388e-06
-4.41397e-06
-4.41405e-06
-4.41414e-06
-4.41423e-06
-4.41431e-06
-4.4144e-06
-4.41448e-06
-4.41456e-06
-4.41465e-06
-4.41473e-06
-4.41482e-06
-4.4149e-06
-4.41498e-06
-4.41507e-06
-4.41515e-06
-4.41523e-06
-4.41531e-06
-4.4154e-06
-4.41548e-06
-4.41556e-06
-4.41564e-06
-4.41572e-06
-4.4158e-06
-4.41588e-06
-4.41596e-06
-4.41604e-06
-4.41612e-06
-4.4162e-06
-4.41628e-06
-4.41636e-06
-4.41644e-06
-4.41652e-06
-4.41659e-06
-4.41667e-06
-4.41675e-06
-4.41683e-06
-4.4169e-06
-4.41698e-06
-4.41706e-06
-4.41714e-06
-4.41721e-06
-4.41729e-06
-4.41736e-06
-4.41744e-06
-4.41751e-06
-4.41759e-06
-4.41766e-06
-4.41774e-06
-4.41781e-06
-4.41789e-06
-4.41796e-06
-4.41803e-06
-4.41811e-06
-4.41818e-06
-4.41825e-06
-4.41833e-06
-4.4184e-06
-4.41847e-06
-4.41854e-06
-4.41862e-06
-4.41869e-06
-4.41876e-06
-4.41883e-06
-4.4189e-06
-4.41897e-06
-4.41904e-06
-4.41911e-06
-4.41918e-06
-4.41925e-06
-4.41932e-06
-4.41939e-06
-4.41946e-06
-4.41953e-06
-4.4196e-06
-4.41967e-06
-4.41974e-06
-4.41981e-06
-4.41987e-06
-4.41994e-06
-4.42001e-06
-4.42008e-06
-4.42014e-06
-4.42021e-06
-4.42028e-06
-4.42035e-06
-4.42041e-06
-4.42048e-06
-4.42054e-06
-4.42061e-06
-4.42068e-06
-4.42074e-06
-4.42081e-06
-4.42087e-06
-4.42094e-06
-4.421e-06
-4.42106e-06
-4.42113e-06
-4.42119e-06
-4.42126e-06
-4.42132e-06
-4.42138e-06
-4.42145e-06
-4.42151e-06
-4.42157e-06
-4.42164e-06
-4.4217e-06
-4.42176e-06
-4.42182e-06
-4.42188e-06
-4.42195e-06
-4.42201e-06
-4.42207e-06
-4.42213e-06
-4.42219e-06
-4.42225e-06
-4.42231e-06
-4.42237e-06
-4.42243e-06
-4.42249e-06
-4.42255e-06
-4.42261e-06
-4.42267e-06
-4.42273e-06
-4.42279e-06
-4.42285e-06
-4.42291e-06
-4.42297e-06
-4.42303e-06
-4.42309e-06
-4.42314e-06
-4.4232e-06
-4.42326e-06
-4.42332e-06
-4.42337e-06
-4.42343e-06
-4.42349e-06
-4.42355e-06
-4.4236e-06
-4.42366e-06
-4.42372e-06
-4.42377e-06
-4.42383e-06
-4.42388e-06
-4.42394e-06
-4.42399e-06
-4.42405e-06
-4.42411e-06
-4.42416e-06
-4.42422e-06
-4.42427e-06
-4.42432e-06
-4.42438e-06

