56.5
71.6
330.6
441.275
458.075
472.4
486.175
501.025
516.175
531.575
733.725
751.6
766.1
781.225
796.475
811.9
1110.83
1125.88
1142.35
1158.83
1175.6
1370.6
1480.98
1604.2
1626.4
1643
1657.93
1672.65
1687.53
1702.7
1926.58
1949.85
1966.75
1982.4
1997.75
2013.13
2296.63
2311.68
2328.3
2344.78
2361.5
2525.12
2635.1
2650.82
2664.95
2678.7
2693.7
2708.92
2724.35
2926.97
2943.62
2957.82
2973.05
2988.35
3003.82
3304.72
3319.77
3336.45
3352.97
3369.75
3562.65
3674.42
3695.37
3711.3
3726.82
3742.22
3757.67
3987.6
4005.07
4020.32
4034.7
4048.65
4063.62
4078.92
4094.47
4300.27
4314.95
4330.22
4346.05
4362.25
4378.9
4556.62
4571.45
4585.27
4600.7
4615.95
4631.32
4873.72
4888.62
4904.82
4921.22
4937.97
5205.82
5221.65
5235.9
5249.72
5264.65
5279.9
5295.4
5474.12
5572.85
5677.67
5701.27
5718.4
5734.3
5749.8
5765.22
5954.17

