56.675
73.325
91.775
110.575
129.975
308.35
324.95
339.2
354.7
370.1
385.55
580.1
597.45
611.825
626.95
642.2
657.6
884.525
901.425
919.6
938.275
957.6
1133.1
1245
1264.43
1279.88
1295.35
1310.8
1326.28
1533.83
1554.48
1570.23
1585.48
1600.65
1615.95
1754.15
1839.35
1937.45
1959.48
1976.15
1991.83
2007.18
2022.5
2192.4
2332.38
2349.2
2367.2
2385.7
2404.8
2540.07
2625.52
2722.67
2739.1
2753.35
2767.1
2781.87
2796.95
2812.25
2972.57
3104.65
3121.1
3135.55
3149.52
3164.8
3180.22
3195.8
3373.95
3487.9
3507.27
3522.62
3537.95
3553.27
3568.7
3781.87
3798.65
3816.7
3835.2
3854.3
4004.72
4088.72
4184.62
4206.65
4223.32
4238.95
4254.25
4269.52
4434.05
4569.37
4584.82
4602.02
4619.85
4638.35
4784.92
4871.97
4972.8
4989.3
5003.62
5017.42
5032.2
5047.3
5062.65
5230.8
5368.22
5385.05
5403.07
5421.65
5440.9
5620.67
5721.8
5843.45
5862.4
5877.8
5892.15
5906.9
5922
5937.37

