0
-2.73286e-06
-4.02177e-06
-4.63752e-06
-4.93254e-06
-5.07441e-06
-5.14305e-06
-5.17664e-06
-5.19338e-06
-5.20199e-06
-5.20664e-06
-5.20931e-06
-5.21098e-06
-5.21211e-06
-5.21294e-06
-5.21357e-06
-5.21407e-06
-5.21448e-06
-5.21482e-06
-5.21509e-06
-5.21532e-06
-5.21549e-06
-5.21564e-06
-5.21574e-06
-5.21582e-06
-5.21588e-06
-5.21591e-06
-5.21592e-06
-5.21592e-06
-5.2159e-06
-5.21587e-06
-5.21583e-06
-5.21578e-06
-5.21572e-06
-5.21566e-06
-5.21559e-06
-5.21551e-06
-5.21543e-06
-5.21534e-06
-5.21525e-06
-5.21516e-06
-5.21507e-06
-5.21497e-06
-5.21487e-06
-5.21477e-06
-5.21467e-06
-5.21456e-06
-5.21446e-06
-5.21435e-06
-5.21425e-06
-5.21414e-06
-5.21403e-06
-5.21393e-06
-5.21382e-06
-5.21371e-06
-5.21361e-06
-5.2135e-06
-5.21339e-06
-5.21329e-06
-5.21318e-06
-5.21307e-06
-5.21297e-06
-5.21286e-06
-5.21275e-06
-5.21265e-06
-5.21254e-06
-5.21244e-06
-5.21233e-06
-5.21223e-06
-5.21213e-06
-5.21202e-06
-5.21192e-06
-5.21182e-06
-5.21172e-06
-5.21162e-06
-5.21152e-06
-5.21142e-06
-5.21132e-06
-5.21122e-06
-5.21112e-06
-5.21102e-06
-5.21092e-06
-5.21082e-06
-5.21073e-06
-5.21063e-06
-5.21054e-06
-5.21044e-06
-5.21035e-06
-5.21025e-06
-5.21016e-06
-5.21007e-06
-5.20997e-06
-5.20988e-06
-5.20979e-06
-5.2097e-06
-5.20961e-06
-5.20952e-06
-5.20943e-06
-5.20934e-06
-5.20926e-06
-5.20917e-06
-5.20908e-06
-5.20899e-06
-5.20891e-06
-5.20882e-06
-5.20874e-06
-5.20866e-06
-5.20857e-06
-5.20849e-06
-5.20841e-06
-5.20832e-06
-5.20824e-06
-5.20816e-06
-5.20808e-06
-5.208e-06
-5.20792e-06
-5.20785e-06
-5.20777e-06
-5.20769e-06
-5.20761e-06
-5.20754e-06
-5.20746e-06
-5.20739e-06
-5.20731e-06
-5.20724e-06
-5.20716e-06
-5.20709e-06
-5.20702e-06
-5.20694e-06
-5.20687e-06
-5.2068e-06
-5.20673e-06
-5.20666e-06
-5.20659e-06
-5.20652e-06
-5.20645e-06
-5.20639e-06
-5.20632e-06
-5.20625e-06
-5.20618e-06
-5.20612e-06
-5.20605e-06
-5.20599e-06
-5.20592e-06
-5.20586e-06
-5.20579e-06
-5.20573e-06
-5.20567e-06
-5.20561e-06
-5.20554e-06
-5.20548e-06
-5.20542e-06
-5.20536e-06
-5.2053e-06
-5.20524e-06
-5.20518e-06
-5.20512e-06
-5.20507e-06
-5.20501e-06
-5.20495e-06
-5.20489e-06
-5.20484e-06
-5.20478e-06
-5.20472e-06
-5.20467e-06
-5.20461e-06
-5.20456e-06
-5.2045e-06
-5.20445e-06
-5.2044e-06
-5.20434e-06
-5.20429e-06
-5.20424e-06
-5.20419e-06
-5.20414e-06
-5.20408e-06
-5.20403e-06
-5.20398e-06
-5.20393e-06
-5.20388e-06
-5.20383e-06
-5.20378e-06
-5.20374e-06
-5.20369e-06
-5.20364e-06
-5.20359e-06
-5.20354e-06
-5.2035e-06
-5.20345e-06
-5.2034e-06
-5.20336e-06
-5.20331e-06
-5.20327e-06
-5.20322e-06
-5.20318e-06
-5.20313e-06
-5.20309e-06
-5.20305e-06
-5.203e-06
-5.20296e-06
-5.20292e-06
-5.20287e-06
-5.20283e-06
-5.20279e-06
-5.20275e-06
-5.2027e-06
-5.20266e-06
-5.20262e-06
-5.20258e-06
-5.20254e-06
-5.2025e-06
-5.20246e-06
-5.20242e-06
-5.20238e-06
-5.20234e-06
-5.2023e-06
-5.20226e-06
-5.20222e-06
-5.20219e-06
-5.20215e-06
-5.20211e-06
-5.20207e-06
-5.20203e-06
-5.202e-06
-5.20196e-06
-5.20192e-06
-5.20189e-06
-5.20185e-06
-5.20181e-06
-5.20178e-06
-5.20174e-06
-5.20171e-06
-5.20167e-06
-5.20164e-06
-5.2016e-06
-5.20157e-06
-5.20153e-06
-5.2015e-06
-5.20146e-06
-5.20143e-06
-5.20139e-06
-5.20136e-06
-5.20133e-06
-5.20129e-06
-5.20126e-06
-5.20123e-06
-5.20119e-06
-5.20116e-06
-5.20113e-06
-5.2011e-06
-5.20106e-06
-5.20103e-06
-5.201e-06
-5.20097e-06
-5.20094e-06
-5.2009e-06
-5.20087e-06
-5.20084e-06
-5.20081e-06
-5.20078e-06
-5.20075e-06
-5.20072e-06
-5.20069e-06
-5.20066e-06
-5.20063e-06
-5.2006e-06
-5.20057e-06
-5.20054e-06
-5.20051e-06
-5.20048e-06
-5.20045e-06
-5.20042e-06
-5.20039e-06
-5.20036e-06
-5.20033e-06
-5.2003e-06
-5.20027e-06
-5.20024e-06
-5.20021e-06
-5.20019e-06
-5.20016e-06
-5.20013e-06
-5.2001e-06
-5.20007e-06
-5.20004e-06
-5.20002e-06
-5.19999e-06
-5.19996e-06
-5.19993e-06
-5.1999e-06
-5.19988e-06
-5.19985e-06
-5.19982e-06
-5.19979e-06
-5.19977e-06
-5.19974e-06
-5.19971e-06
-5.19969e-06
-5.19966e-06
-5.19963e-06
-5.1996e-06
-5.19958e-06
-5.19955e-06
-5.19952e-06
-5.1995e-06
-5.19947e-06
-5.19945e-06
-5.19942e-06
-5.19939e-06
-5.19937e-06
-5.19934e-06
-5.19931e-06
-5.19929e-06
-5.19926e-06
-5.19924e-06
-5.19921e-06
-5.19918e-06
-5.19916e-06
-5.19913e-06
-5.19911e-06
-5.19908e-06
-5.19906e-06
-5.19903e-06
-5.19901e-06
-5.19898e-06
-5.19896e-06
-5.19893e-06
-5.19891e-06
-5.19888e-06
-5.19886e-06
-5.19883e-06
-5.19881e-06
-5.19878e-06
-5.19876e-06
-5.19873e-06
-5.19871e-06
-5.19868e-06
-5.19866e-06
-5.19863e-06
-5.19861e-06
-5.19858e-06
-5.19856e-06
-5.19853e-06
-5.19851e-06
-5.19849e-06
-5.19846e-06
-5.19844e-06
-5.19841e-06
-5.19839e-06
-5.19836e-06
-5.19834e-06
-5.19832e-06
-5.19829e-06
-5.19827e-06
-5.19824e-06
-5.19822e-06
-5.1982e-06
-5.19817e-06
-5.19815e-06
-5.19812e-06
-5.1981e-06
-5.19808e-06
-5.19805e-06
-5.19803e-06
-5.19801e-06
-5.19798e-06
-5.19796e-06
-5.19794e-06
-5.19791e-06
-5.19789e-06
-5.19787e-06
-5.19784e-06
-5.19782e-06
-5.1978e-06
-5.19777e-06
-5.19775e-06
-5.19773e-06
-5.1977e-06
-5.19768e-06
-5.19766e-06
-5.19763e-06
-5.19761e-06
-5.19759e-06
-5.19756e-06
-5.19754e-06
-5.19752e-06
-5.19749e-06
-5.19747e-06
-5.19745e-06
-5.19743e-06
-5.1974e-06
-5.19738e-06
-5.19736e-06
-5.19733e-06
-5.19731e-06
-5.19729e-06
-5.19727e-06
-5.19724e-06
-5.19722e-06
-5.1972e-06
-5.19718e-06
-5.19715e-06
-5.19713e-06
-5.19711e-06
-5.19709e-06
-5.19706e-06
-5.19704e-06
-5.19702e-06
-5.197e-06
-5.19697e-06
-5.19695e-06
-5.19693e-06
-5.19691e-06
-5.19688e-06
-5.19686e-06
-5.19684e-06
-5.19682e-06
-5.1968e-06
-5.19677e-06
-5.19675e-06
-5.19673e-06
-5.19671e-06
-5.19669e-06
-5.19666e-06
-5.19664e-06
-5.19662e-06
-5.1966e-06
-5.19658e-06
-5.19655e-06
-5.19653e-06
-5.19651e-06
-5.19649e-06
-5.19647e-06
-5.19645e-06
-5.19642e-06
-5.1964e-06
-5.19638e-06
-5.19636e-06
-5.19634e-06
-5.19632e-06
-5.19629e-06
-5.19627e-06
-5.19625e-06
-5.19623e-06
-5.19621e-06
-5.19619e-06
-5.19616e-06
-5.19614e-06
-5.19612e-06
-5.1961e-06
-5.19608e-06
-5.19606e-06
-5.19604e-06
-5.19602e-06
-5.19599e-06
-5.19597e-06
-5.19595e-06
-5.19593e-06
-5.19591e-06
-5.19589e-06
-5.19587e-06
-5.19585e-06
-5.19583e-06
-5.1958e-06
-5.19578e-06
-5.19576e-06
-5.19574e-06
-5.19572e-06
-5.1957e-06
-5.19568e-06
-5.19566e-06
-5.19564e-06
-5.19562e-06
-5.1956e-06
-5.19557e-06
-5.19555e-06
-5.19553e-06
-5.19551e-06
-5.19549e-06
-5.19547e-06
-5.19545e-06
-5.19543e-06
-5.19541e-06
-5.19539e-06
-5.19537e-06
-5.19535e-06
-5.19533e-06
-5.19531e-06
-5.19529e-06
-5.19527e-06
-5.19525e-06
-5.19523e-06
-5.19521e-06
-5.19519e-06
-5.19517e-06
-5.19515e-06
-5.19513e-06
-5.19511e-06
-5.19509e-06
-5.19507e-06
-5.19505e-06
-5.19503e-06
-5.19501e-06
-5.19499e-06
-5.19497e-06
-5.19495e-06
-5.19493e-06
-5.19491e-06
-5.19489e-06
-5.19487e-06
-5.19485e-06
-5.19483e-06
-5.19481e-06
-5.19479e-06
-5.19477e-06
-5.19475e-06
-5.19473e-06
-5.19471e-06
-5.19469e-06
-5.19467e-06
-5.19465e-06
-5.19463e-06
-5.19461e-06
-5.1946e-06
-5.19458e-06
-5.19456e-06
-5.19454e-06
-5.19452e-06
-5.1945e-06
-5.19448e-06
-5.19446e-06
-5.19444e-06
-5.19442e-06
-5.1944e-06
-5.19439e-06
-5.19437e-06
-5.19435e-06
-5.19433e-06
-5.19431e-06
-5.19429e-06
-5.19427e-06
-5.19425e-06
-5.19424e-06
-5.19422e-06
-5.1942e-06
-5.19418e-06
-5.19416e-06
-5.19414e-06
-5.19412e-06
-5.19411e-06
-5.19409e-06
-5.19407e-06
-5.19405e-06
-5.19403e-06
-5.19401e-06
-5.194e-06
-5.19398e-06
-5.19396e-06
-5.19394e-06
-5.19392e-06
-5.19391e-06
-5.19389e-06
-5.19387e-06
-5.19385e-06
-5.19383e-06
-5.19382e-06
-5.1938e-06
-5.19378e-06
-5.19376e-06
-5.19374e-06
-5.19373e-06
-5.19371e-06
-5.19369e-06
-5.19367e-06
-5.19366e-06
-5.19364e-06
-5.19362e-06
-5.1936e-06
-5.19359e-06
-5.19357e-06
-5.19355e-06
-5.19353e-06
-5.19352e-06
-5.1935e-06
-5.19348e-06
-5.19347e-06
-5.19345e-06
-5.19343e-06
-5.19341e-06
-5.1934e-06
-5.19338e-06
-5.19336e-06
-5.19335e-06
-5.19333e-06
-5.19331e-06
-5.1933e-06
-5.19328e-06
-5.19326e-06
-5.19325e-06
-5.19323e-06
-5.19321e-06
-5.1932e-06
-5.19318e-06
-5.19316e-06
-5.19315e-06
-5.19313e-06
-5.19311e-06
-5.1931e-06
-5.19308e-06
-5.19306e-06
-5.19305e-06
-5.19303e-06
-5.19302e-06
-5.193e-06
-5.19298e-06
-5.19297e-06
-5.19295e-06
-5.19294e-06
-5.19292e-06
-5.1929e-06
-5.19289e-06
-5.19287e-06
-5.19286e-06
-5.19284e-06
-5.19282e-06
-5.19281e-06
-5.19279e-06
-5.19278e-06
-5.19276e-06
-5.19275e-06
-5.19273e-06
-5.19272e-06
-5.1927e-06
-5.19269e-06
-5.19267e-06
-5.19265e-06
-5.19264e-06
-5.19262e-06
-5.19261e-06
-5.19259e-06
-5.19258e-06
-5.19256e-06
-5.19255e-06
-5.19253e-06
-5.19252e-06
-5.1925e-06
-5.19249e-06
-5.19247e-06
-5.19246e-06
-5.19244e-06
-5.19243e-06
-5.19242e-06
-5.1924e-06
-5.19239e-06
-5.19237e-06
-5.19236e-06
-5.19234e-06
-5.19233e-06
-5.19231e-06
-5.1923e-06
-5.19229e-06
-5.19227e-06
-5.19226e-06
-5.19224e-06
-5.19223e-06
-5.19221e-06
-5.1922e-06
-5.19219e-06
-5.19217e-06
-5.19216e-06
-5.19214e-06
-5.19213e-06
-5.19212e-06
-5.1921e-06
-5.19209e-06
-5.19207e-06
-5.19206e-06
-5.19205e-06
-5.19203e-06
-5.19202e-06
-5.19201e-06
-5.19199e-06
-5.19198e-06
-5.19197e-06
-5.19195e-06
-5.19194e-06
-5.19193e-06
-5.19191e-06
-5.1919e-06
-5.19189e-06
-5.19187e-06
-5.19186e-06
-5.19185e-06
-5.19183e-06
-5.19182e-06
-5.19181e-06
-5.1918e-06
-5.19178e-06
-5.19177e-06
-5.19176e-06
-5.19174e-06
-5.19173e-06
-5.19172e-06
-5.19171e-06
-5.19169e-06
-5.19168e-06
-5.19167e-06
-5.19166e-06
-5.19164e-06
-5.19163e-06
-5.19162e-06
-5.19161e-06
-5.19159e-06
-5.19158e-06
-5.19157e-06
-5.19156e-06
-5.19155e-06
-5.19153e-06
-5.19152e-06
-5.19151e-06
-5.1915e-06
-5.19149e-06
-5.19147e-06
-5.19146e-06
-5.19145e-06
-5.19144e-06
-5.19143e-06
-5.19141e-06
-5.1914e-06
-5.19139e-06
-5.19138e-06
-5.19137e-06
-5.19136e-06
-5.19135e-06
-5.19133e-06
-5.19132e-06
-5.19131e-06
-5.1913e-06
-5.19129e-06
-5.19128e-06
-5.19127e-06
-5.19125e-06
-5.19124e-06
-5.19123e-06
-5.19122e-06
-5.19121e-06
-5.1912e-06
-5.19119e-06
-5.19118e-06
-5.19117e-06
-5.19116e-06
-5.19115e-06
-5.19113e-06
-5.19112e-06
-5.19111e-06
-5.1911e-06
-5.19109e-06
-5.19108e-06
-5.19107e-06
-5.19106e-06
-5.19105e-06
-5.19104e-06
-5.19103e-06
-5.19102e-06
-5.19101e-06
-5.191e-06
-5.19099e-06
-5.19098e-06
-5.19097e-06
-5.19096e-06
-5.19095e-06
-5.19094e-06
-5.19093e-06
-5.19092e-06
-5.19091e-06
-5.1909e-06
-5.19089e-06
-5.19088e-06
-5.19087e-06
-5.19086e-06
-5.19085e-06
-5.19084e-06
-5.19083e-06
-5.19082e-06
-5.19081e-06
-5.1908e-06
-5.19079e-06
-5.19078e-06
-5.19077e-06
-5.19076e-06
-5.19075e-06
-5.19074e-06
-5.19074e-06
-5.19073e-06
-5.19072e-06
-5.19071e-06
-5.1907e-06
-5.19069e-06
-5.19068e-06
-5.19067e-06
-5.19066e-06
-5.19065e-06
-5.19064e-06
-5.19064e-06
-5.19063e-06
-5.19062e-06
-5.19061e-06
-5.1906e-06
-5.19059e-06
-5.19058e-06
-5.19057e-06
-5.19057e-06
-5.19056e-06
-5.19055e-06
-5.19054e-06
-5.19053e-06
-5.19052e-06
-5.19052e-06
-5.19051e-06
-5.1905e-06
-5.19049e-06
-5.19048e-06
-5.19047e-06
-5.19047e-06
-5.19046e-06
-5.19045e-06
-5.19044e-06
-5.19043e-06
-5.19043e-06
-5.19042e-06
-5.19041e-06
-5.1904e-06
-5.19039e-06
-5.19039e-06
-5.19038e-06
-5.19037e-06
-5.19036e-06
-5.19036e-06
-5.19035e-06
-5.19034e-06
-5.19033e-06
-5.19033e-06
-5.19032e-06
-5.19031e-06
-5.1903e-06
-5.1903e-06
-5.19029e-06
-5.19028e-06
-5.19027e-06
-5.19027e-06
-5.19026e-06
-5.19025e-06
-5.19024e-06
-5.19024e-06
-5.19023e-06
-5.19022e-06
-5.19022e-06
-5.19021e-06
-5.1902e-06
-5.1902e-06
-5.19019e-06
-5.19018e-06
-5.19018e-06
-5.19017e-06
-5.19016e-06
-5.19015e-06
-5.19015e-06
-5.19014e-06
-5.19014e-06
-5.19013e-06
-5.19012e-06
-5.19012e-06
-5.19011e-06
-5.1901e-06
-5.1901e-06
-5.19009e-06
-5.19008e-06
-5.19008e-06
-5.19007e-06
-5.19006e-06
-5.19006e-06
-5.19005e-06
-5.19005e-06
-5.19004e-06
-5.19003e-06
-5.19003e-06
-5.19002e-06
-5.19002e-06
-5.19001e-06
-5.19e-06
-5.19e-06
-5.18999e-06
-5.18999e-06
-5.18998e-06
-5.18997e-06
-5.18997e-06
-5.18996e-06
-5.18996e-06
-5.18995e-06
-5.18995e-06
-5.18994e-06
-5.18993e-06
-5.18993e-06
-5.18992e-06
-5.18992e-06
-5.18991e-06
-5.18991e-06
-5.1899e-06
-5.1899e-06
-5.18989e-06
-5.18989e-06
-5.18988e-06
-5.18987e-06
-5.18987e-06
-5.18986e-06
-5.18986e-06
-5.18985e-06
-5.18985e-06
-5.18984e-06
-5.18984e-06
-5.18983e-06
-5.18983e-06
-5.18982e-06
-5.18982e-06
-5.18981e-06
-5.18981e-06
-5.1898e-06
-5.1898e-06
-5.18979e-06
-5.18979e-06
-5.18979e-06
-5.18978e-06
-5.18978e-06
-5.18977e-06
-5.18977e-06
-5.18976e-06
-5.18976e-06
-5.18975e-06
-5.18975e-06
-5.18974e-06
-5.18974e-06
-5.18974e-06
-5.18973e-06
-5.18973e-06
-5.18972e-06
-5.18972e-06
-5.18971e-06
-5.18971e-06
-5.1897e-06
-5.1897e-06
-5.1897e-06
-5.18969e-06
-5.18969e-06
-5.18968e-06
-5.18968e-06
-5.18968e-06
-5.18967e-06
-5.18967e-06
-5.18966e-06
-5.18966e-06
-5.18966e-06
-5.18965e-06
-5.18965e-06
-5.18965e-06
-5.18964e-06
-5.18964e-06
-5.18963e-06
-5.18963e-06
-5.18963e-06
-5.18962e-06
-5.18962e-06
-5.18962e-06
-5.18961e-06
-5.18961e-06
-5.1896e-06
-5.1896e-06
-5.1896e-06
-5.18959e-06
-5.18959e-06
-5.18959e-06
-5.18958e-06
-5.18958e-06
-5.18958e-06
-5.18957e-06
-5.18957e-06
-5.18957e-06
-5.18956e-06
-5.18956e-06
-5.18956e-06
-5.18956e-06
-5.18955e-06
-5.18955e-06
-5.18955e-06
-5.18954e-06
-5.18954e-06
-5.18954e-06
-5.18953e-06
-5.18953e-06
-5.18953e-06
-5.18953e-06
-5.18952e-06
-5.18952e-06
-5.18952e-06
-5.18951e-06
-5.18951e-06
-5.18951e-06
-5.18951e-06
-5.1895e-06
-5.1895e-06
-5.1895e-06
-5.1895e-06
-5.18949e-06
-5.18949e-06
-5.18949e-06
-5.18948e-06
-5.18948e-06
-5.18948e-06
-5.18948e-06
-5.18948e-06
-5.18947e-06
-5.18947e-06
-5.18947e-06
-5.18947e-06
-5.18946e-06
-5.18946e-06
-5.18946e-06
-5.18946e-06
-5.18945e-06
-5.18945e-06
-5.18945e-06
-5.18945e-06
-5.18945e-06
-5.18944e-06
-5.18944e-06
-5.18944e-06
-5.18944e-06
-5.18944e-06
-5.18943e-06
-5.18943e-06
-5.18943e-06
-5.18943e-06
-5.18943e-06
-5.18942e-06
-5.18942e-06
-5.18942e-06
-5.18942e-06
-5.18942e-06
-5.18941e-06
-5.18941e-06
-5.18941e-06
-5.18941e-06
-5.18941e-06
-5.18941e-06
-5.1894e-06
-5.1894e-06
-5.1894e-06
-5.1894e-06
-5.1894e-06
-5.1894e-06
-5.1894e-06
-5.18939e-06
-5.18939e-06
-5.18939e-06
-5.18939e-06
-5.18939e-06
-5.18939e-06
-5.18939e-06
-5.18938e-06
-5.18938e-06
-5.18938e-06
-5.18938e-06
-5.18938e-06
-5.18938e-06
-5.18938e-06
-5.18937e-06
-5.18937e-06
-5.18937e-06
-5.18937e-06
-5.18937e-06
-5.18937e-06
-5.18937e-06
-5.18937e-06
-5.18937e-06
-5.18936e-06
-5.18936e-06
-5.18936e-06
-5.18936e-06
-5.18936e-06
-5.18936e-06
-5.18936e-06
-5.18936e-06
-5.18936e-06
-5.18936e-06
-5.18936e-06
-5.18935e-06
-5.18935e-06
-5.18935e-06
-5.18935e-06
-5.18935e-06
-5.18935e-06
-5.18935e-06
-5.18935e-06
-5.18935e-06
-5.18935e-06
-5.18935e-06
-5.18935e-06
-5.18935e-06
-5.18935e-06
-5.18935e-06
-5.18935e-06
-5.18934e-06
-5.18934e-06
-5.18934e-06
-5.18934e-06
-5.18934e-06
-5.18934e-06
-5.18934e-06
-5.18934e-06
-5.18934e-06
-5.18934e-06
-5.18934e-06
-5.18934e-06
-5.18934e-06
-5.18934e-06
-5.18934e-06
-5.18934e-06
-5.18934e-06
-5.18934e-06
-5.18934e-06
-5.18934e-06
-5.18934e-06
-5.18934e-06
-5.18934e-06
-5.18934e-06
-5.18934e-06
-5.18934e-06
-5.18934e-06
-5.18934e-06
-5.18934e-06
-5.18934e-06
-5.18934e-06
-5.18934e-06
-5.18934e-06
-5.18934e-06
-5.18934e-06
-5.18934e-06
-5.18934e-06
-5.18934e-06
-5.18934e-06
-5.18934e-06
-5.18934e-06
-5.18934e-06
-5.18934e-06
-5.18934e-06
-5.18934e-06
-5.18934e-06
-5.18934e-06
-5.18934e-06
-5.18934e-06
-5.18934e-06
-5.18934e-06
-5.18934e-06
-5.18934e-06
-5.18934e-06
-5.18934e-06
-5.18934e-06
-5.18934e-06
-5.18934e-06
-5.18934e-06
-5.18935e-06
-5.18935e-06
-5.18935e-06
-5.18935e-06
-5.18935e-06
-5.18935e-06
-5.18935e-06
-5.18935e-06
-5.18935e-06
-5.18935e-06
-5.18935e-06
-5.18935e-06
-5.18935e-06
-5.18935e-06
-5.18935e-06
-5.18935e-06
-5.18936e-06
-5.18936e-06
-5.18936e-06
-5.18936e-06
-5.18936e-06
-5.18936e-06
-5.18936e-06
-5.18936e-06
-5.18936e-06
-5.18936e-06
-5.18936e-06
-5.18936e-06
-5.18937e-06
-5.18937e-06
-5.18937e-06
-5.18937e-06
-5.18937e-06
-5.18937e-06
-5.18937e-06
-5.18937e-06
-5.18937e-06
-5.18937e-06
-5.18937e-06
-5.18938e-06
-5.18938e-06
-5.18938e-06
-5.18938e-06
-5.18938e-06
-5.18938e-06
-5.18938e-06
-5.18938e-06
-5.18938e-06
-5.18939e-06
-5.18939e-06
-5.18939e-06
-5.18939e-06
-5.18939e-06
-5.18939e-06
-5.18939e-06
-5.18939e-06
-5.1894e-06
-5.1894e-06
-5.1894e-06
-5.1894e-06
-5.1894e-06
-5.1894e-06
-5.1894e-06
-5.18941e-06
-5.18941e-06
-5.18941e-06
-5.18941e-06
-5.18941e-06
-5.18941e-06
-5.18941e-06
-5.18942e-06
-5.18942e-06
-5.18942e-06
-5.18942e-06
-5.18942e-06
-5.18942e-06
-5.18942e-06
-5.18943e-06
-5.18943e-06
-5.18943e-06
-5.18943e-06
-5.18943e-06
-5.18943e-06
-5.18944e-06
-5.18944e-06
-5.18944e-06
-5.18944e-06
-5.18944e-06
-5.18944e-06
-5.18945e-06
-5.18945e-06
-5.18945e-06
-5.18945e-06
-5.18945e-06
-5.18945e-06
-5.18946e-06
-5.18946e-06
-5.18946e-06
-5.18946e-06
-5.18946e-06
-5.18946e-06
-5.18947e-06
-5.18947e-06
-5.18947e-06
-5.18947e-06
-5.18947e-06
-5.18948e-06
-5.18948e-06
-5.18948e-06
-5.18948e-06
-5.18948e-06
-5.18949e-06
-5.18949e-06
-5.18949e-06
-5.18949e-06
-5.18949e-06
-5.1895e-06
-5.1895e-06
-5.1895e-06
-5.1895e-06
-5.1895e-06
-5.18951e-06
-5.18951e-06
-5.18951e-06
-5.18951e-06
-5.18951e-06
-5.18952e-06
-5.18952e-06
-5.18952e-06
-5.18952e-06
-5.18952e-06
-5.18953e-06
-5.18953e-06
-5.18953e-06
-5.18953e-06
-5.18954e-06
-5.18954e-06
-5.18954e-06
-5.18954e-06
-5.18954e-06
-5.18955e-06
-5.18955e-06
-5.18955e-06
-5.18955e-06
-5.18956e-06
-5.18956e-06
-5.18956e-06
-5.18956e-06
-5.18956e-06
-5.18957e-06
-5.18957e-06
-5.18957e-06
-5.18957e-06
-5.18958e-06
-5.18958e-06
-5.18958e-06
-5.18958e-06
-5.18959e-06
-5.18959e-06
-5.18959e-06
-5.18959e-06
-5.1896e-06
-5.1896e-06
-5.1896e-06
-5.1896e-06
-5.18961e-06
-5.18961e-06
-5.18961e-06
-5.18961e-06
-5.18962e-06
-5.18962e-06
-5.18962e-06
-5.18962e-06
-5.18963e-06
-5.18963e-06
-5.18963e-06
-5.18963e-06
-5.18964e-06
-5.18964e-06
-5.18964e-06
-5.18964e-06
-5.18965e-06
-5.18965e-06
-5.18965e-06
-5.18965e-06
-5.18966e-06
-5.18966e-06
-5.18966e-06
-5.18967e-06
-5.18967e-06
-5.18967e-06
-5.18967e-06
-5.18968e-06
-5.18968e-06
-5.18968e-06
-5.18968e-06
-5.18969e-06
-5.18969e-06
-5.18969e-06
-5.1897e-06
-5.1897e-06
-5.1897e-06
-5.1897e-06
-5.18971e-06
-5.18971e-06
-5.18971e-06
-5.18972e-06
-5.18972e-06
-5.18972e-06
-5.18972e-06
-5.18973e-06
-5.18973e-06
-5.18973e-06
-5.18974e-06
-5.18974e-06
-5.18974e-06
-5.18974e-06
-5.18975e-06
-5.18975e-06
-5.18975e-06
-5.18976e-06
-5.18976e-06
-5.18976e-06
-5.18976e-06
-5.18977e-06
-5.18977e-06
-5.18977e-06
-5.18978e-06
-5.18978e-06
-5.18978e-06
-5.18979e-06
-5.18979e-06
-5.18979e-06
-1.59319e-05
-2.44215e-05
-2.89602e-05
-3.0681e-05
-3.08022e-05
-3.01327e-05
-2.91304e-05
-2.80328e-05
-2.6954e-05
-2.5944e-05
-2.5021e-05
-2.4188e-05
-2.34408e-05
-2.27732e-05
-2.21783e-05
-2.16491e-05
-2.11788e-05
-2.07623e-05
-2.0395e-05
-2.00727e-05
-1.97909e-05
-1.95459e-05
-1.93358e-05
-1.91587e-05
-1.90129e-05
-1.88968e-05
-1.88088e-05
-1.87472e-05
-1.87107e-05
-1.86988e-05
-1.87119e-05
-1.87504e-05
-1.88144e-05
-1.89043e-05
-1.90203e-05
-1.9162e-05
-1.93296e-05
-1.95245e-05
-1.97493e-05
-2.00065e-05
-2.02986e-05
-2.06285e-05
-2.09977e-05
-2.1409e-05
-2.18693e-05
-2.23854e-05
-2.29651e-05
-2.36159e-05
-2.43483e-05
-2.51782e-05
-2.61245e-05
-2.72084e-05
-2.84629e-05
-2.99301e-05
-3.16675e-05
-3.37566e-05
-3.63192e-05
-3.95382e-05
-4.371e-05
-4.93475e-05
-5.74095e-05
-6.99169e-05
-9.18249e-05
-0.000138073
-0.000259217
-0.000501651
-0.000713983
-0.000649546
-0.000495082
-0.000360803
-0.000268728
-0.000211407
-0.000176396
-0.000154568
-0.000140784
-0.000132429
-0.000128165
-0.000127247
-0.000129203
-0.000133693
-0.000140442
-0.000149204
-0.000159753
-0.000171865
-0.000185326
-0.000199922
-0.000215452
-0.000231717
-0.000248535
-0.000265732
-0.000283153
-0.000300653
-0.000318107
-0.000335402
-0.000352444
-0.000369149
-0.000385449
-0.00040129
-0.000416626
-0.000431423
-0.000445657
-0.000459311
-0.000472377
-0.000484851
-0.000496735
-0.000508039
-0.000518772
-0.00052895
-0.000538589
-0.000547709
-0.000556335
-0.000564488
-0.000572195
-0.000579486
-0.000586387
-0.000592928
-0.000599144
-0.000605066
-0.000610725
-0.000616154
-0.000621393
-0.000626477
-0.000631437
-0.000636306
-0.000641113
-0.000645894
-0.000650677
-0.000655484
-0.00066033
-0.000665225
-0.000670169
-0.00067515
-0.000680148
-0.00068512
-0.000690004
-0.000694718
-0.000699151
-0.000703164
-0.000706586
-0.000709214
-0.000710816
-0.000711132
-0.000709879
-0.000706766
-0.000701514
-0.000693883
-0.000683683
-0.000670821
-0.000655306
-0.000637244
-0.000616806
-0.000594179
-0.00056932
-0.000542159
-0.000512661
-0.000480835
-0.000446773
-0.00041068
-0.000372898
-0.000333916
-0.000294391
-0.000255139
-0.000217104
-0.000181281
-0.000148598
-0.000119779
-9.52299e-05
-7.50078e-05
-5.88368e-05
-4.62137e-05
-3.65295e-05
-2.91781e-05
-2.36176e-05
-1.94014e-05
-1.61809e-05
-1.36946e-05
-1.17515e-05
-1.02136e-05
-8.98174e-06
-7.98466e-06
-7.1705e-06
-6.50108e-06
-5.94784e-06
-5.489e-06
-5.10766e-06
-4.79048e-06
-4.52677e-06
-4.30785e-06
-4.12661e-06
-3.97714e-06
-3.85454e-06
-3.75469e-06
-3.67413e-06
-3.60993e-06
-3.55963e-06
-3.52112e-06
-3.49262e-06
-3.47263e-06
-3.45984e-06
-3.45316e-06
-3.45166e-06
-3.45454e-06
-3.46111e-06
-3.47079e-06
-3.48309e-06
-3.49757e-06
-3.51389e-06
-3.53172e-06
-3.55079e-06
-3.57088e-06
-3.5918e-06
-3.61337e-06
-3.63544e-06
-3.65791e-06
-3.68064e-06
-3.70356e-06
-3.72659e-06
-3.74965e-06
-3.77268e-06
-3.79564e-06
-3.81847e-06
-3.84114e-06
-3.86362e-06
-3.88587e-06
-3.90787e-06
-3.92959e-06
-3.95102e-06
-3.97213e-06
-3.99291e-06
-4.01335e-06
-4.03344e-06
-4.05316e-06
-4.07251e-06
-4.09147e-06
-4.11004e-06
-4.12821e-06
-4.14597e-06
-4.16333e-06
-4.18028e-06
-4.1968e-06
-4.21291e-06
-4.22858e-06
-4.24384e-06
-4.25866e-06
-4.27305e-06
-4.28701e-06
-4.30054e-06
-4.31363e-06
-4.32628e-06
-4.3385e-06
-4.35029e-06
-4.36164e-06
-4.37255e-06
-4.38303e-06
-4.39308e-06
-4.4027e-06
-4.41189e-06
-4.42065e-06
-4.42898e-06
-4.43688e-06
-4.44436e-06
-4.45143e-06
-4.45807e-06
-4.4643e-06
-4.47011e-06
-4.47552e-06
-4.48051e-06
-4.48511e-06
-4.4893e-06
-4.49309e-06
-4.49649e-06
-4.4995e-06
-4.50213e-06
-4.50436e-06
-4.50623e-06
-4.50771e-06
-4.50882e-06
-4.50957e-06
-4.50995e-06
-4.50998e-06
-4.50965e-06
-4.50897e-06
-4.50794e-06
-4.50658e-06
-4.50487e-06
-4.50284e-06
-4.50048e-06
-4.49779e-06
-4.49479e-06
-4.49147e-06
-4.48784e-06
-4.48391e-06
-4.47968e-06
-4.47516e-06
-4.47035e-06
-4.46525e-06
-4.45987e-06
-4.45422e-06
-4.4483e-06
-4.44211e-06
-4.43566e-06
-4.42896e-06
-4.422e-06
-4.4148e-06
-4.40735e-06
-4.39967e-06
-4.39176e-06
-4.38362e-06
-4.37526e-06
-4.36668e-06
-4.35789e-06
-4.34889e-06
-4.33968e-06
-4.33028e-06
-4.32068e-06
-4.31089e-06
-4.30092e-06
-4.29076e-06
-4.28043e-06
-4.26992e-06
-4.25925e-06
-4.24841e-06
-4.23742e-06
-4.22626e-06
-4.21496e-06
-4.20351e-06
-4.19192e-06
-4.18019e-06
-4.16832e-06
-4.15633e-06
-4.1442e-06
-4.13196e-06
-4.1196e-06
-4.10712e-06
-4.09453e-06
-4.08183e-06
-4.06903e-06
-4.05613e-06
-4.04313e-06
-4.03003e-06
-4.01685e-06
-4.00358e-06
-3.99023e-06
-3.97679e-06
-3.96328e-06
-3.9497e-06
-3.93604e-06
-3.92231e-06
-3.90852e-06
-3.89467e-06
-3.88076e-06
-3.86679e-06
-3.85278e-06
-3.83871e-06
-3.82459e-06
-3.81043e-06
-3.79623e-06
-3.78199e-06
-3.76771e-06
-3.7534e-06
-3.73906e-06
-3.72469e-06
-3.71029e-06
-3.69587e-06
-3.68143e-06
-3.66697e-06
-3.65249e-06
-3.638e-06
-3.62349e-06
-3.60898e-06
-3.59446e-06
-3.57993e-06
-3.56539e-06
-3.55086e-06
-3.53632e-06
-3.52179e-06
-3.50726e-06
-3.49273e-06
-3.47822e-06
-3.46371e-06
-3.44921e-06
-3.43472e-06
-3.42025e-06
-3.40579e-06
-3.39135e-06
-3.37693e-06
-3.36253e-06
-3.34815e-06
-3.33379e-06
-3.31946e-06
-3.30516e-06
-3.29088e-06
-3.27663e-06
-3.26241e-06
-3.24822e-06
-3.23406e-06
-3.21993e-06
-3.20584e-06
-3.19179e-06
-3.17777e-06
-3.16379e-06
-3.14985e-06
-3.13595e-06
-3.12209e-06
-3.10827e-06
-3.0945e-06
-3.08077e-06
-3.06708e-06
-3.05344e-06
-3.03984e-06
-3.0263e-06
-3.0128e-06
-2.99935e-06
-2.98594e-06
-2.97259e-06
-2.95929e-06
-2.94604e-06
-2.93285e-06
-2.91971e-06
-2.90662e-06
-2.89358e-06
-2.8806e-06
-2.86767e-06
-2.85481e-06
-2.84199e-06
-2.82924e-06
-2.81654e-06
-2.8039e-06
-2.79132e-06
-2.77879e-06
-2.76633e-06
-2.75393e-06
-2.74158e-06
-2.7293e-06
-2.71708e-06
-2.70492e-06
-2.69282e-06
-2.68078e-06
-2.66881e-06
-2.65689e-06
-2.64504e-06
-2.63326e-06
-2.62153e-06
-2.60988e-06
-2.59828e-06
-2.58675e-06
-2.57528e-06
-2.56388e-06
-2.55254e-06
-2.54127e-06
-2.53006e-06
-2.51892e-06
-2.50784e-06
-2.49683e-06
-2.48588e-06
-2.475e-06
-2.46419e-06
-2.45344e-06
-2.44276e-06
-2.43214e-06
-2.42159e-06
-2.41111e-06
-2.40069e-06
-2.39034e-06
-2.38007e-06
-2.36986e-06
-2.35971e-06
-2.34964e-06
-2.33963e-06
-2.32969e-06
-2.31982e-06
-2.31001e-06
-2.30026e-06
-2.29059e-06
-2.28097e-06
-2.27143e-06
-2.26195e-06
-2.25253e-06
-2.24318e-06
-2.2339e-06
-2.22468e-06
-2.21553e-06
-2.20644e-06
-2.19742e-06
-2.18847e-06
-2.17958e-06
-2.17076e-06
-2.162e-06
-2.15331e-06
-2.14469e-06
-2.13613e-06
-2.12763e-06
-2.11921e-06
-2.11084e-06
-2.10254e-06
-2.09431e-06
-2.08614e-06
-2.07804e-06
-2.07e-06
-2.06202e-06
-2.05411e-06
-2.04626e-06
-2.03848e-06
-2.03076e-06
-2.0231e-06
-2.01551e-06
-2.00798e-06
-2.00052e-06
-1.99311e-06
-1.98577e-06
-1.97849e-06
-1.97128e-06
-1.96412e-06
-1.95703e-06
-1.95e-06
-1.94304e-06
-1.93613e-06
-1.92928e-06
-1.9225e-06
-1.91578e-06
-1.90911e-06
-1.90251e-06
-1.89597e-06
-1.88949e-06
-1.88307e-06
-1.8767e-06
-1.8704e-06
-1.86416e-06
-1.85797e-06
-1.85185e-06
-1.84578e-06
-1.83977e-06
-1.83382e-06
-1.82793e-06
-1.82209e-06
-1.81631e-06
-1.81059e-06
-1.80493e-06
-1.79932e-06
-1.79377e-06
-1.78828e-06
-1.78284e-06
-1.77746e-06
-1.77214e-06
-1.76687e-06
-1.76166e-06
-1.7565e-06
-1.75139e-06
-1.74634e-06
-1.74135e-06
-1.73641e-06
-1.73152e-06
-1.72669e-06
-1.72191e-06
-1.71718e-06
-1.71251e-06
-1.70789e-06
-1.70332e-06
-1.69881e-06
-1.69435e-06
-1.68994e-06
-1.68558e-06
-1.68127e-06
-1.67702e-06
-1.67281e-06
-1.66866e-06
-1.66456e-06
-1.6605e-06
-1.6565e-06
-1.65255e-06
-1.64865e-06
-1.64479e-06
-1.64099e-06
-1.63724e-06
-1.63353e-06
-1.62988e-06
-1.62627e-06
-1.62271e-06
-1.6192e-06
-1.61574e-06
-1.61233e-06
-1.60898e-06
-1.60567e-06
-1.60241e-06
-1.5992e-06
-1.59604e-06
-1.59291e-06
-1.58984e-06
-1.58681e-06
-1.58382e-06
-1.58087e-06
-1.57798e-06
-1.57512e-06
-1.57231e-06
-1.56955e-06
-1.56683e-06
-1.56415e-06
-1.56152e-06
-1.55893e-06
-1.55638e-06
-1.55388e-06
-1.55143e-06
-1.54901e-06
-1.54664e-06
-1.54431e-06
-1.54203e-06
-1.53978e-06
-1.53758e-06
-1.53543e-06
-1.53331e-06
-1.53124e-06
-1.5292e-06
-1.52721e-06
-1.52526e-06
-1.52335e-06
-1.52149e-06
-1.51966e-06
-1.51787e-06
-1.51613e-06
-1.51442e-06
-1.51275e-06
-1.51113e-06
-1.50954e-06
-1.508e-06
-1.50649e-06
-1.50502e-06
-1.50359e-06
-1.5022e-06
-1.50085e-06
-1.49953e-06
-1.49826e-06
-1.49702e-06
-1.49582e-06
-1.49465e-06
-1.49353e-06
-1.49244e-06
-1.49139e-06
-1.49038e-06
-1.4894e-06
-1.48846e-06
-1.48755e-06
-1.48669e-06
-1.48585e-06
-1.48506e-06
-1.4843e-06
-1.48357e-06
-1.48288e-06
-1.48223e-06
-1.48161e-06
-1.48102e-06
-1.48047e-06
-1.47996e-06
-1.47948e-06
-1.47903e-06
-1.47862e-06
-1.47824e-06
-1.47789e-06
-1.47758e-06
-1.4773e-06
-1.47705e-06
-1.47684e-06
-1.47666e-06
-1.47652e-06
-1.4764e-06
-1.47632e-06
-1.47627e-06
-1.47625e-06
-1.47627e-06
-1.47631e-06
-1.47639e-06
-1.4765e-06
-1.47664e-06
-1.47681e-06
-1.47701e-06
-1.47724e-06
-1.47751e-06
-1.4778e-06
-1.47813e-06
-1.47848e-06
-1.47887e-06
-1.47928e-06
-1.47973e-06
-1.4802e-06
-1.4807e-06
-1.48124e-06
-1.4818e-06
-1.48239e-06
-1.48301e-06
-1.48366e-06
-1.48434e-06
-1.48505e-06
-1.48578e-06
-1.48655e-06
-1.48736e-06
-1.48819e-06
-1.48906e-06
-1.48996e-06
-1.49089e-06
-1.49184e-06
-1.49281e-06
-1.49381e-06
-1.49484e-06
-1.49589e-06
-1.49697e-06
-1.49807e-06
-1.4992e-06
-1.50035e-06
-1.50153e-06
-1.50274e-06
-1.50397e-06
-1.50522e-06
-1.50651e-06
-1.50781e-06
-1.50915e-06
-1.5105e-06
-1.51189e-06
-1.5133e-06
-1.51473e-06
-1.51619e-06
-1.51768e-06
-1.51918e-06
-1.52072e-06
-1.52228e-06
-1.52386e-06
-1.52547e-06
-1.5271e-06
-1.52876e-06
-1.53044e-06
-1.53215e-06
-1.53388e-06
-1.53563e-06
-1.53741e-06
-1.53921e-06
-1.54103e-06
-1.54288e-06
-1.54475e-06
-1.54665e-06
-1.54857e-06
-1.55051e-06
-1.55247e-06
-1.55446e-06
-1.55647e-06
-1.5585e-06
-1.56055e-06
-1.56263e-06
-1.56473e-06
-1.56685e-06
-1.56899e-06
-1.57116e-06
-1.57335e-06
-1.57555e-06
-1.57778e-06
-1.58004e-06
-1.58231e-06
-1.5846e-06
-1.58692e-06
-1.58926e-06
-1.59162e-06
-1.59399e-06
-1.59639e-06
-1.59881e-06
-1.60125e-06
-1.60372e-06
-1.6062e-06
-1.6087e-06
-1.61122e-06
-1.61376e-06
-1.61633e-06
-1.61891e-06
-1.62151e-06
-1.62413e-06
-1.62677e-06
-1.62943e-06
-1.63211e-06
-1.63481e-06
-1.63753e-06
-1.64027e-06
-1.64302e-06
-1.6458e-06
-1.64859e-06
-1.6514e-06
-1.65423e-06
-1.65708e-06
-1.65995e-06
-1.66283e-06
-1.66574e-06
-1.66866e-06
-1.6716e-06
-1.67456e-06
-1.67753e-06
-1.68053e-06
-1.68354e-06
-1.68656e-06
-1.68961e-06
-1.69267e-06
-1.69575e-06
-1.69885e-06
-1.70196e-06
-1.70509e-06
-1.70824e-06
-1.7114e-06
-1.71459e-06
-1.71778e-06
-1.721e-06
-1.72423e-06
-1.72747e-06
-1.73073e-06
-1.73401e-06
-1.73731e-06
-1.74062e-06
-1.74394e-06
-1.74729e-06
-1.75064e-06
-1.75402e-06
-1.7574e-06
-1.76081e-06
-1.76424e-06
-1.76769e-06
-1.77115e-06
-1.77464e-06
-1.77815e-06
-1.78168e-06
-1.78522e-06
-1.78878e-06
-1.79235e-06
-1.79593e-06
-1.79953e-06
-1.80313e-06
-1.80675e-06
-1.81038e-06
-1.81402e-06
-1.81767e-06
-1.82134e-06
-1.82501e-06
-1.8287e-06
-1.83241e-06
-1.83612e-06
-1.83985e-06
-1.84359e-06
-1.84735e-06
-1.85112e-06
-1.8549e-06
-1.85869e-06
-1.8625e-06
-1.86632e-06
-1.87015e-06
-1.874e-06
-1.87786e-06
-1.88173e-06
-1.88561e-06
-1.88951e-06
-1.89342e-06
-1.89734e-06
-1.90128e-06
-1.90522e-06
-1.90918e-06
-1.91315e-06
-1.91714e-06
-1.92113e-06
-1.92514e-06
-1.92916e-06
-1.93319e-06
-1.93724e-06
-1.94129e-06
-1.94536e-06
-1.94944e-06
-1.95353e-06
-1.95763e-06
-1.96174e-06
-1.96586e-06
-1.97e-06
-1.97414e-06
-1.9783e-06
-1.98247e-06
-1.98665e-06
-1.99084e-06
-1.99504e-06
-1.99925e-06
-2.00347e-06
-2.0077e-06
-2.01194e-06
-2.0162e-06
-2.02046e-06
-2.02473e-06
-2.02902e-06
-2.03331e-06
-2.03761e-06
-2.04192e-06
-2.04625e-06
-2.05058e-06
-2.05492e-06
-2.05927e-06
-2.06363e-06
-2.068e-06
-2.07238e-06
-2.07677e-06
-2.08116e-06
-2.08557e-06
-2.08998e-06
-2.09441e-06
-2.09884e-06
-2.10328e-06
-2.10773e-06
-2.11219e-06
-2.11666e-06
-2.12113e-06
-2.12561e-06
-2.13011e-06
-2.1346e-06
-2.13911e-06
-2.14363e-06
-2.14815e-06
-2.15268e-06
-2.15722e-06
-2.16177e-06
-2.16632e-06
-2.17088e-06
-2.17545e-06
-2.18003e-06
-2.18461e-06
-2.1892e-06
-2.1938e-06
-2.19841e-06
-2.20302e-06
-2.20764e-06
-2.21226e-06
-2.21689e-06
-2.22153e-06
-2.22618e-06
-2.23083e-06
-2.23549e-06
-2.24015e-06
-2.24482e-06
-2.2495e-06
-2.25418e-06
-2.25887e-06
-2.26356e-06
-2.26826e-06
-2.27297e-06
-2.27768e-06
-2.2824e-06
-2.28712e-06
-2.29185e-06
-2.29658e-06
-2.30132e-06
-2.30606e-06
-2.31081e-06
-2.31557e-06
-2.32033e-06
-2.32509e-06
-2.32986e-06
-2.33463e-06
-2.33941e-06
-2.3442e-06
-2.34898e-06
-2.35378e-06
-2.35857e-06
-2.36337e-06
-2.36818e-06
-2.37299e-06
-2.3778e-06
-2.38262e-06
-2.38744e-06
-2.39226e-06
-2.39709e-06
-2.40193e-06
-2.40676e-06
-2.4116e-06
-2.41645e-06
-2.42129e-06
-2.42614e-06
-2.431e-06
-2.43585e-06
-2.44071e-06
-2.44557e-06
-2.45044e-06
-2.45531e-06
-2.46018e-06
-2.46505e-06
-2.46993e-06
-2.47481e-06
-2.47969e-06
-2.48458e-06
-2.48948e-06
-2.49438e-06
-2.49929e-06
-2.50421e-06
-2.50913e-06
-2.51406e-06
-2.519e-06
-2.52393e-06
-2.52887e-06
-2.53382e-06
-2.53877e-06
-2.54372e-06
-2.54868e-06
-2.55363e-06
-2.55859e-06
-2.56355e-06
-2.56852e-06
-2.57348e-06
-2.57845e-06
-2.58341e-06
-2.58837e-06
-2.59332e-06
-2.59828e-06
-2.60323e-06
-2.60818e-06
-2.61313e-06
-2.61807e-06
-2.62302e-06
-2.62797e-06
-2.63291e-06
-2.63786e-06
-2.6428e-06
-2.64774e-06
-2.65269e-06
-2.65763e-06
-2.66258e-06
-2.66752e-06
-2.67246e-06
-2.67741e-06
-2.68235e-06
-2.6873e-06
-2.69224e-06
-2.69718e-06
-2.70213e-06
-2.70707e-06
-2.71201e-06
-2.71696e-06
-2.7219e-06
-2.72684e-06
-2.73178e-06
-2.73672e-06
-2.74167e-06
-2.74661e-06
-2.75155e-06
-2.75649e-06
-2.76143e-06
-2.76636e-06
-2.7713e-06
-2.77624e-06
-2.78117e-06
-2.78611e-06
-2.79104e-06
-2.79597e-06
-2.8009e-06
-2.80583e-06
-2.81076e-06
-2.81569e-06
-2.82062e-06
-2.82554e-06
-2.83047e-06
-2.83539e-06
-2.84031e-06
-2.84523e-06
-2.85014e-06
-2.85506e-06
-2.85997e-06
-2.86488e-06
-2.86979e-06
-2.8747e-06
-2.87961e-06
-2.88451e-06
-2.88941e-06
-2.89431e-06
-2.89921e-06
-2.9041e-06
-2.909e-06
-2.91389e-06
-2.91877e-06
-2.92366e-06
-2.92854e-06
-2.93342e-06
-2.9383e-06
-2.94317e-06
-2.94804e-06
-2.95291e-06
-2.95778e-06
-2.96264e-06
-2.9675e-06
-2.97236e-06
-2.97721e-06
-2.98206e-06
-2.98691e-06
-2.99176e-06
-2.9966e-06
-3.00143e-06
-3.00627e-06
-3.0111e-06
-3.01593e-06
-3.02075e-06
-3.02557e-06
-3.03039e-06
-3.0352e-06
-3.04001e-06
-3.04482e-06
-3.04962e-06
-3.05442e-06
-3.05921e-06
-3.064e-06
-3.06879e-06
-3.07357e-06
-3.07835e-06
-3.08312e-06
-3.08789e-06
-3.09265e-06
-3.09742e-06
-3.10217e-06
-3.10692e-06
-3.11167e-06
-3.11642e-06
-3.12115e-06
-3.12589e-06
-3.13062e-06
-3.13534e-06
-3.14007e-06
-3.14478e-06
-3.14949e-06
-3.1542e-06
-3.1589e-06
-3.1636e-06
-3.16829e-06
-3.17298e-06
-3.17766e-06
-3.18233e-06
-3.18701e-06
-3.19167e-06
-3.19633e-06
-3.20099e-06
-3.20564e-06
-3.21029e-06
-3.21493e-06
-3.21956e-06
-3.22419e-06
-3.22882e-06
-3.23344e-06
-3.23805e-06
-3.24266e-06
-3.24726e-06
-3.25186e-06
-3.25645e-06
-3.26104e-06
-3.26562e-06
-3.27019e-06
-3.27476e-06
-3.27932e-06
-3.28388e-06
-3.28843e-06
-3.29297e-06
-3.29751e-06
-3.30205e-06
-3.30657e-06
-3.3111e-06
-3.31561e-06
-3.32012e-06
-3.32462e-06
-3.32912e-06
-3.33361e-06
-3.3381e-06
-3.34257e-06
-3.34705e-06
-3.35151e-06
-3.35597e-06
-3.36043e-06
-3.36487e-06
-3.36931e-06
-3.37375e-06
-3.37817e-06
-3.3826e-06
-3.38701e-06
-3.39142e-06
-3.39582e-06
-3.40021e-06
-3.4046e-06
-3.40898e-06
-3.41336e-06
-3.41773e-06
-3.42209e-06
-3.42644e-06
-3.43079e-06
-3.43513e-06
-3.43947e-06
-3.4438e-06
-3.44812e-06
-3.45243e-06
-3.45674e-06
-3.46104e-06
-3.46533e-06
-3.46962e-06
-3.4739e-06
-3.47817e-06
-3.48243e-06
-3.48669e-06
-3.49094e-06
-3.49519e-06
-3.49942e-06
-3.50365e-06
-3.50787e-06
-3.51209e-06
-3.5163e-06
-3.5205e-06
-3.52469e-06
-3.52888e-06
-3.53306e-06
-3.53723e-06
-3.54139e-06
-3.54555e-06
-3.5497e-06
-3.55384e-06
-3.55798e-06
-3.56211e-06
-3.56623e-06
-3.57034e-06
-3.57445e-06
-3.57854e-06
-3.58264e-06
-3.58672e-06
-3.59079e-06
-3.59486e-06
-3.59892e-06
-3.60298e-06
-3.60702e-06
-3.61106e-06
-3.61509e-06
-3.61911e-06
-3.62313e-06
-3.62714e-06
-3.63114e-06
-3.63513e-06
-3.63911e-06
-3.64309e-06
-3.64706e-06
-3.65102e-06
-3.65497e-06
-3.65892e-06
-3.66286e-06
-3.66679e-06
-3.67071e-06
-3.67463e-06
-3.67854e-06
-3.68244e-06
-3.68633e-06
-3.69021e-06
-3.69409e-06
-3.69796e-06
-3.70182e-06
-3.70567e-06
-3.70952e-06
-3.71335e-06
-3.71718e-06
-3.721e-06
-3.72482e-06
-3.72862e-06
-3.73242e-06
-3.73621e-06
-3.73999e-06
-3.74377e-06
-3.74753e-06
-3.75129e-06
-3.75504e-06
-3.75879e-06
-3.76252e-06
-3.76625e-06
-3.76997e-06
-3.77368e-06
-3.77738e-06
-3.78108e-06
-3.78476e-06
-3.78844e-06
-3.79211e-06
-3.79578e-06
-3.79943e-06
-3.80308e-06
-3.80672e-06
-3.81035e-06
-3.81397e-06
-3.81759e-06
-3.8212e-06
-3.8248e-06
-3.82839e-06
-3.83197e-06
-3.83555e-06
-3.83911e-06
-3.84267e-06
-3.84622e-06
-3.84977e-06
-3.8533e-06
-3.85683e-06
-3.86035e-06
-3.86386e-06
-3.86737e-06
-3.87086e-06
-3.87435e-06
-3.87783e-06
-3.8813e-06
-3.88476e-06
-3.88822e-06
-3.89167e-06
-3.89511e-06
-3.89854e-06
-3.90196e-06
-3.90538e-06
-3.90878e-06
-3.91218e-06
-3.91558e-06
-3.91896e-06
-3.92234e-06
-3.9257e-06
-3.92906e-06
-3.93241e-06
-3.93576e-06
-3.93909e-06
-3.94242e-06
-3.94574e-06
-3.94905e-06
-3.95236e-06
-3.95565e-06
-3.95894e-06
-3.96222e-06
-3.96549e-06
-3.96876e-06
-3.97202e-06
-3.97526e-06
-3.9785e-06
-3.98174e-06
-3.98496e-06
-3.98818e-06
-3.99139e-06
-3.99459e-06
-3.99778e-06
-4.00097e-06
-4.00414e-06
-4.00731e-06
-4.01047e-06
-4.01363e-06
-4.01677e-06
-4.01991e-06
-4.02304e-06
-4.02616e-06
-4.02928e-06
-4.03239e-06
-4.03548e-06
-4.03858e-06
-4.04166e-06
-4.04473e-06
-4.0478e-06
-4.05086e-06
-4.05391e-06
-4.05696e-06
-4.05999e-06
-4.06302e-06
-4.06604e-06
-4.06906e-06
-4.07206e-06
-4.07506e-06
-4.07805e-06
-4.08103e-06
-4.08401e-06
-4.08698e-06
-4.08993e-06
-4.09289e-06
-4.09583e-06
-4.09877e-06
-4.1017e-06
-4.10462e-06
-4.10753e-06
-4.11044e-06
-4.11333e-06
-4.11622e-06
-4.11911e-06
-4.12198e-06
-4.12485e-06
-4.12771e-06
-4.13056e-06
-4.13341e-06
-4.13625e-06
-4.13908e-06
-4.1419e-06
-4.14471e-06
-4.14752e-06
-4.15032e-06
-4.15311e-06
-4.1559e-06
-4.15868e-06
-4.16145e-06
-4.16421e-06
-4.16696e-06
-4.16971e-06
-4.17245e-06
-4.17519e-06
-4.17791e-06
-4.18063e-06
-4.18334e-06
-4.18604e-06
-4.18874e-06
-4.19143e-06
-4.19411e-06
-4.19678e-06
-4.19945e-06
-4.20211e-06
-4.20476e-06
-4.20741e-06
-4.21005e-06
-4.21268e-06
-4.2153e-06
-4.21792e-06
-4.22053e-06
-4.22313e-06
-4.22572e-06
-4.22831e-06
-4.23089e-06
-4.23346e-06
-4.23603e-06
-4.23859e-06
-4.24114e-06
-4.24368e-06
-4.24622e-06
-4.24875e-06
-4.25127e-06
-4.25379e-06
-4.2563e-06
-4.2588e-06
-4.2613e-06
-4.26379e-06
-4.26627e-06
-4.26874e-06
-4.27121e-06
-4.27367e-06
-4.27612e-06
-4.27857e-06
-4.28101e-06
-4.28344e-06
-4.28587e-06
-4.28828e-06
-4.2907e-06
-4.2931e-06
-4.2955e-06
-4.29789e-06
-4.30028e-06
-4.30265e-06
-4.30502e-06
-4.30739e-06
-4.30975e-06
-4.3121e-06
-4.31444e-06
-4.31678e-06
-4.31911e-06
-4.32143e-06
-4.32375e-06
-4.32606e-06
-4.32836e-06
-4.33066e-06
-4.33295e-06
-4.33524e-06
-4.33751e-06
-4.33978e-06
-4.34205e-06
-4.34431e-06
-4.34656e-06
-4.3488e-06
-4.35104e-06
-4.35327e-06
-4.3555e-06
-4.35771e-06
-4.35993e-06
-4.36213e-06
-4.36433e-06
-4.36652e-06
-4.36871e-06
-4.37089e-06
-4.37306e-06
-4.37523e-06
-4.37739e-06
-4.37955e-06
-4.38169e-06
-4.38384e-06
-4.38597e-06
-4.3881e-06
-4.39022e-06
-4.39234e-06
-4.39445e-06
-4.39655e-06
-4.39865e-06
-4.40074e-06
-4.40283e-06
-4.40491e-06
-4.40698e-06
-4.40905e-06
-4.41111e-06
-4.41316e-06
-4.41521e-06
-4.41725e-06
-4.41929e-06
-4.42132e-06
-4.42335e-06
-4.42536e-06
-4.42738e-06
-4.42938e-06
-4.43138e-06
-4.43338e-06
-4.43536e-06
-4.43735e-06
-4.43932e-06
-4.44129e-06
-4.44326e-06
-4.44522e-06
-4.44717e-06
-4.44912e-06
-4.45106e-06
-4.45299e-06
-4.45492e-06
-4.45684e-06
-4.45876e-06
-4.46067e-06
-4.46258e-06
-4.46448e-06
-4.46637e-06
-4.46826e-06
-4.47015e-06
-4.47202e-06
-4.47389e-06
-4.47576e-06
-4.47762e-06
-4.47947e-06
-4.48132e-06
-4.48317e-06
-4.485e-06
-4.48684e-06
-4.48866e-06
-4.49048e-06
-4.4923e-06
-4.49411e-06
-4.49591e-06
-4.49771e-06
-4.49951e-06
-4.50129e-06
-4.50308e-06
-4.50485e-06
-4.50662e-06
-4.50839e-06
-4.51015e-06
-4.5119e-06
-4.51365e-06
-4.5154e-06
-4.51714e-06
-4.51887e-06
-4.5206e-06
-4.52232e-06
-4.52404e-06
-4.52575e-06
-4.52746e-06
-4.52916e-06
-4.53086e-06
-4.53255e-06
-4.53423e-06
-4.53592e-06
-4.53759e-06
-4.53926e-06
-4.54093e-06
-4.54259e-06
-4.54424e-06
-4.54589e-06
-4.54754e-06
-4.54918e-06
-4.55081e-06
-4.55244e-06
-4.55406e-06
-4.55568e-06
-4.5573e-06
-4.55891e-06
-4.56051e-06
-4.56211e-06
-4.5637e-06
-4.56529e-06
-4.56688e-06
-4.56846e-06
-4.57003e-06
-4.5716e-06
-4.57316e-06
-4.57472e-06
-4.57628e-06
-4.57783e-06
-4.57937e-06
-4.58091e-06
-4.58245e-06
-4.58398e-06
-4.58551e-06
-4.58703e-06
-4.58854e-06
-4.59005e-06
-4.59156e-06
-4.59306e-06
-4.59456e-06
-4.59605e-06
-4.59754e-06
-4.59902e-06
-4.6005e-06
-4.60198e-06
-4.60344e-06
-4.60491e-06
-4.60637e-06
-4.60782e-06
-4.60927e-06
-4.61072e-06
-4.61216e-06
-4.6136e-06
-4.61503e-06
-4.61646e-06
-4.61788e-06
-4.6193e-06
-4.62071e-06
-4.62212e-06
-4.62353e-06
-4.62493e-06
-4.62633e-06
-4.62772e-06
-4.62911e-06
-4.63049e-06
-4.63187e-06
-4.63324e-06
-4.63461e-06
-4.63598e-06
-4.63734e-06
-4.6387e-06
-4.64005e-06
-4.6414e-06
-4.64274e-06
-4.64408e-06
-4.64542e-06
-4.64675e-06
-4.64808e-06
-4.6494e-06
-4.65072e-06
-4.65203e-06
-4.65334e-06
-4.65465e-06
-4.65595e-06
-4.65725e-06
-4.65854e-06
-4.65984e-06
-4.66112e-06
-4.66241e-06
-4.66369e-06
-4.66496e-06
-4.66623e-06
-4.6675e-06
-4.66876e-06
-4.67002e-06
-4.67128e-06
-4.67253e-06
-4.67378e-06
-4.67502e-06
-4.67626e-06
-4.6775e-06
-4.67873e-06
-4.67996e-06
-4.68119e-06
-4.68241e-06
-4.68362e-06
-4.68484e-06
-4.68605e-06
-4.68725e-06
-4.68845e-06
-4.68965e-06
-4.69084e-06
-4.69203e-06
-4.69322e-06
-4.6944e-06
-4.69558e-06
-4.69675e-06
-4.69793e-06
-4.69909e-06
-4.70026e-06
-4.70142e-06
-4.70257e-06
-4.70372e-06
-4.70487e-06
-4.70602e-06
-4.70716e-06
-4.7083e-06
-4.70943e-06
-4.71056e-06
-4.71169e-06
-4.71281e-06
-4.71393e-06
-4.71504e-06
-4.71616e-06
-4.71726e-06
-4.71837e-06
-4.71947e-06
-4.72057e-06
-4.72166e-06
-4.72275e-06
-4.72384e-06
-4.72492e-06
-4.726e-06
-4.72708e-06
-4.72815e-06
-4.72922e-06
-4.73029e-06
-4.73135e-06
-4.73241e-06
-4.73347e-06
-4.73452e-06
-4.73557e-06
-4.73661e-06
-4.73766e-06
-4.73869e-06
-4.73973e-06
-4.74076e-06
-4.74179e-06
-4.74282e-06
-4.74384e-06
-4.74486e-06
-4.74587e-06
-4.74688e-06
-4.74789e-06
-4.7489e-06
-4.7499e-06
-4.7509e-06
-4.7519e-06
-4.75289e-06
-4.75388e-06
-4.75486e-06
-4.75585e-06
-4.75683e-06
-4.7578e-06
-4.75878e-06
-4.75975e-06
-4.76071e-06
-4.76168e-06
-4.76264e-06
-4.7636e-06
-4.76455e-06
-4.7655e-06
-4.76645e-06
-4.76739e-06
-4.76834e-06
-4.76927e-06
-4.77021e-06
-4.77114e-06
-4.77207e-06
-4.773e-06
-4.77392e-06
-4.77484e-06
-4.77576e-06
-4.77668e-06
-4.77759e-06
-4.7785e-06
-4.7794e-06
-4.7803e-06
-4.7812e-06
-4.7821e-06
-4.783e-06
-4.78389e-06
-4.78477e-06
-4.78566e-06
-4.78654e-06
-4.78742e-06
-4.7883e-06
-4.78917e-06
-4.79004e-06
-4.79091e-06
-4.79177e-06
-4.79264e-06
-4.7935e-06
-4.79435e-06
-4.79521e-06
-4.79606e-06
-4.7969e-06
-4.79775e-06
-4.79859e-06
-4.79943e-06
-4.80027e-06
-4.8011e-06
-4.80193e-06
-4.80276e-06
-4.80359e-06
-4.80441e-06
-4.80523e-06
-4.80605e-06
-4.80687e-06
-4.80768e-06
-4.80849e-06
-4.8093e-06
-4.8101e-06
-4.8109e-06
-4.8117e-06
-4.8125e-06
-4.81329e-06
-4.81408e-06
-4.81487e-06
-4.81566e-06
-4.81644e-06
-4.81722e-06
-4.818e-06
-4.81878e-06
-4.81955e-06
-4.82032e-06
-4.82109e-06
-4.82185e-06
-4.82262e-06
-4.82338e-06
-4.82414e-06
-4.82489e-06
-4.82565e-06
-4.8264e-06
-4.82714e-06
-4.82789e-06
-4.82863e-06
-4.82937e-06
-4.83011e-06
-4.83085e-06
-4.83158e-06
-4.83231e-06
-4.83304e-06
-4.83377e-06
-4.83449e-06
-4.83521e-06
-4.83593e-06
-4.83665e-06
-4.83736e-06
-4.83807e-06
-4.83878e-06
-4.83949e-06
-4.8402e-06
-4.8409e-06
-4.8416e-06
-4.8423e-06
-4.84299e-06
-4.84368e-06
-4.84438e-06
-4.84506e-06
-4.84575e-06
-4.84644e-06
-4.84712e-06
-4.8478e-06
-4.84847e-06
-4.84915e-06
-4.84982e-06
-4.85049e-06
-4.85116e-06
-4.85183e-06
-4.85249e-06
-4.85315e-06
-4.85381e-06
-4.85447e-06
-4.85513e-06
-4.85578e-06
-4.85643e-06
-4.85708e-06
-4.85773e-06
-4.85837e-06
-4.85901e-06
-4.85965e-06
-4.86029e-06
-4.86093e-06
-4.86156e-06
-4.86219e-06
-4.86282e-06
-4.86345e-06
-4.86407e-06
-4.8647e-06
-4.86532e-06
-4.86594e-06
-4.86656e-06
-4.86717e-06
-4.86778e-06
-4.8684e-06
-4.869e-06
-4.86961e-06
-4.87022e-06
-4.87082e-06
-4.87142e-06
-4.87202e-06
-4.87262e-06
-4.87321e-06
-4.87381e-06
-4.8744e-06
-4.87499e-06
-4.87557e-06
-4.87616e-06
-4.87674e-06
-4.87732e-06
-4.8779e-06
-4.87848e-06
-4.87906e-06
-4.87963e-06
-4.8802e-06
-4.88077e-06
-4.88134e-06
-4.88191e-06
-4.88247e-06
-4.88303e-06
-4.88359e-06
-4.88415e-06
-4.88471e-06
-4.88526e-06
-4.88582e-06
-4.88637e-06
-4.88692e-06
-4.88746e-06
-4.88801e-06
-4.88855e-06
-4.8891e-06
-4.88964e-06
-4.89017e-06
-4.89071e-06
-4.89125e-06
-4.89178e-06
-4.89231e-06
-4.89284e-06
-4.89337e-06
-4.8939e-06
-4.89442e-06
-4.89494e-06
-4.89546e-06
-4.89598e-06
-4.8965e-06
-4.89702e-06
-4.89753e-06
-4.89804e-06
-4.89855e-06
-4.89906e-06
-4.89957e-06
-4.90007e-06
-4.90058e-06
-4.90108e-06
-4.90158e-06
-4.90208e-06
-4.90258e-06
-4.90307e-06
-4.90357e-06
-4.90406e-06
-4.90455e-06
-4.90504e-06
-4.90553e-06
-4.90601e-06
-4.9065e-06
-4.90698e-06
-4.90746e-06
-4.90794e-06
-4.90842e-06
-4.90889e-06
-4.90937e-06
-4.90984e-06
-4.91031e-06
-4.91078e-06
-4.91125e-06
-4.91172e-06
-4.91218e-06
-4.91264e-06
-4.91311e-06
-4.91357e-06
-4.91403e-06
-4.91448e-06
-4.91494e-06
-4.91539e-06
-4.91585e-06
-4.9163e-06
-4.91675e-06
-4.9172e-06
-4.91764e-06
-4.91809e-06
-4.91853e-06
-4.91897e-06
-4.91942e-06
-4.91986e-06
-4.92029e-06
-4.92073e-06
-4.92117e-06
-4.9216e-06
-4.92203e-06
-4.92246e-06
-4.92289e-06
-4.92332e-06
-4.92375e-06
-4.92417e-06
-4.92459e-06
-4.92502e-06
-4.92544e-06
-4.92586e-06
-4.92628e-06
-4.92669e-06
-4.92711e-06
-4.92752e-06
-4.92793e-06
-4.92835e-06
-4.92876e-06
-4.92916e-06
-4.92957e-06
-4.92998e-06
-4.93038e-06
-4.93078e-06
-4.93119e-06
-4.93159e-06
-4.93199e-06
-4.93238e-06
-4.93278e-06
-4.93317e-06
-4.93357e-06
-4.93396e-06
-4.93435e-06
-4.93474e-06
-4.93513e-06
-4.93552e-06
-4.9359e-06
-4.93629e-06
-4.93667e-06
-4.93705e-06
-4.93743e-06
-4.93781e-06
-4.93819e-06
-4.93857e-06
-4.93895e-06
-4.93932e-06
-4.93969e-06
-4.94007e-06
-4.94044e-06
-4.94081e-06
-4.94117e-06
-4.94154e-06
-4.94191e-06
-4.94227e-06
-4.94264e-06
-4.943e-06
-4.94336e-06
-4.94372e-06
-4.94408e-06
-4.94444e-06
-4.94479e-06
-4.94515e-06
-4.9455e-06
-4.94585e-06
-4.94621e-06
-4.94656e-06
-4.94691e-06
-4.94725e-06
-4.9476e-06
-4.94795e-06
-4.94829e-06
-4.94863e-06
-4.94898e-06
-4.94932e-06
-4.94966e-06
-4.95e-06
-4.95033e-06
-4.95067e-06
-4.95101e-06
-4.95134e-06
-4.95168e-06
-4.95201e-06
-4.95234e-06
-4.95267e-06
-4.953e-06
-4.95333e-06
-4.95365e-06
-4.95398e-06
-4.9543e-06
-4.95463e-06
-4.95495e-06
-4.95527e-06
-4.95559e-06
-4.95591e-06
-4.95623e-06
-4.95655e-06
-4.95686e-06
-4.95718e-06
-4.95749e-06
-4.9578e-06
-4.95812e-06
-4.95843e-06
-4.95874e-06
-4.95905e-06
-4.95935e-06
-4.95966e-06
-4.95997e-06
-4.96027e-06
-4.96057e-06
-4.96088e-06
-4.96118e-06
-4.96148e-06
-4.96178e-06
-4.96208e-06
-4.96238e-06
-4.96267e-06
-4.96297e-06
-4.96326e-06
-4.96356e-06
-4.96385e-06
-4.96414e-06
-4.96443e-06
-4.96472e-06
-4.96501e-06
-4.9653e-06
-4.96559e-06
-4.96587e-06
-4.96616e-06
-4.96644e-06
-4.96673e-06
-4.96701e-06
-4.96729e-06
-4.96757e-06
-4.96785e-06
-4.96813e-06
-4.96841e-06
-4.96868e-06
-4.96896e-06
-4.96923e-06
-4.96951e-06
-4.96978e-06
-4.97005e-06
-4.97033e-06
-4.9706e-06
-4.97087e-06
-4.97113e-06
-4.9714e-06
-4.97167e-06
-4.97194e-06
-4.9722e-06
-4.97246e-06
-4.97273e-06
-4.97299e-06
-4.97325e-06
-4.97351e-06
-4.97377e-06
-4.97403e-06
-4.97429e-06
-4.97455e-06
-4.9748e-06
-4.97506e-06
-4.97532e-06
-4.97557e-06
-4.97582e-06
-4.97607e-06
-4.97633e-06
-4.97658e-06
-4.97683e-06
-4.97708e-06
-4.97732e-06
-4.97757e-06
-4.97782e-06
-4.97806e-06
-4.97831e-06
-4.97855e-06
-4.9788e-06
-4.97904e-06
-4.97928e-06
-4.97952e-06
-4.97976e-06
-4.98e-06
-4.98024e-06
-4.98048e-06
-4.98071e-06
-4.98095e-06
-4.98119e-06
-4.98142e-06
-4.98165e-06
-4.98189e-06
-4.98212e-06
-4.98235e-06
-4.98258e-06
-4.98281e-06
-4.98304e-06
-4.98327e-06
-4.9835e-06
-4.98372e-06
-4.98395e-06
-4.98418e-06
-4.9844e-06
-4.98463e-06
-4.98485e-06
-4.98507e-06
-4.98529e-06
-4.98551e-06
-4.98573e-06
-4.98595e-06
-4.98617e-06
-4.98639e-06
-4.98661e-06
-4.98683e-06
-4.98704e-06
-4.98726e-06
-4.98747e-06
-4.98769e-06
-4.9879e-06
-4.98811e-06
-4.98832e-06
-4.98853e-06
-4.98875e-06
-4.98895e-06
-4.98916e-06
-4.98937e-06
-4.98958e-06
-4.98979e-06
-4.98999e-06
-4.9902e-06
-4.9904e-06
-4.99061e-06
-4.99081e-06
-4.99102e-06
-4.99122e-06
-4.99142e-06
-4.99162e-06
-4.99182e-06
-4.99202e-06
-4.99222e-06
-4.99242e-06
-4.99262e-06
-4.99281e-06
-4.99301e-06
-4.9932e-06
-4.9934e-06
-4.99359e-06
-4.99379e-06
-4.99398e-06
-4.99417e-06
-4.99437e-06
-4.99456e-06
-4.99475e-06
-4.99494e-06
-4.99513e-06
-4.99532e-06
-4.99551e-06
-4.99569e-06
-4.99588e-06
-4.99607e-06
-4.99625e-06
-4.99644e-06
-4.99662e-06
-4.99681e-06
-4.99699e-06
-4.99717e-06
-4.99735e-06
-4.99754e-06
-4.99772e-06
-4.9979e-06
-4.99808e-06
-4.99826e-06
-4.99843e-06
-4.99861e-06
-4.99879e-06
-4.99897e-06
-4.99914e-06
-4.99932e-06
-4.99949e-06
-4.99967e-06
-4.99984e-06
-5.00002e-06
-5.00019e-06
-5.00036e-06
-5.00053e-06
-5.0007e-06
-5.00088e-06
-5.00105e-06
-5.00122e-06
-5.00138e-06
-5.00155e-06
-5.00172e-06
-5.00189e-06
-5.00205e-06
-5.00222e-06
-5.00239e-06
-5.00255e-06
-5.00272e-06
-5.00288e-06
-5.00304e-06
-5.00321e-06
-5.00337e-06
-5.00353e-06
-5.00369e-06
-5.00385e-06
-5.00401e-06
-5.00417e-06
-5.00433e-06
-5.00449e-06
-5.00465e-06
-5.00481e-06
-5.00497e-06
-5.00512e-06
-5.00528e-06
-5.00544e-06
-5.00559e-06
-5.00575e-06
-5.0059e-06
-5.00605e-06
-5.00621e-06
-5.00636e-06
-5.00651e-06
-5.00666e-06
-5.00681e-06
-5.00697e-06
-5.00712e-06
-5.00727e-06
-5.00742e-06
-5.00756e-06
-5.00771e-06
-5.00786e-06
-5.00801e-06
-5.00815e-06
-5.0083e-06
-5.00845e-06
-5.00859e-06
-5.00874e-06
-5.00888e-06
-5.00903e-06
-5.00917e-06
-5.00931e-06
-5.00946e-06
-5.0096e-06
-5.00974e-06
-5.00988e-06
-5.01002e-06
-5.01016e-06
-5.0103e-06
-5.01044e-06
-5.01058e-06
-5.01072e-06
-5.01086e-06
-5.011e-06
-5.01113e-06
-5.01127e-06
-5.01141e-06
-5.01154e-06
-5.01168e-06
-5.01181e-06
-5.01195e-06
-5.01208e-06
-5.01222e-06
-5.01235e-06
-5.01248e-06
-5.01262e-06
-5.01275e-06
-5.01288e-06
-5.01301e-06
-5.01314e-06
-5.01327e-06
-5.0134e-06
-5.01353e-06
-5.01366e-06
-5.01379e-06
-5.01392e-06
-5.01405e-06
-5.01417e-06
-5.0143e-06
-5.01443e-06
-5.01455e-06
-5.01468e-06
-5.0148e-06
-5.01493e-06
-5.01505e-06
-5.01518e-06
-5.0153e-06
-5.01543e-06
-5.01555e-06
-5.01567e-06
-5.01579e-06
-5.01592e-06
-5.01604e-06
-5.01616e-06
-5.01628e-06
-5.0164e-06
-5.01652e-06
-5.01664e-06
-5.01676e-06
-5.01688e-06
-5.017e-06
-5.01711e-06
-5.01723e-06
-5.01735e-06
-5.01747e-06
-5.01758e-06
-5.0177e-06
-5.01781e-06
-5.01793e-06
-5.01804e-06
-5.01816e-06
-5.01827e-06
-5.01839e-06
-5.0185e-06
-5.01861e-06
-5.01873e-06
-5.01884e-06
-5.01895e-06
-5.01906e-06
-5.01918e-06
-5.01929e-06
-5.0194e-06
-5.01951e-06
-5.01962e-06
-5.01973e-06
-5.01984e-06
-5.01995e-06
-5.02006e-06
-5.02016e-06
-5.02027e-06
-5.02038e-06
-5.02049e-06
-5.02059e-06
-5.0207e-06
-5.02081e-06
-5.02091e-06
-5.02102e-06
-5.02112e-06
-5.02123e-06
-5.02133e-06
-5.02144e-06
-5.02154e-06
-5.02164e-06
-5.02175e-06
-5.02185e-06
-5.02195e-06
-5.02206e-06
-5.02216e-06
-5.02226e-06
-5.02236e-06
-5.02246e-06
-5.02256e-06
-5.02266e-06
-5.02276e-06
-5.02286e-06
-5.02296e-06
-5.02306e-06
-5.02316e-06
-5.02326e-06
-5.02336e-06
-5.02346e-06
-5.02355e-06
-5.02365e-06
-5.02375e-06
-5.02384e-06
-5.02394e-06
-5.02404e-06
-5.02413e-06
-5.02423e-06
-5.02432e-06
-5.02442e-06
-5.02451e-06
-5.02461e-06
-5.0247e-06
-5.02479e-06
-5.02489e-06
-5.02498e-06
-5.02507e-06
-5.02517e-06
-5.02526e-06
-5.02535e-06
-5.02544e-06
-5.02553e-06
-5.02562e-06
-5.02571e-06
-5.02581e-06
-5.0259e-06
-5.02599e-06
-5.02608e-06
-5.02616e-06
-5.02625e-06
-5.02634e-06
-5.02643e-06
-5.02652e-06
-5.02661e-06
-5.0267e-06
-5.02678e-06
-5.02687e-06
-5.02696e-06
-5.02704e-06
-5.02713e-06
-5.02722e-06
-5.0273e-06
-5.02739e-06
-5.02747e-06
-5.02756e-06
-5.02764e-06
-5.02773e-06
-5.02781e-06
-5.02789e-06
-5.02798e-06
-5.02806e-06
-5.02815e-06
-5.02823e-06
-5.02831e-06
-5.02839e-06
-5.02848e-06
-5.02856e-06
-5.02864e-06
-5.02872e-06
-5.0288e-06
-5.02888e-06
-5.02896e-06
-5.02904e-06
-5.02912e-06
-5.0292e-06
-5.02928e-06
-5.02936e-06
-5.02944e-06
-5.02952e-06
-5.0296e-06
-5.02968e-06
-5.02976e-06
-5.02983e-06
-5.02991e-06
-5.02999e-06
-5.03007e-06
-5.03014e-06
-5.03022e-06
-5.0303e-06
-5.03037e-06
-5.03045e-06
-5.03053e-06
-5.0306e-06
-5.03068e-06
-5.03075e-06
-5.03083e-06
-5.0309e-06
-5.03098e-06
-5.03105e-06
-5.03112e-06
-5.0312e-06
-5.03127e-06
-5.03134e-06
-5.03142e-06
-5.03149e-06
-5.03156e-06
-5.03163e-06
-5.03171e-06
-5.03178e-06
-5.03185e-06
-5.03192e-06
-5.03199e-06
-5.03206e-06
-5.03214e-06
-5.03221e-06
-5.03228e-06
-5.03235e-06
-5.03242e-06
-5.03249e-06
-5.03256e-06
-5.03263e-06
-5.03269e-06
-5.03276e-06
-5.03283e-06
-5.0329e-06
-5.03297e-06
-5.03304e-06
-5.03311e-06
-5.03317e-06
-5.03324e-06
-5.03331e-06
-5.03338e-06
-5.03344e-06
-5.03351e-06
-5.03358e-06
-5.03364e-06
-5.03371e-06
-5.03377e-06
-5.03384e-06
-5.0339e-06
-5.03397e-06
-5.03404e-06
-5.0341e-06
-5.03416e-06
-5.03423e-06
-5.03429e-06
-5.03436e-06
-5.03442e-06
-5.03449e-06
-5.03455e-06
-5.03461e-06
-5.03468e-06
-5.03474e-06
-5.0348e-06
-5.03486e-06
-5.03493e-06
-5.03499e-06
-5.03505e-06
-5.03511e-06
-5.03517e-06
-5.03524e-06
-5.0353e-06
-5.03536e-06
-5.03542e-06
-5.03548e-06
-5.03554e-06
-5.0356e-06
-5.03566e-06
-5.03572e-06
-5.03578e-06
-5.03584e-06
-5.0359e-06
-5.03596e-06
-5.03602e-06
-5.03608e-06
-5.03614e-06
-5.03619e-06
-5.03625e-06
-5.03631e-06
-5.03637e-06
-5.03643e-06

