102.95
423.775
546.55
568.225
587.65
607.875
627.75
647.65
667.7
925.6
945.65
966.975
987.725
1008.5
1247.48
1384.98
1413.58
1436.48
1457.78
1478.23
1498.28
1518.25
1808.95
2113.95
2136.65
2156.15
2175.65
2195.18
2214.85
2234.75
2534.32
2554.32
2575.6
2596.27
2616.97
2637.95
2916.1
2946.17
2969.65
2991.02
3011.47
3031.47
3051.37
3393.92
3771.5
3791.52
3810.52
3830.75
3850.55
3870.42
3890.5
4297.8
4318.25
4752.5
4781.5
4804.4
4825.52
4845.8
4865.75
4885.67
5262.05
5282.8
5668.95
5689.02
5708.15
5728.6
5748.5
5768.45
5788.65

