56.7
73.6
92.275
111.4
131.2
309.125
325.675
339.925
355.4
370.775
386.225
586.775
601.65
619.275
637.55
656.65
883.625
902.5
917.375
932.575
947.85
963.325
1138.98
1257.13
1276.18
1291.58
1305.88
1320.45
1335.43
1350.73
1504.18
1606.75
1628.03
1644.25
1659.6
1674.75
1689.95
1821.53
1916.38
2030.68
2052.53
2069.15
2084.15
2098.8
2113.58
2128.68
2315.13
2332.15
2350.3
2369.03
2388.4
2513.3
2593.77
2685.37
2701.35
2715.45
2730.97
2746.3
2761.7
2920.45
3043
3057.92
3072.57
3086.85
3102.62
3118.37
3134.2
3273.75
3353.12
3441.35
3538.42
3558.47
3574.22
3588.65
3603.15
3617.9
3632.97
3788.65
3910.8
3931.6
3947.57
3962.92
3978.17
3993.52
4231.97
4249.05
4267.37
4286.22
4305.7
4448.57
4542.87
4652.8
4668.42
4682.65
4696.45
4711.45
4726.7
4742.1
4935.07
5091.95
5109.05
5127.42
5146.4
5166.1
5370.42
5491.4
5510.95
5526.42
5542.12
5557.7
5573.25
5804.05
5824.57
5840.32
5855.82
5871.2
5886.67

