102.925
424.675
547.55
569.225
588.65
608.8
628.675
648.55
668.6
926.975
946.85
968.025
988.6
1009.18
1244.73
1382.33
1411.1
1434.05
1455.43
1475.98
1496.08
1516.08
1800.08
2113.88
2136.63
2156.08
2175.5
2194.95
2214.55
2234.43
2538.42
2558.25
2579.32
2599.82
2620.32
2641.1
2904.15
2934.35
2957.92
2979.32
2999.75
3019.67
3039.52
3379.4
3754.6
3774.52
3793.47
3813.52
3833.27
3853.12
3873.17
4274.65
4294.82
4727.45
4755.85
4778.45
4799.4
4819.57
4839.47
4859.4
5252.87
5273.57
5672.95
5692.55
5712.97
5733.37
5753.97
5775.2

