57.175
76.625
98.5
122.2
148.125
321.075
431.5
448.35
463.05
477.15
491.825
506.9
522.25
716.375
734.275
749.125
764.15
779.3
794.65
1092.33
1112.6
1134.85
1158.73
1352.08
1461.1
1584.25
1606.13
1622.83
1637.93
1652.7
1667.58
1682.7
1905.73
1929.6
1946.88
1962.78
1978.2
1993.58
2277.13
2297.35
2319.45
2343.1
2509.87
2619.65
2635.85
2650.37
2664.4
2679.02
2694.07
2709.4
2915.47
2932.1
2946.7
2962
2977.4
2992.92
3246.25
3266.5
3288.6
3312.3
3500.82
3601.97
3711.22
3733.77
3750.67
3765.85
3780.62
3795.42
3810.42
3996.2
4151.42
4171.75
4193.85
4217.57
4384.2
4485.97
4502.95
4517.57
4533.17
4548.65
4564.15
4764.42
4779.85
4794.7
4809.12
4823.82
4845.12
5072.55
5088.02
5102.47
5116.7
5132.2
5147.77
5163.6
5333.47
5437.87
5461.07
5477.95
5493.75
5509.2
5524.6
5733.97
5754.27
5770.45
5785.3
5800.35
5815.62
5831.1

