0
-2.59904e-06
-3.42765e-06
-3.69769e-06
-3.78725e-06
-3.81826e-06
-3.83022e-06
-3.83594e-06
-3.83957e-06
-3.84247e-06
-3.84507e-06
-3.84754e-06
-3.84991e-06
-3.8522e-06
-3.85443e-06
-3.8566e-06
-3.85872e-06
-3.86079e-06
-3.86281e-06
-3.8648e-06
-3.86674e-06
-3.86865e-06
-3.87052e-06
-3.87236e-06
-3.87418e-06
-3.87596e-06
-3.87772e-06
-3.87946e-06
-3.88117e-06
-3.88285e-06
-3.88452e-06
-3.88616e-06
-3.88778e-06
-3.88939e-06
-3.89097e-06
-3.89254e-06
-3.89409e-06
-3.89562e-06
-3.89713e-06
-3.89863e-06
-3.90011e-06
-3.90157e-06
-3.90302e-06
-3.90446e-06
-3.90587e-06
-3.90728e-06
-3.90867e-06
-3.91005e-06
-3.91141e-06
-3.91276e-06
-3.91409e-06
-3.91542e-06
-3.91672e-06
-3.91802e-06
-3.91931e-06
-3.92058e-06
-3.92184e-06
-3.92308e-06
-3.92432e-06
-3.92554e-06
-3.92676e-06
-3.92796e-06
-3.92915e-06
-3.93032e-06
-3.93149e-06
-3.93265e-06
-3.93379e-06
-3.93493e-06
-3.93605e-06
-3.93717e-06
-3.93827e-06
-3.93937e-06
-3.94045e-06
-3.94153e-06
-3.94259e-06
-3.94365e-06
-3.94469e-06
-3.94573e-06
-3.94676e-06
-3.94778e-06
-3.94878e-06
-3.94979e-06
-3.95078e-06
-3.95176e-06
-3.95273e-06
-3.9537e-06
-3.95466e-06
-3.9556e-06
-3.95655e-06
-3.95748e-06
-3.9584e-06
-3.95932e-06
-3.96023e-06
-3.96113e-06
-3.96202e-06
-3.96291e-06
-3.96378e-06
-3.96465e-06
-3.96552e-06
-3.96637e-06
-3.96722e-06
-3.96806e-06
-3.9689e-06
-3.96972e-06
-3.97054e-06
-3.97136e-06
-3.97216e-06
-3.97296e-06
-3.97376e-06
-3.97454e-06
-3.97533e-06
-3.9761e-06
-3.97687e-06
-3.97763e-06
-3.97838e-06
-3.97913e-06
-3.97987e-06
-3.98061e-06
-3.98134e-06
-3.98207e-06
-3.98279e-06
-3.9835e-06
-3.98421e-06
-3.98491e-06
-3.9856e-06
-3.98629e-06
-3.98698e-06
-3.98766e-06
-3.98833e-06
-3.989e-06
-3.98966e-06
-3.99032e-06
-3.99098e-06
-3.99162e-06
-3.99227e-06
-3.9929e-06
-3.99354e-06
-3.99416e-06
-3.99479e-06
-3.99541e-06
-3.99602e-06
-3.99663e-06
-3.99723e-06
-3.99783e-06
-3.99842e-06
-3.99901e-06
-3.9996e-06
-4.00018e-06
-4.00075e-06
-4.00133e-06
-4.00189e-06
-4.00246e-06
-4.00302e-06
-4.00357e-06
-4.00412e-06
-4.00467e-06
-4.00521e-06
-4.00575e-06
-4.00628e-06
-4.00681e-06
-4.00733e-06
-4.00786e-06
-4.00837e-06
-4.00889e-06
-4.0094e-06
-4.0099e-06
-4.0104e-06
-4.0109e-06
-4.0114e-06
-4.01189e-06
-4.01238e-06
-4.01286e-06
-4.01334e-06
-4.01382e-06
-4.01429e-06
-4.01476e-06
-4.01522e-06
-4.01569e-06
-4.01615e-06
-4.0166e-06
-4.01705e-06
-4.0175e-06
-4.01795e-06
-4.01839e-06
-4.01883e-06
-4.01926e-06
-4.0197e-06
-4.02013e-06
-4.02055e-06
-4.02097e-06
-4.02139e-06
-4.02181e-06
-4.02222e-06
-4.02264e-06
-4.02304e-06
-4.02345e-06
-4.02385e-06
-4.02425e-06
-4.02464e-06
-4.02504e-06
-4.02543e-06
-4.02581e-06
-4.0262e-06
-4.02658e-06
-4.02696e-06
-4.02733e-06
-4.02771e-06
-4.02808e-06
-4.02844e-06
-4.02881e-06
-4.02917e-06
-4.02953e-06
-4.02989e-06
-4.03024e-06
-4.03059e-06
-4.03094e-06
-4.03129e-06
-4.03163e-06
-4.03197e-06
-4.03231e-06
-4.03265e-06
-4.03298e-06
-4.03331e-06
-4.03364e-06
-4.03397e-06
-4.03429e-06
-4.03462e-06
-4.03494e-06
-4.03525e-06
-4.03557e-06
-4.03588e-06
-4.03619e-06
-4.0365e-06
-4.0368e-06
-4.03711e-06
-4.03741e-06
-4.03771e-06
-4.038e-06
-4.0383e-06
-4.03859e-06
-4.03888e-06
-4.03917e-06
-4.03946e-06
-4.03974e-06
-4.04002e-06
-4.0403e-06
-4.04058e-06
-4.04085e-06
-4.04113e-06
-4.0414e-06
-4.04167e-06
-4.04194e-06
-4.0422e-06
-4.04246e-06
-4.04273e-06
-4.04298e-06
-4.04324e-06
-4.0435e-06
-4.04375e-06
-4.044e-06
-4.04425e-06
-4.0445e-06
-4.04475e-06
-4.04499e-06
-4.04523e-06
-4.04547e-06
-4.04571e-06
-4.04595e-06
-4.04619e-06
-4.04642e-06
-4.04665e-06
-4.04688e-06
-4.04711e-06
-4.04733e-06
-4.04756e-06
-4.04778e-06
-4.048e-06
-4.04822e-06
-4.04844e-06
-4.04866e-06
-4.04887e-06
-4.04908e-06
-4.0493e-06
-4.04951e-06
-4.04971e-06
-4.04992e-06
-4.05012e-06
-4.05033e-06
-4.05053e-06
-4.05073e-06
-4.05093e-06
-4.05113e-06
-4.05132e-06
-4.05151e-06
-4.05171e-06
-4.0519e-06
-4.05209e-06
-4.05228e-06
-4.05246e-06
-4.05265e-06
-4.05283e-06
-4.05301e-06
-4.05319e-06
-4.05337e-06
-4.05355e-06
-4.05373e-06
-4.0539e-06
-4.05408e-06
-4.05425e-06
-4.05442e-06
-4.05459e-06
-4.05476e-06
-4.05492e-06
-4.05509e-06
-4.05525e-06
-4.05542e-06
-4.05558e-06
-4.05574e-06
-4.0559e-06
-4.05605e-06
-4.05621e-06
-4.05637e-06
-4.05652e-06
-4.05667e-06
-4.05682e-06
-4.05697e-06
-4.05712e-06
-4.05727e-06
-4.05742e-06
-4.05756e-06
-4.05771e-06
-4.05785e-06
-4.05799e-06
-4.05813e-06
-4.05827e-06
-4.05841e-06
-4.05855e-06
-4.05868e-06
-4.05882e-06
-4.05895e-06
-4.05908e-06
-4.05921e-06
-4.05934e-06
-4.05947e-06
-4.0596e-06
-4.05973e-06
-4.05985e-06
-4.05998e-06
-4.0601e-06
-4.06023e-06
-4.06035e-06
-4.06047e-06
-4.06059e-06
-4.06071e-06
-4.06083e-06
-4.06094e-06
-4.06106e-06
-4.06117e-06
-4.06129e-06
-4.0614e-06
-4.06151e-06
-4.06162e-06
-4.06173e-06
-4.06184e-06
-4.06195e-06
-4.06206e-06
-4.06216e-06
-4.06227e-06
-4.06237e-06
-4.06247e-06
-4.06258e-06
-4.06268e-06
-4.06278e-06
-4.06288e-06
-4.06298e-06
-4.06307e-06
-4.06317e-06
-4.06327e-06
-4.06336e-06
-4.06346e-06
-4.06355e-06
-4.06364e-06
-4.06374e-06
-4.06383e-06
-4.06392e-06
-4.06401e-06
-4.0641e-06
-4.06418e-06
-4.06427e-06
-4.06436e-06
-4.06444e-06
-4.06453e-06
-4.06461e-06
-4.0647e-06
-4.06478e-06
-4.06486e-06
-4.06494e-06
-4.06502e-06
-4.0651e-06
-4.06518e-06
-4.06526e-06
-4.06533e-06
-4.06541e-06
-4.06549e-06
-4.06556e-06
-4.06564e-06
-4.06571e-06
-4.06578e-06
-4.06585e-06
-4.06593e-06
-4.066e-06
-4.06607e-06
-4.06614e-06
-4.06621e-06
-4.06627e-06
-4.06634e-06
-4.06641e-06
-4.06648e-06
-4.06654e-06
-4.06661e-06
-4.06667e-06
-4.06673e-06
-4.0668e-06
-4.06686e-06
-4.06692e-06
-4.06698e-06
-4.06704e-06
-4.0671e-06
-4.06716e-06
-4.06722e-06
-4.06728e-06
-4.06734e-06
-4.0674e-06
-4.06745e-06
-4.06751e-06
-4.06756e-06
-4.06762e-06
-4.06767e-06
-4.06773e-06
-4.06778e-06
-4.06783e-06
-4.06789e-06
-4.06794e-06
-4.06799e-06
-4.06804e-06
-4.06809e-06
-4.06814e-06
-4.06819e-06
-4.06824e-06
-4.06828e-06
-4.06833e-06
-4.06838e-06
-4.06843e-06
-4.06847e-06
-4.06852e-06
-4.06856e-06
-4.06861e-06
-4.06865e-06
-4.0687e-06
-4.06874e-06
-4.06878e-06
-4.06882e-06
-4.06887e-06
-4.06891e-06
-4.06895e-06
-4.06899e-06
-4.06903e-06
-4.06907e-06
-4.06911e-06
-4.06915e-06
-4.06918e-06
-4.06922e-06
-4.06926e-06
-4.0693e-06
-4.06933e-06
-4.06937e-06
-4.06941e-06
-4.06944e-06
-4.06948e-06
-4.06951e-06
-4.06954e-06
-4.06958e-06
-4.06961e-06
-4.06965e-06
-4.06968e-06
-4.06971e-06
-4.06974e-06
-4.06977e-06
-4.06981e-06
-4.06984e-06
-4.06987e-06
-4.0699e-06
-4.06993e-06
-4.06996e-06
-4.06998e-06
-4.07001e-06
-4.07004e-06
-4.07007e-06
-4.0701e-06
-4.07013e-06
-4.07015e-06
-4.07018e-06
-4.07021e-06
-4.07023e-06
-4.07026e-06
-4.07028e-06
-4.07031e-06
-4.07033e-06
-4.07036e-06
-4.07038e-06
-4.0704e-06
-4.07043e-06
-4.07045e-06
-4.07047e-06
-4.0705e-06
-4.07052e-06
-4.07054e-06
-4.07056e-06
-4.07058e-06
-4.07061e-06
-4.07063e-06
-4.07065e-06
-4.07067e-06
-4.07069e-06
-4.07071e-06
-4.07073e-06
-4.07075e-06
-4.07077e-06
-4.07078e-06
-4.0708e-06
-4.07082e-06
-4.07084e-06
-4.07086e-06
-4.07087e-06
-4.07089e-06
-4.07091e-06
-4.07093e-06
-4.07094e-06
-4.07096e-06
-4.07097e-06
-4.07099e-06
-4.07101e-06
-4.07102e-06
-4.07104e-06
-4.07105e-06
-4.07107e-06
-4.07108e-06
-4.07109e-06
-4.07111e-06
-4.07112e-06
-4.07113e-06
-4.07115e-06
-4.07116e-06
-4.07117e-06
-4.07119e-06
-4.0712e-06
-4.07121e-06
-4.07122e-06
-4.07124e-06
-4.07125e-06
-4.07126e-06
-4.07127e-06
-4.07128e-06
-4.07129e-06
-4.0713e-06
-4.07131e-06
-4.07132e-06
-4.07133e-06
-4.07134e-06
-4.07135e-06
-4.07136e-06
-4.07137e-06
-4.07138e-06
-4.07139e-06
-4.0714e-06
-4.07141e-06
-4.07142e-06
-4.07143e-06
-4.07143e-06
-4.07144e-06
-4.07145e-06
-4.07146e-06
-4.07147e-06
-4.07147e-06
-4.07148e-06
-4.07149e-06
-4.07149e-06
-4.0715e-06
-4.07151e-06
-4.07151e-06
-4.07152e-06
-4.07153e-06
-4.07153e-06
-4.07154e-06
-4.07154e-06
-4.07155e-06
-4.07156e-06
-4.07156e-06
-4.07157e-06
-4.07157e-06
-4.07158e-06
-4.07158e-06
-4.07159e-06
-4.07159e-06
-4.0716e-06
-4.0716e-06
-4.0716e-06
-4.07161e-06
-4.07161e-06
-4.07162e-06
-4.07162e-06
-4.07162e-06
-4.07163e-06
-4.07163e-06
-4.07163e-06
-4.07164e-06
-4.07164e-06
-4.07164e-06
-4.07164e-06
-4.07165e-06
-4.07165e-06
-4.07165e-06
-4.07165e-06
-4.07166e-06
-4.07166e-06
-4.07166e-06
-4.07166e-06
-4.07166e-06
-4.07167e-06
-4.07167e-06
-4.07167e-06
-4.07167e-06
-4.07167e-06
-4.07167e-06
-4.07167e-06
-4.07168e-06
-4.07168e-06
-4.07168e-06
-4.07168e-06
-4.07168e-06
-4.07168e-06
-4.07168e-06
-4.07168e-06
-4.07168e-06
-4.07168e-06
-4.07168e-06
-4.07168e-06
-4.07168e-06
-4.07168e-06
-4.07168e-06
-4.07168e-06
-4.07168e-06
-4.07168e-06
-4.07168e-06
-4.07168e-06
-4.07168e-06
-4.07168e-06
-4.07168e-06
-4.07168e-06
-4.07168e-06
-4.07168e-06
-4.07167e-06
-4.07167e-06
-4.07167e-06
-4.07167e-06
-4.07167e-06
-4.07167e-06
-4.07167e-06
-4.07167e-06
-4.07166e-06
-4.07166e-06
-4.07166e-06
-4.07166e-06
-4.07166e-06
-4.07166e-06
-4.07165e-06
-4.07165e-06
-4.07165e-06
-4.07165e-06
-4.07165e-06
-4.07164e-06
-4.07164e-06
-4.07164e-06
-4.07164e-06
-4.07163e-06
-4.07163e-06
-4.07163e-06
-4.07163e-06
-4.07162e-06
-4.07162e-06
-4.07162e-06
-4.07162e-06
-4.07161e-06
-4.07161e-06
-4.07161e-06
-4.0716e-06
-4.0716e-06
-4.0716e-06
-4.0716e-06
-4.07159e-06
-4.07159e-06
-4.07159e-06
-4.07158e-06
-4.07158e-06
-4.07158e-06
-4.07157e-06
-4.07157e-06
-4.07157e-06
-4.07156e-06
-4.07156e-06
-4.07156e-06
-4.07155e-06
-4.07155e-06
-4.07154e-06
-4.07154e-06
-4.07154e-06
-4.07153e-06
-4.07153e-06
-4.07153e-06
-4.07152e-06
-4.07152e-06
-4.07151e-06
-4.07151e-06
-4.07151e-06
-4.0715e-06
-4.0715e-06
-4.07149e-06
-4.07149e-06
-4.07149e-06
-4.07148e-06
-4.07148e-06
-4.07147e-06
-4.07147e-06
-4.07147e-06
-4.07146e-06
-4.07146e-06
-4.07145e-06
-4.07145e-06
-4.07144e-06
-4.07144e-06
-4.07144e-06
-4.07143e-06
-4.07143e-06
-4.07142e-06
-4.07142e-06
-4.07141e-06
-4.07141e-06
-4.07141e-06
-4.0714e-06
-4.0714e-06
-4.07139e-06
-4.07139e-06
-4.07138e-06
-4.07138e-06
-4.07137e-06
-4.07137e-06
-4.07136e-06
-4.07136e-06
-4.07135e-06
-4.07135e-06
-4.07135e-06
-4.07134e-06
-4.07134e-06
-4.07133e-06
-4.07133e-06
-4.07132e-06
-4.07132e-06
-4.07131e-06
-4.07131e-06
-4.0713e-06
-4.0713e-06
-4.07129e-06
-4.07129e-06
-4.07128e-06
-4.07128e-06
-4.07127e-06
-4.07127e-06
-4.07126e-06
-4.07126e-06
-4.07125e-06
-4.07125e-06
-4.07124e-06
-4.07124e-06
-4.07123e-06
-4.07123e-06
-4.07122e-06
-4.07122e-06
-4.07121e-06
-4.07121e-06
-4.0712e-06
-4.0712e-06
-4.07119e-06
-4.07119e-06
-4.07119e-06
-4.07118e-06
-4.07118e-06
-4.07117e-06
-4.07117e-06
-4.07116e-06
-4.07116e-06
-4.07115e-06
-4.07115e-06
-4.07114e-06
-4.07114e-06
-4.07113e-06
-4.07113e-06
-4.07112e-06
-4.07112e-06
-4.07111e-06
-4.07111e-06
-4.0711e-06
-4.0711e-06
-4.07109e-06
-4.07109e-06
-4.07108e-06
-4.07108e-06
-4.07107e-06
-4.07107e-06
-4.07106e-06
-4.07106e-06
-4.07105e-06
-4.07105e-06
-4.07104e-06
-4.07104e-06
-4.07103e-06
-4.07103e-06
-4.07102e-06
-4.07102e-06
-4.07101e-06
-4.07101e-06
-4.071e-06
-4.071e-06
-4.07099e-06
-4.07099e-06
-4.07098e-06
-4.07098e-06
-4.07097e-06
-4.07097e-06
-4.07096e-06
-4.07096e-06
-4.07095e-06
-4.07095e-06
-4.07094e-06
-4.07094e-06
-4.07093e-06
-4.07093e-06
-4.07092e-06
-4.07092e-06
-4.07091e-06
-4.07091e-06
-4.0709e-06
-4.0709e-06
-4.07089e-06
-4.07089e-06
-4.07088e-06
-4.07088e-06
-4.07087e-06
-4.07087e-06
-4.07086e-06
-4.07086e-06
-4.07086e-06
-4.07085e-06
-4.07085e-06
-4.07084e-06
-4.07084e-06
-4.07083e-06
-4.07083e-06
-4.07082e-06
-4.07082e-06
-4.07081e-06
-4.07081e-06
-4.0708e-06
-4.0708e-06
-4.07079e-06
-4.07079e-06
-4.07079e-06
-4.07078e-06
-4.07078e-06
-4.07077e-06
-4.07077e-06
-4.07076e-06
-4.07076e-06
-4.07075e-06
-4.07075e-06
-4.07074e-06
-4.07074e-06
-4.07074e-06
-4.07073e-06
-4.07073e-06
-4.07072e-06
-4.07072e-06
-4.07071e-06
-4.07071e-06
-4.0707e-06
-4.0707e-06
-4.0707e-06
-4.07069e-06
-4.07069e-06
-4.07068e-06
-4.07068e-06
-4.07067e-06
-4.07067e-06
-4.07067e-06
-4.07066e-06
-4.07066e-06
-4.07065e-06
-4.07065e-06
-4.07064e-06
-4.07064e-06
-4.07064e-06
-4.07063e-06
-4.07063e-06
-4.07062e-06
-4.07062e-06
-4.07062e-06
-4.07061e-06
-4.07061e-06
-4.0706e-06
-4.0706e-06
-4.07059e-06
-4.07059e-06
-4.07059e-06
-4.07058e-06
-4.07058e-06
-4.07057e-06
-4.07057e-06
-4.07057e-06
-4.07056e-06
-4.07056e-06
-4.07056e-06
-4.07055e-06
-4.07055e-06
-4.07054e-06
-4.07054e-06
-4.07054e-06
-4.07053e-06
-4.07053e-06
-4.07052e-06
-4.07052e-06
-4.07052e-06
-4.07051e-06
-4.07051e-06
-4.07051e-06
-4.0705e-06
-4.0705e-06
-4.07049e-06
-4.07049e-06
-4.07049e-06
-4.07048e-06
-4.07048e-06
-4.07048e-06
-4.07047e-06
-4.07047e-06
-4.07047e-06
-4.07046e-06
-4.07046e-06
-4.07046e-06
-4.07045e-06
-4.07045e-06
-4.07044e-06
-4.07044e-06
-4.07044e-06
-4.07043e-06
-4.07043e-06
-4.07043e-06
-4.07042e-06
-4.07042e-06
-4.07042e-06
-4.07041e-06
-4.07041e-06
-4.07041e-06
-4.0704e-06
-4.0704e-06
-4.0704e-06
-4.07039e-06
-4.07039e-06
-4.07039e-06
-4.07039e-06
-4.07038e-06
-4.07038e-06
-4.07038e-06
-4.07037e-06
-4.07037e-06
-4.07037e-06
-4.07036e-06
-4.07036e-06
-4.07036e-06
-4.07035e-06
-4.07035e-06
-4.07035e-06
-4.07035e-06
-4.07034e-06
-4.07034e-06
-4.07034e-06
-4.07033e-06
-4.07033e-06
-4.07033e-06
-4.07032e-06
-4.07032e-06
-4.07032e-06
-4.07032e-06
-4.07031e-06
-4.07031e-06
-4.07031e-06
-4.07031e-06
-4.0703e-06
-4.0703e-06
-4.0703e-06
-4.07029e-06
-4.07029e-06
-4.07029e-06
-4.07029e-06
-4.07028e-06
-4.07028e-06
-4.07028e-06
-4.07028e-06
-4.07027e-06
-4.07027e-06
-4.07027e-06
-4.07027e-06
-4.07026e-06
-4.07026e-06
-4.07026e-06
-4.07026e-06
-4.07025e-06
-4.07025e-06
-4.07025e-06
-4.07025e-06
-4.07024e-06
-4.07024e-06
-4.07024e-06
-4.07024e-06
-4.07024e-06
-4.07023e-06
-4.07023e-06
-4.07023e-06
-4.07023e-06
-4.07022e-06
-4.07022e-06
-4.07022e-06
-4.07022e-06
-4.07022e-06
-4.07021e-06
-4.07021e-06
-4.07021e-06
-4.07021e-06
-4.0702e-06
-4.0702e-06
-4.0702e-06
-4.0702e-06
-4.0702e-06
-4.07019e-06
-4.07019e-06
-4.07019e-06
-4.07019e-06
-4.07019e-06
-4.07019e-06
-4.07018e-06
-4.07018e-06
-4.07018e-06
-4.07018e-06
-4.07018e-06
-4.07017e-06
-4.07017e-06
-4.07017e-06
-4.07017e-06
-4.07017e-06
-4.07017e-06
-4.07016e-06
-4.07016e-06
-4.07016e-06
-4.07016e-06
-4.07016e-06
-4.07016e-06
-4.07015e-06
-4.07015e-06
-4.07015e-06
-4.07015e-06
-4.07015e-06
-4.07015e-06
-4.07014e-06
-4.07014e-06
-4.07014e-06
-4.07014e-06
-4.07014e-06
-4.07014e-06
-4.07014e-06
-4.07013e-06
-4.07013e-06
-4.07013e-06
-4.07013e-06
-4.07013e-06
-4.07013e-06
-4.07013e-06
-4.07012e-06
-4.07012e-06
-4.07012e-06
-4.07012e-06
-4.07012e-06
-4.07012e-06
-4.07012e-06
-4.07012e-06
-4.07011e-06
-4.07011e-06
-4.07011e-06
-4.07011e-06
-4.07011e-06
-4.07011e-06
-4.07011e-06
-4.07011e-06
-4.07011e-06
-4.0701e-06
-4.0701e-06
-4.0701e-06
-4.0701e-06
-4.0701e-06
-4.0701e-06
-4.0701e-06
-4.0701e-06
-4.0701e-06
-4.0701e-06
-4.07009e-06
-4.07009e-06
-4.07009e-06
-4.07009e-06
-4.07009e-06
-4.07009e-06
-4.07009e-06
-4.07009e-06
-4.07009e-06
-4.07009e-06
-4.07009e-06
-4.07009e-06
-4.07008e-06
-4.07008e-06
-4.07008e-06
-4.07008e-06
-4.07008e-06
-4.07008e-06
-4.07008e-06
-4.07008e-06
-4.07008e-06
-4.07008e-06
-4.07008e-06
-4.07008e-06
-4.07008e-06
-4.07008e-06
-4.07008e-06
-4.07008e-06
-4.07007e-06
-4.07007e-06
-4.07007e-06
-4.07007e-06
-4.07007e-06
-4.07007e-06
-4.07007e-06
-4.07007e-06
-4.07007e-06
-4.07007e-06
-4.07007e-06
-4.07007e-06
-4.07007e-06
-4.07007e-06
-4.07007e-06
-4.07007e-06
-4.07007e-06
-4.07007e-06
-4.07007e-06
-4.07007e-06
-4.07007e-06
-4.07007e-06
-4.07007e-06
-4.07007e-06
-4.07007e-06
-4.07007e-06
-4.07007e-06
-4.07007e-06
-4.07007e-06
-4.07007e-06
-4.07007e-06
-4.07007e-06
-4.07007e-06
-4.07007e-06
-4.07007e-06
-4.07007e-06
-4.07007e-06
-4.07007e-06
-4.07007e-06
-4.07007e-06
-4.07007e-06
-4.07007e-06
-4.07007e-06
-4.07007e-06
-4.07007e-06
-4.07007e-06
-4.07007e-06
-4.07007e-06
-4.07007e-06
-4.07007e-06
-4.07007e-06
-4.07007e-06
-4.07007e-06
-4.07007e-06
-4.07007e-06
-4.07007e-06
-4.07007e-06
-4.07007e-06
-4.07007e-06
-4.07007e-06
-4.07007e-06
-4.07007e-06
-4.07007e-06
-4.07007e-06
-4.07007e-06
-4.07007e-06
-4.07007e-06
-4.07007e-06
-4.07007e-06
-4.07007e-06
-4.07007e-06
-4.07007e-06
-4.07007e-06
-4.07007e-06
-4.07007e-06
-4.07007e-06
-4.07007e-06
-4.07007e-06
-4.07008e-06
-4.07008e-06
-4.07008e-06
-4.07008e-06
-4.07008e-06
-4.07008e-06
-4.07008e-06
-4.07008e-06
-4.07008e-06
-4.07008e-06
-4.07008e-06
-4.07008e-06
-4.07008e-06
-4.07008e-06
-4.07008e-06
-4.07008e-06
-4.07008e-06
-4.07009e-06
-4.07009e-06
-4.07009e-06
-4.07009e-06
-4.07009e-06
-4.07009e-06
-4.07009e-06
-4.07009e-06
-4.07009e-06
-4.07009e-06
-4.07009e-06
-4.07009e-06
-4.07009e-06
-4.0701e-06
-4.0701e-06
-4.0701e-06
-4.0701e-06
-4.0701e-06
-4.0701e-06
-4.0701e-06
-4.0701e-06
-4.0701e-06
-4.0701e-06
-4.0701e-06
-4.0701e-06
-4.07011e-06
-4.07011e-06
-4.07011e-06
-4.07011e-06
-4.07011e-06
-4.07011e-06
-4.07011e-06
-4.07011e-06
-4.07011e-06
-4.07012e-06
-4.07012e-06
-4.07012e-06
-4.07012e-06
-4.07012e-06
-4.07012e-06
-4.07012e-06
-4.07012e-06
-4.07012e-06
-4.07012e-06
-4.07013e-06
-4.07013e-06
-4.07013e-06
-4.07013e-06
-4.07013e-06
-4.07013e-06
-4.07013e-06
-4.07013e-06
-4.07014e-06
-4.07014e-06
-4.07014e-06
-4.07014e-06
-4.07014e-06
-4.07014e-06
-4.07014e-06
-4.07014e-06
-4.07015e-06
-4.07015e-06
-4.07015e-06
-4.07015e-06
-4.07015e-06
-4.07015e-06
-4.07015e-06
-4.07016e-06
-4.07016e-06
-4.07016e-06
-4.07016e-06
-4.07016e-06
-4.07016e-06
-4.07016e-06
-4.07017e-06
-4.07017e-06
-4.07017e-06
-4.07017e-06
-4.07017e-06
-4.07017e-06
-4.07017e-06
-4.07018e-06
-4.07018e-06
-4.07018e-06
-4.07018e-06
-4.07018e-06
-4.07018e-06
-4.07018e-06
-4.07019e-06
-4.07019e-06
-4.07019e-06
-4.07019e-06
-4.07019e-06
-4.07019e-06
-4.0702e-06
-4.0702e-06
-4.0702e-06
-4.0702e-06
-4.0702e-06
-4.0702e-06
-4.07021e-06
-4.07021e-06
-4.07021e-06
-4.07021e-06
-4.07021e-06
-4.07021e-06
-4.07022e-06
-4.07022e-06
-4.07022e-06
-4.07022e-06
-4.07022e-06
-4.07022e-06
-4.07023e-06
-4.07023e-06
-4.07023e-06
-4.07023e-06
-4.07023e-06
-4.07024e-06
-4.07024e-06
-4.07024e-06
-4.07024e-06
-4.07024e-06
-4.07024e-06
-4.07025e-06
-4.07025e-06
-4.07025e-06
-4.07025e-06
-4.07025e-06
-4.07026e-06
-4.07026e-06
-4.07026e-06
-4.07026e-06
-4.07026e-06
-4.07027e-06
-4.07027e-06
-4.07027e-06
-4.07027e-06
-4.07027e-06
-4.07028e-06
-4.07028e-06
-4.07028e-06
-4.07028e-06
-4.07028e-06
-4.07029e-06
-4.07029e-06
-4.07029e-06
-4.07029e-06
-4.07029e-06
-4.0703e-06
-4.0703e-06
-4.0703e-06
-4.0703e-06
-4.0703e-06
-4.07031e-06
-4.07031e-06
-4.07031e-06
-4.07031e-06
-4.07031e-06
-1.32133e-05
-1.90821e-05
-2.14456e-05
-2.18722e-05
-2.14462e-05
-2.07145e-05
-1.9917e-05
-1.91481e-05
-1.84402e-05
-1.78002e-05
-1.72259e-05
-1.67124e-05
-1.62534e-05
-1.58431e-05
-1.54774e-05
-1.51513e-05
-1.48608e-05
-1.46023e-05
-1.43737e-05
-1.41728e-05
-1.39969e-05
-1.38439e-05
-1.3712e-05
-1.35999e-05
-1.35067e-05
-1.34319e-05
-1.33752e-05
-1.33353e-05
-1.33113e-05
-1.33024e-05
-1.33085e-05
-1.3329e-05
-1.3364e-05
-1.34137e-05
-1.34789e-05
-1.35601e-05
-1.36573e-05
-1.377e-05
-1.38986e-05
-1.40434e-05
-1.42053e-05
-1.43852e-05
-1.45855e-05
-1.48083e-05
-1.50553e-05
-1.5327e-05
-1.56255e-05
-1.59534e-05
-1.63152e-05
-1.67173e-05
-1.71642e-05
-1.76606e-05
-1.82136e-05
-1.8837e-05
-1.95441e-05
-2.03483e-05
-2.12743e-05
-2.23534e-05
-2.36229e-05
-2.51474e-05
-2.70067e-05
-2.93352e-05
-3.23433e-05
-3.63878e-05
-4.21324e-05
-5.09427e-05
-6.60636e-05
-9.68626e-05
-0.000175907
-0.000364307
-0.000578914
-0.000541448
-0.000397047
-0.00029033
-0.000230262
-0.000198559
-0.000181057
-0.000170827
-0.000165115
-0.000162885
-0.000163686
-0.000167251
-0.000173371
-0.000181848
-0.000192485
-0.000205078
-0.000219415
-0.000235281
-0.000252454
-0.000270715
-0.00028985
-0.000309652
-0.000329926
-0.000350489
-0.000371174
-0.00039183
-0.00041232
-0.000432525
-0.000452343
-0.000471685
-0.000490477
-0.000508659
-0.00052618
-0.000543005
-0.000559103
-0.000574457
-0.000589052
-0.000602888
-0.000615961
-0.000628281
-0.000639856
-0.000650701
-0.000660834
-0.000670272
-0.000679037
-0.000687155
-0.000694648
-0.000701542
-0.000707865
-0.000713647
-0.000718915
-0.000723695
-0.000728015
-0.000731901
-0.000735385
-0.000738493
-0.000741251
-0.000743681
-0.000745806
-0.000747643
-0.000749209
-0.000750517
-0.000751574
-0.000752385
-0.000752946
-0.000753248
-0.000753274
-0.000752995
-0.000752376
-0.000751365
-0.000749901
-0.000747906
-0.000745285
-0.000741929
-0.00073771
-0.000732486
-0.000726101
-0.000718386
-0.000709181
-0.000698343
-0.000685768
-0.000671392
-0.000655232
-0.000637357
-0.000617869
-0.000596842
-0.000574148
-0.000549489
-0.000522619
-0.000493341
-0.000461553
-0.000427306
-0.000390823
-0.000352525
-0.000313047
-0.000273231
-0.000234089
-0.000196721
-0.000162196
-0.000131395
-0.000104893
-8.28614e-05
-6.51131e-05
-5.1179e-05
-4.04425e-05
-3.22695e-05
-2.60774e-05
-2.138e-05
-1.77931e-05
-1.50267e-05
-1.28676e-05
-1.11615e-05
-9.79712e-06
-8.69445e-06
-7.79523e-06
-7.05661e-06
-6.44656e-06
-5.94069e-06
-5.52012e-06
-5.16999e-06
-4.87842e-06
-4.63577e-06
-4.43417e-06
-4.26711e-06
-4.12918e-06
-4.01586e-06
-3.92335e-06
-3.84846e-06
-3.78848e-06
-3.74112e-06
-3.70446e-06
-3.67685e-06
-3.65689e-06
-3.6434e-06
-3.63537e-06
-3.63194e-06
-3.63238e-06
-3.63606e-06
-3.64246e-06
-3.65112e-06
-3.66166e-06
-3.67375e-06
-3.6871e-06
-3.70147e-06
-3.71667e-06
-3.73251e-06
-3.74884e-06
-3.76554e-06
-3.78249e-06
-3.7996e-06
-3.81679e-06
-3.83398e-06
-3.85113e-06
-3.86817e-06
-3.88506e-06
-3.90176e-06
-3.91825e-06
-3.93448e-06
-3.95045e-06
-3.96611e-06
-3.98147e-06
-3.9965e-06
-4.01118e-06
-4.02551e-06
-4.03948e-06
-4.05308e-06
-4.06629e-06
-4.07912e-06
-4.09155e-06
-4.10359e-06
-4.11522e-06
-4.12645e-06
-4.13728e-06
-4.1477e-06
-4.1577e-06
-4.1673e-06
-4.17648e-06
-4.18526e-06
-4.19362e-06
-4.20156e-06
-4.2091e-06
-4.21623e-06
-4.22295e-06
-4.22926e-06
-4.23516e-06
-4.24067e-06
-4.24577e-06
-4.25047e-06
-4.25477e-06
-4.25868e-06
-4.2622e-06
-4.26533e-06
-4.26807e-06
-4.27043e-06
-4.27241e-06
-4.27402e-06
-4.27526e-06
-4.27612e-06
-4.27662e-06
-4.27676e-06
-4.27655e-06
-4.27598e-06
-4.27506e-06
-4.2738e-06
-4.2722e-06
-4.27026e-06
-4.268e-06
-4.2654e-06
-4.26248e-06
-4.25925e-06
-4.2557e-06
-4.25184e-06
-4.24768e-06
-4.24322e-06
-4.23847e-06
-4.23343e-06
-4.2281e-06
-4.22249e-06
-4.21661e-06
-4.21046e-06
-4.20404e-06
-4.19736e-06
-4.19043e-06
-4.18325e-06
-4.17582e-06
-4.16814e-06
-4.16024e-06
-4.1521e-06
-4.14373e-06
-4.13515e-06
-4.12634e-06
-4.11733e-06
-4.10811e-06
-4.09868e-06
-4.08906e-06
-4.07924e-06
-4.06924e-06
-4.05905e-06
-4.04868e-06
-4.03813e-06
-4.02742e-06
-4.01654e-06
-4.0055e-06
-3.9943e-06
-3.98294e-06
-3.97144e-06
-3.9598e-06
-3.94801e-06
-3.93609e-06
-3.92404e-06
-3.91186e-06
-3.89955e-06
-3.88713e-06
-3.87459e-06
-3.86194e-06
-3.84917e-06
-3.83631e-06
-3.82334e-06
-3.81028e-06
-3.79713e-06
-3.78389e-06
-3.77056e-06
-3.75715e-06
-3.74366e-06
-3.73009e-06
-3.71645e-06
-3.70275e-06
-3.68897e-06
-3.67514e-06
-3.66124e-06
-3.64729e-06
-3.63329e-06
-3.61923e-06
-3.60513e-06
-3.59098e-06
-3.57678e-06
-3.56255e-06
-3.54828e-06
-3.53398e-06
-3.51965e-06
-3.50529e-06
-3.4909e-06
-3.47649e-06
-3.46206e-06
-3.44761e-06
-3.43314e-06
-3.41866e-06
-3.40417e-06
-3.38967e-06
-3.37516e-06
-3.36064e-06
-3.34612e-06
-3.3316e-06
-3.31709e-06
-3.30257e-06
-3.28806e-06
-3.27355e-06
-3.25906e-06
-3.24457e-06
-3.2301e-06
-3.21564e-06
-3.20119e-06
-3.18676e-06
-3.17235e-06
-3.15796e-06
-3.14359e-06
-3.12925e-06
-3.11493e-06
-3.10063e-06
-3.08636e-06
-3.07212e-06
-3.05791e-06
-3.04373e-06
-3.02959e-06
-3.01548e-06
-3.0014e-06
-2.98735e-06
-2.97335e-06
-2.95938e-06
-2.94545e-06
-2.93157e-06
-2.91772e-06
-2.90392e-06
-2.89015e-06
-2.87644e-06
-2.86276e-06
-2.84914e-06
-2.83556e-06
-2.82202e-06
-2.80854e-06
-2.7951e-06
-2.78172e-06
-2.76838e-06
-2.7551e-06
-2.74186e-06
-2.72868e-06
-2.71556e-06
-2.70248e-06
-2.68946e-06
-2.6765e-06
-2.66359e-06
-2.65073e-06
-2.63794e-06
-2.6252e-06
-2.61251e-06
-2.59989e-06
-2.58732e-06
-2.57481e-06
-2.56236e-06
-2.54997e-06
-2.53764e-06
-2.52537e-06
-2.51316e-06
-2.50101e-06
-2.48893e-06
-2.4769e-06
-2.46493e-06
-2.45303e-06
-2.44119e-06
-2.42941e-06
-2.4177e-06
-2.40604e-06
-2.39445e-06
-2.38292e-06
-2.37146e-06
-2.36006e-06
-2.34872e-06
-2.33745e-06
-2.32624e-06
-2.3151e-06
-2.30401e-06
-2.293e-06
-2.28204e-06
-2.27116e-06
-2.26033e-06
-2.24957e-06
-2.23888e-06
-2.22825e-06
-2.21768e-06
-2.20718e-06
-2.19674e-06
-2.18637e-06
-2.17606e-06
-2.16582e-06
-2.15564e-06
-2.14553e-06
-2.13548e-06
-2.12549e-06
-2.11557e-06
-2.10572e-06
-2.09593e-06
-2.0862e-06
-2.07654e-06
-2.06694e-06
-2.05741e-06
-2.04794e-06
-2.03854e-06
-2.0292e-06
-2.01993e-06
-2.01072e-06
-2.00157e-06
-1.99249e-06
-1.98347e-06
-1.97451e-06
-1.96561e-06
-1.95678e-06
-1.94801e-06
-1.9393e-06
-1.93065e-06
-1.92207e-06
-1.91355e-06
-1.90509e-06
-1.89669e-06
-1.88836e-06
-1.88008e-06
-1.87187e-06
-1.86372e-06
-1.85563e-06
-1.8476e-06
-1.83963e-06
-1.83172e-06
-1.82388e-06
-1.81609e-06
-1.80836e-06
-1.80069e-06
-1.79309e-06
-1.78554e-06
-1.77805e-06
-1.77062e-06
-1.76325e-06
-1.75594e-06
-1.74868e-06
-1.74149e-06
-1.73435e-06
-1.72727e-06
-1.72025e-06
-1.71328e-06
-1.70637e-06
-1.69952e-06
-1.69273e-06
-1.68599e-06
-1.67931e-06
-1.67268e-06
-1.66611e-06
-1.6596e-06
-1.65314e-06
-1.64674e-06
-1.64039e-06
-1.6341e-06
-1.62786e-06
-1.62167e-06
-1.61554e-06
-1.60946e-06
-1.60344e-06
-1.59747e-06
-1.59155e-06
-1.58569e-06
-1.57987e-06
-1.57411e-06
-1.56841e-06
-1.56275e-06
-1.55715e-06
-1.55159e-06
-1.54609e-06
-1.54064e-06
-1.53524e-06
-1.5299e-06
-1.5246e-06
-1.51935e-06
-1.51415e-06
-1.509e-06
-1.5039e-06
-1.49885e-06
-1.49385e-06
-1.4889e-06
-1.48399e-06
-1.47914e-06
-1.47433e-06
-1.46957e-06
-1.46485e-06
-1.46019e-06
-1.45557e-06
-1.451e-06
-1.44647e-06
-1.44199e-06
-1.43756e-06
-1.43318e-06
-1.42884e-06
-1.42454e-06
-1.42029e-06
-1.41609e-06
-1.41193e-06
-1.40781e-06
-1.40374e-06
-1.39971e-06
-1.39573e-06
-1.39179e-06
-1.3879e-06
-1.38404e-06
-1.38023e-06
-1.37647e-06
-1.37275e-06
-1.36906e-06
-1.36543e-06
-1.36183e-06
-1.35827e-06
-1.35476e-06
-1.35129e-06
-1.34786e-06
-1.34447e-06
-1.34113e-06
-1.33783e-06
-1.33457e-06
-1.33135e-06
-1.32817e-06
-1.32503e-06
-1.32192e-06
-1.31886e-06
-1.31583e-06
-1.31285e-06
-1.3099e-06
-1.30699e-06
-1.30412e-06
-1.30129e-06
-1.2985e-06
-1.29574e-06
-1.29302e-06
-1.29034e-06
-1.2877e-06
-1.28509e-06
-1.28252e-06
-1.27999e-06
-1.27749e-06
-1.27503e-06
-1.27261e-06
-1.27022e-06
-1.26787e-06
-1.26556e-06
-1.26328e-06
-1.26103e-06
-1.25883e-06
-1.25665e-06
-1.25451e-06
-1.25241e-06
-1.25034e-06
-1.24831e-06
-1.24631e-06
-1.24434e-06
-1.24241e-06
-1.24051e-06
-1.23865e-06
-1.23681e-06
-1.23502e-06
-1.23325e-06
-1.23152e-06
-1.22982e-06
-1.22815e-06
-1.22652e-06
-1.22491e-06
-1.22334e-06
-1.22181e-06
-1.2203e-06
-1.21882e-06
-1.21738e-06
-1.21597e-06
-1.21459e-06
-1.21324e-06
-1.21192e-06
-1.21063e-06
-1.20937e-06
-1.20814e-06
-1.20694e-06
-1.20577e-06
-1.20463e-06
-1.20353e-06
-1.20245e-06
-1.2014e-06
-1.20038e-06
-1.19938e-06
-1.19842e-06
-1.19749e-06
-1.19658e-06
-1.19571e-06
-1.19486e-06
-1.19404e-06
-1.19324e-06
-1.19248e-06
-1.19174e-06
-1.19103e-06
-1.19035e-06
-1.1897e-06
-1.18907e-06
-1.18847e-06
-1.1879e-06
-1.18735e-06
-1.18683e-06
-1.18634e-06
-1.18587e-06
-1.18543e-06
-1.18502e-06
-1.18463e-06
-1.18427e-06
-1.18393e-06
-1.18362e-06
-1.18333e-06
-1.18307e-06
-1.18284e-06
-1.18263e-06
-1.18244e-06
-1.18228e-06
-1.18215e-06
-1.18204e-06
-1.18195e-06
-1.18189e-06
-1.18185e-06
-1.18183e-06
-1.18184e-06
-1.18188e-06
-1.18194e-06
-1.18202e-06
-1.18212e-06
-1.18225e-06
-1.18241e-06
-1.18259e-06
-1.1828e-06
-1.18303e-06
-1.18329e-06
-1.18356e-06
-1.18386e-06
-1.18418e-06
-1.18452e-06
-1.18488e-06
-1.18526e-06
-1.18567e-06
-1.18609e-06
-1.18654e-06
-1.18701e-06
-1.1875e-06
-1.18802e-06
-1.18855e-06
-1.18911e-06
-1.18968e-06
-1.19028e-06
-1.1909e-06
-1.19154e-06
-1.19221e-06
-1.19289e-06
-1.19359e-06
-1.19432e-06
-1.19506e-06
-1.19583e-06
-1.19661e-06
-1.19742e-06
-1.19825e-06
-1.19909e-06
-1.19996e-06
-1.20085e-06
-1.20176e-06
-1.20268e-06
-1.20363e-06
-1.20459e-06
-1.20558e-06
-1.20659e-06
-1.20761e-06
-1.20865e-06
-1.20972e-06
-1.2108e-06
-1.2119e-06
-1.21302e-06
-1.21416e-06
-1.21532e-06
-1.21649e-06
-1.21769e-06
-1.2189e-06
-1.22013e-06
-1.22138e-06
-1.22265e-06
-1.22393e-06
-1.22524e-06
-1.22656e-06
-1.2279e-06
-1.22926e-06
-1.23063e-06
-1.23202e-06
-1.23343e-06
-1.23486e-06
-1.23631e-06
-1.23777e-06
-1.23925e-06
-1.24074e-06
-1.24226e-06
-1.24379e-06
-1.24533e-06
-1.2469e-06
-1.24848e-06
-1.25008e-06
-1.25169e-06
-1.25332e-06
-1.25497e-06
-1.25663e-06
-1.25831e-06
-1.26e-06
-1.26171e-06
-1.26344e-06
-1.26518e-06
-1.26694e-06
-1.26871e-06
-1.2705e-06
-1.27231e-06
-1.27413e-06
-1.27596e-06
-1.27781e-06
-1.27968e-06
-1.28156e-06
-1.28346e-06
-1.28537e-06
-1.28729e-06
-1.28924e-06
-1.29119e-06
-1.29316e-06
-1.29515e-06
-1.29715e-06
-1.29916e-06
-1.30119e-06
-1.30323e-06
-1.30529e-06
-1.30736e-06
-1.30945e-06
-1.31154e-06
-1.31366e-06
-1.31578e-06
-1.31792e-06
-1.32008e-06
-1.32225e-06
-1.32443e-06
-1.32662e-06
-1.32883e-06
-1.33105e-06
-1.33329e-06
-1.33554e-06
-1.3378e-06
-1.34007e-06
-1.34236e-06
-1.34467e-06
-1.34699e-06
-1.34933e-06
-1.35169e-06
-1.35406e-06
-1.35644e-06
-1.35883e-06
-1.36123e-06
-1.36365e-06
-1.36607e-06
-1.36851e-06
-1.37095e-06
-1.37341e-06
-1.37588e-06
-1.37837e-06
-1.38086e-06
-1.38336e-06
-1.38588e-06
-1.38841e-06
-1.39095e-06
-1.3935e-06
-1.39607e-06
-1.39864e-06
-1.40123e-06
-1.40383e-06
-1.40644e-06
-1.40906e-06
-1.41169e-06
-1.41434e-06
-1.41699e-06
-1.41966e-06
-1.42234e-06
-1.42503e-06
-1.42773e-06
-1.43044e-06
-1.43316e-06
-1.43589e-06
-1.43864e-06
-1.44139e-06
-1.44416e-06
-1.44694e-06
-1.44972e-06
-1.45252e-06
-1.45533e-06
-1.45815e-06
-1.46098e-06
-1.46381e-06
-1.46666e-06
-1.46952e-06
-1.47239e-06
-1.47527e-06
-1.47816e-06
-1.48106e-06
-1.48397e-06
-1.48689e-06
-1.48982e-06
-1.49276e-06
-1.49571e-06
-1.49867e-06
-1.50164e-06
-1.50462e-06
-1.5076e-06
-1.5106e-06
-1.51361e-06
-1.51662e-06
-1.51964e-06
-1.52268e-06
-1.52572e-06
-1.52877e-06
-1.53183e-06
-1.5349e-06
-1.53798e-06
-1.54106e-06
-1.54416e-06
-1.54726e-06
-1.55038e-06
-1.5535e-06
-1.55663e-06
-1.55976e-06
-1.56291e-06
-1.56606e-06
-1.56923e-06
-1.5724e-06
-1.57558e-06
-1.57876e-06
-1.58196e-06
-1.58516e-06
-1.58837e-06
-1.59159e-06
-1.59481e-06
-1.59805e-06
-1.60129e-06
-1.60454e-06
-1.60779e-06
-1.61106e-06
-1.61433e-06
-1.61761e-06
-1.62089e-06
-1.62418e-06
-1.62748e-06
-1.63079e-06
-1.6341e-06
-1.63742e-06
-1.64075e-06
-1.64409e-06
-1.64743e-06
-1.65078e-06
-1.65413e-06
-1.65749e-06
-1.66086e-06
-1.66423e-06
-1.66761e-06
-1.671e-06
-1.67439e-06
-1.67779e-06
-1.6812e-06
-1.68461e-06
-1.68803e-06
-1.69145e-06
-1.69488e-06
-1.69831e-06
-1.70175e-06
-1.7052e-06
-1.70865e-06
-1.71211e-06
-1.71558e-06
-1.71905e-06
-1.72252e-06
-1.726e-06
-1.72949e-06
-1.73298e-06
-1.73647e-06
-1.73997e-06
-1.74348e-06
-1.74699e-06
-1.75051e-06
-1.75403e-06
-1.75755e-06
-1.76108e-06
-1.76462e-06
-1.76816e-06
-1.77171e-06
-1.77526e-06
-1.77881e-06
-1.78237e-06
-1.78593e-06
-1.7895e-06
-1.79307e-06
-1.79665e-06
-1.80023e-06
-1.80381e-06
-1.8074e-06
-1.81099e-06
-1.81459e-06
-1.81819e-06
-1.82179e-06
-1.8254e-06
-1.82902e-06
-1.83265e-06
-1.83629e-06
-1.83993e-06
-1.84358e-06
-1.84723e-06
-1.85089e-06
-1.85456e-06
-1.85822e-06
-1.86189e-06
-1.86556e-06
-1.86923e-06
-1.8729e-06
-1.87657e-06
-1.88024e-06
-1.88392e-06
-1.8876e-06
-1.89128e-06
-1.89496e-06
-1.89864e-06
-1.90233e-06
-1.90602e-06
-1.90971e-06
-1.9134e-06
-1.9171e-06
-1.92079e-06
-1.92449e-06
-1.9282e-06
-1.9319e-06
-1.93561e-06
-1.93932e-06
-1.94303e-06
-1.94675e-06
-1.95047e-06
-1.95418e-06
-1.95791e-06
-1.96163e-06
-1.96536e-06
-1.96908e-06
-1.97281e-06
-1.97655e-06
-1.98028e-06
-1.98402e-06
-1.98776e-06
-1.9915e-06
-1.99524e-06
-1.99898e-06
-2.00272e-06
-2.00647e-06
-2.01022e-06
-2.01397e-06
-2.01772e-06
-2.02147e-06
-2.02523e-06
-2.02898e-06
-2.03274e-06
-2.0365e-06
-2.04026e-06
-2.04402e-06
-2.04778e-06
-2.05154e-06
-2.05531e-06
-2.05907e-06
-2.06283e-06
-2.0666e-06
-2.07037e-06
-2.07414e-06
-2.0779e-06
-2.08167e-06
-2.08544e-06
-2.08921e-06
-2.09298e-06
-2.09676e-06
-2.10053e-06
-2.1043e-06
-2.10807e-06
-2.11185e-06
-2.11562e-06
-2.11939e-06
-2.12316e-06
-2.12694e-06
-2.13071e-06
-2.13449e-06
-2.13826e-06
-2.14203e-06
-2.14581e-06
-2.14958e-06
-2.15335e-06
-2.15712e-06
-2.1609e-06
-2.16467e-06
-2.16844e-06
-2.17221e-06
-2.17598e-06
-2.17975e-06
-2.18352e-06
-2.18729e-06
-2.19106e-06
-2.19482e-06
-2.19859e-06
-2.20235e-06
-2.20612e-06
-2.20988e-06
-2.21365e-06
-2.21741e-06
-2.22117e-06
-2.22493e-06
-2.22869e-06
-2.23244e-06
-2.2362e-06
-2.23996e-06
-2.24371e-06
-2.24746e-06
-2.25121e-06
-2.25496e-06
-2.25871e-06
-2.26246e-06
-2.2662e-06
-2.26995e-06
-2.27369e-06
-2.27743e-06
-2.28117e-06
-2.2849e-06
-2.28864e-06
-2.29237e-06
-2.2961e-06
-2.29983e-06
-2.30356e-06
-2.30728e-06
-2.31101e-06
-2.31473e-06
-2.31845e-06
-2.32216e-06
-2.32588e-06
-2.32959e-06
-2.3333e-06
-2.33701e-06
-2.34072e-06
-2.34442e-06
-2.34812e-06
-2.35182e-06
-2.35552e-06
-2.35921e-06
-2.3629e-06
-2.36659e-06
-2.37027e-06
-2.37396e-06
-2.37764e-06
-2.38132e-06
-2.38499e-06
-2.38866e-06
-2.39233e-06
-2.396e-06
-2.39966e-06
-2.40332e-06
-2.40698e-06
-2.41063e-06
-2.41428e-06
-2.41793e-06
-2.42158e-06
-2.42522e-06
-2.42886e-06
-2.43249e-06
-2.43613e-06
-2.43976e-06
-2.44338e-06
-2.447e-06
-2.45062e-06
-2.45424e-06
-2.45785e-06
-2.46146e-06
-2.46507e-06
-2.46867e-06
-2.47227e-06
-2.47586e-06
-2.47945e-06
-2.48304e-06
-2.48662e-06
-2.4902e-06
-2.49378e-06
-2.49735e-06
-2.50092e-06
-2.50449e-06
-2.50805e-06
-2.5116e-06
-2.51516e-06
-2.51871e-06
-2.52225e-06
-2.52579e-06
-2.52933e-06
-2.53286e-06
-2.53639e-06
-2.53992e-06
-2.54344e-06
-2.54695e-06
-2.55047e-06
-2.55398e-06
-2.55748e-06
-2.56098e-06
-2.56448e-06
-2.56797e-06
-2.57145e-06
-2.57494e-06
-2.57841e-06
-2.58189e-06
-2.58536e-06
-2.58882e-06
-2.59228e-06
-2.59574e-06
-2.59919e-06
-2.60264e-06
-2.60608e-06
-2.60952e-06
-2.61295e-06
-2.61638e-06
-2.6198e-06
-2.62322e-06
-2.62664e-06
-2.63005e-06
-2.63345e-06
-2.63685e-06
-2.64025e-06
-2.64364e-06
-2.64702e-06
-2.6504e-06
-2.65378e-06
-2.65715e-06
-2.66052e-06
-2.66388e-06
-2.66724e-06
-2.67059e-06
-2.67393e-06
-2.67727e-06
-2.68061e-06
-2.68394e-06
-2.68727e-06
-2.69059e-06
-2.69391e-06
-2.69722e-06
-2.70052e-06
-2.70382e-06
-2.70712e-06
-2.71041e-06
-2.71369e-06
-2.71698e-06
-2.72025e-06
-2.72352e-06
-2.72678e-06
-2.73004e-06
-2.7333e-06
-2.73654e-06
-2.73979e-06
-2.74303e-06
-2.74626e-06
-2.74949e-06
-2.75271e-06
-2.75592e-06
-2.75913e-06
-2.76234e-06
-2.76554e-06
-2.76873e-06
-2.77192e-06
-2.77511e-06
-2.77829e-06
-2.78146e-06
-2.78463e-06
-2.78779e-06
-2.79094e-06
-2.79409e-06
-2.79724e-06
-2.80038e-06
-2.80351e-06
-2.80664e-06
-2.80976e-06
-2.81288e-06
-2.81599e-06
-2.8191e-06
-2.8222e-06
-2.82529e-06
-2.82838e-06
-2.83146e-06
-2.83454e-06
-2.83761e-06
-2.84068e-06
-2.84374e-06
-2.84679e-06
-2.84984e-06
-2.85289e-06
-2.85592e-06
-2.85896e-06
-2.86198e-06
-2.865e-06
-2.86802e-06
-2.87102e-06
-2.87403e-06
-2.87702e-06
-2.88001e-06
-2.883e-06
-2.88598e-06
-2.88895e-06
-2.89192e-06
-2.89488e-06
-2.89784e-06
-2.90079e-06
-2.90373e-06
-2.90667e-06
-2.9096e-06
-2.91253e-06
-2.91545e-06
-2.91837e-06
-2.92128e-06
-2.92418e-06
-2.92708e-06
-2.92997e-06
-2.93285e-06
-2.93573e-06
-2.93861e-06
-2.94147e-06
-2.94434e-06
-2.94719e-06
-2.95004e-06
-2.95289e-06
-2.95572e-06
-2.95856e-06
-2.96138e-06
-2.9642e-06
-2.96702e-06
-2.96982e-06
-2.97263e-06
-2.97542e-06
-2.97821e-06
-2.981e-06
-2.98377e-06
-2.98655e-06
-2.98931e-06
-2.99207e-06
-2.99483e-06
-2.99758e-06
-3.00032e-06
-3.00305e-06
-3.00579e-06
-3.00851e-06
-3.01123e-06
-3.01394e-06
-3.01665e-06
-3.01935e-06
-3.02204e-06
-3.02473e-06
-3.02741e-06
-3.03009e-06
-3.03276e-06
-3.03542e-06
-3.03808e-06
-3.04073e-06
-3.04338e-06
-3.04602e-06
-3.04866e-06
-3.05128e-06
-3.05391e-06
-3.05652e-06
-3.05913e-06
-3.06174e-06
-3.06434e-06
-3.06693e-06
-3.06951e-06
-3.0721e-06
-3.07467e-06
-3.07724e-06
-3.0798e-06
-3.08236e-06
-3.08491e-06
-3.08745e-06
-3.08999e-06
-3.09252e-06
-3.09505e-06
-3.09757e-06
-3.10009e-06
-3.10261e-06
-3.10511e-06
-3.10762e-06
-3.11011e-06
-3.11261e-06
-3.11509e-06
-3.11758e-06
-3.12005e-06
-3.12252e-06
-3.12499e-06
-3.12745e-06
-3.1299e-06
-3.13235e-06
-3.13479e-06
-3.13723e-06
-3.13966e-06
-3.14208e-06
-3.1445e-06
-3.14692e-06
-3.14932e-06
-3.15173e-06
-3.15412e-06
-3.15651e-06
-3.1589e-06
-3.16128e-06
-3.16365e-06
-3.16602e-06
-3.16838e-06
-3.17073e-06
-3.17308e-06
-3.17543e-06
-3.17776e-06
-3.1801e-06
-3.18242e-06
-3.18474e-06
-3.18706e-06
-3.18937e-06
-3.19167e-06
-3.19397e-06
-3.19626e-06
-3.19855e-06
-3.20083e-06
-3.2031e-06
-3.20537e-06
-3.20763e-06
-3.20989e-06
-3.21214e-06
-3.21439e-06
-3.21663e-06
-3.21886e-06
-3.22109e-06
-3.22331e-06
-3.22553e-06
-3.22774e-06
-3.22995e-06
-3.23215e-06
-3.23434e-06
-3.23653e-06
-3.23871e-06
-3.24089e-06
-3.24306e-06
-3.24523e-06
-3.24739e-06
-3.24954e-06
-3.25169e-06
-3.25383e-06
-3.25597e-06
-3.2581e-06
-3.26023e-06
-3.26235e-06
-3.26447e-06
-3.26658e-06
-3.26868e-06
-3.27078e-06
-3.27287e-06
-3.27496e-06
-3.27704e-06
-3.27912e-06
-3.28119e-06
-3.28326e-06
-3.28532e-06
-3.28737e-06
-3.28942e-06
-3.29146e-06
-3.2935e-06
-3.29553e-06
-3.29756e-06
-3.29958e-06
-3.3016e-06
-3.30361e-06
-3.30562e-06
-3.30762e-06
-3.30961e-06
-3.3116e-06
-3.31358e-06
-3.31556e-06
-3.31753e-06
-3.3195e-06
-3.32146e-06
-3.32342e-06
-3.32537e-06
-3.32731e-06
-3.32925e-06
-3.33118e-06
-3.3331e-06
-3.33502e-06
-3.33694e-06
-3.33885e-06
-3.34075e-06
-3.34265e-06
-3.34455e-06
-3.34644e-06
-3.34832e-06
-3.3502e-06
-3.35207e-06
-3.35394e-06
-3.3558e-06
-3.35766e-06
-3.35951e-06
-3.36136e-06
-3.3632e-06
-3.36504e-06
-3.36687e-06
-3.36869e-06
-3.37052e-06
-3.37233e-06
-3.37414e-06
-3.37595e-06
-3.37775e-06
-3.37955e-06
-3.38134e-06
-3.38313e-06
-3.38491e-06
-3.38668e-06
-3.38846e-06
-3.39022e-06
-3.39198e-06
-3.39374e-06
-3.39549e-06
-3.39724e-06
-3.39898e-06
-3.40072e-06
-3.40245e-06
-3.40418e-06
-3.4059e-06
-3.40762e-06
-3.40933e-06
-3.41104e-06
-3.41274e-06
-3.41444e-06
-3.41613e-06
-3.41782e-06
-3.41951e-06
-3.42119e-06
-3.42286e-06
-3.42453e-06
-3.42619e-06
-3.42785e-06
-3.42951e-06
-3.43116e-06
-3.43281e-06
-3.43445e-06
-3.43608e-06
-3.43771e-06
-3.43934e-06
-3.44096e-06
-3.44258e-06
-3.4442e-06
-3.4458e-06
-3.44741e-06
-3.44901e-06
-3.4506e-06
-3.45219e-06
-3.45378e-06
-3.45536e-06
-3.45693e-06
-3.45851e-06
-3.46007e-06
-3.46164e-06
-3.46319e-06
-3.46475e-06
-3.4663e-06
-3.46784e-06
-3.46938e-06
-3.47092e-06
-3.47245e-06
-3.47397e-06
-3.4755e-06
-3.47701e-06
-3.47853e-06
-3.48004e-06
-3.48154e-06
-3.48304e-06
-3.48454e-06
-3.48603e-06
-3.48751e-06
-3.489e-06
-3.49047e-06
-3.49195e-06
-3.49342e-06
-3.49488e-06
-3.49634e-06
-3.4978e-06
-3.49925e-06
-3.5007e-06
-3.50214e-06
-3.50358e-06
-3.50502e-06
-3.50645e-06
-3.50787e-06
-3.5093e-06
-3.51071e-06
-3.51213e-06
-3.51354e-06
-3.51494e-06
-3.51634e-06
-3.51774e-06
-3.51913e-06
-3.52052e-06
-3.52191e-06
-3.52329e-06
-3.52466e-06
-3.52604e-06
-3.5274e-06
-3.52877e-06
-3.53013e-06
-3.53148e-06
-3.53284e-06
-3.53418e-06
-3.53553e-06
-3.53687e-06
-3.5382e-06
-3.53953e-06
-3.54086e-06
-3.54218e-06
-3.5435e-06
-3.54482e-06
-3.54613e-06
-3.54744e-06
-3.54874e-06
-3.55004e-06
-3.55134e-06
-3.55263e-06
-3.55392e-06
-3.5552e-06
-3.55648e-06
-3.55776e-06
-3.55903e-06
-3.5603e-06
-3.56156e-06
-3.56283e-06
-3.56408e-06
-3.56534e-06
-3.56658e-06
-3.56783e-06
-3.56907e-06
-3.57031e-06
-3.57154e-06
-3.57277e-06
-3.574e-06
-3.57522e-06
-3.57644e-06
-3.57766e-06
-3.57887e-06
-3.58008e-06
-3.58128e-06
-3.58248e-06
-3.58368e-06
-3.58487e-06
-3.58606e-06
-3.58725e-06
-3.58843e-06
-3.58961e-06
-3.59079e-06
-3.59196e-06
-3.59312e-06
-3.59429e-06
-3.59545e-06
-3.59661e-06
-3.59776e-06
-3.59891e-06
-3.60006e-06
-3.6012e-06
-3.60234e-06
-3.60347e-06
-3.60461e-06
-3.60574e-06
-3.60686e-06
-3.60798e-06
-3.6091e-06
-3.61022e-06
-3.61133e-06
-3.61243e-06
-3.61354e-06
-3.61464e-06
-3.61574e-06
-3.61683e-06
-3.61792e-06
-3.61901e-06
-3.62009e-06
-3.62118e-06
-3.62225e-06
-3.62333e-06
-3.6244e-06
-3.62546e-06
-3.62653e-06
-3.62759e-06
-3.62865e-06
-3.6297e-06
-3.63075e-06
-3.6318e-06
-3.63284e-06
-3.63388e-06
-3.63492e-06
-3.63596e-06
-3.63699e-06
-3.63801e-06
-3.63904e-06
-3.64006e-06
-3.64108e-06
-3.64209e-06
-3.64311e-06
-3.64411e-06
-3.64512e-06
-3.64612e-06
-3.64712e-06
-3.64812e-06
-3.64911e-06
-3.6501e-06
-3.65109e-06
-3.65207e-06
-3.65305e-06
-3.65403e-06
-3.655e-06
-3.65597e-06
-3.65694e-06
-3.65791e-06
-3.65887e-06
-3.65983e-06
-3.66079e-06
-3.66174e-06
-3.66269e-06
-3.66364e-06
-3.66458e-06
-3.66552e-06
-3.66646e-06
-3.66739e-06
-3.66833e-06
-3.66925e-06
-3.67018e-06
-3.6711e-06
-3.67202e-06
-3.67294e-06
-3.67386e-06
-3.67477e-06
-3.67568e-06
-3.67658e-06
-3.67749e-06
-3.67839e-06
-3.67928e-06
-3.68018e-06
-3.68107e-06
-3.68196e-06
-3.68284e-06
-3.68373e-06
-3.68461e-06
-3.68549e-06
-3.68636e-06
-3.68723e-06
-3.6881e-06
-3.68897e-06
-3.68983e-06
-3.69069e-06
-3.69155e-06
-3.69241e-06
-3.69326e-06
-3.69411e-06
-3.69495e-06
-3.6958e-06
-3.69664e-06
-3.69748e-06
-3.69832e-06
-3.69915e-06
-3.69998e-06
-3.70081e-06
-3.70164e-06
-3.70246e-06
-3.70328e-06
-3.7041e-06
-3.70491e-06
-3.70572e-06
-3.70653e-06
-3.70734e-06
-3.70815e-06
-3.70895e-06
-3.70975e-06
-3.71055e-06
-3.71134e-06
-3.71213e-06
-3.71292e-06
-3.71371e-06
-3.71449e-06
-3.71528e-06
-3.71605e-06
-3.71683e-06
-3.71761e-06
-3.71838e-06
-3.71915e-06
-3.71991e-06
-3.72068e-06
-3.72144e-06
-3.7222e-06
-3.72296e-06
-3.72371e-06
-3.72446e-06
-3.72521e-06
-3.72596e-06
-3.72671e-06
-3.72745e-06
-3.72819e-06
-3.72893e-06
-3.72966e-06
-3.7304e-06
-3.73113e-06
-3.73185e-06
-3.73258e-06
-3.7333e-06
-3.73402e-06
-3.73474e-06
-3.73546e-06
-3.73617e-06
-3.73689e-06
-3.7376e-06
-3.7383e-06
-3.73901e-06
-3.73971e-06
-3.74041e-06
-3.74111e-06
-3.74181e-06
-3.7425e-06
-3.74319e-06
-3.74388e-06
-3.74457e-06
-3.74525e-06
-3.74594e-06
-3.74662e-06
-3.74729e-06
-3.74797e-06
-3.74864e-06
-3.74932e-06
-3.74999e-06
-3.75065e-06
-3.75132e-06
-3.75198e-06
-3.75264e-06
-3.7533e-06
-3.75396e-06
-3.75461e-06
-3.75526e-06
-3.75591e-06
-3.75656e-06
-3.75721e-06
-3.75785e-06
-3.75849e-06
-3.75913e-06
-3.75977e-06
-3.76041e-06
-3.76104e-06
-3.76167e-06
-3.7623e-06
-3.76293e-06
-3.76355e-06
-3.76418e-06
-3.7648e-06
-3.76542e-06
-3.76603e-06
-3.76665e-06
-3.76726e-06
-3.76787e-06
-3.76848e-06
-3.76909e-06
-3.76969e-06
-3.7703e-06
-3.7709e-06
-3.7715e-06
-3.7721e-06
-3.77269e-06
-3.77328e-06
-3.77388e-06
-3.77447e-06
-3.77505e-06
-3.77564e-06
-3.77622e-06
-3.7768e-06
-3.77738e-06
-3.77796e-06
-3.77854e-06
-3.77911e-06
-3.77969e-06
-3.78026e-06
-3.78083e-06
-3.78139e-06
-3.78196e-06
-3.78252e-06
-3.78308e-06
-3.78364e-06
-3.7842e-06
-3.78475e-06
-3.78531e-06
-3.78586e-06
-3.78641e-06
-3.78696e-06
-3.78751e-06
-3.78805e-06
-3.7886e-06
-3.78914e-06
-3.78968e-06
-3.79021e-06
-3.79075e-06
-3.79129e-06
-3.79182e-06
-3.79235e-06
-3.79288e-06
-3.79341e-06
-3.79393e-06
-3.79446e-06
-3.79498e-06
-3.7955e-06
-3.79602e-06
-3.79653e-06
-3.79705e-06
-3.79756e-06
-3.79808e-06
-3.79859e-06
-3.7991e-06
-3.7996e-06
-3.80011e-06
-3.80061e-06
-3.80111e-06
-3.80161e-06
-3.80211e-06
-3.80261e-06
-3.80311e-06
-3.8036e-06
-3.80409e-06
-3.80458e-06
-3.80507e-06
-3.80556e-06
-3.80605e-06
-3.80653e-06
-3.80701e-06
-3.80749e-06
-3.80797e-06
-3.80845e-06
-3.80893e-06
-3.8094e-06
-3.80988e-06
-3.81035e-06
-3.81082e-06
-3.81129e-06
-3.81175e-06
-3.81222e-06
-3.81268e-06
-3.81315e-06
-3.81361e-06
-3.81407e-06
-3.81453e-06
-3.81498e-06
-3.81544e-06
-3.81589e-06
-3.81634e-06
-3.81679e-06
-3.81724e-06
-3.81769e-06
-3.81814e-06
-3.81858e-06
-3.81902e-06
-3.81947e-06
-3.81991e-06
-3.82034e-06
-3.82078e-06
-3.82122e-06
-3.82165e-06
-3.82209e-06
-3.82252e-06
-3.82295e-06
-3.82338e-06
-3.8238e-06
-3.82423e-06
-3.82465e-06
-3.82508e-06
-3.8255e-06
-3.82592e-06
-3.82634e-06
-3.82676e-06
-3.82717e-06
-3.82759e-06
-3.828e-06
-3.82841e-06
-3.82883e-06
-3.82923e-06
-3.82964e-06
-3.83005e-06
-3.83046e-06
-3.83086e-06
-3.83126e-06
-3.83166e-06
-3.83206e-06
-3.83246e-06
-3.83286e-06
-3.83326e-06
-3.83365e-06
-3.83405e-06
-3.83444e-06
-3.83483e-06
-3.83522e-06
-3.83561e-06
-3.83599e-06
-3.83638e-06
-3.83676e-06
-3.83715e-06
-3.83753e-06
-3.83791e-06
-3.83829e-06
-3.83867e-06
-3.83905e-06
-3.83942e-06
-3.8398e-06
-3.84017e-06
-3.84054e-06
-3.84091e-06
-3.84128e-06
-3.84165e-06
-3.84202e-06
-3.84239e-06
-3.84275e-06
-3.84311e-06
-3.84348e-06
-3.84384e-06
-3.8442e-06
-3.84456e-06
-3.84491e-06
-3.84527e-06
-3.84563e-06
-3.84598e-06
-3.84633e-06
-3.84669e-06
-3.84704e-06
-3.84739e-06
-3.84773e-06
-3.84808e-06
-3.84843e-06
-3.84877e-06
-3.84912e-06
-3.84946e-06
-3.8498e-06
-3.85014e-06
-3.85048e-06
-3.85082e-06
-3.85116e-06
-3.85149e-06
-3.85183e-06
-3.85216e-06
-3.85249e-06
-3.85283e-06
-3.85316e-06
-3.85349e-06
-3.85381e-06
-3.85414e-06
-3.85447e-06
-3.85479e-06
-3.85512e-06
-3.85544e-06
-3.85576e-06
-3.85608e-06
-3.8564e-06
-3.85672e-06
-3.85704e-06
-3.85736e-06
-3.85767e-06
-3.85799e-06
-3.8583e-06
-3.85861e-06
-3.85892e-06
-3.85923e-06
-3.85954e-06
-3.85985e-06
-3.86016e-06
-3.86047e-06
-3.86077e-06
-3.86108e-06
-3.86138e-06
-3.86168e-06
-3.86198e-06
-3.86228e-06
-3.86258e-06
-3.86288e-06
-3.86318e-06
-3.86347e-06
-3.86377e-06
-3.86406e-06
-3.86436e-06
-3.86465e-06
-3.86494e-06
-3.86523e-06
-3.86552e-06
-3.86581e-06
-3.8661e-06
-3.86639e-06
-3.86667e-06
-3.86696e-06
-3.86724e-06
-3.86752e-06
-3.86781e-06
-3.86809e-06
-3.86837e-06
-3.86865e-06
-3.86893e-06
-3.8692e-06
-3.86948e-06
-3.86976e-06
-3.87003e-06
-3.8703e-06
-3.87058e-06
-3.87085e-06
-3.87112e-06
-3.87139e-06
-3.87166e-06
-3.87193e-06
-3.8722e-06
-3.87246e-06
-3.87273e-06
-3.87299e-06
-3.87326e-06
-3.87352e-06
-3.87378e-06
-3.87405e-06
-3.87431e-06
-3.87457e-06
-3.87483e-06
-3.87508e-06
-3.87534e-06
-3.8756e-06
-3.87585e-06
-3.87611e-06
-3.87636e-06
-3.87662e-06
-3.87687e-06
-3.87712e-06
-3.87737e-06
-3.87762e-06
-3.87787e-06
-3.87812e-06
-3.87836e-06
-3.87861e-06
-3.87886e-06
-3.8791e-06
-3.87935e-06
-3.87959e-06
-3.87983e-06
-3.88007e-06
-3.88031e-06
-3.88055e-06
-3.88079e-06
-3.88103e-06
-3.88127e-06
-3.88151e-06
-3.88174e-06
-3.88198e-06
-3.88221e-06
-3.88245e-06
-3.88268e-06
-3.88291e-06
-3.88314e-06
-3.88338e-06
-3.88361e-06
-3.88383e-06
-3.88406e-06
-3.88429e-06
-3.88452e-06
-3.88474e-06
-3.88497e-06
-3.88519e-06
-3.88542e-06
-3.88564e-06
-3.88587e-06
-3.88609e-06
-3.88631e-06
-3.88653e-06
-3.88675e-06
-3.88697e-06
-3.88719e-06
-3.8874e-06
-3.88762e-06
-3.88784e-06
-3.88805e-06
-3.88827e-06
-3.88848e-06
-3.88869e-06
-3.88891e-06
-3.88912e-06
-3.88933e-06
-3.88954e-06
-3.88975e-06
-3.88996e-06
-3.89017e-06
-3.89038e-06
-3.89058e-06
-3.89079e-06
-3.891e-06
-3.8912e-06
-3.89141e-06
-3.89161e-06
-3.89181e-06
-3.89201e-06
-3.89222e-06
-3.89242e-06
-3.89262e-06
-3.89282e-06
-3.89302e-06
-3.89322e-06
-3.89341e-06
-3.89361e-06
-3.89381e-06
-3.894e-06
-3.8942e-06
-3.89439e-06
-3.89459e-06
-3.89478e-06
-3.89497e-06
-3.89517e-06
-3.89536e-06
-3.89555e-06
-3.89574e-06
-3.89593e-06
-3.89612e-06
-3.8963e-06
-3.89649e-06
-3.89668e-06
-3.89687e-06
-3.89705e-06
-3.89724e-06
-3.89742e-06
-3.89761e-06
-3.89779e-06
-3.89797e-06
-3.89816e-06
-3.89834e-06
-3.89852e-06
-3.8987e-06
-3.89888e-06
-3.89906e-06
-3.89924e-06
-3.89942e-06
-3.89959e-06
-3.89977e-06
-3.89995e-06
-3.90012e-06
-3.9003e-06
-3.90047e-06
-3.90065e-06
-3.90082e-06
-3.90099e-06
-3.90117e-06
-3.90134e-06
-3.90151e-06
-3.90168e-06
-3.90185e-06
-3.90202e-06
-3.90219e-06
-3.90236e-06
-3.90253e-06
-3.90269e-06
-3.90286e-06
-3.90303e-06
-3.90319e-06
-3.90336e-06
-3.90352e-06
-3.90369e-06
-3.90385e-06
-3.90401e-06
-3.90418e-06
-3.90434e-06
-3.9045e-06
-3.90466e-06
-3.90482e-06
-3.90498e-06
-3.90514e-06
-3.9053e-06
-3.90546e-06
-3.90562e-06
-3.90577e-06
-3.90593e-06
-3.90609e-06
-3.90624e-06
-3.9064e-06
-3.90655e-06
-3.90671e-06
-3.90686e-06
-3.90702e-06
-3.90717e-06
-3.90732e-06
-3.90747e-06
-3.90762e-06
-3.90777e-06
-3.90793e-06
-3.90808e-06
-3.90822e-06
-3.90837e-06
-3.90852e-06
-3.90867e-06
-3.90882e-06
-3.90896e-06
-3.90911e-06
-3.90926e-06
-3.9094e-06
-3.90955e-06
-3.90969e-06
-3.90984e-06
-3.90998e-06
-3.91012e-06
-3.91027e-06
-3.91041e-06
-3.91055e-06
-3.91069e-06
-3.91083e-06
-3.91097e-06
-3.91111e-06
-3.91125e-06
-3.91139e-06
-3.91153e-06
-3.91167e-06
-3.91181e-06
-3.91195e-06
-3.91208e-06
-3.91222e-06
-3.91236e-06
-3.91249e-06
-3.91263e-06
-3.91276e-06
-3.9129e-06
-3.91303e-06
-3.91316e-06
-3.9133e-06
-3.91343e-06
-3.91356e-06
-3.91369e-06
-3.91382e-06
-3.91395e-06
-3.91408e-06
-3.91422e-06
-3.91434e-06
-3.91447e-06
-3.9146e-06
-3.91473e-06
-3.91486e-06
-3.91499e-06
-3.91511e-06
-3.91524e-06
-3.91537e-06
-3.91549e-06
-3.91562e-06
-3.91574e-06
-3.91587e-06
-3.91599e-06
-3.91612e-06
-3.91624e-06
-3.91636e-06
-3.91649e-06
-3.91661e-06
-3.91673e-06
-3.91685e-06
-3.91697e-06
-3.91709e-06
-3.91721e-06
-3.91733e-06
-3.91745e-06
-3.91757e-06
-3.91769e-06
-3.91781e-06
-3.91793e-06
-3.91805e-06
-3.91816e-06
-3.91828e-06
-3.9184e-06
-3.91851e-06
-3.91863e-06
-3.91874e-06
-3.91886e-06
-3.91897e-06
-3.91909e-06
-3.9192e-06
-3.91932e-06
-3.91943e-06
-3.91954e-06
-3.91965e-06
-3.91977e-06
-3.91988e-06
-3.91999e-06
-3.9201e-06
-3.92021e-06
-3.92032e-06
-3.92043e-06
-3.92054e-06
-3.92065e-06
-3.92076e-06
-3.92087e-06
-3.92098e-06
-3.92109e-06
-3.92119e-06
-3.9213e-06
-3.92141e-06
-3.92151e-06
-3.92162e-06
-3.92173e-06
-3.92183e-06
-3.92194e-06
-3.92204e-06
-3.92215e-06
-3.92225e-06
-3.92235e-06
-3.92246e-06
-3.92256e-06
-3.92266e-06
-3.92277e-06
-3.92287e-06
-3.92297e-06
-3.92307e-06
-3.92317e-06
-3.92327e-06
-3.92338e-06
-3.92348e-06
-3.92358e-06
-3.92368e-06
-3.92377e-06
-3.92387e-06
-3.92397e-06
-3.92407e-06
-3.92417e-06
-3.92427e-06
-3.92436e-06
-3.92446e-06
-3.92456e-06
-3.92466e-06
-3.92475e-06
-3.92485e-06
-3.92494e-06
-3.92504e-06
-3.92513e-06
-3.92523e-06
-3.92532e-06
-3.92542e-06
-3.92551e-06
-3.9256e-06
-3.9257e-06
-3.92579e-06
-3.92588e-06
-3.92598e-06
-3.92607e-06
-3.92616e-06
-3.92625e-06
-3.92634e-06
-3.92643e-06
-3.92652e-06
-3.92661e-06
-3.9267e-06
-3.92679e-06
-3.92688e-06
-3.92697e-06
-3.92706e-06
-3.92715e-06
-3.92724e-06
-3.92733e-06
-3.92741e-06
-3.9275e-06
-3.92759e-06
-3.92768e-06
-3.92776e-06
-3.92785e-06
-3.92794e-06
-3.92802e-06
-3.92811e-06
-3.92819e-06
-3.92828e-06
-3.92836e-06
-3.92845e-06
-3.92853e-06
-3.92862e-06
-3.9287e-06
-3.92878e-06
-3.92887e-06
-3.92895e-06
-3.92903e-06
-3.92911e-06
-3.9292e-06
-3.92928e-06
-3.92936e-06
-3.92944e-06
-3.92952e-06
-3.9296e-06
-3.92968e-06
-3.92976e-06
-3.92984e-06
-3.92992e-06
-3.93e-06
-3.93008e-06
-3.93016e-06
-3.93024e-06
-3.93032e-06
-3.9304e-06
-3.93048e-06
-3.93056e-06
-3.93063e-06
-3.93071e-06
-3.93079e-06
-3.93086e-06
-3.93094e-06
-3.93102e-06
-3.93109e-06
-3.93117e-06
-3.93125e-06
-3.93132e-06
-3.9314e-06
-3.93147e-06
-3.93155e-06
-3.93162e-06
-3.9317e-06
-3.93177e-06
-3.93184e-06
-3.93192e-06
-3.93199e-06
-3.93206e-06
-3.93214e-06
-3.93221e-06
-3.93228e-06
-3.93236e-06
-3.93243e-06
-3.9325e-06
-3.93257e-06
-3.93264e-06
-3.93271e-06
-3.93278e-06
-3.93286e-06
-3.93293e-06
-3.933e-06
-3.93307e-06
-3.93314e-06
-3.93321e-06
-3.93328e-06
-3.93334e-06
-3.93341e-06
-3.93348e-06
-3.93355e-06
-3.93362e-06
-3.93369e-06
-3.93376e-06
-3.93382e-06
-3.93389e-06
-3.93396e-06
-3.93403e-06
-3.93409e-06
-3.93416e-06
-3.93423e-06
-3.93429e-06
-3.93436e-06
-3.93442e-06
-3.93449e-06
-3.93456e-06
-3.93462e-06
-3.93469e-06
-3.93475e-06
-3.93482e-06
-3.93488e-06
-3.93494e-06
-3.93501e-06
-3.93507e-06
-3.93514e-06
-3.9352e-06
-3.93526e-06
-3.93533e-06
-3.93539e-06
-3.93545e-06
-3.93551e-06
-3.93558e-06
-3.93564e-06
-3.9357e-06
-3.93576e-06
-3.93582e-06
-3.93589e-06
-3.93595e-06
-3.93601e-06
-3.93607e-06
-3.93613e-06
-3.93619e-06
-3.93625e-06
-3.93631e-06
-3.93637e-06
-3.93643e-06
-3.93649e-06
-3.93655e-06
-3.93661e-06
-3.93667e-06
-3.93673e-06
-3.93679e-06
-3.93684e-06
-3.9369e-06
-3.93696e-06
-3.93702e-06
-3.93708e-06
-3.93713e-06
-3.93719e-06
-3.93725e-06
-3.93731e-06
-3.93736e-06
-3.93742e-06
-3.93748e-06
-3.93753e-06
-3.93759e-06
-3.93765e-06
-3.9377e-06
-3.93776e-06
-3.93781e-06
-3.93787e-06
-3.93792e-06
-3.93798e-06
-3.93803e-06
-3.93809e-06
-3.93814e-06
-3.9382e-06
-3.93825e-06
-3.93831e-06
-3.93836e-06
-3.93841e-06
-3.93847e-06
-3.93852e-06
-3.93857e-06
-3.93863e-06
-3.93868e-06
-3.93873e-06
-3.93878e-06
-3.93884e-06
-3.93889e-06
-3.93894e-06
-3.93899e-06
-3.93905e-06
-3.9391e-06
-3.93915e-06
-3.9392e-06
-3.93925e-06
-3.9393e-06
-3.93935e-06
-3.9394e-06

