0.0
-2.569231610799862e-60
1.4119083148963644e-19
5.557935345680404e-19
1.3675949079319077e-18
2.692440746199458e-18
4.638695504274267e-18
7.307671571376182e-18
1.079403075334936e-17
1.5186160175123797e-17
2.056652461561579e-17
2.701199706021252e-17
3.4594169048050934e-17
4.337964231387178e-17
5.3430303088687143e-17
6.480358020259985e-17
7.755268819629221e-17
9.172685643833715e-17
1.0737154517122789e-16
1.2452864938281813e-16
1.4323669130306718e-16
1.635310022417752e-16
1.8544389447208314e-16
2.0900482379409337e-16
2.3424054330472893e-16
2.611752489852867e-16
2.8983071755069214e-16
3.202264370546889e-16
3.523797306645105e-16
3.8630587399344776e-16
4.220182064009819e-16
4.595282365628804e-16
4.988457426504971e-16
5.3997886742911765e-16
5.829342085388861e-16
6.277169042430662e-16
6.743307148445638e-16
7.227781000783846e-16
7.730602926019656e-16
8.25177367854587e-16
8.79128310467592e-16
9.349110773577773e-16
9.92522657732122e-16
1.051959130112701e-15
1.1132157165859965e-15
1.1762868343393822e-15
1.2411661447070103e-15
1.3078465997649967e-15
1.376320486676041e-15
1.4465794698209611e-15
1.5186146308875352e-15
1.592416506944847e-15
1.6679751266866263e-15
1.7452800448604898e-15
1.8243203749968276e-15
1.9050848205219377e-15
1.9875617043287957e-15
2.0717389968700368e-15
2.1576043428512938e-15
2.2451450865953244e-15
2.334348296129861e-15
2.4252007860627182e-15
2.517689139298293e-15
2.611799727644503e-15
2.7075187313932014e-15
2.804832157875271e-15
2.903725859067205e-15
3.0041855482980354e-15
3.106196816075371e-15
3.2097451450869698e-15
3.314815924414539e-15
3.421394462988628e-15
3.529466002341252e-15
3.639015728653476e-15
3.750028784185321e-15
3.862490278040026e-15
3.9763852963602155e-15
4.091698911952203e-15
4.208416193401623e-15
4.326522213612737e-15
4.446002057915907e-15
4.566840831691624e-15
4.689023667536078e-15
4.812535732013612e-15
4.937362232027783e-15
5.063488420756454e-15
5.1908996032778126e-15
5.3195811418126865e-15
5.449518460637519e-15
5.580697050712157e-15
5.71310247395118e-15
5.846720367262861e-15
5.981536446304893e-15
6.117536508947463e-15
6.254706438529588e-15
6.39303220685441e-15
6.5324998769889585e-15
6.67309560582028e-15
6.814805646435766e-15
6.957616350297724e-15
7.101514169246642e-15
7.2464856573234e-15
7.392517472432705e-15
7.539596377850334e-15
7.6877092435798e-15
7.83684304758039e-15
7.986984876844349e-15
8.138121928361868e-15
8.290241509960875e-15
8.44333104105196e-15
8.597378053230805e-15
8.752370190814259e-15
8.908295211271457e-15
9.065140985537958e-15
9.222895498287743e-15
9.381546848100574e-15
9.54108324755567e-15
9.70149302325316e-15
9.862764615777325e-15
1.002488657957306e-14
1.018784758279693e-14
1.0351636407084386e-14
1.0516241947265072e-14
1.068165321105732e-14
1.084785931867101e-14
1.1014849502413685e-14
1.118261310621193e-14
1.1351139585131337e-14
1.1520418504845628e-14
1.16904395410463e-14
1.1861192478888111e-14
1.2032667212322602e-14
1.2204853743488278e-14
1.237774218198853e-14
1.2551322744234458e-14
1.27255857527012e-14
1.2900521635188762e-14
1.3076120924078445e-14
1.3252374255542397e-14
1.3429272368757321e-14
1.3606806105124542e-14
1.3784966407424687e-14
1.3963744319004962e-14
1.4143130982941517e-14
1.432311764120423e-14
1.4503695633794674e-14
1.468485639789143e-14
1.4866591466986473e-14
1.504889247000637e-14
1.5231751130449777e-14
1.541515926551484e-14
1.5599108785209834e-14
1.578359169146563e-14
1.5968600077276322e-14
1.6154126125797823e-14
1.6340162109468034e-14
1.6526700389130062e-14
1.6713733413148865e-14
1.690125371653811e-14
1.7089253920069134e-14
1.7277726729404685e-14
1.74666649342328e-14
1.765606140739327e-14
1.784590910400404e-14
1.8036201060620743e-14
1.8226930394356242e-14
1.8418090302050775e-14
1.8609674059408472e-14
1.8801675020166122e-14
1.8994086615250675e-14
1.9186902351956873e-14
1.9380115813103005e-14
1.957372065623025e-14
1.9767710612785715e-14
1.9962079487313623e-14
2.015682115664777e-14
2.035192956912405e-14
2.054739874379431e-14
2.0743222769637143e-14
2.093939580479639e-14
2.113591207579952e-14
2.1332765876812478e-14
2.152995156887256e-14
2.1727463579148527e-14
2.1925296400195005e-14
2.2123444589239356e-14
2.2321902767431345e-14
2.2520665619138363e-14
2.2719727891235255e-14
2.2919084392402133e-14
2.3118729992425467e-14
2.3318659621506377e-14
2.351886826958152e-14
2.3719350985651916e-14
2.3920102877112136e-14
2.4121119109085475e-14
2.4322394903776408e-14
2.4523925539832764e-14
2.4725706351690583e-14
2.4927732728950162e-14
2.51300001157626e-14
2.5332504010187944e-14
2.5535239963603775e-14
2.5738203580089297e-14
2.5941390515839434e-14
2.614479647857603e-14
2.6348417226937937e-14
2.6552248569943068e-14
2.675628636639431e-14
2.696052652431016e-14
2.7164965000394178e-14
2.736959779945494e-14
2.7574420973887018e-14
2.777943062311208e-14
2.798462289307238e-14
2.8189993975667783e-14
2.8395540108280776e-14
2.860125757323481e-14
2.8807142697293014e-14
2.901319185116416e-14
2.921940144899922e-14
2.942576794790523e-14
2.963228784747349e-14
2.983895768928333e-14
3.00457740564387e-14
3.025273357311059e-14
3.0459832904056113e-14
3.066706875418532e-14
3.087443786810062e-14
3.1081937029650293e-14
3.1289563061498096e-14
3.1497312824673975e-14
3.170518321817257e-14
3.191317117849368e-14
3.212127367925908e-14
3.232948773077711e-14
3.2537810379638657e-14
3.2746238708310787e-14
3.295476983475395e-14
3.3163400912010197e-14
3.337212912781827e-14
3.358095170423045e-14
3.378986589723134e-14
3.39988689963619e-14
3.420795832435128e-14
3.441713123674738e-14
3.462638512155057e-14
3.4835717398865657e-14
3.5045125520538293e-14
3.525460696980212e-14
3.5464159260948975e-14
3.567377993897148e-14
3.5883466579233024e-14
3.60932167871233e-14
3.6303028197747807e-14
3.651289847559042e-14
3.6722825314185095e-14
3.693280643580496e-14
3.714283959115435e-14
3.735292255903808e-14
3.756305314607146e-14
3.777322918637325e-14
3.798344854125483e-14
3.819370909893437e-14
3.840400877424201e-14
3.86143455083235e-14
3.882471726835583e-14
3.9035122047266486e-14
3.924555786345819e-14
3.945602276051165e-14
3.9666514806931e-14
3.98770320958635e-14
4.008757274483135e-14
4.0298134895482604e-14
4.050871671330575e-14
4.071931638738253e-14
4.0929932130128925e-14
4.11405621770563e-14
4.1351204786491205e-14
4.156185823935823e-14
4.1772520838911816e-14
4.1983190910517546e-14
4.2193866801386817e-14
4.2404546880365e-14
4.261522953767523e-14
4.2825913184709e-14
4.303659625377477e-14
4.324727719788099e-14
4.345795449052724e-14
4.3668626625458194e-14
4.3879292116452126e-14
4.408994949711429e-14
4.430059732064981e-14
4.451123415966266e-14
4.472185860594396e-14
4.493246927024774e-14
4.5143064782113356e-14
4.535364378963345e-14
4.556420495928391e-14
4.577474697570335e-14
4.598526854149063e-14
4.619576837704266e-14
4.6406245220331503e-14
4.661669782671471e-14
4.6827124968768966e-14
4.703752543609142e-14
4.724789803510817e-14
4.745824158890414e-14
4.766855493703385e-14
4.7878836935349575e-14
4.80890864558169e-14
4.829930238635052e-14
4.850948363062804e-14
4.871962910793063e-14
4.892973775296961e-14
4.9139808515712474e-14
4.934984036122447e-14
4.955983226950784e-14
4.976978323532553e-14
4.997969226806118e-14
5.0189558391534806e-14
5.039938064386595e-14
5.060915807729998e-14
5.081888975807584e-14
5.1028574766255594e-14
5.1238212195579335e-14
5.144780115331781e-14
5.1657340760117095e-14
5.18668301498617e-14
5.2076268469522526e-14
5.228565487901134e-14
5.249498855104239e-14
5.270426867100506e-14
5.291349443679688e-14
5.312266505870946e-14
5.333177975927374e-14
5.354083777313968e-14
5.3749838346941527e-14
5.395878073915636e-14
5.4167664219975424e-14
5.437648807117536e-14
5.458525158599223e-14
5.4793954069000963e-14
5.500259483597084e-14
5.521117321376057e-14
5.541968854017954e-14
5.5628140163866806e-14
5.583652744418889e-14
5.604484975110136e-14
5.6253106465030206e-14
5.646129697676495e-14
5.6669420687337766e-14
5.687747700790348e-14
5.708546535963655e-14
5.729338517360374e-14
5.750123589066987e-14
5.770901696137109e-14
5.791672784581463e-14
5.812436801356715e-14
5.83319369435512e-14
5.853943412393013e-14
5.874685905201882e-14
5.895421123415608e-14
5.916149018562323e-14
5.936869543053217e-14
5.957582650172869e-14
5.97828829406851e-14
5.9989864297407e-14
6.01967701303279e-14
6.040360000622152e-14
6.061035350010723e-14
6.081703019513567e-14
6.102362968251862e-14
6.123015156141861e-14
6.14365954388642e-14
6.164296092965526e-14
6.184924765627476e-14
6.205545524879279e-14
6.226158334478e-14
6.246763158922785e-14
6.267359963445411e-14
6.287948714001769e-14
6.30852937726219e-14
6.329101920605287e-14
6.349666312106968e-14
6.370222520535028e-14
6.390770515337704e-14
6.411310266638524e-14
6.431841745225599e-14
6.452364922545999e-14
6.472879770695551e-14
6.493386262413269e-14
6.513884371071576e-14
6.534374070670298e-14
6.554855335827703e-14
6.575328141773311e-14
6.595792464341197e-14
6.616248279961636e-14
6.636695565654458e-14
6.65713429902099e-14
6.677564458238392e-14
6.697986022050594e-14
6.718398969762613e-14
6.738803281233385e-14
6.759198936868739e-14
6.779585917613629e-14
6.799964204946818e-14
6.820333780873326e-14
6.840694627918795e-14
6.861046729120955e-14
6.881390068025296e-14
6.901724628676823e-14
6.922050395615385e-14
6.942367353867478e-14
6.962675488941362e-14
6.982974786820907e-14
7.003265233958615e-14
7.023546817269763e-14
7.043819524126474e-14
7.064083342352595e-14
7.08433826021575e-14
7.1045842664245e-14
7.124821350119705e-14
7.145049500869542e-14
7.165268708664736e-14
7.185478963913188e-14
7.205680257432497e-14
7.225872580446422e-14
7.246055924578237e-14
7.266230281845631e-14
7.286395644655043e-14
7.306552005797697e-14
7.326699358443069e-14
7.346837696134209e-14
7.36696701278226e-14
7.38708730266143e-14
7.407198560404403e-14
7.427300780996454e-14
7.447393959772512e-14
7.46747809240938e-14
7.487553174923051e-14
7.507619203662559e-14
7.527676175307001e-14
7.547724086859403e-14
7.567762935642412e-14
7.587792719294038e-14
7.607813435761727e-14
7.627825083300218e-14
7.647827660464621e-14
7.667821166108216e-14
7.687805599376036e-14
7.70778095970277e-14
7.727747246805713e-14
7.74770446068325e-14
7.767652601608876e-14
7.787591670128045e-14
7.807521667053053e-14
7.827442593459288e-14
7.847354450682548e-14
7.867257240313145e-14
7.887150964192711e-14
7.907035624410686e-14
7.926911223300049e-14
7.946777763433288e-14
7.966635247619211e-14
7.98648367889835e-14
8.006323060540316e-14
8.026153396038958e-14
8.045974689109453e-14
8.065786943684747e-14
8.085590163911634e-14
8.105384354147442e-14
8.125169518956644e-14
8.144945663106761e-14
8.164712791566534e-14
8.184470909500309e-14
8.204220022266376e-14
8.223960135412727e-14
8.243691254674375e-14
8.263413385970384e-14
8.283126535399611e-14
8.302830709238261e-14
8.322525913936186e-14
8.342212156115503e-14
8.361889442564709e-14
8.381557780237913e-14
8.401217176250496e-14
8.420867637876758e-14
8.440509172547982e-14
8.460141787847132e-14
8.479765491508027e-14
8.499380291411052e-14
8.518986195581296e-14
8.538583212186106e-14
8.55817134953089e-14
8.577750616057395e-14
8.597321020340598e-14
8.616882571086475e-14
8.636435277129936e-14
8.65597914742993e-14
8.675514191069015e-14
8.6950404172503e-14
8.714557835294532e-14
8.734066454637755e-14
8.753566284828572e-14
8.773057335526771e-14
8.792539616499399e-14
8.812013137619385e-14
8.831477908862019e-14
8.850933940305521e-14
8.870381242124133e-14
8.889819824590968e-14
8.909249698070836e-14
8.928670873021855e-14
8.948083359990634e-14
8.967487169612469e-14
8.986882312606398e-14
9.006268799775317e-14
9.02564664200342e-14
9.045015850252918e-14
9.064376435563544e-14
9.083728409049063e-14
9.10307178189643e-14
9.122406565363458e-14
9.141732770776874e-14
9.161050409529952e-14
9.180359493079826e-14
9.199660032948836e-14
9.218952040718618e-14
9.238235528030133e-14
9.25751050658337e-14
9.27677698813178e-14
9.296034984484329e-14
9.315284507500517e-14
9.334525569091102e-14
9.353758181215199e-14
9.372982355878389e-14
9.392198105131925e-14
9.411405441069796e-14
9.43060437582843e-14
9.449794921584327e-14
9.468977090551915e-14
9.488150894983242e-14
9.507316347165333e-14
9.526473459419397e-14
9.54562224409895e-14
9.56476271358764e-14
9.583894880299039e-14
9.603018756673914e-14
9.622134355180536e-14
9.641241688310369e-14
9.660340768579716e-14
9.679431608526473e-14
9.69851422070958e-14
9.717588617706421e-14
9.736654812112502e-14
9.755712816540376e-14
9.774762643618315e-14
9.793804305987672e-14
9.812837816302579e-14
9.831863187228593e-14
9.850880431442496e-14
9.869889561627957e-14
9.88889059047795e-14
9.907883530692367e-14
9.926868394974546e-14
9.945845196033898e-14
9.964813946580648e-14
9.983774659329492e-14
1.0002727346993488e-13
1.0021672022286478e-13
1.0040608697920107e-13
1.0059537386603874e-13
1.0078458101043753e-13
1.0097370853940885e-13
1.0116275657990737e-13
1.0135172525881559e-13
1.0154061470294623e-13
1.0172942503901271e-13
1.019181563936376e-13
1.0210680889333833e-13
1.022953826645073e-13
1.0248387783341312e-13
1.0267229452619084e-13
1.0286063286883103e-13
1.0304889298717146e-13
1.0323707500687347e-13
1.0342517905344611e-13
1.0361320525220544e-13
1.0380115372828079e-13
1.039890246066085e-13
1.0417681801191922e-13
1.0436453406871906e-13
1.0455217290130025e-13
1.0473973463373048e-13
1.0492721938982876e-13
1.0511462729317362e-13
1.0530195846709245e-13
1.0548921303465063e-13
1.0567639111864392e-13
1.0586349284159235e-13
1.0605051832573857e-13
1.0623746769303385e-13
1.0642434106513565e-13
1.0661113856339145e-13
1.0679786030885236e-13
1.0698450642223553e-13
1.0717107702394837e-13
1.0735757223406983e-13
1.0754399217233409e-13
1.0773033695814195e-13
1.0791660671054676e-13
1.0810280154824415e-13
1.0828892158957203e-13
1.084749669525052e-13
1.0866093775463929e-13
1.0884683411320428e-13
1.0903265614504847e-13
1.0921840396662745e-13
1.0940407769400222e-13
1.0958967744284106e-13
1.0977520332841458e-13
1.0996065546556952e-13
1.1014603396875184e-13
1.1033133895199107e-13
1.1051657052888765e-13
1.107017288126201e-13
1.1088681391592664e-13
1.1107182595112405e-13
1.1125676503007815e-13
1.1144163126420909e-13
1.1162642476449476e-13
1.1181114564145606e-13
1.1199579400515283e-13
1.1218036996519159e-13
1.1236487363070121e-13
1.1254930511035715e-13
1.1273366451234958e-13
1.1291795194440168e-13
1.1310216751374625e-13
1.1328631132713848e-13
1.1347038349084859e-13
1.1365438411064535e-13
1.1383831329181716e-13
1.1402217113914408e-13
1.1420595775691195e-13
1.1438967324890077e-13
1.1457331771838636e-13
1.147568912681304e-13
1.1494039400038474e-13
1.1512382601689013e-13
1.1530718741886207e-13
1.1549047830699884e-13
1.1567369878147634e-13
1.158568489419403e-13
1.1603992888751395e-13
1.1622293871677984e-13
1.1640587852779796e-13
1.1658874841808495e-13
1.1677154848462693e-13
1.1695427882385878e-13
1.1713693953168255e-13
1.1731953070345672e-13
1.175020524339856e-13
1.176845048175302e-13
1.178668879477974e-13
1.1804920191795093e-13
1.1823144682058947e-13
1.1841362274776371e-13
1.1859572979096147e-13
1.1877776804110957e-13
1.1895973758858323e-13
1.1914163852319038e-13
1.193234709341745e-13
1.1950523491022285e-13
1.196869305394367e-13
1.1986855790937176e-13
1.2005011710699781e-13
1.202316082187232e-13
1.204130313303865e-13
1.2059438652724343e-13
1.2077567389398797e-13
1.209568935147288e-13
1.2113804547300748e-13
1.2131912985178303e-13
1.215001467334396e-13
1.2168109619978365e-13
1.218619783320419e-13
1.2204279321086116e-13
1.2222354091630779e-13
1.2240422152786316e-13
1.225848351244286e-13
1.2276538178433384e-13
1.2294586158530448e-13
1.2312627460450202e-13
1.2330662091848757e-13
1.234869006032524e-13
1.2366711373419782e-13
1.2384726038613465e-13
1.24027340633289e-13
1.2420735454931194e-13
1.2438730220725444e-13
1.245671836795848e-13
1.2474699903819184e-13
1.2492674835437693e-13
1.2510643169884602e-13
1.252860491417255e-13
1.254656007525467e-13
1.2564508660027182e-13
1.258245067532572e-13
1.2600386127928549e-13
1.2618315024554382e-13
1.2636237371863752e-13
1.2654153176458993e-13
1.2672062444883477e-13
1.2689965183621607e-13
1.2707861399099049e-13
1.27257510976841e-13
1.274363428568611e-13
1.2761510969355722e-13
1.2779381154885426e-13
1.2797244848408993e-13
1.2815102056002074e-13
1.2832952783682421e-13
1.2850797037408832e-13
1.2868634823082772e-13
1.2886466146547325e-13
1.2904291013587372e-13
1.2922109429929466e-13
1.293992140124279e-13
1.2957726933138958e-13
1.2975526031171435e-13
1.2993318700835309e-13
1.301110494756893e-13
1.3028884776752726e-13
1.3046658193710155e-13
1.3064425203706538e-13
1.3082185811950942e-13
1.3099940023593858e-13
1.3117687843729246e-13
1.3135429277394565e-13
1.3153164329569512e-13
1.3170893005177505e-13
1.318861530908498e-13
1.3206331246101105e-13
1.3224040820980149e-13
1.3241744038418333e-13
1.3259440903055956e-13
1.3277131419477362e-13
1.3294815592211528e-13
1.3312493425729369e-13
1.3330164924448016e-13
1.3347830092727886e-13
1.3365488934872954e-13
1.3383141455133444e-13
1.3400787657702558e-13
1.3418427546718987e-13
1.3436061126266053e-13
1.3453688400372744e-13
1.3471309373011943e-13
1.3488924048102484e-13
1.3506532429508662e-13
1.3524134521039717e-13
1.354173032645086e-13
1.355931984944329e-13
1.3576903093662894e-13
1.3594480062703435e-13
1.361205076010386e-13
1.3629615189349138e-13
1.3647173353871327e-13
1.3664725257049027e-13
1.3682270902206867e-13
1.3699810292617362e-13
1.3717343431499873e-13
1.3734870322020567e-13
1.375239096729379e-13
1.376990537037996e-13
1.378741353428895e-13
1.3804915461976729e-13
1.3822411156348497e-13
1.383990062025737e-13
1.3857383856504661e-13
1.3874860867839616e-13
1.3892331656961277e-13
1.3909796226516622e-13
1.3927254579102156e-13
1.3944706717262345e-13
1.3962152643492263e-13
1.3979592360236525e-13
1.3997025869887977e-13
1.4014453174791145e-13
1.403187427723906e-13
1.4049289179475364e-13
1.4066697883694103e-13
1.4084100392039912e-13
1.4101496706607854e-13
1.4118886829444126e-13
1.4136270762546127e-13
1.4153648507861635e-13
1.4171020067290696e-13
1.418838544268452e-13
1.4205744635846344e-13
1.422309764853087e-13
1.424044448244555e-13
1.4257785139249394e-13
1.427511962055468e-13
1.4292447927925766e-13
1.4309770062880282e-13
1.4327086026888482e-13
1.4344395821374187e-13
1.4361699447714636e-13
1.4378996907240386e-13
1.4396288201236174e-13
1.441357333093986e-13
1.4430852297544786e-13
1.4448125102198207e-13
1.4465391746000793e-13
1.4482652230010011e-13
1.4499906555236232e-13
1.451715472264665e-13
1.4534396733162671e-13
1.4551632587661497e-13
1.4568862286976135e-13
1.458608583189567e-13
1.4603303223165222e-13
1.462051446148603e-13
1.4637719547515698e-13
1.465491848186892e-13
1.467211126511759e-13
1.4689297897789684e-13
1.4706478380371147e-13
1.4723652713305343e-13
1.4740820896993343e-13
1.475798293179419e-13
1.4775138818024634e-13
1.4792288555960474e-13
1.4809432145835235e-13
1.4826569587841457e-13
1.4843700882130256e-13
1.486082602881255e-13
1.4877945027957567e-13
1.489505787959517e-13
1.491216458371432e-13
1.4929265140263258e-13
1.494635954915203e-13
1.496344781024948e-13
1.498052992338536e-13
1.499760588835016e-13
1.5014675704896092e-13
1.5031739372735262e-13
1.5048796891541824e-13
1.506584826095114e-13
1.5082893480560617e-13
1.5099932549929165e-13
1.5116965468578539e-13
1.5133992235992781e-13
1.5151012851617492e-13
1.5168027314861898e-13
1.5185035625098314e-13
1.5202037781661966e-13
1.521903378385145e-13
1.5236023630929287e-13
1.525300732212113e-13
1.5269984856617117e-13
1.528695623357157e-13
1.530392145210357e-13
1.5320880511296134e-13
1.533783341019731e-13
1.5354780147820142e-13
1.537172072314351e-13
1.538865513511132e-13
1.5405583382632744e-13
1.54225054645839e-13
1.5439421379805633e-13
1.545633112710626e-13
1.547323470525989e-13
1.5490132113007305e-13
1.550702334905703e-13
1.5523908412083634e-13
1.5540787300729982e-13
1.5557660013605342e-13
1.5574526549287747e-13
1.5591386906322155e-13
1.5608241083222613e-13
1.5625089078471394e-13
1.5641930890519093e-13
1.5658766517784825e-13
1.5675595958657017e-13
1.5692419211493477e-13
1.570923627462083e-13
1.5726047146335546e-13
1.5742851824903518e-13
1.5759650308561522e-13
1.577644259551602e-13
1.5793228683944387e-13
1.5810008571993418e-13
1.5826782257781635e-13
1.5843549739398304e-13
1.5860311014904146e-13
1.5877066082331446e-13
1.5893814939684222e-13
1.591055758493726e-13
1.5927294016038435e-13
1.594402423090768e-13
1.5960748227437526e-13
1.597746600349257e-13
1.59941775569108e-13
1.6010882885503338e-13
1.6027581987053903e-13
1.6044274859320182e-13
1.606096150003404e-13
1.6077641906900505e-13
1.6094316077599076e-13
1.611098400978294e-13
1.6127645701080585e-13
1.6144301149094703e-13
1.6160950351402755e-13
1.6177593305557767e-13
1.6194230009087784e-13
1.6210860459496432e-13
1.6227484654262896e-13
1.6244102590842748e-13
1.6260714266666867e-13
1.6277319679142765e-13
1.6293918825654878e-13
1.6310511703563487e-13
1.6327098310206613e-13
1.6343678642899144e-13
1.6360252698932976e-13
1.637682047557821e-13
1.639338197008136e-13
1.6409937179667196e-13
1.642648610154038e-13
1.6443028732881156e-13
1.6459565070849927e-13
1.6476095112585627e-13
1.6492618855205482e-13
1.650913629580684e-13
1.6525647431464863e-13
1.6542152259235054e-13
1.6558650776152334e-13
1.6575142979231494e-13
1.6591628865467746e-13
1.6608108431836482e-13
1.6624581675292731e-13
1.6641048592773524e-13
1.6657509181194796e-13
1.6673963437454983e-13
1.669041135843383e-13
1.670685294099174e-13
1.6723288181970932e-13
1.673971707819542e-13
1.6756139626471508e-13
1.677255582358677e-13
1.6788965666311912e-13
1.6805369151400768e-13
1.6821766275588157e-13
1.6838157035593908e-13
1.685454142811858e-13
1.6870919449848295e-13
1.6887291097451467e-13
1.6903656367580515e-13
1.6920015256871727e-13
1.69363677619449e-13
1.6952713879405028e-13
1.6969053605840573e-13
1.6985386937825278e-13
1.7001713871917903e-13
1.70180344046617e-13
1.7034348532584962e-13
1.7050656252202069e-13
1.7066957560011643e-13
1.7083252452499205e-13
1.7099540926136112e-13
1.7115822977379562e-13
1.7132098602672078e-13
1.7148367798444417e-13
1.7164630561112904e-13
1.7180886887081063e-13
1.7197136772739353e-13
1.7213380214465397e-13
1.7229617208623728e-13
1.7245847751566918e-13
1.7262071839635236e-13
1.7278289469156953e-13
1.72945006364486e-13
1.7310705337814198e-13
1.7326903569546543e-13
1.7343095327927804e-13
1.735928060922762e-13
1.737545940970574e-13
1.7391631725610742e-13
1.7407797553180311e-13
1.7423956888641468e-13
1.744010972821139e-13
1.7456256068097117e-13
1.747239590449508e-13
1.7488529233592922e-13
1.750465605156818e-13
1.7520776354588298e-13
1.7536890138812742e-13
1.7552997400390616e-13
1.7569098135463334e-13
1.7585192340161945e-13
1.7601280010610608e-13
1.761736114292365e-13
1.763343573320828e-13
1.7649503777563418e-13
1.766556527207957e-13
1.768162021283926e-13
1.769766859591867e-13
1.7713710417385505e-13
1.772974567330088e-13
1.774577435971875e-13
1.7761796472685923e-13
1.7777812008242103e-13
1.7793820962421184e-13
1.78098233312507e-13
1.7825819110751108e-13
1.7841808296937292e-13
1.7857790885818906e-13
1.7873766873399256e-13
1.7889736255675595e-13
1.7905699028640765e-13
1.7921655188281504e-13
1.7937604730580432e-13
1.7953547651514285e-13
1.7969483947055213e-13
1.7985413613170832e-13
1.8001336645824894e-13
1.801725304097643e-13
1.8033162794580304e-13
1.8049065902587755e-13
1.8064962360945833e-13
1.8080852165597987e-13
1.8096735312484276e-13
1.8112611797541686e-13
1.8128481616703843e-13
1.8144344765901276e-13
1.8160201241061954e-13
1.8176051038111034e-13
1.819189415297086e-13
1.8207730581561742e-13
1.8223560319801737e-13
1.823938336360635e-13
1.8255199708890122e-13
1.8271009351564817e-13
1.828681228754097e-13
1.830260851272819e-13
1.8318398023034324e-13
1.8334180814366056e-13
1.8349956882629129e-13
1.8365726223728335e-13
1.8381488833567557e-13
1.839724470805105e-13
1.8412993843081953e-13
1.8428736234562692e-13
1.8444471878396622e-13
1.8460200770487015e-13
1.8475922906736738e-13
1.8491638283049127e-13
1.8507346895328375e-13
1.852304873947866e-13
1.85387438114061e-13
1.8554432107016513e-13
1.857011362221768e-13
1.8585788352918108e-13
1.8601456295028058e-13
1.8617117444458783e-13
1.8632771797123517e-13
1.864841934893783e-13
1.8664060095817736e-13
1.8679694033683113e-13
1.8695321158454854e-13
1.8710941466056937e-13
1.8726554952414875e-13
1.8742161613458051e-13
1.8757761445118212e-13
1.8773354443329097e-13
1.8788940604029197e-13
1.8804519923159063e-13
1.8820092396662596e-13
1.8835658020487644e-13
1.8851216790585182e-13
1.8866768702910893e-13
1.888231375342253e-13
1.8897851938084164e-13
1.8913383252862742e-13
1.8928907693729914e-13
1.8944425256661043e-13
1.8959935937637247e-13
1.8975439732642805e-13
1.8990936637668067e-13
1.9006426648708377e-13
1.9021909761763818e-13
1.9037385972840023e-13
1.905285527794736e-13
1.9068317673102025e-13
1.9083773154325744e-13
1.909922171764712e-13
1.9114663359099e-13
1.9130098074720814e-13
1.9145525860558909e-13
1.9160946712664893e-13
1.9176360627097274e-13
1.919176759992173e-13
1.920716762720893e-13
1.9222560705038077e-13
1.9237946829494437e-13
1.9253325996670717e-13
1.9268698202666e-13
1.9284063443588095e-13
1.929942171555044e-13
1.931477301467573e-13
1.933011733709382e-13
1.9345454678941785e-13
1.936078503636464e-13
1.9376108405516423e-13
1.9391424782558414e-13
1.940673416366084e-13
1.9422036545001744e-13
1.9437331922768376e-13
1.945262029315581e-13
1.946790165236888e-13
1.9483175996620462e-13
1.949844332213296e-13
1.9513703625137901e-13
1.9528956901875807e-13
1.9544203148596557e-13
1.9559442361560142e-13
1.9574674537035353e-13
1.9589899671301341e-13
1.9605117760646368e-13
1.9620328801369877e-13
1.9635532789780075e-13
1.9650729722196142e-13
1.966591959494762e-13
1.9681102404373981e-13
1.9696278146825274e-13
1.971144681866285e-13
1.972660841625866e-13
1.9741762935994812e-13
1.9756910374265186e-13
1.9772050727474292e-13
1.9787183992038158e-13
1.9802310164383979e-13
1.9817429240950465e-13
1.9832541218188065e-13
1.9847646092558702e-13
1.986274386053552e-13
1.9877834518604475e-13
1.9892918063263016e-13
1.9907994491020872e-13
1.9923063798400336e-13
1.9938125981935164e-13
1.9953181038171717e-13
1.996822896366938e-13
1.998326975499965e-13
1.9998303408747283e-13
2.0013329921509422e-13
2.0028349289896507e-13
2.0043361510532113e-13
2.0058366580052888e-13
2.007336449510833e-13
2.008835525236157e-13
2.010333884848911e-13
2.0118315280181581e-13
2.013328454414252e-13
2.0148246637089313e-13
2.0163201555754075e-13
2.01781492968823e-13
2.019308985723284e-13
2.0208023233580329e-13
2.0222949422712506e-13
2.0237868421431841e-13
2.0252780226555222e-13
2.0267684834914538e-13
2.02825822433556e-13
2.0297472448738904e-13
2.0312355447941019e-13
2.0327231237852693e-13
2.0342099815378849e-13
2.0356961177442077e-13
2.0371815320977552e-13
2.0386662242937039e-13
2.040150194028754e-13
2.0416334410011876e-13
2.0431159649108627e-13
2.044597765459113e-13
2.046078842348985e-13
2.0475591952849676e-13
2.049038823973318e-13
2.0505177281217418e-13
2.0519959074397344e-13
2.0534733616382402e-13
2.0549500904299662e-13
2.0564260935292046e-13
2.057901370651931e-13
2.0593759215158088e-13
2.0608497458401076e-13
2.062322843345841e-13
2.0637952137557045e-13
2.0652668567940025e-13
2.0667377721869157e-13
2.0682079596622027e-13
2.069677418949418e-13
2.0711461497797775e-13
2.0726141518863413e-13
2.0740814250038885e-13
2.075547968868909e-13
2.0770137832196895e-13
2.0784788677962846e-13
2.0799432223405175e-13
2.081406846596136e-13
2.0828697403085528e-13
2.0843319032250024e-13
2.0857933350945947e-13
2.0872540356682025e-13
2.0887140046985308e-13
2.0901732419402313e-13
2.0916317471497524e-13
2.0930895200853162e-13
2.0945465605071752e-13
2.0960028681772733e-13
2.0974584428595916e-13
2.0989132843199537e-13
2.1003673923260425e-13
2.1018207666474872e-13
2.103273407055775e-13
2.1047253133244226e-13
2.1061764852287991e-13
2.1076269225462542e-13
2.1090766250559924e-13
2.1105255925393033e-13
2.111973824779327e-13
2.1134213215612434e-13
2.1148680826721312e-13
2.116314107901107e-13
2.1177593970393018e-13
2.1192039498797976e-13
2.1206477662176896e-13
2.122090845850109e-13
2.1235331885762e-13
2.1249747941970597e-13
2.1264156625159324e-13
2.1278557933379915e-13
2.1292951864705568e-13
2.1307338417229524e-13
2.132171758906574e-13
2.1336089378349321e-13
2.1350453783235196e-13
2.1364810801899753e-13
2.1379160432540033e-13
2.139350267337424e-13
2.1407837522640965e-13
2.1422164978600772e-13
2.143648503953514e-13
2.145079770374648e-13
2.1465102969558595e-13
2.1479400835317075e-13
2.1493691299388368e-13
2.1507974360160416e-13
2.1522250016043095e-13
2.153651826546806e-13
2.155077910688782e-13
2.1565032538777182e-13
2.1579278559633167e-13
2.1593517167973757e-13
2.160774836233917e-13
2.1621972141292118e-13
2.1636188503416543e-13
2.165039744731941e-13
2.166459897162916e-13
2.1678793074996485e-13
2.1692979756095106e-13
2.1707159013620248e-13
2.172133084629016e-13
2.1735495252844837e-13
2.1749652232047838e-13
2.1763801782684461e-13
2.1777943903562818e-13
2.179207859351378e-13
2.1806205851391297e-13
2.182032567607157e-13
2.1834438066454127e-13
2.18485430214616e-13
2.1862640540038804e-13
2.1876730621154216e-13
2.1890813263799075e-13
2.1904888466988231e-13
2.19189562297588e-13
2.1933016551172286e-13
2.194706943031272e-13
2.1961114866288008e-13
2.1975152858229125e-13
2.1989183405290378e-13
2.2003206506650188e-13
2.2017222161510043e-13
2.2031230369095081e-13
2.204523112865424e-13
2.2059224439459832e-13
2.2073210300808828e-13
2.2087188712020737e-13
2.2101159672440244e-13
2.211512318143461e-13
2.2129079238396283e-13
2.2143027842740762e-13
2.2156968993908515e-13
2.2170902691362534e-13
2.218482893459207e-13
2.2198747723108903e-13
2.2212659056450054e-13
2.222656293417613e-13
2.2240459355872414e-13
2.2254348321148557e-13
2.2268229829638698e-13
2.2282103881001018e-13
2.229597047491872e-13
2.2309829611099097e-13
2.23236812892744e-13
2.233752550920156e-13
2.2351362270661625e-13
2.236519157346141e-13
2.2379013417431043e-13
2.2392827802426433e-13
2.240663472832813e-13
2.2420434195041645e-13
2.2434226202497154e-13
2.2448010750649778e-13
2.2461787839480102e-13
2.2475557468992886e-13
2.2489319639219137e-13
2.250307435021374e-13
2.251682160205761e-13
2.2530561394856594e-13
2.254429372874173e-13
2.255801860386879e-13
2.2571736020420013e-13
2.2585445978601843e-13
2.2599148478647482e-13
2.2612843520813289e-13
2.262653110538314e-13
2.2640211232665402e-13
2.2653883902993877e-13
2.2667549116728648e-13
2.2681206874254228e-13
2.269485717598193e-13
2.2708500022348274e-13
2.2722135413814985e-13
2.2735763350869572e-13
2.2749383834025527e-13
2.276299686382262e-13
2.277660244082557e-13
2.279020056562512e-13
2.280379123883801e-13
2.2817374461107004e-13
2.283095023310009e-13
2.284451855551255e-13
2.2858079429063884e-13
2.2871632854500627e-13
2.2885178832595327e-13
2.2898717364146565e-13
2.2912248449978387e-13
2.2925772090941145e-13
2.293928828791275e-13
2.295279704179454e-13
2.296629835351644e-13
2.2979792224033393e-13
2.299327865432739e-13
2.3006757645405903e-13
2.3020229198302966e-13
2.303369331407862e-13
2.304714999381918e-13
2.3060599238638304e-13
2.3074041049674614e-13
2.3087475428094333e-13
2.310090237508943e-13
2.311432189187788e-13
2.3127733979705307e-13
2.3141138639843566e-13
2.315453587358975e-13
2.316792568226857e-13
2.318130806723127e-13
2.319468302985458e-13
2.3208050571543387e-13
2.3221410693728296e-13
2.323476339786649e-13
2.3248108685442194e-13
2.3261446557965426e-13
2.327477701697377e-13
2.3288100064031124e-13
2.330141570072791e-13
2.331472392868164e-13
2.3328024749536096e-13
2.334131816496267e-13
2.3354604176658e-13
2.3367882786347345e-13
2.338115399578068e-13
2.339441780673639e-13
2.340767422101938e-13
2.342092324046087e-13
2.3434164866919113e-13
2.344739910227976e-13
2.346062594845442e-13
2.3473845407381805e-13
2.3487057481027975e-13
2.350026217138578e-13
2.35134594804749e-13
2.352664941034101e-13
2.353983196305848e-13
2.355300714072685e-13
2.3566174945474134e-13
2.357933537945427e-13
2.3592488444848615e-13
2.360563414386582e-13
2.361877247874031e-13
2.363190345173436e-13
2.364502706513759e-13
2.3658143321265625e-13
2.3671252222461725e-13
2.368435377109618e-13
2.3697447969566125e-13
2.371053482029574e-13
2.3723614325736296e-13
2.373668648836612e-13
2.3749751310690104e-13
2.376280879524099e-13
2.3775858944577794e-13
2.378890176128792e-13
2.380193724798402e-13
2.381496540730687e-13
2.382798624192427e-13
2.3840999754530356e-13
2.3854005947847093e-13
2.3867004824623004e-13
2.3879996387634456e-13
2.3892980639684113e-13
2.390595758360195e-13
2.391892722224502e-13
2.3931889558497715e-13
2.394484459527094e-13
2.3957792335502457e-13
2.397073278215862e-13
2.398366593823103e-13
2.3996591806738874e-13
2.400951039072895e-13
2.402242169327484e-13
2.403532571747691e-13
2.40482224664629e-13
2.4061111943387315e-13
2.4073994151432004e-13
2.4086869093805864e-13
2.409973677374408e-13
2.4112597194509674e-13
2.4125450359392733e-13
2.413829627170963e-13
2.415113493480378e-13
2.416396635204672e-13
2.417679052683548e-13
2.41896074625957e-13
2.4202417162778523e-13
2.421521963086345e-13
2.422801487035546e-13
2.424080288478717e-13
2.4253583677718143e-13
2.426635725273508e-13
2.427912361345148e-13
2.4291882763507317e-13
2.4304634706570463e-13
2.4317379446334744e-13
2.433011698652132e-13
2.4342847330877914e-13
2.43555704831787e-13
2.4368286447226274e-13
2.438099522684868e-13
2.439369682590156e-13
2.440639124826679e-13
2.44190784978533e-13
2.443175857859684e-13
2.444443149445962e-13
2.445709724943119e-13
2.4469755847527373e-13
2.448240729279101e-13
2.449505158929121e-13
2.450768874112438e-13
2.452031875241317e-13
2.453294162730733e-13
2.454555736998276e-13
2.45581659846425e-13
2.4570767475515786e-13
2.458336184685864e-13
2.4595949102953605e-13
2.460852924810945e-13
2.462110228666279e-13
2.463366822297516e-13
2.4646227061435154e-13
2.4658778806458353e-13
2.4671323462486354e-13
2.468386103398803e-13
2.4696391525457205e-13
2.470891494141499e-13
2.4721431286408703e-13
2.473394056501247e-13
2.474644278182609e-13
2.4758937941476163e-13
2.477142604861577e-13
2.4783907107923433e-13
2.479638112410499e-13
2.480884810189167e-13
2.4821308046041533e-13
2.4833760961337984e-13
2.484620685259182e-13
2.485864572463921e-13
2.4871077582342306e-13
2.488350243058947e-13
2.489592027429586e-13
2.4908331118401495e-13
2.4920734967873983e-13
2.493313182770501e-13
2.4945521702913565e-13
2.495790459854405e-13
2.497028051966737e-13
2.49826494713793e-13
2.499501145880267e-13
2.500736648708517e-13
2.5019714561401016e-13
2.5032055686949523e-13
2.5044389868956554e-13
2.505671711267255e-13
2.506903742337445e-13
2.508135080636542e-13
2.5093657266973223e-13
2.51059568105516e-13
2.511824944247994e-13
2.513053516816282e-13
2.514281399303049e-13
2.5155085922539114e-13
2.5167350962170044e-13
2.517960911742948e-13
2.5191860393849846e-13
2.520410479698898e-13
2.5216342332429083e-13
2.5228573005777984e-13
2.524079682266975e-13
2.525301378876202e-13
2.5265223909739095e-13
2.527742719130994e-13
2.5289623639208665e-13
2.530181325919422e-13
2.531399605705017e-13
2.5326172038586286e-13
2.533834120963641e-13
2.535050357605926e-13
2.536265914373893e-13
2.5374807918584657e-13
2.5386949906530294e-13
2.5399085113534017e-13
2.541121354557857e-13
2.5423335208672156e-13
2.543545010884778e-13
2.5447558252162284e-13
2.545965964469786e-13
2.547175429256107e-13
2.5483842201882517e-13
2.5495923378818197e-13
2.5507997829547625e-13
2.5520065560275433e-13
2.5532126577229817e-13
2.554418088666483e-13
2.555622849485705e-13
2.5568269408108375e-13
2.558030363274452e-13
2.5592331175115267e-13
2.560435204159496e-13
2.561636623858199e-13
2.5628373772498266e-13
2.56403746497903e-13
2.565236887692861e-13
2.5664356460406737e-13
2.567633740674304e-13
2.5688311722479133e-13
2.5700279414181195e-13
2.57122404884384e-13
2.572419495186314e-13
2.573614281109294e-13
2.574808407278828e-13
2.576001874363209e-13
2.577194683033292e-13
2.578386833962098e-13
2.5795783278251026e-13
2.580769165300029e-13
2.5819593470670763e-13
2.58314887380859e-13
2.584337746209391e-13
2.5855259649565457e-13
2.586713530739446e-13
2.5879004442497764e-13
2.5890867061815994e-13
2.590272317231167e-13
2.5914572780971885e-13
2.592641589480478e-13
2.5938252520842305e-13
2.5950082666139087e-13
2.596190633777294e-13
2.5973723542844125e-13
2.59855342884751e-13
2.5997338581812006e-13
2.600913643002263e-13
2.602092784029694e-13
2.6032712819848576e-13
2.6044491375912374e-13
2.6056263515746556e-13
2.606802924663153e-13
2.6079788575869293e-13
2.609154151078457e-13
2.6103288058724183e-13
2.6115028227056333e-13
2.612676202317265e-13
2.6138489454486154e-13
2.615021052843117e-13
2.6161925252464996e-13
2.617363363406598e-13
2.618533568073457e-13
2.619703139999265e-13
2.6208720799384405e-13
2.6220403886475147e-13
2.623208066885204e-13
2.6243751154123014e-13
2.6255415349918457e-13
2.6267073263890304e-13
2.627872490371078e-13
2.629037027707422e-13
2.6302009391695516e-13
2.6313642255311643e-13
2.6325268875679855e-13
2.633688926057875e-13
2.634850341780875e-13
2.6360111355189747e-13
2.637171308056401e-13
2.6383308601793293e-13
2.639489792676115e-13
2.640648106337143e-13
2.6418058019549287e-13
2.642962880323932e-13
2.6441193422407694e-13
2.645275188504084e-13
2.646430419914489e-13
2.647585037274759e-13
2.6487390413895793e-13
2.649892433065772e-13
2.651045213112102e-13
2.6521973823393817e-13
2.653348941560427e-13
2.654499891590044e-13
2.655650233245094e-13
2.6567999673443e-13
2.657949094708515e-13
2.659097616160456e-13
2.6602455325249165e-13
2.66139284462858e-13
2.662539553300071e-13
2.6636856593700394e-13
2.664831163671077e-13
2.6659760670376923e-13
2.667120370306283e-13
2.6682640743152146e-13
2.669407179904848e-13
2.6705496879173304e-13
2.671691599196771e-13
2.6728329145892547e-13
2.673973634942618e-13
2.6751137611067443e-13
2.6762532939333296e-13
2.6773922342759295e-13
2.678530582989959e-13
2.6796683409327514e-13
2.6808055089634987e-13
2.6819420879432027e-13
2.6830780787347755e-13
2.684213482202889e-13
2.6853482992141004e-13
2.686482530636771e-13
2.6876161773411006e-13
2.688749240199067e-13
2.689881720084483e-13
2.6910136178729667e-13
2.6921449344419444e-13
2.6932756706705943e-13
2.6944058274398774e-13
2.6955354056325824e-13
2.6966644061331755e-13
2.697792829827904e-13
2.698920677604866e-13
2.700047950353764e-13
2.7011746489661796e-13
2.7023007743353385e-13
2.703426327356168e-13
2.704551308925455e-13
2.705675719941551e-13
2.7067995613046123e-13
2.7079228339163614e-13
2.709045538680378e-13
2.71016767650186e-13
2.7112892482876504e-13
2.7124102549462917e-13
2.713530697388022e-13
2.7146505765246724e-13
2.715769893269824e-13
2.7168886485385414e-13
2.718006843247696e-13
2.7191244783156935e-13
2.7202415546626117e-13
2.7213580732101173e-13
2.7224740348814965e-13
2.723589440601598e-13
2.7247042912969405e-13
2.7258185878955504e-13
2.726932331327075e-13
2.7280455225228e-13
2.729158162415472e-13
2.7302702519394225e-13
2.731381792030629e-13
2.73249278362647e-13
2.7336032276659406e-13
2.734713125089599e-13
2.735822476839427e-13
2.736931283859032e-13
2.738039547093467e-13
2.7391472674892956e-13
2.740254445994622e-13
2.7413610835589724e-13
2.742467181133412e-13
2.7435727396704043e-13
2.7446777601239215e-13
2.7457822434494713e-13
2.7468861906039354e-13
2.7479896025455694e-13
2.749092480234216e-13
2.7501948246310144e-13
2.7512966366986085e-13
2.752397917401068e-13
2.7534986677038126e-13
2.754598888573662e-13
2.7556985809789127e-13
2.756797745889158e-13
2.757896384275389e-13
2.758994497110025e-13
2.7600920853668027e-13
2.7611891500207536e-13
2.762285692048336e-13
2.763381712427375e-13
2.764477212136967e-13
2.765572192157528e-13
2.766666653470842e-13
2.767760597059987e-13
2.768854023909335e-13
2.769946935004547e-13
2.7710393313325746e-13
2.772131213881719e-13
2.773222583641437e-13
2.7743134416025006e-13
2.775403788757005e-13
2.7764936260982263e-13
2.7775829546207065e-13
2.77867177532017e-13
2.7797600891936355e-13
2.780847897239353e-13
2.7819352004567105e-13
2.7830219998464045e-13
2.7841082964102173e-13
2.7851940911511885e-13
2.7862793850735176e-13
2.787364179182559e-13
2.788448474484929e-13
2.7895322719883507e-13
2.790615572701646e-13
2.7916983776347946e-13
2.792780687798961e-13
2.7938625042063814e-13
2.79494382787048e-13
2.796024659805802e-13
2.797105001027921e-13
2.7981848525534857e-13
2.7992642154003755e-13
2.800343090587444e-13
2.8014214791346945e-13
2.8024993820630496e-13
2.803576800394637e-13
2.804653735152634e-13
2.8057301873611566e-13
2.8068061580454275e-13
2.8078816482317104e-13
2.8089566589472663e-13
2.810031191220376e-13
2.81110524608029e-13
2.8121788245573037e-13
2.813251927682678e-13
2.8143245564886704e-13
2.8153967120084774e-13
2.816468395276288e-13
2.8175396073272595e-13
2.8186103491974863e-13
2.8196806219239797e-13
2.8207504265447386e-13
2.8218197640986523e-13
2.8228886356255454e-13
2.823957042166135e-13
2.8250249847620673e-13
2.8260924644558326e-13
2.8271594822909023e-13
2.828226039311531e-13
2.8292921365628877e-13
2.830357775091025e-13
2.831422955942821e-13
2.8324876801659955e-13
2.833551948809092e-13
2.8346157629215693e-13
2.8356791235536626e-13
2.8367420317563583e-13
2.8378044885815783e-13
2.8388664950819463e-13
2.839928052310887e-13
2.8409891613227073e-13
2.8420498231723635e-13
2.843110038915692e-13
2.8441698096091965e-13
2.845229136310191e-13
2.8462880200766795e-13
2.847346461967473e-13
2.8484044630420517e-13
2.8494620243606987e-13
2.850519146984363e-13
2.8515758319746446e-13
2.852632080393912e-13
2.8536878933052564e-13
2.8547432717723643e-13
2.855798216859691e-13
2.8568527296322043e-13
2.857906811155725e-13
2.858960462496586e-13
2.8600136847218376e-13
2.8610664788991215e-13
2.862118846096695e-13
2.86317078738348e-13
2.8642223038290417e-13
2.8652733965034276e-13
2.86632406647738e-13
2.8673743148221983e-13
2.8684241426097755e-13
2.8694735509125834e-13
2.8705225408036646e-13
2.871571113356537e-13
2.8726192696453833e-13
2.873667010744844e-13
2.8747143377302017e-13
2.8757612516771057e-13
2.8768077536618235e-13
2.877853844761156e-13
2.878899526052356e-13
2.879944798613156e-13
2.880989663521849e-13
2.882034121857154e-13
2.8830781746982715e-13
2.88412182312485e-13
2.8851650682169966e-13
2.8862079110553457e-13
2.8872503527209336e-13
2.8882923942951445e-13
2.88933403685989e-13
2.89037528149746e-13
2.8914161292905666e-13
2.8924565813223724e-13
2.893496638676416e-13
2.894536302436608e-13
2.8955755736872e-13
2.896614453512904e-13
2.8976529429987957e-13
2.898691043230275e-13
2.8997287552931135e-13
2.900766080273452e-13
2.901803019257754e-13
2.9028395733328527e-13
2.9038757435859005e-13
2.904911531104397e-13
2.9059469369761354e-13
2.9069819622891977e-13
2.9080166081320433e-13
2.909050875593447e-13
2.910084765762374e-13
2.9111182797282124e-13
2.9121514185806196e-13
2.9131841834094945e-13
2.914216575305002e-13
2.9152485953577074e-13
2.91628024465834e-13
2.917311524297974e-13
2.918342435367904e-13
2.919372978959772e-13
2.920403156165462e-13
2.921432968077132e-13
2.9224624157872106e-13
2.9234915003883697e-13
2.924520222973639e-13
2.92554858463629e-13
2.9265765864699023e-13
2.9276042295683294e-13
2.9286315150257255e-13
2.929658443936588e-13
2.9306850173956307e-13
2.9317112364980405e-13
2.9327371023392634e-13
2.9337626160151375e-13
2.934787778621869e-13
2.935812591255984e-13
2.936837055014539e-13
2.93786117099494e-13
2.938884940295085e-13
2.9399083640133807e-13
2.9409314432487297e-13
2.9419541791006143e-13
2.9429765726691196e-13
2.943998625055e-13
2.945020337359653e-13
2.946041710685261e-13
2.947062746134767e-13
2.948083444812048e-13
2.9491038078218334e-13
2.9501238362699364e-13
2.9511435312632845e-13
2.95216289390993e-13
2.953181925319328e-13
2.9542006266023227e-13
2.95521899887127e-13
2.9562370432403084e-13
2.9572547608252825e-13
2.9582721527442024e-13
2.9592892201171585e-13
2.9603059640666617e-13
2.9613223857179055e-13
2.962338486198868e-13
2.9633542666406814e-13
2.964369728177874e-13
2.96538487194864e-13
2.966399699095267e-13
2.967414210764434e-13
2.9684284081075996e-13
2.969442292281436e-13
2.970455864448191e-13
2.9714691257764556e-13
2.9724820774414254e-13
2.973494720625679e-13
2.9745070565196696e-13
2.97551908632254e-13
2.976530811242769e-13
2.9775422324992365e-13
2.978553351322031e-13
2.9795641689534775e-13
2.980574686649282e-13
2.9815849056798563e-13
2.982594827331637e-13
2.9836044529086507e-13
2.9846137837340153e-13
2.9856228211520285e-13
2.986631566529861e-13
2.987640021259799e-13
2.988648186761603e-13
2.9896560644849894e-13
2.9906636559123804e-13
2.991670962561774e-13
2.9926779859899196e-13
2.993684727795714e-13
2.9946911896238274e-13
2.9956973731687204e-13
2.9967032801787053e-13
2.9977089124605356e-13
2.9987142718842943e-13
2.999719360388627e-13
3.0007241799863383e-13
3.0017287327707383e-13
3.0027330209223373e-13
3.00373704671645e-13
3.0047408125316086e-13
3.0057443208591295e-13
3.006747574313779e-13
3.0077505756456123e-13
3.0087533277533105e-13
3.0097558336990227e-13
3.0107580967244405e-13
3.011760120268893e-13
3.012761907988564e-13
3.0137634637776124e-13
3.014764791790883e-13
3.0157658964682284e-13
3.016766782560655e-13
3.0177674551582204e-13
3.0187679197196335e-13
3.019768182103571e-13
3.0207682486022364e-13
3.0217681259766084e-13
3.022767821493742e-13
3.0237673429666604e-13
3.024766698796198e-13
3.025765898015948e-13
3.0267649503400845e-13
3.027763866214605e-13
3.0287626568730884e-13
3.029761334397547e-13
3.0307599117861306e-13
3.0317584030298375e-13
3.0327568232022235e-13
3.0337551885658756e-13
3.0347535167001897e-13
3.035751826652072e-13
3.036750139109292e-13
3.03774847659453e-13
3.0387468636779737e-13
3.0397453272059865e-13
3.040743896543357e-13
3.041742603827579e-13
3.0427414842333953e-13
3.0437405762461283e-13
3.04473992194358e-13
3.0457395672851196e-13
3.0467395624085917e-13
3.047739961934558e-13
3.0487408252791466e-13
3.0497422169761007e-13
3.0507442070099747e-13
3.051746871162714e-13
3.052750291376959e-13
3.053754556140196e-13
3.0547597608955835e-13
3.0557660084872356e-13
3.0567734096510416e-13
3.057782083565748e-13
3.0587921584873116e-13
3.05980377249925e-13
3.0608170744318347e-13
3.061832225034404e-13
3.062849398534442e-13
3.06386878476409e-13
3.0648905919695594e-13
3.065915050185706e-13
3.06694241487055e-13
3.067972970498429e-13
3.069007033927763e-13
3.070044957469335e-13
3.0710871316489156e-13
3.07213398768908e-13
3.073185999748288e-13
3.074243686960477e-13
3.075307615320551e-13
3.076378399462521e-13
3.077456704378308e-13
3.078543247128674e-13
3.0796387986019526e-13
3.0807441853836283e-13
3.0818602918090065e-13
3.0829880622861097e-13
3.084128503994352e-13
3.085282690094145e-13
3.086451763623709e-13
3.087636942320859e-13
3.088839524703232e-13
3.090060897889145e-13
3.091302547884314e-13
3.092566073470114e-13
3.0938532055371163e-13
3.095165834953043e-13
3.0965060541438723e-13
3.0978762201500787e-13
3.0992790449360215e-13
3.100717699046856e-13
3.102195893729364e-13
3.103717918599971e-13
3.105288638997439e-13
3.1069134696355274e-13
3.108598338901104e-13
3.110349652128798e-13
3.1121742578197153e-13
3.114079418527627e-13
3.116072787178933e-13
3.1181623892628973e-13
3.120356611280056e-13
3.122664195822771e-13
3.1250942439233574e-13
3.127656225558129e-13
3.130359999525079e-13
3.1332158443672904e-13
3.1362345026588677e-13
3.139427241896709e-13
3.1428059366147016e-13
3.1463831784245105e-13
3.150172423951763e-13
3.1541881959014157e-13
3.1584463612585484e-13
3.1629645257299416e-13
3.167762610312705e-13
3.172863724263918e-13
3.1782955344861676e-13
3.1840924605772937e-13
3.19029906211963e-13
3.1969740922650024e-13
3.204192022792192e-13
3.212039511146971e-13
3.2206090830666036e-13
3.2299937140741463e-13
3.240283718779549e-13
3.2515655066677985e-13
3.263921397708398e-13
3.277429947655317e-13
3.2921665075383146e-13
3.3082039023869365e-13
3.325613190988985e-13
3.344464503287404e-13
3.364827953896767e-13
3.3867746732639493e-13
3.4103779932274e-13
3.4357148372499625e-13
3.462867385373476e-13
3.4919251131151234e-13
3.522987347865626e-13
3.5561665555394876e-13
3.5915926810971736e-13
3.6294190493527533e-13
3.6698306430989336e-13
3.7130561200504903e-13
3.7593859131028835e-13
3.809200573075483e-13
3.8630168609773635e-13
3.921564821017324e-13
3.98591526569067e-13
4.057659702691361e-13
4.138992949234891e-13
4.232311936057765e-13
4.339493369086543e-13
4.4615303387951963e-13
4.59867340697582e-13
4.75074642444967e-13
4.917395187820725e-13
5.098227923056697e-13
5.292884013229449e-13
5.501067274408929e-13
5.722564594625574e-13
5.957259840483941e-13
6.205147563875469e-13
6.466346723005207e-13
6.741120215081432e-13
7.02989992443167e-13
7.333319188621522e-13
7.652255607078654e-13
7.987888490043838e-13
8.341777452978258e-13
8.715972262996943e-13
9.113170065926928e-13
9.536946479711576e-13
9.992105389222563e-13
1.0485225753312874e-12
1.1025546379041563e-12
1.162644837857129e-12
1.2308014877880568e-12
1.3101495997545879e-12
1.4056638252420217e-12
1.5249813717612507e-12
1.6772561951411048e-12
1.866423107082768e-12
2.0860774278126226e-12
2.3240561870929653e-12
2.5696825976504006e-12
2.8165471742653535e-12
3.0617341184606583e-12
3.304341144152298e-12
3.5444666546636845e-12
3.7827006324434845e-12
4.019909650543883e-12
4.25716229969326e-12
4.495718039653935e-12
4.737040973278534e-12
4.982820985808375e-12
5.235057748217118e-12
5.496140070926342e-12
5.768954886440278e-12
6.057038452272363e-12
6.364789608761447e-12
6.697776560500983e-12
7.063188158376919e-12
7.470514426163114e-12
7.932601269529482e-12
8.467334733417124e-12
9.10041821414548e-12
9.870105831458957e-12
1.0835524326482398e-11
1.2091616917205538e-11
1.3795660216869191e-11
1.6208445183463595e-11
1.97163033953682e-11
2.460397710586224e-11
3.026717765704288e-11
3.524616181283052e-11
3.8579430394603995e-11
4.034315119063558e-11
4.108618637537619e-11
4.129295778315741e-11
4.124765514178735e-11
4.108758104317436e-11
4.087275630987775e-11
4.062816703233089e-11
4.036395297512189e-11
4.008407428252059e-11
3.978986487802606e-11
3.9481474186320423e-11
3.9158458879891145e-11
3.8820031064099466e-11
3.846516346268562e-11
3.809263140756674e-11
3.7701007812697936e-11
3.72886991319841e-11
3.685390966112958e-11
3.639459102842604e-11
3.590838987152775e-11
3.5392573866754916e-11
3.484392822629457e-11
3.4258610605238734e-11
3.36319460280348e-11
3.295813346644777e-11
3.2229819550166175e-11
3.143746806628519e-11
3.0568407951670095e-11
2.9605359934371844e-11
2.8524079702461084e-11
2.728937403605724e-11
2.584754778255502e-11
2.4108217142218946e-11
2.1883294330032425e-11
1.8668469743842638e-11
1.3496099190108389e-11
6.551527362273878e-12
-1.4632135767666108e-13
-4.981988957712514e-12
-7.869749693204009e-12
-9.482747673658035e-12
-1.0445125634193718e-11
-1.1120658773520328e-11
-1.1680772909964658e-11
-1.2197319426172689e-11
-1.2698147919038739e-11
-1.3193119297931555e-11
-1.3684991394134726e-11
-1.4173740071286351e-11
-1.4658238446434755e-11
-1.51369062842452e-11
-1.5607960963083366e-11
-1.6069513572099107e-11
-1.651960496757577e-11
-1.6956220262656367e-11
-1.737729896025284e-11
-1.778074972886079e-11
-1.8164474973702478e-11
-1.852640732292689e-11
-1.8864556751406312e-11
-1.9177063616023177e-11
-1.9462250548275534e-11
-1.9718666012965607e-11
-1.9945114461379493e-11
-2.01406713258506e-11
-2.03046841793367e-11
-2.043676326590771e-11
-2.0536765143095617e-11
-2.060477275453288e-11
-2.064107439049261e-11
-2.0646143088053497e-11
-2.0620617280752573e-11
-2.0565282998174358e-11
-2.048105762682851e-11
-2.0368975124864412e-11
-2.0230172573844995e-11
-2.0065877995341358e-11
-1.9877400408601992e-11
-1.96661201965707e-11
-1.9433480423876204e-11
-1.9180979622063778e-11
-1.891016612867842e-11
-1.862263407785533e-11
-1.8320021154392654e-11
-1.8004008241413272e-11
-1.7676321107755926e-11
-1.7338734279787698e-11
-1.6993077190404993e-11
-1.6641242534992658e-11
-1.6285196388114832e-11
-1.5926988897247874e-11
-1.5568763102476182e-11
-1.521275755449679e-11
-1.4861296174995745e-11
-1.451675716301759e-11
-1.4181513442646858e-11
-1.3857841986781563e-11
-1.3547808411605366e-11
-1.3253143327242891e-11
-1.2975132807796602e-11
-1.2714543621273056e-11
-1.2471595683054362e-11
-1.2245983720161055e-11
-1.2036941044375516e-11
-1.1843332254413736e-11
-1.1663758902797134e-11
-1.1496662603399937e-11
-1.134041339053219e-11
-1.1193376426248819e-11
-1.1053955852477559e-11
-1.0920619125835886e-11
-1.0791907606038856e-11
-1.0666442837771809e-11
-1.0543104640743956e-11
-1.0420805085804654e-11
-1.0298490023427745e-11
-1.0175141171997723e-11
-1.0049778233409723e-11
-9.921460373167249e-12
-9.789286615724349e-12
-9.652395121044228e-12
-9.50996184020497e-12
-9.361199654342976e-12
-9.205359752325759e-12
-9.04173764254452e-12
-8.869686700858983e-12
-8.688642301459385e-12
-8.498159003200646e-12
-8.297961518460334e-12
-8.08800688325191e-12
-7.86855038730284e-12
-7.640202313425493e-12
-7.403958511711872e-12
-7.161188284708799e-12
-6.913570287759538e-12
-6.662980566194719e-12
-6.411351861207454e-12
-6.160533027433625e-12
-5.91217675030512e-12
-5.667672992485671e-12
-5.428130218173986e-12
-5.194378763240925e-12
-4.966766879209502e-12
-4.745523073709383e-12
-4.530793883414582e-12
-4.322671731641499e-12
-4.121212570996854e-12
-3.926445404535266e-12
-3.738376433028751e-12
-3.5569902525884334e-12
-3.382249848983586e-12
-3.2140964627267155e-12
-3.0524498772212367e-12
-2.8972093321071115e-12
-2.7482550552397718e-12
-2.6054502984162966e-12
-2.4686437185212666e-12
-2.3376719412274753e-12
-2.2123621612293966e-12
-2.0925346599449506e-12
-1.9780051516919168e-12
-1.8685868983561313e-12
-1.7640925582150936e-12
-1.664335755780003e-12
-1.5691323759865308e-12
-1.4783015980165756e-12
-1.3916666919714144e-12
-1.30905560619264e-12
-1.230301374923782e-12
-1.1552423758853837e-12
-1.08372246578742e-12
-1.0155910193282393e-12
-9.50702894232308e-13
-8.889183416732256e-13
-8.301028782422708e-13
-7.741271326127803e-13
-7.208666773155746e-13
-6.702018536347491e-13
-6.220175955735094e-13
-5.762032571227006e-13
-5.326524456682086e-13
-4.912628632665554e-13
-4.5193615666551224e-13
-4.1457777630993296e-13
-3.7909684411797205e-13
-3.454060295038926e-13
-3.1342143293194e-13
-2.830624761845283e-13
-2.5425179849472625e-13
-2.2691515770948652e-13
-2.0098133570057014e-13
-1.7638204731274876e-13
-1.530518522246763e-13
-1.3092806918804547e-13
-1.0995069220181046e-13
-9.006230826556212e-14
-7.120801643652681e-14
-5.333534798817598e-14
-3.6394187531998726e-14
-2.0336695019777374e-14
-5.117228589570358e-15
9.307731743203402e-15
2.2979659518513286e-14
3.593805633400067e-14
4.822052534614547e-14
5.986284368837134e-14
7.089903371794069e-14
8.136143300091375e-14
9.128076294524736e-14
1.0068619599583219e-13
1.0960542131021079e-13
1.18064708841313e-13
1.2608897176126613e-13
1.3370182716942855e-13
1.4092565503678292e-13
1.477816553485403e-13
1.5428990341591836e-13
1.6046940333718473e-13
1.663381395967506e-13
1.7191312679941955e-13
1.7721045754448825e-13
1.8224534845142227e-13
1.870321843553773e-13
1.9158456069661912e-13
1.9591532413302037e-13
2.0003661140933842e-13
2.0395988652098349e-13
2.0769597621326788e-13
2.1125510385992327e-13
2.1464692176698875e-13
2.1788054195004387e-13
2.209645654339317e-13
2.2390711012535142e-13
2.2671583730910615e-13
2.2939797681919903e-13
2.3196035093578185e-13
2.3440939705905876e-13
2.367511892102617e-13
2.389914584095505e-13
2.411356119796386e-13
2.4318875182288446e-13
2.451556917186987e-13
2.4704097368665633e-13
2.488488834594914e-13
2.505834651089128e-13
2.5224853486555316e-13
2.5384769417310203e-13
2.5538434201510125e-13
2.568616865514906e-13
2.5828275610053023e-13
2.5965040950008223e-13
2.6096734588114454e-13
2.622361138846774e-13
2.634591203517724e-13
2.646386385155414e-13
2.657768157219081e-13
2.668756807052393e-13
2.679371504433688e-13
2.689630366153681e-13
2.699550516844597e-13
2.709148146269988e-13
2.7184385632762935e-13
2.7274362465954983e-13
2.7361548926791925e-13
2.744607460733425e-13
2.752806215116022e-13
2.760762765248118e-13
2.76848810318413e-13
2.7759926389769666e-13
2.7832862339651553e-13
2.7903782321052444e-13
2.7972774894619257e-13
2.803992401966342e-13
2.8105309315421687e-13
2.816900630696402e-13
2.8231086656661177e-13
2.829161838205444e-13
2.8350666060936164e-13
2.840829102439723e-13
2.8464551538556215e-13
2.851950297564234e-13
2.8573197975056547e-13
2.862568659501847e-13
2.867701645534684e-13
2.872723287190527e-13
2.877637898321132e-13
2.88244958696728e-13
2.8871622665882635e-13
2.8917796666403197e-13
2.896305342540173e-13
2.900742685052491e-13
2.905094929134654e-13
2.9093651622703974e-13
2.91355633232379e-13
2.917671254941435e-13
2.921712620529419e-13
2.925683000830989e-13
2.9295848551279403e-13
2.933420536088003e-13
2.937192295279829e-13
2.94090228837413e-13
2.944552580050791e-13
2.948145148627667e-13
2.951681890429275e-13
2.9551646239093597e-13
2.9585950935418047e-13
2.9619749734948023e-13
2.9653058710991607e-13
2.968589330124227e-13
2.9718268338720285e-13
2.9750198081000467e-13
2.97816962378359e-13
2.981277599725592e-13
2.9843450050241937e-13
2.987373061405306e-13
2.990362945428709e-13
2.993315790574268e-13
2.9962326892159904e-13
2.9991146944895613e-13
3.0019628220601424e-13
3.004778051796091e-13
3.0075613293533053e-13
3.0103135676765457e-13
3.013035648421018e-13
3.015728423300189e-13
3.018392715362639e-13
3.021029320203314e-13
3.0236390071121666e-13
3.026222520163228e-13
3.028780579248782e-13
3.0313138810608997e-13
3.0338231000228723e-13
3.0363088891749494e-13
3.0387718810144735e-13
3.041212688295676e-13
3.0436319047892826e-13
3.0460301060050287e-13
3.048407849879406e-13
3.0507656774297534e-13
3.0531041133773225e-13
3.0554236667405594e-13
3.0577248314004887e-13
3.060008086639108e-13
3.0622738976535286e-13
3.0645227160455604e-13
3.066754980290057e-13
3.068971116180337e-13
3.071171537255412e-13
3.0733566452068046e-13
3.0755268302681513e-13
3.077682471587377e-13
3.079823937583115e-13
3.081951586285463e-13
3.0840657656625966e-13
3.086166813933407e-13
3.08825505986719e-13
3.090330823071447e-13
3.09239441426715e-13
3.09444613555362e-13
3.0964862806625767e-13
3.098515135202236e-13
3.100532976891979e-13
3.102540075787883e-13
3.1045366944999003e-13
3.10652308840045e-13
3.108499505826083e-13
3.1104661882709354e-13
3.1124233705736874e-13
3.1143712810975844e-13
3.11631014190446e-13
3.118240168922323e-13
3.120161572107689e-13
3.1220745556016165e-13
3.123979317881657e-13
3.1258760519075697e-13
3.127764945263396e-13
3.129646180294191e-13
3.13151993423902e-13
3.1333863793590306e-13
3.135245683062535e-13
3.13709800802564e-13
3.138943512309433e-13
3.140782349473773e-13
3.1426146686874456e-13
3.144440614835653e-13
3.1462603286241844e-13
3.148073946680404e-13
3.1498816016518326e-13
3.151683422302074e-13
3.153479533603681e-13
3.155270056828903e-13
3.1570551096380384e-13
3.1588348061652844e-13
3.160609257102642e-13
3.1623785697813497e-13
3.164142848251685e-13
3.16590219336033e-13
3.167656702826139e-13
3.169406471313927e-13
3.1711515905066583e-13
3.172892149175674e-13
3.174628233249349e-13
3.1763599258800214e-13
3.1780873075097443e-13
3.179810455934111e-13
3.1815294463648174e-13
3.183244351490847e-13
3.1849552415380297e-13
3.1866621843276395e-13
3.1883652453334593e-13
3.1900644877375497e-13
3.1917599724850675e-13
3.1934517583374635e-13
3.195139901925158e-13
3.1968244577982933e-13
3.1985054784772604e-13
3.2001830145012437e-13
3.201857114476749e-13
3.203527825124184e-13
3.2051951913239933e-13
3.206859256161818e-13
3.2085200609723456e-13
3.210177645382738e-13
3.211832047354945e-13
3.213483303226887e-13
3.215131447753243e-13
3.2167765141452333e-13
3.2184185341092765e-13
3.220057537885642e-13
3.221693554285127e-13
3.223326610726319e-13
3.2249567332711477e-13
3.2265839466598453e-13
3.2282082743456885e-13
3.229829738528557e-13
3.2314483601881037e-13
3.2330641591159356e-13
3.2346771539473433e-13
3.2362873621925005e-13
3.2378948002667033e-13
3.2394994835205035e-13
3.2411014262684595e-13
3.242700641818245e-13
3.2442971424982364e-13
3.2458909396851514e-13
3.2474820438310776e-13
3.249070464489452e-13
3.250656210341253e-13
3.2522392892200927e-13
3.253819708136876e-13
3.255397473304218e-13
3.2569725901599104e-13
3.258545063390477e-13
3.2601148969537137e-13
3.2616820941010427e-13
3.263246657399335e-13
3.2648085887520997e-13
3.266367889420698e-13
3.2679245600445354e-13
3.269478600661186e-13
3.271030010725983e-13
3.2725787891312556e-13
3.2741249342249266e-13
3.2756684438290513e-13
3.277209315257708e-13
3.2787475453345636e-13
3.280283130410178e-13
3.2818160663786606e-13
3.283346348694247e-13
3.284873972387297e-13
3.286398932080086e-13
3.287921222002226e-13
3.289440836005537e-13
3.2909577675789064e-13
3.2924720098626014e-13
3.293983555662348e-13
3.295492397462962e-13
3.2969985274418977e-13
3.2985019374822494e-13
3.300002619185579e-13
3.3015005638844016e-13
3.302995762654488e-13
3.304488206326654e-13
3.305977885498512e-13
3.3074647905458295e-13
3.3089489116335605e-13
3.3104302387267884e-13
3.311908761601165e-13
3.3133844698533167e-13
3.3148573529109424e-13
3.316327400042529e-13
3.317794600367123e-13
3.319258942863474e-13
3.320720416379214e-13
3.32217900963968e-13
3.3236347112567533e-13
3.3250875097371714e-13
3.326537393490714e-13
3.3279843508382417e-13
3.3294283700196267e-13
3.330869439201206e-13
3.332307546483244e-13
3.3337426799072106e-13
3.3351748274626617e-13
3.3366039770941323e-13
3.33803011670783e-13
3.3394532341780123e-13
3.3408733173533734e-13
3.3422903540631704e-13
3.343704332123043e-13
3.3451152393408986e-13
3.3465230635225173e-13
3.3479277924770524e-13
3.349329414022238e-13
3.350727915989556e-13
3.3521232862293877e-13
3.3535155126156854e-13
3.354904583050761e-13
3.356290485469904e-13
3.357673207845778e-13
3.3590527381926e-13
3.360429064570557e-13
3.3618021750896666e-13
3.36317205791374e-13
3.3645387012641113e-13
3.36590209342351e-13
3.3672622227393103e-13
3.368619077627217e-13
3.369972646574379e-13
3.371322918142877e-13
3.3726698809725713e-13
3.374013523784167e-13
3.3753538353822215e-13
3.3766908046578137e-13
3.378024420591216e-13
3.3793546722546714e-13
3.380681548814681e-13
3.38200503953446e-13
3.3833251337765233e-13
3.3846418210045036e-13
3.3859550907855675e-13
3.387264932792462e-13
3.388571336805308e-13
3.389874292713785e-13
3.3911737905187746e-13
3.392469820334016e-13
3.3937623723880446e-13
3.395051437025544e-13
3.3963370047090654e-13
3.397619066020295e-13
3.398897611661618e-13
3.4001726324573294e-13
3.401444119354931e-13
3.4027120634263546e-13
3.403976455869054e-13
3.405237288007074e-13
3.406494551292173e-13
3.4077482373046096e-13
3.408998337754221e-13
3.4102448444811184e-13
3.411487749456642e-13
3.412727044783959e-13
3.4139627226989615e-13
3.4151947755706725e-13
3.416423195901996e-13
3.417647976330257e-13
3.4188691096276885e-13
3.420086588701905e-13
3.4213004065963445e-13
3.4225105564906963e-13
3.4237170317010523e-13
3.4249198256805023e-13
3.4261189320191335e-13
3.4273143444444754e-13
3.4285060568214914e-13
3.4296940631529725e-13
3.4308783575794164e-13
3.432058934379292e-13
3.4332357879690294e-13
3.4344089129030596e-13
3.435578303873791e-13
3.4367439557116686e-13
3.437905863385012e-13
3.439064022000009e-13
3.4402184268005413e-13
3.441369073168036e-13
3.442515956621353e-13
3.443659072816617e-13
3.444798417546905e-13
3.4459339867421324e-13
3.447065776468686e-13
3.448193782929254e-13
3.4493180024623866e-13
3.4504384315423287e-13
3.451555066778573e-13
3.452667904915576e-13
3.4537769428322814e-13
3.45488217754187e-13
3.455983606191268e-13
3.4570812260606466e-13
3.458175034563216e-13
3.459265029244387e-13
3.4603512077816873e-13
3.46143356798407e-13
3.462512107791456e-13
3.463586825274211e-13
3.4646577186326005e-13
3.4657247861963333e-13
3.466788026423905e-13
3.4678474379021083e-13
3.468903019345513e-13
3.469954769595697e-13
3.4710026876208606e-13
3.472046772515074e-13
3.473087023497793e-13
3.4741234399131224e-13
3.4751560212292653e-13
3.4761847670378427e-13
3.477209677053314e-13
3.4782307511122114e-13
3.4792479891726464e-13
3.480261391313511e-13
3.4812709577338565e-13
3.482276688752172e-13
3.4832785848058306e-13
3.484276646450214e-13
3.485270874358245e-13
3.4862612693194483e-13
3.4872478322394636e-13
3.4882305641391895e-13
3.489209466154163e-13
3.4901845395337915e-13
3.49115578564068e-13
3.492123205949868e-13
3.49308680204818e-13
3.494046575633377e-13
3.495002528513541e-13
3.4959546626063615e-13
3.496902979938288e-13
3.4978474826437955e-13
3.498788172964848e-13
3.499725053249979e-13
3.5006581259536e-13
3.501587393635158e-13
3.5025128589586534e-13
3.5034345246916187e-13
3.5043523937045867e-13
3.505266468970272e-13
3.5061767535627184e-13
3.5070832506567035e-13
3.5079859635269863e-13
3.508884895547489e-13
3.509780050190602e-13
3.510671431026495e-13
3.5115590417221757e-13
3.512442886041026e-13
3.5133229678417825e-13
3.514199291078109e-13
3.515071859797541e-13
3.515940678140986e-13
3.516805750341841e-13
3.5176670807254106e-13
3.5185246737078313e-13
3.519378533795927e-13
3.520228665585845e-13
3.5210750737627605e-13
3.521917763099992e-13
3.5227567384582366e-13
3.523592004784954e-13
3.5244235671136494e-13
3.525251430562972e-13
3.5260756003361737e-13
3.5268960817204236e-13
3.5277128800858467e-13
3.528526000885116e-13
3.529335449652589e-13
3.5301412320035386e-13
3.53094335363372e-13
3.531741820318224e-13
3.532536637911283e-13
3.533327812345188e-13
3.5341153496297636e-13
3.5348992558516384e-13
3.535679537173649e-13
3.5364561998339587e-13
3.5372292501455685e-13
3.537998694495591e-13
3.5387645393444376e-13
3.539526791225312e-13
3.5402854567434717e-13
3.541040542575622e-13
3.541792055469049e-13
3.5425400022412133e-13
3.543284389779014e-13
3.544025225037942e-13
3.544762515041755e-13
3.545496266881552e-13
3.5462264877152074e-13
3.5469531847669134e-13
3.5476763653261274e-13
3.548396036747431e-13
3.5491122064493977e-13
3.5498248819144735e-13
3.5505340706878394e-13
3.5512397803771526e-13
3.55194201865175e-13
3.552640793242179e-13
3.553336111939419e-13
3.554027982594285e-13
3.554716413116902e-13
3.5554014114760316e-13
3.5560829856986123e-13
3.5567611438688565e-13
3.5574358941280075e-13
3.5581072446735525e-13
3.55877520375857e-13
3.5594397796912954e-13
3.560100980834449e-13
3.560758815604698e-13
3.561413292471979e-13
3.5620644199591466e-13
3.5627122066411457e-13
3.5633566611446e-13
3.563997792147162e-13
3.564635608377017e-13
3.565270118612251e-13
3.5659013316804027e-13
3.566529256457748e-13
3.5671539018689476e-13
3.5677752768863406e-13
3.568393390529443e-13
3.5690082518644693e-13
3.5696198700036985e-13
3.570228254105066e-13
3.5708334133714045e-13
3.571435357050154e-13
3.572034094432759e-13
3.5726296348541084e-13
3.573221987692035e-13
3.5738111623667904e-13
3.574397168340528e-13
3.5749800151167974e-13
3.575559712240084e-13
3.5761362692952197e-13
3.5767096959069347e-13
3.5772800017392976e-13
3.5778471964953025e-13
3.5784112899163705e-13
3.5789722917817736e-13
3.5795302119081736e-13
3.58008506014919e-13
3.580636846394891e-13
3.5811855805713343e-13
3.581731272639946e-13
3.582273932597243e-13
3.582813570474304e-13
3.5833501963361814e-13
3.583883820281611e-13
3.584414452442443e-13
3.5849421029831383e-13
3.5854667821004453e-13
3.585988500022771e-13
3.586507267009984e-13
3.5870230933526786e-13
3.5875359893718966e-13
3.5880459654185753e-13
3.5885530318732447e-13
3.589057199145452e-13
3.589558477673401e-13
3.5900568779235214e-13
3.5905524103899407e-13
3.591045085594132e-13
3.5915349140845347e-13
3.5920219064359306e-13
3.592506073249275e-13
3.592987425151092e-13
3.5934659727931647e-13
3.5939417268520143e-13
3.594414698028567e-13
3.5948848970476657e-13
3.5953523346578187e-13
3.5958170216305846e-13
3.5962789687602827e-13
3.5967381868636405e-13
3.597194686779216e-13
3.5976484793671474e-13
3.5980995755087857e-13
3.5985479861060786e-13
3.5989937220814977e-13
3.599436794377352e-13
3.5998772139556206e-13
3.600314991797431e-13
3.6007501389026843e-13
3.601182666289823e-13
3.6016125849952643e-13
3.6020399060730357e-13
3.602464640594621e-13
3.6028867996482297e-13
3.603306394338795e-13
3.6037234357873307e-13
3.6041379351307126e-13
3.6045499035212107e-13
3.6049593521262973e-13
3.605366292128097e-13
3.6057707347230847e-13
3.6061726911218017e-13
3.606572172548343e-13
3.6069691902402317e-13
3.607363755447912e-13
3.6077558794343977e-13
3.6081455734749304e-13
3.6085328488567215e-13
3.608917716878514e-13
3.6093001888502953e-13
3.6096802760929257e-13
3.6100579899378597e-13
3.6104333417266543e-13
3.6108063428107923e-13
3.611177004551375e-13
3.6115453383186104e-13
3.611911355491614e-13
3.6122750674580707e-13
3.6126364856138964e-13
3.6129956213628765e-13
3.6133524861164513e-13
3.6137070912932747e-13
3.6140594483189646e-13
3.6144095686257053e-13
3.614757463652082e-13
3.615103144842603e-13
3.615446623647545e-13
3.6157879115224703e-13
3.616127019928064e-13
3.616463960329764e-13
3.6167987441974366e-13
3.6171313830051603e-13
3.617461888230788e-13
3.6177902713558056e-13
3.6181165438648244e-13
3.618440717245532e-13
3.618762802988202e-13
3.6190828125855275e-13
3.6194007575322147e-13
3.6197166493248067e-13
3.6200304994612665e-13
3.6203423194408475e-13
3.6206521207636453e-13
3.62095991493044e-13
3.621265713442343e-13
3.6215695278005397e-13
3.6218713695059794e-13
3.6221712500591164e-13
3.622469180959709e-13
3.6227651737064115e-13
3.623059239796514e-13
3.6233513907258017e-13
3.6236416379882327e-13
3.623929993075497e-13
3.6242164674770196e-13
3.6245010726794823e-13
3.624783820166634e-13
3.625064721419131e-13
3.6253437879139786e-13
3.625621031124686e-13
3.6258964625205997e-13
3.6261700935669985e-13
3.6264419357245743e-13
3.6267120004492463e-13
3.626980299191993e-13
3.6272468433985045e-13
3.627511644509046e-13
3.6277747139579873e-13
3.62803606317382e-13
3.6282957035787314e-13
3.628553646588393e-13
3.6288099036118243e-13
3.62906448605097e-13
3.6293174053006663e-13
3.629568672748173e-13
3.6298182997730637e-13
3.6300662977470567e-13
3.6303126780336595e-13
3.630557451987962e-13
3.630800630956359e-13
3.6310422262764596e-13
3.6312822492767206e-13
3.631520711276306e-13
3.6317576235847654e-13
3.631992997501939e-13
3.632226844317582e-13
3.6324591753111833e-13
3.632690001751914e-13
3.632919334898142e-13
3.633147185997428e-13
3.6333735662861237e-13
3.633598486989298e-13
3.6338219593204103e-13
3.634043994481238e-13
3.6342646036615915e-13
3.634483798038929e-13
3.634701588778516e-13
3.634917987032866e-13
3.6351330039416976e-13
3.6353466506317325e-13
3.63555893821645e-13
3.635769877795879e-13
3.6359794804564264e-13
3.6361877572705957e-13
3.6363947192969394e-13
3.6366003775797343e-13
3.6368047431487493e-13
3.63700782701922e-13
3.637209640191458e-13
3.6374101936508735e-13
3.6376094983674694e-13
3.637807565295997e-13
3.638004405375516e-13
3.638200029529359e-13
3.638394448664776e-13
3.638587673673011e-13
3.6387797154287537e-13
3.6389705847903194e-13
3.639160292599169e-13
3.6393488496799887e-13
3.6395362668403376e-13
3.639722554870415e-13
3.639907724543133e-13
3.640091786613727e-13
3.6402747518195537e-13
3.64045663088012e-13
3.64063743449669e-13
3.6408171733523053e-13
3.64099585811145e-13
3.6411734994199987e-13
3.6413501079049985e-13
3.641525694174477e-13
3.6417002688173085e-13
3.6418738424030526e-13
3.6420464254818185e-13
3.642218028583986e-13
3.6423886622201834e-13
3.642558336881056e-13
3.642727063037141e-13
3.642894851138663e-13
3.643061711615354e-13
3.643227654876455e-13
3.6433926913103857e-13
3.6435568312847235e-13
3.643720085145893e-13
3.643882463219171e-13
3.644043975808504e-13
3.6442046331962314e-13
3.6443644456431365e-13
3.644523423388142e-13
3.64468157664835e-13
3.644838915618605e-13
3.644995450471597e-13
3.645151191357736e-13
3.645306148404806e-13
3.645460331717912e-13
3.645613751379545e-13
3.645766417449133e-13
3.645918339963054e-13
3.646069528934511e-13
3.646219994353441e-13
3.6463697461862896e-13
3.646518794375914e-13
3.6466671488414033e-13
3.646814819478098e-13
3.646961816157294e-13
3.6471081487262767e-13
3.647253827007963e-13
3.647398860801077e-13
3.6475432598798415e-13
3.6476870339938064e-13
3.647830192867844e-13
3.6479727462020804e-13
3.6481147036716564e-13
3.648256074926612e-13
3.648396869591814e-13
3.6485370972669254e-13
3.6486767675260297e-13
3.64881588991788e-13
3.648954473965509e-13
3.649092529166244e-13
3.6492300649914943e-13
3.649367090886808e-13
3.6495036162715995e-13
3.649639650539184e-13
3.6497752030565976e-13
3.649910283164461e-13
3.6500449001769406e-13
3.6501790633815814e-13
3.650312782039357e-13
3.6504460653844244e-13
3.6505789226240105e-13
3.6507113629384125e-13
3.650843395480934e-13
3.6509750293776193e-13
3.651106273727269e-13
3.651237137601438e-13
3.651367630044205e-13
3.6514977600720466e-13
3.651627536673947e-13
3.6517569688111207e-13
3.6518860654170454e-13
3.6520148353972847e-13
3.652143287629479e-13
3.6522714309631397e-13
3.6523992742198243e-13
3.6525268261928645e-13
3.652654095647219e-13
3.652781091319477e-13
3.6529078219178885e-13
3.6530342961221433e-13
3.653160522583341e-13
3.653286509923909e-13
3.6534122667376113e-13
3.6535378015893314e-13
3.6536631230151127e-13
3.6537882395220595e-13
3.653913159588246e-13
3.654037891662581e-13
3.65416244416492e-13
3.654286825485913e-13
3.654411043986854e-13
3.6545351079997676e-13
3.6546590258272123e-13
3.65478280574233e-13
3.6549064559886293e-13
3.655029984780098e-13
3.6551534003011444e-13
3.6552767107063726e-13
3.655399924120654e-13
3.655523048639037e-13
3.6556460923267197e-13
3.655769063218916e-13
3.655891969320981e-13
3.6560148186081384e-13
3.6561376190254754e-13
3.656260378488108e-13
3.6563831048809286e-13
3.656505806058569e-13
3.6566284898453917e-13
3.656751164035464e-13
3.6568738363925014e-13
3.6569965146498306e-13
3.6571192065102267e-13
3.657241919646114e-13
3.6573646616993663e-13
3.6574874402812314e-13
3.6576102629723855e-13
3.6577331373229096e-13
3.657856070852124e-13
3.657979071048732e-13
3.658102145370557e-13
3.658225301244793e-13
3.6583485460677375e-13
3.658471887204847e-13
3.658595331990773e-13
3.658718887729205e-13
3.6588425616928646e-13
3.658966361123629e-13
3.659090293232291e-13
3.6592143651986624e-13
3.659338584171558e-13
3.659462957268649e-13
3.6595874915766263e-13
3.6597121941509966e-13
3.6598370720162125e-13
3.65996213216545e-13
3.66008738156089e-13
3.6602128271334503e-13
3.660338475782873e-13
3.6604643343776267e-13
3.6605904097550123e-13
3.6607167087210594e-13
3.6608432380505184e-13
3.6609700044869036e-13
3.6610970147424544e-13
3.661224275498082e-13
3.661351793403424e-13
3.661479575076711e-13
3.6616076271050067e-13
3.661735956043919e-13
3.6618645684178396e-13
3.6619934707196564e-13
3.6621226694110485e-13
3.662252170922291e-13
3.662381981652292e-13
3.6625121079686437e-13
3.662642556207538e-13
3.662773332673866e-13
3.6629044436411274e-13
3.6630358953514493e-13
3.663167694015617e-13
3.6632998458130715e-13
3.6634323568918883e-13
3.66356523336885e-13
3.6636984813292996e-13
3.6638321068273674e-13
3.6639661158858297e-13
3.6641005144960856e-13
3.664235308618263e-13
3.6643705041812e-13
3.6645061070824275e-13
3.664642123188181e-13
3.664778558333482e-13
3.664915418322027e-13
3.6650527089263953e-13
3.665190435887759e-13
3.6653286049162495e-13
3.6654672216906777e-13
3.665606291858787e-13
3.6657458210370274e-13
3.6658858148108444e-13
3.6660262787344044e-13
3.666167218330937e-13
3.6663086390924547e-13
3.666450546479935e-13
3.6665929459232823e-13
3.666735842821454e-13
3.6668792425423866e-13
3.66702315042299e-13
3.667167571769288e-13
3.6673125118563033e-13
3.667457975928267e-13
3.667603969198431e-13
3.667750496849247e-13
3.6678975640323436e-13
3.668045175868562e-13
3.668193337447982e-13
3.6683420538299574e-13
3.6684913300431235e-13
3.668641171085474e-13
3.6687915819242946e-13
3.668942567496387e-13
3.6690941327079053e-13
3.6692462824344885e-13
3.6693990215212674e-13
3.6695523547828795e-13
3.669706287003598e-13
3.6698608229372633e-13
3.6700159673073924e-13
3.67017172480708e-13
3.670328100099283e-13
3.6704850978166053e-13
3.670642722561499e-13
3.670800978906281e-13
3.670959871393075e-13
3.671119404534024e-13
3.671279582811131e-13
3.671440410676511e-13
3.671601892552268e-13
3.671764032830648e-13
3.671926835873945e-13
3.6720903060146955e-13
3.67225444755565e-13
3.672419264769869e-13
3.6725847619007523e-13
3.6727509431619253e-13
3.672917812737608e-13
3.6730853747824273e-13
3.673253633421485e-13
3.673422592750491e-13
3.6735922568357695e-13
3.6737626297142667e-13
3.6739337153937474e-13
3.67410551785263e-13
3.6742780410401796e-13
3.6744512888766177e-13
3.6746252652530113e-13
3.6747999740314024e-13
3.6749754190448805e-13
3.6751516040977363e-13
3.675328532965286e-13
3.675506209394006e-13
3.675684637101702e-13
3.675863819777598e-13
3.6760437610821227e-13
3.6762244646471246e-13
3.676405934076088e-13
3.676588172943972e-13
3.6767711847972626e-13
3.6769549731542204e-13
3.677139541504802e-13
3.6773248933107325e-13
3.6775110320055915e-13
3.67769796099485e-13
3.677885683655991e-13
3.6780742033384403e-13
3.678263523363804e-13
3.67845364702584e-13
3.678644577590471e-13
3.678836318295926e-13
3.6790288723528224e-13
3.679222242944137e-13
3.679416433225343e-13
3.679611446324494e-13
3.679807285342236e-13
3.6800039533518135e-13
3.680201453399328e-13
3.6803997885035854e-13
3.6805989616563657e-13
3.68079897582236e-13
3.6809998339392654e-13
3.6812015389178273e-13
3.6814040936420194e-13
3.6816075009689135e-13
3.6818117637290174e-13
3.6820168847260905e-13
3.6822228667373263e-13
3.682429712513505e-13
3.682637424778939e-13
3.682846006231507e-13
3.6830554595429227e-13
3.6832657873585627e-13
3.6834769922977825e-13
3.683689076953771e-13
3.6839020438938103e-13
3.6841158956591695e-13
3.6843306347653874e-13
3.684546263702088e-13
3.684762784933316e-13
3.6849802008974175e-13
3.6851985140072085e-13
3.685417726650056e-13
3.685637841187826e-13
3.6858588599571985e-13
3.6860807852695715e-13
3.68630361941113e-13
3.686527364643e-13
3.686752023201211e-13
3.6869775972969827e-13
3.687204089116612e-13
3.687431500821543e-13
3.6876598345486866e-13
3.6878890924101044e-13
3.688119276493529e-13
3.688350388862078e-13
3.688582431554515e-13
3.68881540658538e-13
3.689049315944777e-13
3.6892841615989345e-13
3.6895199454898427e-13
3.689756669535471e-13
3.6899943356300037e-13
3.6902329456437795e-13
3.690472501423338e-13
3.690713004791597e-13
3.6909544575478693e-13
3.6911968614681024e-13
3.6914402183046077e-13
3.6916845297865633e-13
3.691929797619907e-13
3.692176023487281e-13
3.692423209048392e-13
3.6926713559399196e-13
3.6929204657756e-13
3.6931705401464063e-13
3.6934215806205783e-13
3.6936735887437373e-13
3.693926566038877e-13
3.694180514006646e-13
3.6944354341252557e-13
3.694691327850646e-13
3.694948196616524e-13
3.6952060418345703e-13
3.695464864894405e-13
3.6957246671637204e-13
3.695985449988396e-13
3.696247214692584e-13
3.69650996257883e-13
3.696773694928084e-13
3.6970384129998824e-13
3.697304118032386e-13
3.697570811242474e-13
3.697838493825946e-13
3.6981071669574974e-13
3.698376831790852e-13
3.698647489458888e-13
3.6989191410737783e-13
3.699191787727028e-13
3.699465430489576e-13
3.6997400704119995e-13
3.700015708524449e-13
3.7002923458369867e-13
3.700569983339491e-13
3.7008486220018606e-13
3.7011282627741737e-13
3.7014089065867453e-13
3.7016905543502685e-13
3.701973206955839e-13
3.7022568652753864e-13
3.70254153016136e-13
3.702827202447241e-13
3.7031138829474205e-13
3.7034015724574977e-13
3.703690271754413e-13
3.7039799815963903e-13
3.7042707027233286e-13
3.7045624358567825e-13
3.70485518170029e-13
3.705148940939316e-13
3.705443714241617e-13
3.7057395022572253e-13
3.70603630561876e-13
3.7063341249415507e-13
3.706632960823937e-13
3.7069328138472087e-13
3.707233684576048e-13
3.7075355735585995e-13
3.707838481326924e-13
3.708142408396838e-13
3.708447355268504e-13
3.708753322426505e-13
3.7090603103401444e-13
3.7093683194637674e-13
3.7096773502370366e-13
3.709987403085133e-13
3.7102984784192067e-13
3.7106105766365787e-13
3.710923698121193e-13
3.711237843243946e-13
3.711553012363013e-13
3.711869205824311e-13
3.71218642396177e-13
3.712504667097946e-13
3.7128239355443517e-13
3.7131442296018663e-13
3.713465549561325e-13
3.713787895704015e-13
3.7141112683020604e-13
3.7144356676191413e-13
3.714761093911021e-13
3.7150875474260696e-13
3.7154150284059983e-13
3.7157435370864175e-13
3.716073073697737e-13
3.716403638465768e-13
3.7167352316126513e-13
3.717067853357633e-13
3.7174015039181353e-13
3.717736183510689e-13
3.718071892352061e-13
3.7184086306605024e-13
3.718746398656935e-13
3.7190851965663375e-13
3.7194250246192347e-13
3.719765883053297e-13
3.720107772114892e-13
3.7204506920609377e-13
3.7207946431608746e-13
3.72113962569845e-13
3.721485639973981e-13
3.7218326863064654e-13
3.722180765036149e-13
3.7225298765267234e-13
3.722880021167992e-13
3.7232311993785424e-13
3.723583411608708e-13
3.7239366583431793e-13
3.7242909401043976e-13
3.724646257455458e-13
3.7250026110035616e-13
3.7253600014034596e-13
3.7257184293609255e-13
3.7260778956365367e-13
3.726438401049516e-13
3.7267999464819625e-13
3.727162532882914e-13
3.727526161273078e-13
3.7278908327496237e-13
3.728256548491553e-13
3.7286233097656437e-13
3.7289911179327423e-13
3.7293599744552136e-13
3.7297298809052283e-13
3.7301008389735797e-13
3.730472850480068e-13
3.7308459173843805e-13
3.7312200417983943e-13
3.7315952259993366e-13
3.7319714724440635e-13
3.732348783784256e-13
3.7327271628826076e-13
3.7331066128299985e-13
3.733487136963453e-13
3.73386873888502e-13
3.734251422481446e-13
3.734635191944291e-13
3.7350200517912924e-13
3.735406006887781e-13
3.7357930624688703e-13
3.736181224162332e-13
3.736570498011822e-13
3.736960890500522e-13
3.7373524085754666e-13
3.7377450596721213e-13
3.738138851739564e-13
3.738533793266301e-13
3.7389298933063854e-13
3.739327161506623e-13
3.7397256081343607e-13
3.740125244106678e-13
3.7405260810207304e-13
3.740928131186327e-13
3.7413314076609466e-13
3.7417359242884435e-13
3.742141695743359e-13
3.742548737582655e-13
3.7429570663087535e-13
3.7433666994477626e-13
3.7437776556457183e-13
3.7441899547829706e-13
3.7446036181070335e-13
3.745018668380749e-13
3.745435130043354e-13
3.745853029382051e-13
3.746272394710916e-13
3.746693256555139e-13
3.7471156478380853e-13
3.747539604069367e-13
3.747965163532611e-13
3.748392367471018e-13
3.7488212602699737e-13
3.7492518896354806e-13
3.749684306768109e-13
3.750118566531684e-13
3.750554727616581e-13
3.750992852697642e-13
3.75143300858689e-13
3.7518752663814227e-13
3.7523197016070467e-13
3.7527663943593016e-13
3.7532154294419557e-13
3.7536668965060376e-13
3.754120890190575e-13
3.754577510268102e-13
3.7550368617988767e-13
3.755499055297634e-13
3.755964206919963e-13
3.756432438675699e-13
3.7569038786812497e-13
3.7573786614669086e-13
3.7578569283635134e-13
3.758338828004788e-13
3.7588245170029157e-13
3.7593141608883315e-13
3.759807935449432e-13
3.7603060286187686e-13
3.760808642934263e-13
3.7613159984028724e-13
3.761828335490151e-13
3.762345917990423e-13
3.762869035625198e-13
3.763398006300469e-13
3.7639331780058257e-13
3.764474930367031e-13
3.7650236758761653e-13
3.7655798608300575e-13
3.7661439660075677e-13
3.766716507118368e-13
3.7672980350541684e-13
3.7678891359727405e-13
3.7684904312451545e-13
3.769102577294866e-13
3.7697262653590573e-13
3.770362221202183e-13
3.771011204813014e-13
3.7716740101189e-13
3.772351464752419e-13
3.7730444299105074e-13
3.773753800351296e-13
3.774480504581366e-13
3.7752255052967504e-13
3.775989800157239e-13
3.776774422993891e-13
3.777580445583217e-13
3.778408980167411e-13
3.7792611829728297e-13
3.780138259089597e-13
3.781041469253733e-13
3.7819721393663456e-13
3.782931674076623e-13
3.783921576598949e-13
3.784943478339662e-13
3.7859991839164175e-13
3.7870907380302425e-13
3.788220512394444e-13
3.7893912904583246e-13
3.7906063228281473e-13
3.7918693436189816e-13
3.7931845552018296e-13
3.7945565941469417e-13
3.795990488704515e-13
3.7974916141135624e-13
3.799065649021871e-13
3.800718534570809e-13
3.8024564368271855e-13
3.804285712840723e-13
3.80621288043026e-13
3.808244591740155e-13
3.810387610543592e-13
3.812648793311973e-13
3.815035074144738e-13
3.817553453704688e-13
3.8202109923657894e-13
3.8230148078657226e-13
3.8259720778657675e-13
3.829090047965261e-13
3.832376045915384e-13
3.835837503047374e-13
3.8394819843052e-13
3.843317228810574e-13
3.8473512036637523e-13
3.8515921748356285e-13
3.8560488007530274e-13
3.8607302568927326e-13
3.865646404029448e-13
3.870808019887128e-13
3.876227125919757e-13
3.8819174616429927e-13
3.887895195176587e-13
3.894180020883951e-13
3.9007968885281064e-13
3.9077786652482166e-13
3.915169603902411e-13
3.9230276427900204e-13
3.93142286353009e-13
3.940432680194896e-13
3.9501365431974005e-13
3.9606120523968175e-13
3.9719327644769746e-13
3.9841672255652443e-13
3.997378712574083e-13
4.011625338510555e-13
4.0269603335949274e-13
4.0434324099666307e-13
4.061086167982255e-13
4.079962526637246e-13
4.1000991724390973e-13
4.121531014351505e-13
4.1442906618813814e-13
4.1684089324995425e-13
4.1939153964241866e-13
4.220838969433602e-13
4.249208567751173e-13
4.2790538436032714e-13
4.310406026384842e-13
4.343298903340647e-13
4.3777699866067434e-13
4.413861932438599e-13
4.4516243068372215e-13
4.491115835104151e-13
4.5324073404782746e-13
4.575585685117062e-13
4.62075920402959e-13
4.668065421294687e-13
4.717682354421907e-13
4.769845626342143e-13
4.824875239959202e-13
4.883218743206625e-13
4.945521987671529e-13
5.01274197639531e-13
5.086296118382072e-13
5.168114510807679e-13
5.260298456305159e-13
5.364539912232292e-13
5.481796447167667e-13
5.612345281881941e-13
5.756008587285819e-13
5.912364139029795e-13
6.080883357634149e-13
6.261007685863568e-13
6.452187525189855e-13
6.653901702698733e-13
6.865667677261067e-13
7.087047654135448e-13
7.317653110963719e-13
7.557148296919309e-13
7.805253532532018e-13
8.061750486350461e-13
8.326488458038001e-13
8.599392031057667e-13
8.880470536944225e-13
9.169829911470071e-13
9.467687734161221e-13
9.774392555861879e-13
1.0090449084686276e-12
1.0416551501876622e-12
1.0753628253773012e-12
1.1102903347089911e-12
1.1465981863181836e-12
1.1844971810355325e-12
1.2242661828071915e-12
1.266278699757761e-12
1.3110437519162762e-12
1.359270563143941e-12
1.4119740270310741e-12
1.4706512004429761e-12
1.5375805955958922e-12
1.616315559674376e-12
1.712362945059263e-12
1.83336093765452e-12
1.986057541504141e-12
2.1702859359628174e-12
2.3782699533234127e-12
2.5996716694404865e-12
2.8260589329064128e-12
3.0521575874454517e-12
3.275205677087089e-12
3.493973275109693e-12
3.708052036545239e-12
3.917452160424394e-12
4.12240002129244e-12
4.323243758778241e-12
4.520412155730057e-12
4.714399090659983e-12
4.90576055491448e-12
5.095094396288418e-12
5.2830727581468235e-12
5.4704547755309505e-12
5.65810196602315e-12
5.846998321383254e-12
6.0382764485623265e-12
6.233251782175231e-12
6.433467804450391e-12
6.640756532870996e-12
6.8573205233632e-12
7.085845695895044e-12
7.329659102482497e-12
7.592953498197024e-12
7.88111330827386e-12
8.201198025213203e-12
8.562676058565602e-12
8.978567436353898e-12
9.467271960098044e-12
1.0055576954235153e-11
1.078374099490535e-11
1.1714271779126556e-11
1.294713841372871e-11
1.4644827349642532e-11
1.7063827384679603e-11
2.053775281098663e-11
2.5177185498364875e-11
3.0270632571582306e-11
3.4652648999099984e-11
3.766992820763899e-11
3.9394777722216567e-11
4.022322645378906e-11
4.0528977638786976e-11
4.0556875680232176e-11
4.044188524978436e-11
4.02519437268975e-11
4.0019713760145305e-11
3.97605776654586e-11
3.9481700967567026e-11
3.91863529242243e-11
3.8875924298106676e-11
3.855087134653227e-11
3.8211165471739026e-11
3.7856514215158346e-11
3.748647465502343e-11
3.710051477028076e-11
3.6698048685043884e-11
3.6278457638518135e-11
3.584108504118737e-11
3.5385300604492465e-11
3.491047216654052e-11
3.4415965124081124e-11
3.390114259526425e-11
3.336536270118347e-11
3.280797257739437e-11
3.2228298517133726e-11
3.162563141801214e-11
3.0999206418484065e-11
3.034817523221079e-11
2.9671569172456844e-11
2.8968250147241383e-11
2.823684592091138e-11
2.7475664612612633e-11
2.6682581617105044e-11
2.5854889878124306e-11
2.4989101856743686e-11
2.4080689199807997e-11
2.3123745404855244e-11
2.2110559328740828e-11
2.103108694282815e-11
1.9872237115561407e-11
1.8616302569033357e-11
1.7234233076147632e-11
1.5649593987337587e-11
1.3568411842006576e-11
1.008229775834473e-11
4.345586520076189e-12
-2.6369498544007546e-12
-8.89960818796207e-12
-1.3385006171853704e-11
-1.619168166253568e-11
-1.7868498832059115e-11
-1.890846880998461e-11
-1.962087780263019e-11
-2.016947867442344e-11
-2.0633204659410773e-11
-2.1047957840068795e-11
-2.1429316204654652e-11
-2.1783622771348395e-11
-2.2113128795924544e-11
-2.2418325130749222e-11
-2.2698990175193023e-11
-2.2954658843229683e-11
-2.31848299763682e-11
-2.33890548334184e-11
-2.3566971315148762e-11
-2.371831367154256e-11
-2.3842911591518302e-11
-2.3940685236445272e-11
-2.4011639302873822e-11
-2.4055858096018394e-11
-2.4073501121059988e-11
-2.4064799502656698e-11
-2.4030053528435214e-11
-2.3969631155771353e-11
-2.3883967277363477e-11
-2.377356352829338e-11
-2.363898842198507e-11
-2.3480877617273284e-11
-2.3299934139398713e-11
-2.3096928401558693e-11
-2.2872697898901017e-11
-2.2628146472361727e-11
-2.2364243064866096e-11
-2.208201991693312e-11
-2.1782570173124403e-11
-2.146704489654824e-11
-2.1136649518301383e-11
-2.079263978646114e-11
-2.043631733085438e-11
-2.0069025032698127e-11
-1.9692142490596757e-11
-1.9307082012748448e-11
-1.891528573898497e-11
-1.8518224686050042e-11
-1.8117400656051687e-11
-1.7714351917488515e-11
-1.731066310965206e-11
-1.6907978553859748e-11
-1.650801568727754e-11
-1.6112571685197e-11
-1.5723512691383286e-11
-1.5342734305317983e-11
-1.4972087506892218e-11
-1.4613276525149434e-11
-1.4267748827135e-11
-1.3936603578360797e-11
-1.362053901714467e-11
-1.331984518540834e-11
-1.303443485092697e-11
-1.2763898141080388e-11
-1.250756599429082e-11
-1.2264571351850903e-11
-1.2033902012459162e-11
-1.1814443296519197e-11
-1.1605011367605845e-11
-1.1404379281026466e-11
-1.1211297985758191e-11
-1.1024514076993686e-11
-1.0842842301955223e-11
-1.066516383817394e-11
-1.0490373696877587e-11
-1.031739309429542e-11
-1.0145180038837314e-11
-9.972738020382928e-12
-9.799122759270847e-12
-9.623447088345288e-12
-9.444884197506597e-12
-9.262669678744368e-12
-9.076103090968815e-12
-8.884550134025647e-12
-8.687446971934683e-12
-8.484308715272108e-12
-8.274744410686876e-12
-8.058480817835123e-12
-7.835396385190585e-12
-7.605564739920863e-12
-7.36930346908402e-12
-7.127219388835475e-12
-6.8802372757523485e-12
-6.629597531943981e-12
-6.376811870410166e-12
-6.123575533703913e-12
-5.871647328801452e-12
-5.622719638016609e-12
-5.378304269398058e-12
-5.139654581247423e-12
-4.907732456530527e-12
-4.683215974454671e-12
-4.466535020332767e-12
-4.2578344669023005e-12
-4.057016028314838e-12
