0.0
7.779062377144026e-60
1.4119083148963646e-19
5.557935345680405e-19
1.3675949079319077e-18
2.692440746199458e-18
4.638695504274267e-18
7.307671571376182e-18
1.079403075334936e-17
1.5186160175123797e-17
2.056652461561579e-17
2.701199706021252e-17
3.4594169048050934e-17
4.337964231387178e-17
5.3430303088687143e-17
6.480358020259985e-17
7.755268819629223e-17
9.172685643833715e-17
1.0737154517122789e-16
1.2452864938281813e-16
1.432366913030672e-16
1.635310022417752e-16
1.8544389447208314e-16
2.0900482379409337e-16
2.3424054330472893e-16
2.611752489852867e-16
2.898307175506921e-16
3.202264370546889e-16
3.523797306645105e-16
3.8630587399344776e-16
4.220182064009819e-16
4.595282365628804e-16
4.988457426504971e-16
5.3997886742911765e-16
5.829342085388861e-16
6.277169042430662e-16
6.743307148445638e-16
7.227781000783846e-16
7.730602926019656e-16
8.25177367854587e-16
8.79128310467592e-16
9.349110773577773e-16
9.92522657732122e-16
1.0519591301127008e-15
1.1132157165859965e-15
1.1762868343393822e-15
1.2411661447070103e-15
1.3078465997649967e-15
1.376320486676041e-15
1.4465794698209611e-15
1.5186146308875352e-15
1.592416506944847e-15
1.6679751266866263e-15
1.7452800448604898e-15
1.8243203749968276e-15
1.9050848205219377e-15
1.9875617043287957e-15
2.0717389968700368e-15
2.1576043428512938e-15
2.2451450865953244e-15
2.334348296129861e-15
2.4252007860627182e-15
2.517689139298293e-15
2.611799727644503e-15
2.7075187313932014e-15
2.804832157875271e-15
2.903725859067205e-15
3.0041855482980354e-15
3.106196816075371e-15
3.2097451450869706e-15
3.314815924414539e-15
3.421394462988628e-15
3.529466002341252e-15
3.639015728653476e-15
3.750028784185321e-15
3.862490278040026e-15
3.9763852963602155e-15
4.091698911952203e-15
4.208416193401623e-15
4.326522213612737e-15
4.446002057915907e-15
4.566840831691624e-15
4.689023667536078e-15
4.812535732013613e-15
4.937362232027783e-15
5.063488420756454e-15
5.1908996032778126e-15
5.3195811418126865e-15
5.449518460637519e-15
5.580697050712157e-15
5.71310247395118e-15
5.846720367262861e-15
5.981536446304893e-15
6.117536508947463e-15
6.254706438529588e-15
6.39303220685441e-15
6.5324998769889585e-15
6.67309560582028e-15
6.814805646435766e-15
6.957616350297724e-15
7.101514169246642e-15
7.2464856573234e-15
7.392517472432705e-15
7.539596377850334e-15
7.6877092435798e-15
7.83684304758039e-15
7.986984876844349e-15
8.138121928361868e-15
8.290241509960875e-15
8.44333104105196e-15
8.597378053230805e-15
8.752370190814259e-15
8.908295211271457e-15
9.065140985537958e-15
9.222895498287743e-15
9.381546848100574e-15
9.54108324755567e-15
9.70149302325316e-15
9.862764615777325e-15
1.002488657957306e-14
1.018784758279693e-14
1.0351636407084386e-14
1.0516241947265072e-14
1.068165321105732e-14
1.084785931867101e-14
1.1014849502413685e-14
1.118261310621193e-14
1.1351139585131337e-14
1.1520418504845628e-14
1.16904395410463e-14
1.1861192478888111e-14
1.2032667212322602e-14
1.2204853743488278e-14
1.237774218198853e-14
1.2551322744234458e-14
1.27255857527012e-14
1.2900521635188762e-14
1.3076120924078445e-14
1.3252374255542397e-14
1.3429272368757321e-14
1.3606806105124542e-14
1.3784966407424687e-14
1.3963744319004962e-14
1.4143130982941517e-14
1.432311764120423e-14
1.4503695633794674e-14
1.468485639789143e-14
1.4866591466986473e-14
1.504889247000637e-14
1.5231751130449777e-14
1.541515926551484e-14
1.5599108785209834e-14
1.578359169146563e-14
1.5968600077276322e-14
1.6154126125797823e-14
1.6340162109468034e-14
1.6526700389130062e-14
1.6713733413148865e-14
1.690125371653811e-14
1.7089253920069134e-14
1.7277726729404685e-14
1.74666649342328e-14
1.765606140739327e-14
1.784590910400404e-14
1.8036201060620743e-14
1.8226930394356242e-14
1.8418090302050775e-14
1.8609674059408472e-14
1.8801675020166122e-14
1.8994086615250675e-14
1.9186902351956873e-14
1.9380115813103005e-14
1.957372065623025e-14
1.9767710612785715e-14
1.9962079487313623e-14
2.015682115664777e-14
2.035192956912405e-14
2.054739874379431e-14
2.0743222769637143e-14
2.093939580479639e-14
2.113591207579952e-14
2.1332765876812478e-14
2.152995156887256e-14
2.1727463579148527e-14
2.1925296400195005e-14
2.2123444589239356e-14
2.2321902767431345e-14
2.2520665619138363e-14
2.2719727891235255e-14
2.2919084392402133e-14
2.3118729992425467e-14
2.3318659621506377e-14
2.351886826958152e-14
2.3719350985651916e-14
2.3920102877112136e-14
2.4121119109085475e-14
2.4322394903776408e-14
2.4523925539832764e-14
2.4725706351690583e-14
2.4927732728950162e-14
2.51300001157626e-14
2.5332504010187944e-14
2.5535239963603775e-14
2.5738203580089297e-14
2.5941390515839434e-14
2.614479647857603e-14
2.6348417226937937e-14
2.6552248569943068e-14
2.675628636639431e-14
2.696052652431016e-14
2.7164965000394178e-14
2.736959779945494e-14
2.7574420973887018e-14
2.777943062311208e-14
2.798462289307238e-14
2.8189993975667783e-14
2.8395540108280776e-14
2.860125757323481e-14
2.8807142697293014e-14
2.901319185116416e-14
2.921940144899922e-14
2.942576794790523e-14
2.963228784747349e-14
2.983895768928333e-14
3.00457740564387e-14
3.025273357311059e-14
3.0459832904056113e-14
3.066706875418532e-14
3.087443786810062e-14
3.1081937029650293e-14
3.1289563061498096e-14
3.1497312824673975e-14
3.170518321817257e-14
3.191317117849368e-14
3.212127367925908e-14
3.232948773077711e-14
3.2537810379638657e-14
3.2746238708310787e-14
3.295476983475395e-14
3.3163400912010197e-14
3.337212912781827e-14
3.358095170423045e-14
3.378986589723134e-14
3.39988689963619e-14
3.420795832435128e-14
3.441713123674738e-14
3.462638512155057e-14
3.4835717398865657e-14
3.5045125520538293e-14
3.525460696980212e-14
3.5464159260948975e-14
3.567377993897148e-14
3.5883466579233024e-14
3.60932167871233e-14
3.6303028197747807e-14
3.651289847559042e-14
3.6722825314185095e-14
3.693280643580496e-14
3.714283959115435e-14
3.735292255903808e-14
3.756305314607146e-14
3.777322918637325e-14
3.798344854125483e-14
3.819370909893437e-14
3.840400877424201e-14
3.86143455083235e-14
3.882471726835583e-14
3.9035122047266486e-14
3.924555786345819e-14
3.945602276051165e-14
3.9666514806931e-14
3.98770320958635e-14
4.008757274483135e-14
4.0298134895482604e-14
4.050871671330575e-14
4.071931638738253e-14
4.0929932130128925e-14
4.11405621770563e-14
4.1351204786491205e-14
4.156185823935823e-14
4.1772520838911816e-14
4.1983190910517546e-14
4.2193866801386817e-14
4.2404546880365e-14
4.261522953767523e-14
4.2825913184709e-14
4.303659625377477e-14
4.324727719788099e-14
4.345795449052724e-14
4.3668626625458194e-14
4.3879292116452126e-14
4.408994949711429e-14
4.430059732064981e-14
4.451123415966266e-14
4.472185860594396e-14
4.493246927024774e-14
4.5143064782113356e-14
4.535364378963345e-14
4.556420495928391e-14
4.577474697570335e-14
4.598526854149063e-14
4.619576837704266e-14
4.6406245220331503e-14
4.66166978267147e-14
4.6827124968768966e-14
4.703752543609142e-14
4.724789803510817e-14
4.7458241588904136e-14
4.7668554937033856e-14
4.7878836935349575e-14
4.8089086455816895e-14
4.829930238635052e-14
4.8509483630628034e-14
4.871962910793063e-14
4.892973775296961e-14
4.913980851571247e-14
4.934984036122447e-14
4.955983226950784e-14
4.976978323532554e-14
4.997969226806119e-14
5.0189558391534806e-14
5.0399380643865945e-14
5.0609158077299974e-14
5.081888975807584e-14
5.102857476625559e-14
5.1238212195579335e-14
5.144780115331781e-14
5.1657340760117095e-14
5.1866830149861705e-14
5.207626846952252e-14
5.228565487901134e-14
5.249498855104239e-14
5.270426867100506e-14
5.291349443679688e-14
5.312266505870947e-14
5.333177975927375e-14
5.354083777313968e-14
5.374983834694153e-14
5.395878073915636e-14
5.416766421997543e-14
5.437648807117536e-14
5.4585251585992235e-14
5.479395406900097e-14
5.5002594835970845e-14
5.5211173213760576e-14
5.541968854017953e-14
5.56281401638668e-14
5.583652744418889e-14
5.6044849751101357e-14
5.62531064650302e-14
5.6461296976764954e-14
5.666942068733777e-14
5.687747700790348e-14
5.708546535963656e-14
5.729338517360374e-14
5.750123589066987e-14
5.770901696137109e-14
5.791672784581461e-14
5.812436801356715e-14
5.83319369435512e-14
5.853943412393013e-14
5.874685905201882e-14
5.895421123415608e-14
5.916149018562323e-14
5.936869543053217e-14
5.957582650172869e-14
5.97828829406851e-14
5.9989864297407e-14
6.01967701303279e-14
6.040360000622153e-14
6.061035350010723e-14
6.081703019513567e-14
6.102362968251862e-14
6.123015156141861e-14
6.14365954388642e-14
6.164296092965526e-14
6.184924765627476e-14
6.20554552487928e-14
6.226158334478002e-14
6.246763158922787e-14
6.267359963445411e-14
6.287948714001769e-14
6.30852937726219e-14
6.329101920605287e-14
6.349666312106968e-14
6.370222520535028e-14
6.390770515337706e-14
6.411310266638524e-14
6.431841745225598e-14
6.452364922545999e-14
6.472879770695551e-14
6.493386262413269e-14
6.513884371071575e-14
6.534374070670298e-14
6.554855335827703e-14
6.575328141773311e-14
6.595792464341197e-14
6.616248279961636e-14
6.636695565654458e-14
6.65713429902099e-14
6.677564458238392e-14
6.697986022050594e-14
6.718398969762613e-14
6.738803281233385e-14
6.759198936868739e-14
6.779585917613629e-14
6.799964204946818e-14
6.820333780873326e-14
6.840694627918796e-14
6.861046729120956e-14
6.881390068025298e-14
6.901724628676823e-14
6.922050395615385e-14
6.942367353867478e-14
6.962675488941363e-14
6.982974786820907e-14
7.003265233958615e-14
7.023546817269763e-14
7.043819524126473e-14
7.064083342352595e-14
7.08433826021575e-14
7.1045842664245e-14
7.124821350119705e-14
7.145049500869542e-14
7.165268708664738e-14
7.185478963913188e-14
7.205680257432497e-14
7.225872580446423e-14
7.246055924578237e-14
7.266230281845631e-14
7.286395644655042e-14
7.306552005797697e-14
7.326699358443069e-14
7.346837696134209e-14
7.366967012782262e-14
7.38708730266143e-14
7.407198560404404e-14
7.427300780996453e-14
7.447393959772511e-14
7.46747809240938e-14
7.487553174923051e-14
7.507619203662559e-14
7.527676175307003e-14
7.547724086859405e-14
7.567762935642412e-14
7.58779271929404e-14
7.607813435761727e-14
7.627825083300218e-14
7.647827660464621e-14
7.667821166108216e-14
7.687805599376034e-14
7.70778095970277e-14
7.727747246805713e-14
7.747704460683252e-14
7.767652601608876e-14
7.787591670128045e-14
7.807521667053054e-14
7.827442593459288e-14
7.847354450682547e-14
7.867257240313145e-14
7.887150964192711e-14
7.907035624410686e-14
7.926911223300049e-14
7.946777763433288e-14
7.966635247619211e-14
7.98648367889835e-14
8.006323060540316e-14
8.02615339603896e-14
8.045974689109453e-14
8.065786943684746e-14
8.085590163911636e-14
8.105384354147442e-14
8.125169518956644e-14
8.144945663106763e-14
8.164712791566535e-14
8.184470909500309e-14
8.204220022266376e-14
8.223960135412726e-14
8.243691254674377e-14
8.263413385970384e-14
8.283126535399612e-14
8.302830709238259e-14
8.322525913936186e-14
8.342212156115505e-14
8.361889442564709e-14
8.381557780237913e-14
8.401217176250496e-14
8.420867637876756e-14
8.440509172547982e-14
8.460141787847132e-14
8.479765491508027e-14
8.499380291411052e-14
8.518986195581296e-14
8.538583212186106e-14
8.558171349530891e-14
8.577750616057395e-14
8.597321020340598e-14
8.616882571086475e-14
8.636435277129934e-14
8.65597914742993e-14
8.675514191069015e-14
8.6950404172503e-14
8.714557835294532e-14
8.734066454637755e-14
8.753566284828572e-14
8.773057335526771e-14
8.792539616499399e-14
8.812013137619385e-14
8.831477908862019e-14
8.850933940305521e-14
8.870381242124133e-14
8.889819824590968e-14
8.909249698070836e-14
8.928670873021855e-14
8.948083359990634e-14
8.967487169612469e-14
8.986882312606398e-14
9.006268799775317e-14
9.02564664200342e-14
9.045015850252918e-14
9.064376435563544e-14
9.083728409049063e-14
9.10307178189643e-14
9.122406565363458e-14
9.141732770776874e-14
9.161050409529952e-14
9.180359493079826e-14
9.199660032948836e-14
9.218952040718618e-14
9.238235528030133e-14
9.25751050658337e-14
9.27677698813178e-14
9.296034984484329e-14
9.315284507500517e-14
9.334525569091102e-14
9.353758181215199e-14
9.372982355878389e-14
9.392198105131925e-14
9.411405441069796e-14
9.43060437582843e-14
9.449794921584327e-14
9.468977090551915e-14
9.488150894983242e-14
9.507316347165333e-14
9.526473459419397e-14
9.54562224409895e-14
9.56476271358764e-14
9.583894880299039e-14
9.603018756673914e-14
9.622134355180536e-14
9.641241688310367e-14
9.660340768579716e-14
9.679431608526473e-14
9.69851422070958e-14
9.717588617706421e-14
9.736654812112502e-14
9.755712816540376e-14
9.774762643618315e-14
9.793804305987672e-14
9.812837816302579e-14
9.831863187228593e-14
9.850880431442496e-14
9.869889561627957e-14
9.88889059047795e-14
9.907883530692367e-14
9.926868394974546e-14
9.945845196033898e-14
9.964813946580648e-14
9.983774659329492e-14
1.0002727346993488e-13
1.0021672022286478e-13
1.0040608697920107e-13
1.0059537386603874e-13
1.0078458101043753e-13
1.0097370853940885e-13
1.0116275657990737e-13
1.0135172525881559e-13
1.0154061470294623e-13
1.0172942503901271e-13
1.019181563936376e-13
1.0210680889333833e-13
1.022953826645073e-13
1.0248387783341312e-13
1.0267229452619084e-13
1.0286063286883103e-13
1.0304889298717146e-13
1.0323707500687347e-13
1.0342517905344611e-13
1.0361320525220544e-13
1.0380115372828078e-13
1.039890246066085e-13
1.0417681801191922e-13
1.0436453406871906e-13
1.0455217290130025e-13
1.0473973463373049e-13
1.0492721938982876e-13
1.0511462729317362e-13
1.0530195846709246e-13
1.0548921303465063e-13
1.0567639111864393e-13
1.0586349284159235e-13
1.0605051832573856e-13
1.0623746769303386e-13
1.0642434106513565e-13
1.0661113856339145e-13
1.0679786030885236e-13
1.0698450642223553e-13
1.0717107702394837e-13
1.0735757223406982e-13
1.0754399217233409e-13
1.0773033695814195e-13
1.0791660671054675e-13
1.0810280154824415e-13
1.0828892158957203e-13
1.084749669525052e-13
1.0866093775463929e-13
1.0884683411320428e-13
1.0903265614504847e-13
1.0921840396662745e-13
1.0940407769400222e-13
1.0958967744284106e-13
1.0977520332841458e-13
1.0996065546556952e-13
1.1014603396875184e-13
1.1033133895199107e-13
1.1051657052888763e-13
1.1070172881262009e-13
1.1088681391592665e-13
1.1107182595112405e-13
1.1125676503007816e-13
1.1144163126420909e-13
1.1162642476449476e-13
1.1181114564145606e-13
1.1199579400515283e-13
1.1218036996519159e-13
1.1236487363070121e-13
1.1254930511035714e-13
1.1273366451234957e-13
1.1291795194440168e-13
1.1310216751374625e-13
1.1328631132713848e-13
1.134703834908486e-13
1.1365438411064533e-13
1.1383831329181716e-13
1.1402217113914408e-13
1.1420595775691195e-13
1.1438967324890077e-13
1.1457331771838636e-13
1.1475689126813038e-13
1.1494039400038474e-13
1.151238260168901e-13
1.1530718741886207e-13
1.1549047830699884e-13
1.1567369878147634e-13
1.158568489419403e-13
1.1603992888751395e-13
1.1622293871677984e-13
1.1640587852779798e-13
1.1658874841808495e-13
1.1677154848462693e-13
1.1695427882385878e-13
1.1713693953168255e-13
1.1731953070345672e-13
1.175020524339856e-13
1.176845048175302e-13
1.1786688794779744e-13
1.1804920191795096e-13
1.1823144682058947e-13
1.1841362274776371e-13
1.1859572979096147e-13
1.1877776804110955e-13
1.1895973758858323e-13
1.1914163852319038e-13
1.193234709341745e-13
1.1950523491022285e-13
1.196869305394367e-13
1.198685579093718e-13
1.2005011710699781e-13
1.2023160821872318e-13
1.204130313303865e-13
1.2059438652724343e-13
1.2077567389398797e-13
1.209568935147288e-13
1.2113804547300748e-13
1.2131912985178303e-13
1.215001467334396e-13
1.2168109619978365e-13
1.218619783320419e-13
1.2204279321086116e-13
1.2222354091630779e-13
1.2240422152786316e-13
1.225848351244286e-13
1.2276538178433384e-13
1.2294586158530448e-13
1.2312627460450202e-13
1.2330662091848757e-13
1.234869006032524e-13
1.2366711373419782e-13
1.2384726038613465e-13
1.24027340633289e-13
1.2420735454931194e-13
1.2438730220725444e-13
1.245671836795848e-13
1.2474699903819184e-13
1.2492674835437693e-13
1.2510643169884602e-13
1.252860491417255e-13
1.254656007525467e-13
1.2564508660027182e-13
1.258245067532572e-13
1.2600386127928549e-13
1.2618315024554382e-13
1.2636237371863752e-13
1.2654153176458993e-13
1.2672062444883477e-13
1.2689965183621607e-13
1.2707861399099049e-13
1.27257510976841e-13
1.274363428568611e-13
1.2761510969355722e-13
1.2779381154885426e-13
1.2797244848408993e-13
1.2815102056002074e-13
1.2832952783682421e-13
1.2850797037408832e-13
1.2868634823082772e-13
1.2886466146547325e-13
1.2904291013587372e-13
1.2922109429929466e-13
1.293992140124279e-13
1.2957726933138958e-13
1.2975526031171435e-13
1.2993318700835309e-13
1.301110494756893e-13
1.3028884776752726e-13
1.3046658193710155e-13
1.3064425203706538e-13
1.3082185811950942e-13
1.3099940023593858e-13
1.3117687843729246e-13
1.3135429277394565e-13
1.3153164329569512e-13
1.3170893005177505e-13
1.318861530908498e-13
1.3206331246101105e-13
1.3224040820980149e-13
1.3241744038418333e-13
1.3259440903055956e-13
1.3277131419477362e-13
1.3294815592211528e-13
1.3312493425729369e-13
1.3330164924448016e-13
1.3347830092727886e-13
1.3365488934872954e-13
1.3383141455133444e-13
1.3400787657702558e-13
1.3418427546718987e-13
1.3436061126266053e-13
1.3453688400372744e-13
1.3471309373011943e-13
1.3488924048102484e-13
1.3506532429508662e-13
1.3524134521039717e-13
1.354173032645086e-13
1.355931984944329e-13
1.3576903093662894e-13
1.3594480062703435e-13
1.361205076010386e-13
1.3629615189349138e-13
1.3647173353871327e-13
1.3664725257049027e-13
1.3682270902206867e-13
1.3699810292617362e-13
1.3717343431499873e-13
1.3734870322020567e-13
1.375239096729379e-13
1.3769905370379963e-13
1.378741353428895e-13
1.3804915461976729e-13
1.3822411156348497e-13
1.383990062025737e-13
1.3857383856504661e-13
1.3874860867839616e-13
1.3892331656961277e-13
1.3909796226516622e-13
1.3927254579102156e-13
1.3944706717262345e-13
1.3962152643492263e-13
1.3979592360236525e-13
1.3997025869887977e-13
1.4014453174791145e-13
1.403187427723906e-13
1.4049289179475364e-13
1.4066697883694103e-13
1.4084100392039912e-13
1.4101496706607854e-13
1.4118886829444124e-13
1.4136270762546127e-13
1.4153648507861635e-13
1.4171020067290698e-13
1.4188385442684524e-13
1.4205744635846344e-13
1.422309764853087e-13
1.4240444482445548e-13
1.4257785139249394e-13
1.427511962055468e-13
1.4292447927925766e-13
1.4309770062880282e-13
1.4327086026888482e-13
1.4344395821374187e-13
1.4361699447714636e-13
1.4378996907240386e-13
1.4396288201236174e-13
1.441357333093986e-13
1.4430852297544786e-13
1.4448125102198207e-13
1.4465391746000793e-13
1.4482652230010011e-13
1.4499906555236232e-13
1.451715472264665e-13
1.4534396733162671e-13
1.4551632587661497e-13
1.4568862286976135e-13
1.458608583189567e-13
1.4603303223165222e-13
1.462051446148603e-13
1.4637719547515698e-13
1.465491848186892e-13
1.467211126511759e-13
1.4689297897789684e-13
1.4706478380371147e-13
1.4723652713305343e-13
1.4740820896993343e-13
1.475798293179419e-13
1.4775138818024634e-13
1.4792288555960474e-13
1.4809432145835235e-13
1.4826569587841457e-13
1.4843700882130256e-13
1.486082602881255e-13
1.4877945027957567e-13
1.489505787959517e-13
1.491216458371432e-13
1.4929265140263258e-13
1.494635954915203e-13
1.496344781024948e-13
1.498052992338536e-13
1.499760588835016e-13
1.5014675704896092e-13
1.5031739372735262e-13
1.5048796891541824e-13
1.506584826095114e-13
1.5082893480560617e-13
1.5099932549929165e-13
1.5116965468578539e-13
1.5133992235992781e-13
1.5151012851617492e-13
1.5168027314861898e-13
1.5185035625098314e-13
1.5202037781661966e-13
1.521903378385145e-13
1.5236023630929287e-13
1.525300732212113e-13
1.5269984856617117e-13
1.528695623357157e-13
1.530392145210357e-13
1.5320880511296131e-13
1.5337833410197307e-13
1.535478014782014e-13
1.537172072314351e-13
1.538865513511132e-13
1.5405583382632747e-13
1.5422505464583902e-13
1.5439421379805633e-13
1.545633112710626e-13
1.547323470525989e-13
1.5490132113007305e-13
1.5507023349057027e-13
1.5523908412083634e-13
1.554078730072998e-13
1.5557660013605342e-13
1.5574526549287747e-13
1.5591386906322155e-13
1.5608241083222613e-13
1.5625089078471394e-13
1.5641930890519093e-13
1.5658766517784828e-13
1.567559595865702e-13
1.5692419211493477e-13
1.570923627462083e-13
1.5726047146335546e-13
1.5742851824903518e-13
1.5759650308561522e-13
1.577644259551602e-13
1.5793228683944387e-13
1.5810008571993418e-13
1.5826782257781637e-13
1.5843549739398304e-13
1.5860311014904146e-13
1.5877066082331446e-13
1.5893814939684222e-13
1.591055758493726e-13
1.5927294016038432e-13
1.594402423090768e-13
1.5960748227437526e-13
1.597746600349257e-13
1.59941775569108e-13
1.6010882885503338e-13
1.60275819870539e-13
1.6044274859320182e-13
1.606096150003404e-13
1.6077641906900505e-13
1.6094316077599074e-13
1.6110984009782942e-13
1.6127645701080588e-13
1.6144301149094703e-13
1.6160950351402755e-13
1.6177593305557765e-13
1.6194230009087784e-13
1.6210860459496432e-13
1.6227484654262896e-13
1.6244102590842748e-13
1.6260714266666867e-13
1.6277319679142765e-13
1.6293918825654878e-13
1.6310511703563484e-13
1.632709831020661e-13
1.6343678642899144e-13
1.6360252698932976e-13
1.6376820475578213e-13
1.639338197008136e-13
1.6409937179667196e-13
1.642648610154038e-13
1.6443028732881156e-13
1.6459565070849927e-13
1.6476095112585627e-13
1.649261885520548e-13
1.650913629580684e-13
1.6525647431464863e-13
1.6542152259235054e-13
1.6558650776152334e-13
1.6575142979231494e-13
1.6591628865467746e-13
1.6608108431836482e-13
1.6624581675292731e-13
1.6641048592773524e-13
1.6657509181194796e-13
1.6673963437454983e-13
1.669041135843383e-13
1.670685294099174e-13
1.6723288181970932e-13
1.673971707819542e-13
1.6756139626471508e-13
1.677255582358677e-13
1.6788965666311912e-13
1.6805369151400768e-13
1.6821766275588157e-13
1.6838157035593908e-13
1.685454142811858e-13
1.6870919449848295e-13
1.6887291097451467e-13
1.6903656367580515e-13
1.6920015256871727e-13
1.69363677619449e-13
1.6952713879405026e-13
1.6969053605840573e-13
1.6985386937825278e-13
1.7001713871917903e-13
1.70180344046617e-13
1.7034348532584962e-13
1.7050656252202069e-13
1.7066957560011643e-13
1.7083252452499205e-13
1.7099540926136112e-13
1.7115822977379562e-13
1.7132098602672078e-13
1.7148367798444417e-13
1.7164630561112906e-13
1.7180886887081066e-13
1.7197136772739353e-13
1.7213380214465397e-13
1.7229617208623728e-13
1.7245847751566918e-13
1.7262071839635236e-13
1.727828946915695e-13
1.7294500636448601e-13
1.7310705337814198e-13
1.7326903569546543e-13
1.7343095327927806e-13
1.735928060922762e-13
1.7375459409705737e-13
1.7391631725610745e-13
1.7407797553180311e-13
1.7423956888641468e-13
1.744010972821139e-13
1.7456256068097117e-13
1.747239590449508e-13
1.7488529233592922e-13
1.7504656051568182e-13
1.7520776354588298e-13
1.7536890138812742e-13
1.7552997400390614e-13
1.7569098135463334e-13
1.7585192340161943e-13
1.760128001061061e-13
1.761736114292365e-13
1.7633435733208278e-13
1.7649503777563418e-13
1.766556527207957e-13
1.768162021283926e-13
1.769766859591867e-13
1.7713710417385505e-13
1.772974567330088e-13
1.774577435971875e-13
1.7761796472685923e-13
1.7777812008242103e-13
1.779382096242118e-13
1.78098233312507e-13
1.7825819110751108e-13
1.7841808296937292e-13
1.7857790885818906e-13
1.7873766873399256e-13
1.7889736255675595e-13
1.7905699028640767e-13
1.7921655188281504e-13
1.7937604730580432e-13
1.7953547651514285e-13
1.7969483947055213e-13
1.7985413613170832e-13
1.8001336645824894e-13
1.8017253040976428e-13
1.8033162794580304e-13
1.8049065902587753e-13
1.8064962360945833e-13
1.8080852165597987e-13
1.8096735312484276e-13
1.8112611797541686e-13
1.8128481616703843e-13
1.8144344765901276e-13
1.8160201241061954e-13
1.8176051038111034e-13
1.819189415297086e-13
1.8207730581561742e-13
1.8223560319801737e-13
1.823938336360635e-13
1.8255199708890122e-13
1.8271009351564817e-13
1.828681228754097e-13
1.830260851272819e-13
1.8318398023034324e-13
1.8334180814366056e-13
1.8349956882629129e-13
1.8365726223728335e-13
1.8381488833567557e-13
1.839724470805105e-13
1.8412993843081953e-13
1.8428736234562692e-13
1.8444471878396622e-13
1.8460200770487015e-13
1.8475922906736738e-13
1.8491638283049127e-13
1.8507346895328375e-13
1.852304873947866e-13
1.85387438114061e-13
1.8554432107016513e-13
1.857011362221768e-13
1.8585788352918108e-13
1.8601456295028058e-13
1.8617117444458783e-13
1.8632771797123517e-13
1.864841934893783e-13
1.8664060095817736e-13
1.8679694033683113e-13
1.8695321158454854e-13
1.8710941466056937e-13
1.8726554952414875e-13
1.8742161613458051e-13
1.8757761445118212e-13
1.8773354443329097e-13
1.8788940604029197e-13
1.8804519923159063e-13
1.8820092396662596e-13
1.8835658020487644e-13
1.8851216790585182e-13
1.8866768702910893e-13
1.888231375342253e-13
1.8897851938084164e-13
1.8913383252862742e-13
1.8928907693729912e-13
1.8944425256661043e-13
1.8959935937637247e-13
1.8975439732642805e-13
1.8990936637668067e-13
1.9006426648708377e-13
1.9021909761763818e-13
1.9037385972840023e-13
1.905285527794736e-13
1.9068317673102025e-13
1.9083773154325744e-13
1.909922171764712e-13
1.9114663359099e-13
1.9130098074720814e-13
1.9145525860558909e-13
1.9160946712664893e-13
1.9176360627097274e-13
1.919176759992173e-13
1.920716762720893e-13
1.9222560705038077e-13
1.9237946829494437e-13
1.9253325996670717e-13
1.9268698202666e-13
1.9284063443588095e-13
1.929942171555044e-13
1.931477301467573e-13
1.933011733709382e-13
1.9345454678941785e-13
1.936078503636464e-13
1.9376108405516423e-13
1.9391424782558414e-13
1.940673416366084e-13
1.9422036545001744e-13
1.9437331922768376e-13
1.945262029315581e-13
1.946790165236888e-13
1.9483175996620462e-13
1.949844332213296e-13
1.9513703625137901e-13
1.9528956901875807e-13
1.9544203148596557e-13
1.9559442361560142e-13
1.9574674537035353e-13
1.9589899671301341e-13
1.9605117760646368e-13
1.9620328801369877e-13
1.9635532789780075e-13
1.9650729722196142e-13
1.966591959494762e-13
1.9681102404373981e-13
1.9696278146825274e-13
1.971144681866285e-13
1.972660841625866e-13
1.9741762935994812e-13
1.9756910374265186e-13
1.9772050727474292e-13
1.9787183992038158e-13
1.9802310164383979e-13
1.9817429240950465e-13
1.9832541218188065e-13
1.9847646092558704e-13
1.986274386053552e-13
1.9877834518604475e-13
1.9892918063263016e-13
1.9907994491020872e-13
1.9923063798400336e-13
1.9938125981935164e-13
1.9953181038171717e-13
1.996822896366938e-13
1.998326975499965e-13
1.999830340874728e-13
2.0013329921509422e-13
2.0028349289896507e-13
2.0043361510532113e-13
2.0058366580052888e-13
2.007336449510833e-13
2.008835525236157e-13
2.010333884848911e-13
2.0118315280181581e-13
2.013328454414252e-13
2.0148246637089313e-13
2.0163201555754075e-13
2.01781492968823e-13
2.019308985723284e-13
2.0208023233580329e-13
2.0222949422712506e-13
2.0237868421431841e-13
2.025278022655522e-13
2.0267684834914536e-13
2.02825822433556e-13
2.0297472448738904e-13
2.0312355447941019e-13
2.0327231237852693e-13
2.0342099815378849e-13
2.0356961177442077e-13
2.0371815320977552e-13
2.0386662242937039e-13
2.040150194028754e-13
2.0416334410011876e-13
2.0431159649108627e-13
2.044597765459113e-13
2.046078842348985e-13
2.0475591952849676e-13
2.049038823973318e-13
2.0505177281217418e-13
2.0519959074397344e-13
2.0534733616382402e-13
2.0549500904299662e-13
2.0564260935292046e-13
2.057901370651931e-13
2.0593759215158088e-13
2.0608497458401076e-13
2.062322843345841e-13
2.0637952137557045e-13
2.0652668567940025e-13
2.0667377721869157e-13
2.0682079596622027e-13
2.069677418949418e-13
2.0711461497797775e-13
2.0726141518863413e-13
2.0740814250038885e-13
2.075547968868909e-13
2.0770137832196895e-13
2.0784788677962846e-13
2.0799432223405175e-13
2.081406846596136e-13
2.0828697403085528e-13
2.0843319032250024e-13
2.0857933350945947e-13
2.0872540356682025e-13
2.0887140046985308e-13
2.0901732419402313e-13
2.0916317471497524e-13
2.0930895200853162e-13
2.0945465605071752e-13
2.0960028681772733e-13
2.0974584428595916e-13
2.0989132843199537e-13
2.1003673923260425e-13
2.1018207666474872e-13
2.1032734070557754e-13
2.1047253133244226e-13
2.1061764852287991e-13
2.1076269225462542e-13
2.1090766250559924e-13
2.1105255925393033e-13
2.111973824779327e-13
2.1134213215612434e-13
2.1148680826721312e-13
2.1163141079011073e-13
2.117759397039302e-13
2.1192039498797976e-13
2.1206477662176896e-13
2.122090845850109e-13
2.1235331885762e-13
2.1249747941970597e-13
2.1264156625159324e-13
2.1278557933379915e-13
2.1292951864705568e-13
2.1307338417229524e-13
2.132171758906574e-13
2.1336089378349321e-13
2.1350453783235196e-13
2.1364810801899753e-13
2.1379160432540033e-13
2.139350267337424e-13
2.1407837522640965e-13
2.1422164978600772e-13
2.1436485039535142e-13
2.145079770374648e-13
2.1465102969558595e-13
2.1479400835317073e-13
2.1493691299388368e-13
2.1507974360160416e-13
2.1522250016043095e-13
2.153651826546806e-13
2.155077910688782e-13
2.1565032538777182e-13
2.1579278559633167e-13
2.1593517167973754e-13
2.160774836233917e-13
2.162197214129212e-13
2.1636188503416543e-13
2.165039744731941e-13
2.166459897162916e-13
2.1678793074996485e-13
2.1692979756095106e-13
2.1707159013620248e-13
2.172133084629016e-13
2.1735495252844837e-13
2.1749652232047838e-13
2.1763801782684461e-13
2.1777943903562818e-13
2.179207859351378e-13
2.1806205851391297e-13
2.182032567607157e-13
2.1834438066454127e-13
2.18485430214616e-13
2.1862640540038804e-13
2.1876730621154216e-13
2.1890813263799075e-13
2.1904888466988231e-13
2.19189562297588e-13
2.1933016551172286e-13
2.194706943031272e-13
2.1961114866288008e-13
2.1975152858229125e-13
2.1989183405290378e-13
2.2003206506650188e-13
2.2017222161510043e-13
2.2031230369095081e-13
2.204523112865424e-13
2.2059224439459832e-13
2.2073210300808828e-13
2.2087188712020737e-13
2.2101159672440244e-13
2.211512318143461e-13
2.2129079238396283e-13
2.2143027842740762e-13
2.2156968993908515e-13
2.2170902691362534e-13
2.218482893459207e-13
2.2198747723108903e-13
2.2212659056450054e-13
2.222656293417613e-13
2.2240459355872414e-13
2.2254348321148557e-13
2.2268229829638698e-13
2.2282103881001018e-13
2.229597047491872e-13
2.2309829611099097e-13
2.23236812892744e-13
2.233752550920156e-13
2.2351362270661625e-13
2.236519157346141e-13
2.2379013417431043e-13
2.2392827802426433e-13
2.240663472832813e-13
2.2420434195041645e-13
2.2434226202497154e-13
2.2448010750649778e-13
2.2461787839480102e-13
2.2475557468992886e-13
2.2489319639219137e-13
2.250307435021374e-13
2.251682160205761e-13
2.2530561394856594e-13
2.254429372874173e-13
2.255801860386879e-13
2.2571736020420013e-13
2.2585445978601843e-13
2.2599148478647482e-13
2.2612843520813289e-13
2.262653110538314e-13
2.2640211232665402e-13
2.2653883902993877e-13
2.2667549116728648e-13
2.2681206874254228e-13
2.269485717598193e-13
2.2708500022348274e-13
2.2722135413814985e-13
2.2735763350869572e-13
2.2749383834025527e-13
2.276299686382262e-13
2.277660244082557e-13
2.279020056562512e-13
2.280379123883801e-13
2.2817374461107004e-13
2.283095023310009e-13
2.284451855551255e-13
2.2858079429063884e-13
2.2871632854500627e-13
2.2885178832595327e-13
2.2898717364146565e-13
2.2912248449978387e-13
2.2925772090941145e-13
2.293928828791275e-13
2.295279704179454e-13
2.296629835351644e-13
2.2979792224033393e-13
2.299327865432739e-13
2.3006757645405903e-13
2.3020229198302966e-13
2.303369331407862e-13
2.304714999381918e-13
2.3060599238638304e-13
2.3074041049674614e-13
2.3087475428094333e-13
2.310090237508943e-13
2.311432189187788e-13
2.3127733979705307e-13
2.3141138639843566e-13
2.315453587358975e-13
2.316792568226857e-13
2.318130806723127e-13
2.319468302985458e-13
2.3208050571543387e-13
2.3221410693728296e-13
2.323476339786649e-13
2.3248108685442194e-13
2.3261446557965426e-13
2.327477701697377e-13
2.3288100064031124e-13
2.330141570072791e-13
2.331472392868164e-13
2.3328024749536096e-13
2.334131816496267e-13
2.3354604176658e-13
2.3367882786347345e-13
2.338115399578068e-13
2.339441780673639e-13
2.340767422101938e-13
2.342092324046087e-13
2.3434164866919113e-13
2.344739910227976e-13
2.346062594845442e-13
2.3473845407381805e-13
2.3487057481027975e-13
2.350026217138578e-13
2.35134594804749e-13
2.3526649410341015e-13
2.353983196305848e-13
2.355300714072685e-13
2.3566174945474134e-13
2.357933537945427e-13
2.3592488444848615e-13
2.360563414386582e-13
2.361877247874031e-13
2.363190345173436e-13
2.364502706513759e-13
2.3658143321265625e-13
2.3671252222461725e-13
2.368435377109618e-13
2.3697447969566125e-13
2.371053482029574e-13
2.3723614325736296e-13
2.373668648836612e-13
2.3749751310690104e-13
2.376280879524099e-13
2.3775858944577794e-13
2.378890176128792e-13
2.380193724798402e-13
2.381496540730687e-13
2.382798624192427e-13
2.3840999754530356e-13
2.3854005947847093e-13
2.3867004824623004e-13
2.3879996387634456e-13
2.3892980639684113e-13
2.390595758360195e-13
2.391892722224502e-13
2.3931889558497715e-13
2.394484459527094e-13
2.3957792335502457e-13
2.397073278215862e-13
2.398366593823103e-13
2.3996591806738874e-13
2.400951039072895e-13
2.402242169327484e-13
2.403532571747691e-13
2.40482224664629e-13
2.4061111943387315e-13
2.4073994151432004e-13
2.4086869093805864e-13
2.409973677374408e-13
2.4112597194509674e-13
2.4125450359392733e-13
2.413829627170963e-13
2.415113493480378e-13
2.416396635204672e-13
2.417679052683548e-13
2.41896074625957e-13
2.4202417162778523e-13
2.421521963086345e-13
2.422801487035546e-13
2.424080288478717e-13
2.4253583677718143e-13
2.426635725273508e-13
2.427912361345148e-13
2.4291882763507317e-13
2.4304634706570463e-13
2.4317379446334744e-13
2.433011698652132e-13
2.4342847330877914e-13
2.43555704831787e-13
2.4368286447226274e-13
2.438099522684868e-13
2.439369682590156e-13
2.440639124826679e-13
2.44190784978533e-13
2.443175857859684e-13
2.444443149445962e-13
2.445709724943119e-13
2.4469755847527373e-13
2.448240729279101e-13
2.449505158929121e-13
2.450768874112438e-13
2.452031875241317e-13
2.453294162730733e-13
2.454555736998276e-13
2.45581659846425e-13
2.4570767475515786e-13
2.458336184685864e-13
2.4595949102953605e-13
2.460852924810945e-13
2.462110228666279e-13
2.463366822297516e-13
2.4646227061435154e-13
2.4658778806458353e-13
2.4671323462486354e-13
2.468386103398803e-13
2.4696391525457205e-13
2.470891494141499e-13
2.4721431286408703e-13
2.473394056501247e-13
2.474644278182609e-13
2.4758937941476163e-13
2.477142604861577e-13
2.4783907107923433e-13
2.479638112410499e-13
2.480884810189167e-13
2.4821308046041533e-13
2.4833760961337984e-13
2.484620685259182e-13
2.485864572463921e-13
2.4871077582342306e-13
2.488350243058947e-13
2.489592027429586e-13
2.4908331118401495e-13
2.4920734967873983e-13
2.493313182770501e-13
2.4945521702913565e-13
2.495790459854405e-13
2.497028051966737e-13
2.49826494713793e-13
2.499501145880267e-13
2.500736648708517e-13
2.5019714561401016e-13
2.5032055686949523e-13
2.5044389868956554e-13
2.505671711267255e-13
2.506903742337445e-13
2.508135080636542e-13
2.5093657266973223e-13
2.51059568105516e-13
2.511824944247994e-13
2.513053516816282e-13
2.514281399303049e-13
2.5155085922539114e-13
2.5167350962170044e-13
2.517960911742948e-13
2.5191860393849846e-13
2.520410479698898e-13
2.5216342332429083e-13
2.5228573005777984e-13
2.524079682266975e-13
2.525301378876202e-13
2.5265223909739095e-13
2.527742719130994e-13
2.5289623639208665e-13
2.530181325919422e-13
2.531399605705017e-13
2.5326172038586286e-13
2.533834120963641e-13
2.5350503576059256e-13
2.536265914373893e-13
2.5374807918584657e-13
2.5386949906530294e-13
2.5399085113534017e-13
2.541121354557857e-13
2.5423335208672156e-13
2.543545010884778e-13
2.5447558252162284e-13
2.545965964469786e-13
2.547175429256107e-13
2.5483842201882517e-13
2.5495923378818197e-13
2.5507997829547625e-13
2.5520065560275433e-13
2.5532126577229817e-13
2.554418088666483e-13
2.555622849485705e-13
2.5568269408108375e-13
2.558030363274452e-13
2.5592331175115267e-13
2.560435204159496e-13
2.561636623858199e-13
2.5628373772498266e-13
2.56403746497903e-13
2.565236887692861e-13
2.5664356460406737e-13
2.567633740674304e-13
2.5688311722479133e-13
2.5700279414181195e-13
2.57122404884384e-13
2.572419495186314e-13
2.573614281109294e-13
2.574808407278828e-13
2.576001874363209e-13
2.577194683033292e-13
2.578386833962098e-13
2.5795783278251026e-13
2.580769165300029e-13
2.5819593470670763e-13
2.58314887380859e-13
2.584337746209391e-13
2.5855259649565457e-13
2.586713530739446e-13
2.5879004442497764e-13
2.5890867061815994e-13
2.590272317231167e-13
2.5914572780971885e-13
2.592641589480478e-13
2.5938252520842305e-13
2.5950082666139087e-13
2.596190633777294e-13
2.5973723542844125e-13
2.59855342884751e-13
2.5997338581812006e-13
2.600913643002263e-13
2.602092784029694e-13
2.6032712819848576e-13
2.6044491375912374e-13
2.6056263515746556e-13
2.606802924663153e-13
2.6079788575869293e-13
2.609154151078457e-13
2.6103288058724183e-13
2.6115028227056333e-13
2.612676202317265e-13
2.6138489454486154e-13
2.615021052843117e-13
2.6161925252464996e-13
2.617363363406598e-13
2.618533568073457e-13
2.619703139999265e-13
2.6208720799384405e-13
2.6220403886475147e-13
2.623208066885204e-13
2.6243751154123014e-13
2.6255415349918457e-13
2.6267073263890304e-13
2.627872490371078e-13
2.629037027707422e-13
2.6302009391695516e-13
2.6313642255311643e-13
2.6325268875679855e-13
2.633688926057875e-13
2.634850341780875e-13
2.6360111355189747e-13
2.637171308056401e-13
2.6383308601793293e-13
2.639489792676115e-13
2.640648106337143e-13
2.6418058019549287e-13
2.642962880323932e-13
2.6441193422407694e-13
2.645275188504084e-13
2.646430419914489e-13
2.647585037274759e-13
2.6487390413895793e-13
2.649892433065772e-13
2.651045213112102e-13
2.6521973823393817e-13
2.653348941560427e-13
2.654499891590044e-13
2.655650233245094e-13
2.6567999673443e-13
2.657949094708515e-13
2.659097616160456e-13
2.6602455325249165e-13
2.66139284462858e-13
2.662539553300071e-13
2.6636856593700394e-13
2.664831163671077e-13
2.6659760670376923e-13
2.667120370306283e-13
2.6682640743152146e-13
2.669407179904848e-13
2.6705496879173304e-13
2.671691599196771e-13
2.6728329145892547e-13
2.673973634942618e-13
2.6751137611067443e-13
2.6762532939333296e-13
2.6773922342759295e-13
2.678530582989959e-13
2.6796683409327514e-13
2.6808055089634987e-13
2.6819420879432027e-13
2.6830780787347755e-13
2.684213482202889e-13
2.6853482992141004e-13
2.686482530636771e-13
2.6876161773411006e-13
2.688749240199067e-13
2.689881720084483e-13
2.6910136178729667e-13
2.6921449344419444e-13
2.6932756706705943e-13
2.6944058274398774e-13
2.6955354056325824e-13
2.6966644061331755e-13
2.697792829827904e-13
2.698920677604866e-13
2.700047950353764e-13
2.7011746489661796e-13
2.7023007743353385e-13
2.703426327356168e-13
2.704551308925455e-13
2.705675719941551e-13
2.7067995613046123e-13
2.7079228339163614e-13
2.709045538680378e-13
2.71016767650186e-13
2.7112892482876504e-13
2.7124102549462917e-13
2.713530697388022e-13
2.7146505765246724e-13
2.715769893269824e-13
2.7168886485385414e-13
2.718006843247696e-13
2.7191244783156935e-13
2.7202415546626117e-13
2.7213580732101173e-13
2.7224740348814965e-13
2.723589440601598e-13
2.7247042912969405e-13
2.7258185878955504e-13
2.726932331327075e-13
2.7280455225228e-13
2.729158162415472e-13
2.7302702519394225e-13
2.731381792030629e-13
2.73249278362647e-13
2.7336032276659406e-13
2.734713125089599e-13
2.735822476839427e-13
2.736931283859032e-13
2.738039547093467e-13
2.7391472674892956e-13
2.740254445994622e-13
2.7413610835589724e-13
2.742467181133412e-13
2.7435727396704043e-13
2.7446777601239215e-13
2.7457822434494713e-13
2.7468861906039354e-13
2.7479896025455694e-13
2.749092480234216e-13
2.7501948246310144e-13
2.7512966366986085e-13
2.752397917401068e-13
2.7534986677038126e-13
2.754598888573662e-13
2.7556985809789127e-13
2.756797745889158e-13
2.757896384275389e-13
2.758994497110025e-13
2.7600920853668027e-13
2.7611891500207536e-13
2.762285692048336e-13
2.763381712427375e-13
2.764477212136967e-13
2.765572192157528e-13
2.766666653470842e-13
2.767760597059987e-13
2.768854023909335e-13
2.769946935004547e-13
2.7710393313325746e-13
2.772131213881719e-13
2.773222583641437e-13
2.7743134416025006e-13
2.775403788757005e-13
2.7764936260982263e-13
2.7775829546207065e-13
2.77867177532017e-13
2.7797600891936355e-13
2.780847897239353e-13
2.7819352004567105e-13
2.7830219998464045e-13
2.7841082964102173e-13
2.7851940911511885e-13
2.7862793850735176e-13
2.787364179182559e-13
2.788448474484929e-13
2.7895322719883507e-13
2.790615572701646e-13
2.7916983776347946e-13
2.792780687798961e-13
2.7938625042063814e-13
2.79494382787048e-13
2.796024659805802e-13
2.797105001027921e-13
2.7981848525534857e-13
2.7992642154003755e-13
2.800343090587444e-13
2.8014214791346945e-13
2.8024993820630496e-13
2.803576800394637e-13
2.804653735152634e-13
2.8057301873611566e-13
2.8068061580454275e-13
2.8078816482317104e-13
2.8089566589472663e-13
2.810031191220376e-13
2.81110524608029e-13
2.8121788245573037e-13
2.813251927682678e-13
2.8143245564886704e-13
2.8153967120084774e-13
2.816468395276288e-13
2.8175396073272595e-13
2.8186103491974863e-13
2.8196806219239797e-13
2.8207504265447386e-13
2.8218197640986523e-13
2.8228886356255454e-13
2.823957042166135e-13
2.8250249847620673e-13
2.8260924644558326e-13
2.8271594822909023e-13
2.828226039311531e-13
2.8292921365628877e-13
2.830357775091025e-13
2.831422955942821e-13
2.8324876801659955e-13
2.833551948809092e-13
2.8346157629215693e-13
2.8356791235536626e-13
2.8367420317563583e-13
2.8378044885815783e-13
2.8388664950819463e-13
2.839928052310887e-13
2.8409891613227073e-13
2.8420498231723635e-13
2.843110038915692e-13
2.8441698096091965e-13
2.845229136310191e-13
2.8462880200766795e-13
2.847346461967473e-13
2.8484044630420517e-13
2.8494620243606987e-13
2.850519146984363e-13
2.8515758319746446e-13
2.852632080393912e-13
2.8536878933052564e-13
2.8547432717723643e-13
2.855798216859691e-13
2.8568527296322043e-13
2.857906811155725e-13
2.858960462496586e-13
2.8600136847218376e-13
2.8610664788991215e-13
2.862118846096695e-13
2.86317078738348e-13
2.8642223038290417e-13
2.8652733965034276e-13
2.86632406647738e-13
2.8673743148221983e-13
2.8684241426097755e-13
2.8694735509125834e-13
2.8705225408036646e-13
2.871571113356537e-13
2.8726192696453833e-13
2.873667010744844e-13
2.8747143377302017e-13
2.8757612516771057e-13
2.8768077536618235e-13
2.877853844761156e-13
2.878899526052356e-13
2.879944798613156e-13
2.880989663521849e-13
2.882034121857154e-13
2.8830781746982715e-13
2.88412182312485e-13
2.8851650682169966e-13
2.8862079110553457e-13
2.8872503527209336e-13
2.8882923942951445e-13
2.88933403685989e-13
2.89037528149746e-13
2.8914161292905666e-13
2.8924565813223724e-13
2.893496638676416e-13
2.894536302436608e-13
2.8955755736872e-13
2.896614453512904e-13
2.8976529429987957e-13
2.898691043230275e-13
2.8997287552931135e-13
2.900766080273452e-13
2.901803019257754e-13
2.9028395733328527e-13
2.9038757435859005e-13
2.904911531104397e-13
2.9059469369761354e-13
2.9069819622891977e-13
2.9080166081320433e-13
2.909050875593447e-13
2.910084765762374e-13
2.9111182797282124e-13
2.9121514185806196e-13
2.9131841834094945e-13
2.914216575305002e-13
2.9152485953577074e-13
2.91628024465834e-13
2.917311524297974e-13
2.918342435367904e-13
2.919372978959772e-13
2.920403156165462e-13
2.921432968077132e-13
2.9224624157872106e-13
2.9234915003883697e-13
2.924520222973639e-13
2.92554858463629e-13
2.9265765864699023e-13
2.9276042295683294e-13
2.9286315150257255e-13
2.929658443936588e-13
2.9306850173956307e-13
2.9317112364980405e-13
2.9327371023392634e-13
2.9337626160151375e-13
2.934787778621869e-13
2.935812591255984e-13
2.936837055014539e-13
2.93786117099494e-13
2.938884940295085e-13
2.9399083640133807e-13
2.9409314432487297e-13
2.9419541791006143e-13
2.9429765726691196e-13
2.943998625055e-13
2.945020337359653e-13
2.946041710685261e-13
2.947062746134767e-13
2.948083444812048e-13
2.9491038078218334e-13
2.9501238362699364e-13
2.9511435312632845e-13
2.95216289390993e-13
2.953181925319328e-13
2.9542006266023227e-13
2.95521899887127e-13
2.9562370432403084e-13
2.9572547608252825e-13
2.9582721527442024e-13
2.9592892201171585e-13
2.9603059640666617e-13
2.9613223857179055e-13
2.962338486198868e-13
2.9633542666406814e-13
2.964369728177874e-13
2.96538487194864e-13
2.966399699095267e-13
2.967414210764434e-13
2.9684284081075996e-13
2.969442292281436e-13
2.970455864448191e-13
2.9714691257764556e-13
2.9724820774414254e-13
2.973494720625679e-13
2.9745070565196696e-13
2.97551908632254e-13
2.976530811242769e-13
2.9775422324992365e-13
2.978553351322031e-13
2.9795641689534775e-13
2.980574686649282e-13
2.9815849056798563e-13
2.982594827331637e-13
2.9836044529086507e-13
2.9846137837340153e-13
2.9856228211520285e-13
2.986631566529861e-13
2.987640021259799e-13
2.988648186761603e-13
2.9896560644849894e-13
2.9906636559123804e-13
2.991670962561774e-13
2.9926779859899196e-13
2.993684727795714e-13
2.9946911896238274e-13
2.9956973731687204e-13
2.9967032801787053e-13
2.9977089124605356e-13
2.9987142718842943e-13
2.999719360388627e-13
3.0007241799863383e-13
3.0017287327707383e-13
3.0027330209223373e-13
3.00373704671645e-13
3.0047408125316086e-13
3.0057443208591295e-13
3.006747574313779e-13
3.0077505756456123e-13
3.0087533277533105e-13
3.0097558336990227e-13
3.0107580967244405e-13
3.011760120268893e-13
3.012761907988564e-13
3.0137634637776124e-13
3.014764791790883e-13
3.0157658964682284e-13
3.016766782560655e-13
3.0177674551582204e-13
3.0187679197196335e-13
3.019768182103571e-13
3.0207682486022364e-13
3.0217681259766084e-13
3.022767821493742e-13
3.0237673429666604e-13
3.0247666987961987e-13
3.025765898015948e-13
3.0267649503400845e-13
3.027763866214605e-13
3.0287626568730884e-13
3.029761334397547e-13
3.0307599117861306e-13
3.0317584030298375e-13
3.0327568232022235e-13
3.0337551885658756e-13
3.0347535167001897e-13
3.035751826652072e-13
3.036750139109292e-13
3.03774847659453e-13
3.0387468636779737e-13
3.039745327205987e-13
3.040743896543357e-13
3.041742603827579e-13
3.0427414842333953e-13
3.0437405762461283e-13
3.04473992194358e-13
3.0457395672851196e-13
3.0467395624085917e-13
3.047739961934558e-13
3.0487408252791466e-13
3.0497422169761007e-13
3.0507442070099747e-13
3.051746871162714e-13
3.052750291376959e-13
3.053754556140196e-13
3.0547597608955835e-13
3.0557660084872356e-13
3.0567734096510416e-13
3.057782083565748e-13
3.0587921584873116e-13
3.05980377249925e-13
3.0608170744318347e-13
3.061832225034404e-13
3.062849398534442e-13
3.06386878476409e-13
3.0648905919695594e-13
3.065915050185706e-13
3.06694241487055e-13
3.067972970498429e-13
3.069007033927763e-13
3.070044957469335e-13
3.0710871316489156e-13
3.07213398768908e-13
3.073185999748288e-13
3.074243686960477e-13
3.075307615320551e-13
3.076378399462521e-13
3.077456704378308e-13
3.078543247128674e-13
3.0796387986019526e-13
3.080744185383628e-13
3.081860291809006e-13
3.0829880622861097e-13
3.0841285039943516e-13
3.0852826900941443e-13
3.086451763623709e-13
3.0876369423208585e-13
3.0888395247032315e-13
3.0900608978891445e-13
3.0913025478843134e-13
3.0925660734701133e-13
3.093853205537116e-13
3.095165834953042e-13
3.0965060541438713e-13
3.0978762201500777e-13
3.09927904493602e-13
3.1007176990468544e-13
3.102195893729363e-13
3.10371791859997e-13
3.105288638997437e-13
3.1069134696355263e-13
3.1085983389011025e-13
3.110349652128797e-13
3.1121742578197137e-13
3.1140794185276247e-13
3.116072787178931e-13
3.118162389262895e-13
3.120356611280054e-13
3.122664195822742e-13
3.1250942439233287e-13
3.1276562255581e-13
3.13035999952505e-13
3.1332158443672606e-13
3.1362345026588374e-13
3.1394272418966525e-13
3.1428059366146445e-13
3.1463831784244524e-13
3.1501724239517053e-13
3.154188195901357e-13
3.158446361258463e-13
3.1629645257298563e-13
3.1677626103126186e-13
3.172863724263832e-13
3.178295534486081e-13
3.1840924605772064e-13
3.1902990621195414e-13
3.196974092264886e-13
3.204192022792075e-13
3.212039511146851e-13
3.220609083066455e-13
3.2299937140739716e-13
3.2402837187793457e-13
3.2515655066675935e-13
3.2639213977081657e-13
3.277429947655083e-13
3.292166507538079e-13
3.308203902386673e-13
3.3256131909886933e-13
3.3444645032870844e-13
3.3648279538964206e-13
3.3867746732635747e-13
3.4103779932269975e-13
3.43571483724953e-13
3.4628673853730167e-13
3.491925113114634e-13
3.522987347865108e-13
3.556166555538942e-13
3.591592681096624e-13
3.6294190493521515e-13
3.6698306430982733e-13
3.7130561200498017e-13
3.7593859131021317e-13
3.809200573074672e-13
3.863016860976542e-13
3.9215648210164884e-13
3.9859152656897305e-13
4.0576597026902833e-13
4.138992949233639e-13
4.232311936056285e-13
4.339493369084821e-13
4.461530338793246e-13
4.598673406973602e-13
4.75074642444727e-13
4.917395187818061e-13
5.09822792305384e-13
5.292884013226379e-13
5.501067274405596e-13
5.722564594622004e-13
5.95725984048016e-13
6.20514756387149e-13
6.466346723000969e-13
6.741120215076937e-13
7.029899924426941e-13
7.333319188616572e-13
7.652255607073431e-13
7.987888490038347e-13
8.341777452972482e-13
8.715972262990845e-13
9.113170065920423e-13
9.53694647970466e-13
9.992105389215081e-13
1.0485225753304655e-12
1.1025546379032474e-12
1.1626448378561107e-12
1.2308014877868859e-12
1.310149599753202e-12
1.4056638252403447e-12
1.5249813717591847e-12
1.6772561951386257e-12
1.8664231070799885e-12
2.0860774278095226e-12
2.3240561870897066e-12
2.569682597647099e-12
2.8165471742620553e-12
3.0617341184574e-12
3.304341144149072e-12
3.5444666546604877e-12
3.7827006324403115e-12
4.019909650540713e-12
4.257162299690067e-12
4.495718039650725e-12
4.737040973275287e-12
4.982820985805058e-12
5.235057748213715e-12
5.496140070922793e-12
5.76895488643654e-12
6.057038452268428e-12
6.3647896087571795e-12
6.697776560496292e-12
7.063188158371685e-12
7.4705144261573e-12
7.93260126952262e-12
8.467334733408963e-12
9.100418214135813e-12
9.87010583144703e-12
1.083552432646635e-11
1.2091616917183535e-11
1.3795660216837432e-11
1.6208445183417344e-11
1.9716303395301652e-11
2.460397710577838e-11
3.02671776569487e-11
3.52461618127604e-11
3.8579430394563444e-11
4.0343151190618224e-11
4.1086186375369805e-11
4.1292957783156556e-11
4.124765514178908e-11
4.108758104317729e-11
4.087275630988132e-11
4.0628167032334815e-11
4.036395297512608e-11
4.0084074282525055e-11
3.978986487803075e-11
3.948147418632534e-11
3.9158458879896366e-11
3.882003106410484e-11
3.8465163462691214e-11
3.8092631407572646e-11
3.770100781270405e-11
3.728869913199055e-11
3.685390966113633e-11
3.6394591028433045e-11
3.59083898715353e-11
3.539257386676307e-11
3.484392822630331e-11
3.425861060524812e-11
3.363194602804486e-11
3.295813346645855e-11
3.2229819550178e-11
3.143746806629826e-11
3.056840795168453e-11
2.960535993438791e-11
2.8524079702479605e-11
2.7289374036077803e-11
2.5847547782581476e-11
2.4108217142247264e-11
2.1883294330071186e-11
1.866846974391428e-11
1.3496099190190164e-11
6.551527362373437e-12
-1.4632135759075062e-13
-4.981988957666308e-12
-7.86974969317538e-12
-9.482747673641918e-12
-1.0445125634183081e-11
-1.1120658773511817e-11
-1.1680772909957053e-11
-1.2197319426165268e-11
-1.2698147919031477e-11
-1.3193119297924351e-11
-1.3684991394127865e-11
-1.4173740071279011e-11
-1.4658238446427818e-11
-1.5136906284237863e-11
-1.5607960963076183e-11
-1.6069513572091614e-11
-1.6519604967569137e-11
-1.695622026264981e-11
-1.7377298960246557e-11
-1.778074972885479e-11
-1.816447497369693e-11
-1.852640732292124e-11
-1.8864556751401398e-11
-1.9177063616018857e-11
-1.946225054827173e-11
-1.9718666012962514e-11
-1.9945114461376905e-11
-2.0140671325848193e-11
-2.0304684179334563e-11
-2.0436763265905846e-11
-2.0536765143094127e-11
-2.0604772754532258e-11
-2.0641074390492233e-11
-2.0646143088053636e-11
-2.0620617280752686e-11
-2.056528299817548e-11
-2.048105762683002e-11
-2.0368975124866154e-11
-2.023017257384741e-11
-2.0065877995344883e-11
-1.9877400408604897e-11
-1.966612019657332e-11
-1.9433480423879212e-11
-1.9180979622067226e-11
-1.8910166128683084e-11
-1.862263407785976e-11
-1.83200211543976e-11
-1.80040082414184e-11
-1.767632110776139e-11
-1.7338734279793136e-11
-1.6993077190409784e-11
-1.6641242534998303e-11
-1.6285196388119753e-11
-1.5926988897255173e-11
-1.556876310248299e-11
-1.5212757554503364e-11
-1.486129617500245e-11
-1.4516757163023415e-11
-1.4181513442651598e-11
-1.3857841986786587e-11
-1.3547808411608762e-11
-1.3253143327245977e-11
-1.297513280779886e-11
-1.2714543621274565e-11
-1.2471595683055949e-11
-1.2245983720163159e-11
-1.2036941044376921e-11
-1.1843332254414896e-11
-1.1663758902798126e-11
-1.1496662603400102e-11
-1.134041339053176e-11
-1.1193376426248583e-11
-1.105395585247731e-11
-1.0920619125836141e-11
-1.0791907606039215e-11
-1.0666442837772271e-11
-1.054310464074403e-11
-1.0420805085804767e-11
-1.0298490023428311e-11
-1.0175141171998263e-11
-1.004977823341043e-11
-9.921460373167931e-12
-9.789286615725199e-12
-9.652395121045517e-12
-9.50996184020644e-12
-9.361199654344808e-12
-9.205359752327578e-12
-9.041737642546791e-12
-8.869686700861539e-12
-8.688642301461605e-12
-8.498159003202698e-12
-8.29796151846249e-12
-8.088006883254466e-12
-7.86855038730528e-12
-7.640202313428152e-12
-7.403958511714453e-12
-7.161188284711071e-12
-6.913570287761861e-12
-6.662980566197068e-12
-6.411351861209648e-12
-6.16053302743578e-12
-5.91217675030712e-12
-5.667672992487645e-12
-5.42813021817587e-12
-5.194378763242744e-12
-4.966766879211334e-12
-4.7455230737111245e-12
-4.5307938834162975e-12
-4.322671731643163e-12
-4.121212570998466e-12
-3.926445404536917e-12
-3.7383764330302084e-12
-3.556990252589813e-12
-3.382249848984901e-12
-3.2140964627279337e-12
-3.052449877222455e-12
-2.8972093321082263e-12
-2.7482550552408865e-12
-2.6054502984173468e-12
-2.468643718522265e-12
-2.3376719412284415e-12
-2.212362161230324e-12
-2.092534659945839e-12
-1.9780051516927536e-12
-1.868586898356923e-12
-1.7640925582158594e-12
-1.66433575578073e-12
-1.5691323759872255e-12
-1.478301598017225e-12
-1.3916666919720251e-12
-1.309055606193199e-12
-1.2303013749243248e-12
-1.1552423758858846e-12
-1.0837224657878918e-12
-1.0155910193286885e-12
-9.507028942327344e-13
-8.889183416736101e-13
-8.301028782426392e-13
-7.741271326131292e-13
-7.20866677315901e-13
-6.702018536350561e-13
-6.22017595573797e-13
-5.762032571229817e-13
-5.326524456684574e-13
-4.912628632667945e-13
-4.5193615666573196e-13
-4.1457777631013975e-13
-3.7909684411815946e-13
-3.4540602950408e-13
-3.134214329321226e-13
-2.8306247618470603e-13
-2.542517984948959e-13
-2.2691515770964484e-13
-2.0098133570071716e-13
-1.7638204731289416e-13
-1.5305185222481363e-13
-1.309280691881715e-13
-1.0995069220193648e-13
-9.00623082656736e-14
-7.120801643663828e-14
-5.3335347988284224e-14
-3.6394187532102124e-14
-2.0336695019865424e-14
-5.117228589656792e-15
9.307731743112929e-15
2.297965951842443e-14
3.593805633391747e-14
4.82205253460655e-14
5.98628436883051e-14
7.089903371787768e-14
8.136143300084589e-14
9.128076294518112e-14
1.0068619599576918e-13
1.0960542131013647e-13
1.18064708841229e-13
1.26088971761191e-13
1.3370182716935342e-13
1.409256550367074e-13
1.477816553484684e-13
1.5428990341585535e-13
1.6046940333712092e-13
1.6633813959668274e-13
1.719131267993513e-13
1.7721045754442363e-13
1.822453484513536e-13
1.8703218435531933e-13
1.915845606965646e-13
1.9591532413296645e-13
2.0003661140928046e-13
2.0395988652092533e-13
2.0769597621320407e-13
2.1125510385986006e-13
2.1464692176693544e-13
2.178805419499857e-13
2.2096456543387322e-13
2.2390711012529295e-13
2.2671583730905314e-13
2.293979768191462e-13
2.3196035093572853e-13
2.3440939705900605e-13
2.367511892102088e-13
2.3899145840950277e-13
2.411356119795902e-13
2.4318875182284695e-13
2.451556917186657e-13
2.470409736866242e-13
2.488488834594582e-13
2.5058346510888545e-13
2.522485348655307e-13
2.538476941730743e-13
2.553843420150686e-13
2.5686168655146773e-13
2.582827561005022e-13
2.596504095000599e-13
2.609673458811171e-13
2.6223611388464933e-13
2.6345912035174495e-13
2.6463863851550364e-13
2.657768157218755e-13
2.668756807052173e-13
2.679371504433415e-13
2.689630366153403e-13
2.699550516844271e-13
2.7091481462696676e-13
2.7184385632759224e-13
2.7274362465950727e-13
2.73615489267877e-13
2.7446074607330063e-13
2.7528062151155976e-13
2.7607627652476397e-13
2.768488103183753e-13
2.7759926389766995e-13
2.783286233964983e-13
2.790378232105026e-13
2.7972774894616617e-13
2.803992401966173e-13
2.8105309315418976e-13
2.816900630696135e-13
2.8231086656658516e-13
2.829161838205277e-13
2.835066606093402e-13
2.8408291024395076e-13
2.846455153855407e-13
2.851950297563965e-13
2.8573197975053826e-13
2.862568659501678e-13
2.8677016455344663e-13
2.8727232871902547e-13
2.877637898320868e-13
2.8824495869670097e-13
2.8871622665879954e-13
2.8917796666400526e-13
2.896305342539906e-13
2.900742685052227e-13
2.905094929134389e-13
2.909365162270083e-13
2.9135563323234716e-13
2.917671254941065e-13
2.9217126205290507e-13
2.925683000830619e-13
2.9295848551275753e-13
2.933420536087636e-13
2.9371922952794617e-13
2.940902288373869e-13
2.944552580050477e-13
2.9481451486273526e-13
2.9516818904289587e-13
2.955164623909043e-13
2.958595093541491e-13
2.9619749734944817e-13
2.965305871098844e-13
2.9685893301239084e-13
2.971826833871708e-13
2.975019808099734e-13
2.9781696237832776e-13
2.9812775997252837e-13
2.984345005023881e-13
2.9873730614049935e-13
2.990362945428493e-13
2.9933157905740607e-13
2.996232689215777e-13
2.9991146944893053e-13
3.0019628220598804e-13
3.004778051795827e-13
3.0075613293530473e-13
3.0103135676762857e-13
3.013035648420756e-13
3.015728423299929e-13
3.018392715362377e-13
3.021029320203157e-13
3.023639007112062e-13
3.0262225201631274e-13
3.0287805792486813e-13
3.0313138810608053e-13
3.033823100022869e-13
3.036308889174938e-13
3.038771881014476e-13
3.0412126882956746e-13
3.043631904789279e-13
3.046030106005025e-13
3.0484078498794047e-13
3.050765677429756e-13
3.053104113377323e-13
3.055423666740564e-13
3.057724831400491e-13
3.0600080866391146e-13
3.062273897653527e-13
3.064522716045666e-13
3.0667549802901645e-13
3.0689711161804445e-13
3.0711715372555153e-13
3.07335664520691e-13
3.075526830268257e-13
3.0776824715874866e-13
3.079823937583225e-13
3.0819515862855686e-13
3.084065765662702e-13
3.0861668139335145e-13
3.0882550598673017e-13
3.0903308230715607e-13
3.0923944142672616e-13
3.0944461355538303e-13
3.096486280662789e-13
3.0985151352024484e-13
3.1005329768921937e-13
3.1025400757880997e-13
3.104536694500115e-13
3.1065230884006644e-13
3.1084995058262975e-13
3.110466188271148e-13
3.1124233705739e-13
3.114371281097803e-13
3.1163101419046766e-13
3.1182401689225375e-13
3.120161572107956e-13
3.1220745556018835e-13
3.123979317881922e-13
3.125876051907835e-13
3.127764945263661e-13
3.129646180294456e-13
3.131519934239186e-13
3.1333863793591967e-13
3.1352456830627033e-13
3.1370980080258e-13
3.138943512309599e-13
3.140782349473939e-13
3.1426146686876097e-13
3.1444406148358213e-13
3.1462603286243565e-13
3.148073946680568e-13
3.149881601651999e-13
3.151683422302238e-13
3.1534795336038473e-13
3.155270056829073e-13
3.1570551096382065e-13
3.1588348061654485e-13
3.160609257102806e-13
3.162378569781516e-13
3.1641428482518473e-13
3.1659021933605024e-13
3.167656702826311e-13
3.169406471314097e-13
3.1711515905068224e-13
3.1728921491758403e-13
3.174628233249517e-13
3.1763599258801935e-13
3.1780873075099144e-13
3.179810455934279e-13
3.1815294463649835e-13
3.183244351491009e-13
3.1849552415382e-13
3.1866621843279106e-13
3.1883652453337325e-13
3.190064487737823e-13
3.1917599724853386e-13
3.1934517583377366e-13
3.195139901925429e-13
3.1968244577985665e-13
3.1985054784775275e-13
3.200183014501513e-13
3.2018571144770244e-13
3.203527825124455e-13
3.2051951913242685e-13
3.206859256162091e-13
3.208520060972619e-13
3.210177645383088e-13
3.2118320473552967e-13
3.213483303227237e-13
3.215131447753591e-13
3.216776514145587e-13
3.2184185341096284e-13
3.2200575378859937e-13
3.2216935542854787e-13
3.223326610726677e-13
3.2249567332714996e-13
3.226583946660193e-13
3.2282082743460363e-13
3.229829738528911e-13
3.2314483601884576e-13
3.2330641591162875e-13
3.234677153947697e-13
3.2362873621928524e-13
3.237894800267055e-13
3.2394994835208595e-13
3.2411014262688154e-13
3.242700641818603e-13
3.2442971424985863e-13
3.2458909396855074e-13
3.2474820438314356e-13
3.2490704644898284e-13
3.2506562103416575e-13
3.252239289220495e-13
3.2538197081372823e-13
3.255397473304604e-13
3.2569725901602886e-13
3.258545063390853e-13
3.260114896954094e-13
3.261682094101423e-13
3.2632466573997193e-13
3.26480858875248e-13
3.2663678894210824e-13
3.2679245600449176e-13
3.269478600661564e-13
3.271030010726367e-13
3.2725787891316337e-13
3.274124934225309e-13
3.2756684438294537e-13
3.2772093152581205e-13
3.278747545334972e-13
3.2802831304105847e-13
3.281816066379067e-13
3.2833463486946496e-13
3.2848739723877076e-13
3.286398932080547e-13
3.287921222002687e-13
3.289440836006002e-13
3.2909577675793653e-13
3.2924720098630603e-13
3.2939835556627827e-13
3.295492397463399e-13
3.2969985274423243e-13
3.298501937482688e-13
3.300002619186014e-13
3.3015005638848383e-13
3.3029957626549225e-13
3.3044882063270927e-13
3.3059778854989486e-13
3.307464790546262e-13
3.3089489116339993e-13
3.310430238727229e-13
3.3119087616015976e-13
3.3133844698537514e-13
3.314857352911379e-13
3.3163274000429636e-13
3.3177946003675597e-13
3.3192589428639086e-13
3.320720416379655e-13
3.3221790096401127e-13
3.323634711257192e-13
3.32508750973761e-13
3.326537393491157e-13
3.3279843508386764e-13
3.3294283700200634e-13
3.330869439201641e-13
3.3323075464836767e-13
3.3337426799076494e-13
3.3351748274630943e-13
3.336603977094571e-13
3.338030116708265e-13
3.339453234178447e-13
3.34087331735381e-13
3.342290354063607e-13
3.343704332123476e-13
3.3451152393413353e-13
3.346523063522946e-13
3.347927792477463e-13
3.349329414022646e-13
3.3507279159899725e-13
3.3521232862298e-13
3.353515512616096e-13
3.3549045830511713e-13
3.3562904854703126e-13
3.3576732078461844e-13
3.3590527381930144e-13
3.3604290645709955e-13
3.3618021750901013e-13
3.363172057914173e-13
3.3645387012645783e-13
3.365902093423975e-13
3.3672622227397713e-13
3.368619077627684e-13
3.369972646574844e-13
3.371322918143338e-13
3.3726698809730383e-13
3.374013523784632e-13
3.3753538353826845e-13
3.3766908046582787e-13
3.378024420591681e-13
3.3793546722551343e-13
3.380681548815144e-13
3.3820050395349535e-13
3.3833251337770166e-13
3.384641821004999e-13
3.3859550907860547e-13
3.387264932792949e-13
3.388571336805803e-13
3.38987429271427e-13
3.391173790519264e-13
3.3924698203345113e-13
3.393762372388536e-13
3.395051437026031e-13
3.3963370047095567e-13
3.3976190660207884e-13
3.3988976116621094e-13
3.4001726324578186e-13
3.401444119355424e-13
3.402712063426846e-13
3.403976455869543e-13
3.405237288007565e-13
3.406494551292662e-13
3.407748237305101e-13
3.408998337754708e-13
3.4102448444816096e-13
3.411487749457129e-13
3.4127270447845006e-13
3.4139627226995033e-13
3.415194775571214e-13
3.4164231959025397e-13
3.417647976330803e-13
3.41886910962823e-13
3.420086588702449e-13
3.4213004065968903e-13
3.422510556491238e-13
3.423717031701594e-13
3.424919825681048e-13
3.4261189320196773e-13
3.427314344445023e-13
3.4285060568220836e-13
3.4296940631535667e-13
3.4308783575800127e-13
3.4320589343798823e-13
3.4332357879696297e-13
3.434408912903652e-13
3.4355783038743875e-13
3.436743955712265e-13
3.4379058633856105e-13
3.439064022000609e-13
3.4402184268011416e-13
3.4413690731686323e-13
3.4425159566219513e-13
3.443659072817213e-13
3.444798417547498e-13
3.4459339867427327e-13
3.447065776469278e-13
3.4481937829298485e-13
3.449318002462983e-13
3.450438431542931e-13
3.4515550667792016e-13
3.4526679049161977e-13
3.4537769428329e-13
3.4548821775424883e-13
3.4559836061918917e-13
3.457081226061268e-13
3.458175034563813e-13
3.4592650292449844e-13
3.4603512077822805e-13
3.4614335679846663e-13
3.4625121077920523e-13
3.4635868252748054e-13
3.464657718633198e-13
3.4657247861969296e-13
3.4667880264245023e-13
3.4678474379027005e-13
3.4689030193461104e-13
3.4699547695962964e-13
3.471002687621461e-13
3.4720467725156634e-13
3.4730870234983894e-13
3.474123439913743e-13
3.475156021229885e-13
3.476184767038466e-13
3.47720967705393e-13
3.478230751112831e-13
3.479247989173265e-13
3.4802613913141385e-13
3.481270957734477e-13
3.4822766887527943e-13
3.483278584806453e-13
3.4842766464508317e-13
3.4852708743588665e-13
3.4862612693200667e-13
3.487247832240085e-13
3.4882305641398403e-13
3.4892094661548105e-13
3.4901845395344423e-13
3.4911557856413017e-13
3.4921232059504914e-13
3.4930868020488006e-13
3.4940465756339966e-13
3.4950025285141634e-13
3.495954662606985e-13
3.4969029799389084e-13
3.497847482644422e-13
3.498788172965469e-13
3.499725053250626e-13
3.5006581259542485e-13
3.501587393635808e-13
3.502512858959301e-13
3.5034345246922674e-13
3.5043523937052365e-13
3.505266468970919e-13
3.506176753563366e-13
3.5070832506573513e-13
3.507985963527635e-13
3.50888489554814e-13
3.5097800501912515e-13
3.5106714310271426e-13
3.5115590417228275e-13
3.512442886041675e-13
3.513322967842427e-13
3.514199291078756e-13
3.5150718597981897e-13
3.5159406781416347e-13
3.516805750342495e-13
3.5176670807260553e-13
3.51852467370848e-13
3.5193785337965716e-13
3.5202286655864936e-13
3.5210750737634113e-13
3.5219177631006426e-13
3.5227567384588813e-13
3.5235920047855985e-13
3.524423567114298e-13
3.525251430563623e-13
3.5260756003368174e-13
3.526896081721014e-13
3.527712880086446e-13
3.528526000885709e-13
3.529335449653185e-13
3.530141232004141e-13
3.5309433536343185e-13
3.531741820318821e-13
3.532536637911881e-13
3.533327812345784e-13
3.534115349630365e-13
3.5348992558522377e-13
3.5356795371742506e-13
3.536456199834553e-13
3.5372292501461627e-13
3.5379986944961894e-13
3.538764539345035e-13
3.5395267912259365e-13
3.540285456744096e-13
3.5410405425762457e-13
3.5417920554696717e-13
3.542540002241834e-13
3.543284389779582e-13
3.544025225038518e-13
3.544762515042328e-13
3.545496266882119e-13
3.5462264877157774e-13
3.5469531847674834e-13
3.547676365326751e-13
3.5483960367480536e-13
3.54911220645002e-13
3.549824881915093e-13
3.550534070688465e-13
3.55123978037777e-13
3.5519420186523743e-13
3.5526407932428024e-13
3.5533361119400427e-13
3.5540279825949045e-13
3.5547164131175255e-13
3.555401411476656e-13
3.556082985699234e-13
3.55676114386948e-13
3.557435894128624e-13
3.558107244674177e-13
3.5587752037591945e-13
3.559439779691915e-13
3.5601009808350665e-13
3.5607588156053193e-13
3.561413292472602e-13
3.562064419959767e-13
3.562712206641766e-13
3.5633566611452254e-13
3.5639977921477814e-13
3.5646356083776356e-13
3.5652701186128473e-13
3.565901331681001e-13
3.566529256458343e-13
3.567153901869545e-13
3.567775276886936e-13
3.5683933905300443e-13
3.569008251865094e-13
3.569619870004323e-13
3.5702282541056895e-13
3.570833413372029e-13
3.5714353570507775e-13
3.5720340944333816e-13
3.572629634854733e-13
3.5732219876926576e-13
3.573811162367417e-13
3.5743971683411554e-13
3.574980015117417e-13
3.5755597122407044e-13
3.576136269295842e-13
3.576709695907562e-13
3.577280001739921e-13
3.577847196495927e-13
3.578411289916995e-13
3.578972291782391e-13
3.579530211908796e-13
3.5800850601498165e-13
3.5806368463955396e-13
3.58118558057198e-13
3.581731272640592e-13
3.582273932597892e-13
3.582813570474951e-13
3.583350196336833e-13
3.583883820282262e-13
3.5844144524430896e-13
3.584942102983789e-13
3.585466782101097e-13
3.585988500023418e-13
3.5865072670106336e-13
3.5870230933533274e-13
3.5875359893725433e-13
3.588045965419222e-13
3.5885530318738894e-13
3.5890571991460985e-13
3.589558477674046e-13
3.590056877924144e-13
3.590552410390566e-13
3.5910450855947543e-13
3.591534914085155e-13
3.592021906436552e-13
3.5925060732498977e-13
3.5929874251517174e-13
3.593465972793786e-13
3.593941726852636e-13
3.5944146980291834e-13
3.594884897048289e-13
3.595352334658443e-13
3.595817021631203e-13
3.596278968760903e-13
3.5967381868642074e-13
3.59719468677978e-13
3.5976484793677163e-13
3.5980995755093587e-13
3.5985479861066456e-13
3.598993722082015e-13
3.5994367943778676e-13
3.599877213956139e-13
3.6003149917979523e-13
3.60075013890323e-13
3.6011826662903676e-13
3.601612584995804e-13
3.6020399060735794e-13
3.602464640595167e-13
3.6028867996487714e-13
3.603306394339336e-13
3.6037234357878744e-13
3.6041379351312564e-13
3.6045499035217514e-13
3.604959352126839e-13
3.605366292128639e-13
3.6057707347236254e-13
3.6061726911223414e-13
3.6065721725488817e-13
3.6069691902407714e-13
3.6073637554484526e-13
3.6077558794349395e-13
3.608145573475475e-13
3.608532848857264e-13
3.6089177168790517e-13
3.609300188850835e-13
3.6096802760934684e-13
3.6100579899384004e-13
3.610433341727196e-13
3.610806342811334e-13
3.611177004551912e-13
3.611545338319151e-13
3.611911355492154e-13
3.6122750674586135e-13
3.612636485614437e-13
3.6129956213634213e-13
3.613352486116993e-13
3.6137070912938376e-13
3.6140594483195043e-13
3.614409568626244e-13
3.6147574636526207e-13
3.615103144843149e-13
3.615446623648086e-13
3.6157879115230343e-13
3.616127019928631e-13
3.616463960330329e-13
3.6167987441980046e-13
3.617131383005727e-13
3.617461888231358e-13
3.6177902713563695e-13
3.6181165438653934e-13
3.6184407172461e-13
3.618762802988771e-13
3.6190828125860935e-13
3.6194007575327817e-13
3.6197166493253747e-13
3.6200304994618345e-13
3.6203423194414175e-13
3.6206521207642365e-13
3.6209599149310364e-13
3.6212657134429375e-13
3.621569527801132e-13
3.6218713695065747e-13
3.6221712500597096e-13
3.6224691809603e-13
3.622765173706949e-13
3.6230592397970545e-13
3.6233513907263445e-13
3.6236416379887744e-13
3.623929993076042e-13
3.6242164674775603e-13
3.624501072680021e-13
3.624783820167173e-13
3.625064721419622e-13
3.625343787914468e-13
3.6256210311251714e-13
3.625896462521087e-13
3.6261700935674837e-13
3.6264419357250635e-13
3.6267120004497365e-13
3.6269802991924813e-13
3.6272468433989887e-13
3.627511644509535e-13
3.6277747139584796e-13
3.628036063174307e-13
3.6282957035792196e-13
3.628553646588876e-13
3.6288099036123125e-13
3.6290644860514633e-13
3.6293174053011525e-13
3.629568672748656e-13
3.629818299773553e-13
3.630066297747543e-13
3.6303126780341517e-13
3.63055745198845e-13
3.6308006309568413e-13
3.6310422262769447e-13
3.63128224927721e-13
3.6315207112767933e-13
3.6317576235852546e-13
3.631992997502427e-13
3.632226844318065e-13
3.6324591753116684e-13
3.632690001752398e-13
3.6329193348986274e-13
3.633147185997859e-13
3.6333735662865584e-13
3.633598486989734e-13
3.633821959320842e-13
3.6340439944816725e-13
3.634264603662025e-13
3.634483798039365e-13
3.6347015887789485e-13
3.6349179870332974e-13
3.6351330039421313e-13
3.635346650632166e-13
3.6355589382168847e-13
3.6357698777963125e-13
3.635979480456834e-13
3.636187757271002e-13
3.636394719297345e-13
3.6366003775801397e-13
3.6368047431491567e-13
3.6370078270196537e-13
3.637209640191892e-13
3.637410193651308e-13
3.637609498367899e-13
3.637807565296457e-13
3.6380044053759737e-13
3.638200029529824e-13
3.638394448665237e-13
3.638587673673467e-13
3.6387797154292207e-13
3.6389705847907763e-13
3.63916029259963e-13
3.6393488496804507e-13
3.6395362668407945e-13
3.639722554870876e-13
3.639907724543593e-13
3.640091786614186e-13
3.6402747518200106e-13
3.640456630880579e-13
3.640637434497148e-13
3.640817173352764e-13
3.6409958581119077e-13
3.6411734994204546e-13
3.6413501079054564e-13
3.641525694174936e-13
3.6417002688177694e-13
3.6418738424035135e-13
3.642046425482224e-13
3.6422180285843935e-13
3.642388662220589e-13
3.6425583368814613e-13
3.6427270630375484e-13
3.6428948511390686e-13
3.6430617116157606e-13
3.6432276548768846e-13
3.6433926913108164e-13
3.643556831285153e-13
3.6437200851463007e-13
3.6438824632195744e-13
3.644043975808909e-13
3.644204633196638e-13
3.644364445643567e-13
3.6445234233885766e-13
3.64468157664873e-13
3.644838915618985e-13
3.6449954504719823e-13
3.645151191358118e-13
3.645306148405185e-13
3.645460331718291e-13
3.645613751379924e-13
3.6457664174495103e-13
3.645918339963433e-13
3.646069528934889e-13
3.64621999435382e-13
3.646369746186665e-13
3.646518794376293e-13
3.6466671488417865e-13
3.6468148194784773e-13
3.6469618161577036e-13
3.647108148726681e-13
3.6472538270083714e-13
3.647398860801482e-13
3.647543259880244e-13
3.647687033994213e-13
3.6478301928682483e-13
3.647972746202485e-13
3.648114703672064e-13
3.6482560749270206e-13
3.6483968695922175e-13
3.648537097267332e-13
3.648676767526435e-13
3.648815889918279e-13
3.648954473965888e-13
3.649092529166621e-13
3.6492300649918704e-13
3.6493670908871637e-13
3.6495036162719574e-13
3.6496396505395357e-13
3.6497752030569495e-13
3.649910283164811e-13
3.6500449001772915e-13
3.6501790633819364e-13
3.650312782039707e-13
3.6504460653847753e-13
3.6505789226243624e-13
3.6507113629387906e-13
3.6508433954813123e-13
3.6509750293779975e-13
3.651106273727647e-13
3.6512371376018183e-13
3.651367630044584e-13
3.651497760072434e-13
3.6516275366743535e-13
3.651756968811531e-13
3.651886065417453e-13
3.6520148353977164e-13
3.652143287629861e-13
3.652271430963547e-13
3.652399274220232e-13
3.652526826193293e-13
3.6526540956476004e-13
3.652781091319856e-13
3.652907821918291e-13
3.6530342961225446e-13
3.653160522583747e-13
3.6532865099243134e-13
3.6534122667380117e-13
3.653537801589762e-13
3.6536631230155463e-13
3.653788239522488e-13
3.6539131595886817e-13
3.6540378916630107e-13
3.654162444165353e-13
3.6542868254863437e-13
3.654411043987286e-13
3.654535108000196e-13
3.654659025827642e-13
3.6547828057427083e-13
3.6549064559890095e-13
3.6550299847804783e-13
3.6551534003015236e-13
3.655276710706753e-13
3.6553999241210576e-13
3.6555230486394383e-13
3.655646092327123e-13
3.655769063219322e-13
3.655891969321387e-13
3.656014818608541e-13
3.656137619025876e-13
3.656260378488512e-13
3.656383104881333e-13
3.6565058060589736e-13
3.656628489845795e-13
3.6567511640358695e-13
3.656873836392906e-13
3.656996514650233e-13
3.657119206510632e-13
3.6572419196465174e-13
3.6573646616997434e-13
3.6574874402816075e-13
3.6576102629727637e-13
3.657733137323289e-13
3.657856070852503e-13
3.657979071049105e-13
3.658102145370935e-13
3.658225301245171e-13
3.6583485460681146e-13
3.658471887205223e-13
3.65859533199115e-13
3.658718887729581e-13
3.658842561693241e-13
3.658966361124006e-13
3.6590902932326664e-13
3.6592143651990436e-13
3.659338584171935e-13
3.659462957269026e-13
3.6595874915770044e-13
3.659712194151377e-13
3.6598370720165887e-13
3.659962132165831e-13
3.660087381561268e-13
3.6602128271338284e-13
3.660338475783252e-13
3.660464334378007e-13
3.6605904097553864e-13
3.6607167087214375e-13
3.660843238050845e-13
3.6609700044872535e-13
3.661097014742752e-13
3.661224275498326e-13
3.661351793403667e-13
3.661479575076982e-13
3.661607627105279e-13
3.6617359560441943e-13
3.66186456841811e-13
3.6619934707199285e-13
3.6621226694113216e-13
3.662252170922561e-13
3.6623819816525644e-13
3.662512107968917e-13
3.662642556207812e-13
3.662773332674137e-13
3.6629044436413975e-13
3.6630358953517184e-13
3.663167694015888e-13
3.6632998458133426e-13
3.6634323568921584e-13
3.66356523336912e-13
3.66369848132957e-13
3.6638321068276395e-13
3.663966115886099e-13
3.6641005144963547e-13
3.66423530861853e-13
3.6643705041814673e-13
3.6645061070827006e-13
3.664642123188448e-13
3.6647785583336976e-13
3.664915418322242e-13
3.665052708926612e-13
3.6651904358879777e-13
3.665328604916467e-13
3.6654672216908953e-13
3.6656062918590045e-13
3.665745821037244e-13
3.66588581481106e-13
3.666026278734622e-13
3.666167218331158e-13
3.6663086390926754e-13
3.666450546480153e-13
3.666592945923501e-13
3.6667358428216714e-13
3.666879242542602e-13
3.6670231504232064e-13
3.6671675717695036e-13
3.667312511856521e-13
3.6674579759284815e-13
3.667603969198649e-13
3.66775049684949e-13
3.6678975640325874e-13
3.668045175868806e-13
3.668193337448229e-13
3.668342053830202e-13
3.6684913300433663e-13
3.6686411710857137e-13
3.6687915819245375e-13
3.668942567496632e-13
3.66909413270815e-13
3.6692462824347334e-13
3.6693990215215103e-13
3.6695523547831243e-13
3.669706287003843e-13
3.66986082293751e-13
3.670015967307635e-13
3.670171724807321e-13
3.670328100099473e-13
3.6704850978167946e-13
3.6706427225616905e-13
3.670800978906472e-13
3.670959871393265e-13
3.671119404534214e-13
3.6712795828113205e-13
3.671440410676701e-13
3.6716018925524604e-13
3.6717640328308394e-13
3.6719268358741335e-13
3.672090306014885e-13
3.6722544475558403e-13
3.672419264770059e-13
3.67258476190089e-13
3.672750943162063e-13
3.672917812737744e-13
3.673085374782567e-13
3.6732536334216216e-13
3.673422592750628e-13
3.6735922568359083e-13
3.6737626297144045e-13
3.673933715393885e-13
3.674105517852768e-13
3.6742780410403154e-13
3.6744512888767545e-13
3.674625265253146e-13
3.6747999740315393e-13
3.6749754190450184e-13
3.675151604097874e-13
3.6753285329654247e-13
3.675506209394142e-13
3.6756846371018673e-13
3.675863819777763e-13
3.676043761082288e-13
3.6762244646472887e-13
3.676405934076253e-13
3.676588172944136e-13
3.6767711847974257e-13
3.6769549731543845e-13
3.677139541504964e-13
3.6773248933108905e-13
3.6775110320057555e-13
3.677697960995013e-13
3.677885683656156e-13
3.6780742033386033e-13
3.678263523363969e-13
3.678453647026001e-13
3.678644577590634e-13
3.678836318296092e-13
3.6790288723529855e-13
3.679222242944299e-13
3.679416433225508e-13
3.679611446324681e-13
3.6798072853424234e-13
3.680003953352029e-13
3.6802014533995454e-13
3.680399788503802e-13
3.6805989616565833e-13
3.6807989758225757e-13
3.6809998339394265e-13
3.6812015389179924e-13
3.681404093642127e-13
3.681607500969021e-13
3.681811763729126e-13
3.682016884726199e-13
3.68222286673746e-13
3.68242971251364e-13
3.6826374247790757e-13
3.6828460062316417e-13
3.6830554595430585e-13
3.6832657873586995e-13
3.6834769922979163e-13
3.683689076953904e-13
3.68390204389395e-13
3.6841158956593063e-13
3.68433063476552e-13
3.6845462637022216e-13
3.6847627849334506e-13
3.684980200897499e-13
3.685198514007293e-13
3.6854177266501406e-13
3.685637841187909e-13
3.685858859957282e-13
3.686080785269652e-13
3.6863036194112385e-13
3.686527364643057e-13
3.686752023201267e-13
3.68697759729704e-13
3.6872040891166673e-13
3.6874315008215983e-13
3.6876598345487386e-13
3.6878890924101604e-13
3.688119276493585e-13
3.6883503888621353e-13
3.688582431554569e-13
3.688815406585437e-13
3.6890493159448603e-13
3.689284161599017e-13
3.689519945489924e-13
3.6897566695355544e-13
3.689994335630085e-13
3.69023294564386e-13
3.69047250142342e-13
3.6907130047916805e-13
3.6909544575479516e-13
3.691196861468134e-13
3.6914402183046364e-13
3.691684529786673e-13
3.6919297976200176e-13
3.6921760234873905e-13
3.6924232090484985e-13
3.692671355940027e-13
3.692920465775732e-13
3.693170540146541e-13
3.693421580620713e-13
3.693673588743871e-13
3.693926566039013e-13
3.694180514006781e-13
3.6944354341253905e-13
3.694691327850782e-13
3.694948196616661e-13
3.695206041834703e-13
3.6954648648944865e-13
3.6957246671638027e-13
3.695985449988476e-13
3.6962472146926664e-13
3.69650996257891e-13
3.696773694928165e-13
3.6970384129999637e-13
3.6973041180324686e-13
3.697570811242554e-13
3.6978384938260294e-13
3.69810716695758e-13
3.698376831790933e-13
3.698647489458997e-13
3.6989191410738873e-13
3.6991917877271335e-13
3.6994654304896835e-13
3.699740070412107e-13
3.700015708524557e-13
3.700292345837098e-13
3.700569983339596e-13
3.700848622001968e-13
3.701128262774279e-13
3.7014089065868573e-13
3.701690554350377e-13
3.701973206955949e-13
3.702256865275493e-13
3.702541530161469e-13
3.702827202447347e-13
3.7031138829475266e-13
3.703401572457607e-13
3.703690271754519e-13
3.7039799815964983e-13
3.7042707027234387e-13
3.7045624358568905e-13
3.7048551817003977e-13
3.705148940939424e-13
3.7054437142417253e-13
3.705739502257333e-13
3.7060363056188664e-13
3.706334124941659e-13
3.706632960824043e-13
3.706932813847316e-13
3.7072336845761557e-13
3.707535573558707e-13
3.70783848132698e-13
3.708142408396895e-13
3.708447355268557e-13
3.708753322426561e-13
3.7090603103401994e-13
3.709368319463824e-13
3.709677350237092e-13
3.7099874030851886e-13
3.7102984784192617e-13
3.71061057663658e-13
3.710923698121193e-13
3.7112378432439497e-13
3.711553012363015e-13
3.711869205824313e-13
3.712186423961771e-13
3.712504667097947e-13
3.7128239355443517e-13
3.7131442296018704e-13
3.713465549561329e-13
3.713787895704018e-13
3.7141112683020604e-13
3.7144356676191433e-13
3.7147610939110223e-13
3.7150875474260726e-13
3.7154150284059993e-13
3.7157435370864175e-13
3.7160730736977357e-13
3.7164036384657696e-13
3.716735231612602e-13
3.7170678533575786e-13
3.717401503918083e-13
3.7177361835106363e-13
3.7180718923520107e-13
3.7184086306604766e-13
3.718746398656907e-13
3.719085196566311e-13
3.7194250246192125e-13
3.7197658830532984e-13
3.7201077721148937e-13
3.7204506920609665e-13
3.7207946431609014e-13
3.7211396256984767e-13
3.7214856399740084e-13
3.7218326863064916e-13
3.722180765036177e-13
3.72252987652675e-13
3.7228800211680177e-13
3.723231199378568e-13
3.7235834116087343e-13
3.723936658343207e-13
3.724290940104422e-13
3.724646257455486e-13
3.7250026110035904e-13
3.7253600014034844e-13
3.7257184293609517e-13
3.726077895636511e-13
3.7264384010494923e-13
3.7267999464819347e-13
3.7271625328828886e-13
3.727526161273054e-13
3.7278908327495984e-13
3.7282565484915277e-13
3.7286233097656175e-13
3.728991117932716e-13
3.729359974455187e-13
3.729729880905203e-13
3.730100838973553e-13
3.7304728504800433e-13
3.7308459173843543e-13
3.731220041798367e-13
3.731595225999313e-13
3.7319714724440373e-13
3.7323487837842287e-13
3.7327271628825803e-13
3.733106612829971e-13
3.7334871369634256e-13
3.733868738884993e-13
3.7342514224814195e-13
3.734635191944264e-13
3.735020051791266e-13
3.735406006887756e-13
3.735793062468843e-13
3.736181224162306e-13
3.7365704980117944e-13
3.7369608905004956e-13
3.7373524085754404e-13
3.737745059672094e-13
3.7381388517395395e-13
3.7385337932662766e-13
3.738929893306359e-13
3.739327161506599e-13
3.7397256081343587e-13
3.7401252441066803e-13
3.740526081020731e-13
3.740928131186328e-13
3.7413314076608926e-13
3.7417359242883915e-13
3.742141695743306e-13
3.7425487375826037e-13
3.7429570663087e-13
3.74336669944771e-13
3.7437776556456663e-13
3.744189954782917e-13
3.744603618106982e-13
3.7450186683806964e-13
3.7454351300433016e-13
3.745853029382e-13
3.746272394710861e-13
3.746693256555088e-13
3.747115647838032e-13
3.7475396040693145e-13
3.747965163532559e-13
3.7483923674709637e-13
3.748821260269919e-13
3.7492518896354276e-13
3.7496843067680566e-13
3.75011856653163e-13
3.750554727616526e-13
3.750992852697588e-13
3.7514330085868097e-13
3.7518752663812894e-13
3.7523197016069134e-13
3.7527663943591694e-13
3.7532154294418234e-13
3.753666896505904e-13
3.754120890190441e-13
3.7545775102679676e-13
3.755036861798743e-13
3.7554990552975005e-13
3.755964206919833e-13
3.756432438675566e-13
3.7569038786811174e-13
3.757378661466776e-13
3.757856928363379e-13
3.7583388280046544e-13
3.758824517002782e-13
3.7593141608881997e-13
3.7598079354492997e-13
3.7603060286186363e-13
3.76080864293413e-13
3.7613159984027417e-13
3.761828335490017e-13
3.762345917990264e-13
3.7628690356250376e-13
3.7633980063003105e-13
3.7639331780056667e-13
3.7644749303668717e-13
3.7650236758760047e-13
3.765579860829898e-13
3.7661439660074097e-13
3.7667165071182097e-13
3.767298035054009e-13
3.767889135972579e-13
3.7684904312449935e-13
3.7691025772947064e-13
3.7697262653588983e-13
3.7703622212020247e-13
3.7710112048128556e-13
3.7716740101187404e-13
3.7723514647522603e-13
3.773044429910347e-13
3.773753800351137e-13
3.7744805045812054e-13
3.7752255052966166e-13
3.7759898001571046e-13
3.776774422993758e-13
3.7775804455830846e-13
3.778408980167277e-13
3.779261182972696e-13
3.7801382590894634e-13
3.781041469253598e-13
3.781972139366211e-13
3.7829316740764895e-13
3.783921576598815e-13
3.7849434783395564e-13
3.7859991839163094e-13
3.787090738030133e-13
3.7882205123943374e-13
3.7893912904582176e-13
3.790606322828066e-13
3.791869343618929e-13
3.7931845552017746e-13
3.794556594146887e-13
3.79599048870446e-13
3.797491614113508e-13
3.799065649021817e-13
3.8007185345707543e-13
3.802456436827132e-13
3.8042857128406685e-13
3.806212880430208e-13
3.8082445917401024e-13
3.8103876105435365e-13
3.812648793311866e-13
3.815035074144632e-13
3.817553453704584e-13
3.8202109923656813e-13
3.8230148078656433e-13
3.825972077865686e-13
3.8290900479651817e-13
3.832376045915304e-13
3.835837503047292e-13
3.8394819843051184e-13
3.8433172288104936e-13
3.8473512036636705e-13
3.851592174835547e-13
3.8560488007529476e-13
3.860730256892653e-13
3.8656464040293676e-13
3.870808019887048e-13
3.876227125919677e-13
3.881917461642912e-13
3.887895195176508e-13
3.894180020883869e-13
3.9007968885280266e-13
3.907778665248138e-13
3.915169603902333e-13
3.923027642789942e-13
3.9314228635300133e-13
3.940432680194817e-13
3.9501365431972703e-13
3.960612052396687e-13
3.9719327644768453e-13
3.9841672255651424e-13
3.997378712573981e-13
4.011625338510452e-13
4.026960333594825e-13
4.04343240996653e-13
4.0610861679821543e-13
4.0799625266371467e-13
4.1000991724390004e-13
4.1215310143514033e-13
4.1442906618812844e-13
4.1684089324994416e-13
4.1939153964240887e-13
4.2208389694335305e-13
4.2492085677511e-13
4.279053843603199e-13
4.310406026384772e-13
4.3432989033406054e-13
4.3777699866066455e-13
4.4138619324385006e-13
4.451624306837126e-13
4.491115835104056e-13
4.5324073404782085e-13
4.575585685117021e-13
4.620759204029575e-13
4.668065421294672e-13
4.717682354421944e-13
4.769845626342205e-13
4.824875239959294e-13
4.883218743206726e-13
4.945521987671632e-13
5.012741976395445e-13
5.086296118382242e-13
5.168114510807882e-13
5.260298456305425e-13
5.364539912232601e-13
5.481796447168039e-13
5.612345281882424e-13
5.756008587286382e-13
5.912364139030463e-13
6.080883357634893e-13
6.261007685864352e-13
6.4521875251907e-13
6.653901702699633e-13
6.86566767726204e-13
7.087047654136497e-13
7.3176531109648e-13
7.557148296920386e-13
7.805253532533178e-13
8.061750486351682e-13
8.326488458039299e-13
8.599392031058973e-13
8.880470536945533e-13
9.169829911471444e-13
9.467687734162643e-13
9.774392555863345e-13
1.0090449084687796e-12
1.0416551501878201e-12
1.0753628253774676e-12
1.1102903347091656e-12
1.1465981863183702e-12
1.1844971810357314e-12
1.2242661828073981e-12
1.2662786997579854e-12
1.3110437519165153e-12
1.3592705631441978e-12
1.4119740270313615e-12
1.4706512004432962e-12
1.537580595596264e-12
1.6163155596748232e-12
1.7123629450598325e-12
1.8333609376552708e-12
1.9860575415051135e-12
2.170285935963909e-12
2.3782699533246058e-12
2.5996716694417325e-12
2.8260589329076596e-12
3.0521575874466832e-12
3.275205677088292e-12
3.4939732751108763e-12
3.708052036546396e-12
3.917452160425526e-12
4.122400021293554e-12
4.323243758779331e-12
4.520412155731136e-12
4.7143990906610465e-12
4.90576055491554e-12
5.09509439628947e-12
5.283072758147869e-12
5.4704547755319974e-12
5.6581019660241915e-12
5.8469983213843155e-12
6.038276448563411e-12
6.233251782176343e-12
6.43346780445153e-12
6.640756532872178e-12
6.857320523364449e-12
7.0858456958963676e-12
7.329659102483877e-12
7.592953498198519e-12
7.881113308275458e-12
8.20119802521503e-12
8.562676058567684e-12
8.97856743635633e-12
9.467271960100975e-12
1.0055576954238704e-11
1.0783740994909503e-11
1.1714271779132626e-11
1.294713841373654e-11
1.4644827349653615e-11
1.70638273846933e-11
2.0537752811007156e-11
2.5177185498401575e-11
3.027063257162199e-11
3.465264899912205e-11
3.7669928207648844e-11
3.9394777722222835e-11
4.022322645379188e-11
4.052897763878771e-11
4.0556875680231847e-11
4.044188524978342e-11
4.025194372689625e-11
4.001971376014385e-11
3.9760577665457035e-11
3.948170096756532e-11
3.918635292422254e-11
3.887592429810481e-11
3.855087134653029e-11
3.821116547173697e-11
3.785651421515618e-11
3.748647465502116e-11
3.7100514770278334e-11
3.6698048685041345e-11
3.627845763851547e-11
3.584108504118459e-11
3.538530060448972e-11
3.491047216653765e-11
3.441596512407817e-11
3.390114259526123e-11
3.336536270118043e-11
3.280797257739128e-11
3.222829851713058e-11
3.162563141800879e-11
3.0999206418480685e-11
3.034817523220714e-11
2.967156917245282e-11
2.8968250147237227e-11
2.8236845920906934e-11
2.7475664612608213e-11
2.6682581617099965e-11
2.585488987811902e-11
2.4989101856738167e-11
2.408068919980227e-11
2.3123745404849247e-11
2.2110559328733797e-11
2.1031086942820654e-11
1.9872237115553032e-11
1.8616302569023638e-11
1.7234233076138792e-11
1.564959398732885e-11
1.3568411841979538e-11
1.0082297758320173e-11
4.345586520020406e-12
-2.6369498544346174e-12
-8.899608187998e-12
-1.33850061718764e-11
-1.619168166254845e-11
-1.7868498832066663e-11
-1.8908468809989832e-11
-1.962087780263439e-11
-2.016947867442666e-11
-2.0633204659413358e-11
-2.1047957840070957e-11
-2.1429316204656736e-11
-2.1783622771350537e-11
-2.211312879592659e-11
-2.241832513075103e-11
-2.2698990175194655e-11
-2.2954658843231296e-11
-2.3184829976369813e-11
-2.338905483342005e-11
-2.356697131514996e-11
-2.3718313671543422e-11
-2.3842911591518945e-11
-2.3940685236445786e-11
-2.4011639302874413e-11
-2.4055858096018288e-11
-2.4073501121059326e-11
-2.4064799502656177e-11
-2.4030053528434293e-11
-2.3969631155770678e-11
-2.3883967277362867e-11
-2.377356352829241e-11
-2.3638988421984008e-11
-2.348087761727239e-11
-2.329993413939738e-11
-2.3096928401557565e-11
-2.287269789889945e-11
-2.262814647235941e-11
-2.2364243064863598e-11
-2.2082019916930984e-11
-2.1782570173121673e-11
-2.146704489654595e-11
-2.1136649518298032e-11
-2.0792639786457892e-11
-2.0436317330851158e-11
-2.0069025032695966e-11
-1.969214249059444e-11
-1.9307082012744942e-11
-1.891528573898255e-11
-1.851822468604783e-11
-1.811740065605105e-11
-1.7714351917488086e-11
-1.7310663109650313e-11
-1.69079785538588e-11
-1.650801568727693e-11
-1.6112571685196286e-11
-1.5723512691383192e-11
-1.534273430531763e-11
-1.497208750689228e-11
-1.4613276525148488e-11
-1.4267748827135604e-11
-1.3936603578360522e-11
-1.3620539017145068e-11
-1.3319845185408117e-11
-1.3034434850925869e-11
-1.276389814107908e-11
-1.2507565994288464e-11
-1.2264571351848315e-11
-1.2033902012456716e-11
-1.181444329651657e-11
-1.1605011367603399e-11
-1.1404379281023826e-11
-1.1211297985755732e-11
-1.1024514076991227e-11
-1.0842842301952751e-11
-1.0665163838171545e-11
-1.0490373696875128e-11
-1.0317393094292729e-11
-1.0145180038834209e-11
-9.972738020379668e-12
-9.799122759267819e-12
-9.623447088342286e-12
-9.444884197503233e-12
-9.262669678741289e-12
-9.076103090965684e-12
-8.88455013402258e-12
-8.68744697193141e-12
-8.484308715268706e-12
-8.274744410683473e-12
-8.058480817831618e-12
-7.835396385186976e-12
-7.605564739917189e-12
-7.369303469080035e-12
-7.127219388831543e-12
-6.880237275748623e-12
-6.6295975319402684e-12
-6.376811870406544e-12
-6.123575533700317e-12
-5.8716473287979465e-12
-5.6227196380131936e-12
-5.378304269394655e-12
-5.1396545812440985e-12
-4.907732456527357e-12
-4.6832159744516564e-12
-4.466535020329868e-12
-4.2578344668994926e-12
-4.057016028312211e-12
