0.0
7.286752014489049e-44
1.4119083148963649e-19
5.557935345680405e-19
1.3675949079319079e-18
2.6924407461994586e-18
4.638695504274267e-18
7.307671571376183e-18
1.0794030753349361e-17
1.51861601751238e-17
2.0566524615615794e-17
2.701199706021253e-17
3.459416904805093e-17
4.3379642313871787e-17
5.343030308868715e-17
6.480358020259984e-17
7.755268819629224e-17
9.172685643833716e-17
1.0737154517122789e-16
1.2452864938281813e-16
1.4323669130306718e-16
1.6353100224177522e-16
1.8544389447208316e-16
2.090048237940934e-16
2.34240543304729e-16
2.6117524898528674e-16
2.8983071755069214e-16
3.202264370546889e-16
3.5237973066451046e-16
3.863058739934477e-16
4.2201820640098194e-16
4.595282365628804e-16
4.988457426504971e-16
5.3997886742911765e-16
5.829342085388861e-16
6.277169042430662e-16
6.743307148445637e-16
7.227781000783844e-16
7.730602926019656e-16
8.25177367854587e-16
8.791283104675921e-16
9.349110773577773e-16
9.92522657732122e-16
1.0519591301127008e-15
1.1132157165859965e-15
1.1762868343393822e-15
1.2411661447070103e-15
1.3078465997649967e-15
1.376320486676041e-15
1.4465794698209613e-15
1.5186146308875356e-15
1.5924165069448472e-15
1.667975126686626e-15
1.7452800448604898e-15
1.824320374996828e-15
1.9050848205219377e-15
1.987561704328796e-15
2.071738996870037e-15
2.157604342851294e-15
2.2451450865953244e-15
2.334348296129861e-15
2.4252007860627186e-15
2.517689139298293e-15
2.6117997276445035e-15
2.707518731393202e-15
2.8048321578752705e-15
2.903725859067205e-15
3.0041855482980354e-15
3.1061968160753713e-15
3.2097451450869706e-15
3.3148159244145394e-15
3.421394462988628e-15
3.5294660023412532e-15
3.6390157286534765e-15
3.7500287841853206e-15
3.8624902780400255e-15
3.9763852963602155e-15
4.091698911952203e-15
4.208416193401624e-15
4.326522213612737e-15
4.4460020579159065e-15
4.566840831691625e-15
4.689023667536078e-15
4.812535732013612e-15
4.937362232027783e-15
5.0634884207564546e-15
5.1908996032778126e-15
5.3195811418126865e-15
5.449518460637521e-15
5.580697050712157e-15
5.713102473951181e-15
5.846720367262864e-15
5.981536446304895e-15
6.117536508947466e-15
6.254706438529589e-15
6.393032206854413e-15
6.532499876988959e-15
6.673095605820281e-15
6.814805646435766e-15
6.957616350297724e-15
7.101514169246644e-15
7.246485657323399e-15
7.392517472432707e-15
7.539596377850334e-15
7.687709243579798e-15
7.83684304758039e-15
7.986984876844349e-15
8.13812192836187e-15
8.290241509960875e-15
8.44333104105196e-15
8.597378053230805e-15
8.752370190814262e-15
8.908295211271457e-15
9.065140985537958e-15
9.222895498287744e-15
9.381546848100575e-15
9.54108324755567e-15
9.701493023253158e-15
9.862764615777325e-15
1.0024886579573064e-14
1.018784758279693e-14
1.0351636407084386e-14
1.0516241947265075e-14
1.068165321105732e-14
1.084785931867101e-14
1.1014849502413684e-14
1.118261310621193e-14
1.1351139585131337e-14
1.1520418504845628e-14
1.1690439541046301e-14
1.1861192478888106e-14
1.2032667212322605e-14
1.2204853743488276e-14
1.2377742181988532e-14
1.2551322744234458e-14
1.2725585752701201e-14
1.2900521635188764e-14
1.3076120924078445e-14
1.3252374255542395e-14
1.3429272368757323e-14
1.360680610512454e-14
1.3784966407424686e-14
1.3963744319004957e-14
1.4143130982941517e-14
1.432311764120423e-14
1.450369563379467e-14
1.468485639789143e-14
1.486659146698647e-14
1.504889247000637e-14
1.523175113044978e-14
1.541515926551484e-14
1.559910878520983e-14
1.5783591691465627e-14
1.5968600077276322e-14
1.6154126125797826e-14
1.6340162109468034e-14
1.6526700389130062e-14
1.6713733413148865e-14
1.6901253716538107e-14
1.7089253920069137e-14
1.7277726729404685e-14
1.74666649342328e-14
1.765606140739327e-14
1.7845909104004042e-14
1.803620106062074e-14
1.8226930394356236e-14
1.8418090302050775e-14
1.8609674059408472e-14
1.8801675020166122e-14
1.8994086615250675e-14
1.9186902351956873e-14
1.938011581310301e-14
1.957372065623025e-14
1.9767710612785718e-14
1.9962079487313623e-14
2.015682115664777e-14
2.035192956912405e-14
2.0547398743794307e-14
2.0743222769637147e-14
2.0939395804796387e-14
2.113591207579952e-14
2.1332765876812475e-14
2.152995156887256e-14
2.1727463579148524e-14
2.1925296400195002e-14
2.2123444589239353e-14
2.2321902767431342e-14
2.2520665619138363e-14
2.2719727891235255e-14
2.291908439240213e-14
2.3118729992425463e-14
2.3318659621506377e-14
2.3518868269581516e-14
2.3719350985651916e-14
2.3920102877112136e-14
2.4121119109085478e-14
2.4322394903776405e-14
2.4523925539832764e-14
2.4725706351690583e-14
2.4927732728950165e-14
2.5130000115762608e-14
2.5332504010187944e-14
2.5535239963603778e-14
2.57382035800893e-14
2.5941390515839437e-14
2.6144796478576034e-14
2.6348417226937934e-14
2.6552248569943074e-14
2.6756286366394318e-14
2.6960526524310155e-14
2.7164965000394178e-14
2.7369597799454936e-14
2.7574420973887018e-14
2.7779430623112082e-14
2.7984622893072386e-14
2.8189993975667786e-14
2.8395540108280776e-14
2.860125757323482e-14
2.880714269729302e-14
2.901319185116417e-14
2.921940144899922e-14
2.942576794790523e-14
2.9632287847473505e-14
2.9838957689283334e-14
3.004577405643869e-14
3.0252733573110594e-14
3.0459832904056126e-14
3.066706875418532e-14
3.087443786810063e-14
3.108193702965029e-14
3.1289563061498096e-14
3.1497312824673975e-14
3.170518321817257e-14
3.1913171178493673e-14
3.2121273679259087e-14
3.232948773077711e-14
3.253781037963865e-14
3.2746238708310787e-14
3.295476983475394e-14
3.3163400912010197e-14
3.337212912781827e-14
3.358095170423044e-14
3.3789865897231347e-14
3.3998868996361895e-14
3.420795832435128e-14
3.441713123674738e-14
3.462638512155057e-14
3.483571739886565e-14
3.5045125520538293e-14
3.525460696980211e-14
3.546415926094898e-14
3.567377993897149e-14
3.588346657923302e-14
3.60932167871233e-14
3.6303028197747807e-14
3.651289847559042e-14
3.6722825314185095e-14
3.693280643580496e-14
3.7142839591154345e-14
3.735292255903808e-14
3.756305314607146e-14
3.777322918637325e-14
3.798344854125483e-14
3.819370909893437e-14
3.8404008774242016e-14
3.86143455083235e-14
3.882471726835582e-14
3.9035122047266486e-14
3.924555786345818e-14
3.9456022760511655e-14
3.966651480693101e-14
3.987703209586351e-14
4.008757274483136e-14
4.0298134895482604e-14
4.050871671330575e-14
4.071931638738253e-14
4.092993213012892e-14
4.1140562177056304e-14
4.13512047864912e-14
4.156185823935823e-14
4.17725208389118e-14
4.198319091051756e-14
4.219386680138681e-14
4.240454688036501e-14
4.2615229537675223e-14
4.282591318470898e-14
4.3036596253774754e-14
4.3247277197880984e-14
4.3457954490527223e-14
4.36686266254582e-14
4.3879292116452126e-14
4.4089949497114294e-14
4.430059732064981e-14
4.4511234159662654e-14
4.472185860594395e-14
4.493246927024774e-14
4.514306478211335e-14
4.535364378963345e-14
4.5564204959283914e-14
4.5774746975703356e-14
4.598526854149063e-14
4.6195768377042664e-14
4.640624522033151e-14
4.66166978267147e-14
4.682712496876898e-14
4.703752543609142e-14
4.724789803510818e-14
4.745824158890415e-14
4.7668554937033856e-14
4.7878836935349575e-14
4.80890864558169e-14
4.8299302386350516e-14
4.8509483630628034e-14
4.871962910793062e-14
4.89297377529696e-14
4.9139808515712455e-14
4.9349840361224466e-14
4.955983226950783e-14
4.9769783235325545e-14
4.997969226806119e-14
5.0189558391534806e-14
5.039938064386595e-14
5.0609158077299974e-14
5.081888975807583e-14
5.102857476625559e-14
5.1238212195579335e-14
5.1447801153317814e-14
5.1657340760117095e-14
5.186683014986171e-14
5.2076268469522526e-14
5.228565487901134e-14
5.2494988551042387e-14
5.270426867100507e-14
5.291349443679688e-14
5.312266505870949e-14
5.333177975927375e-14
5.354083777313968e-14
5.374983834694153e-14
5.395878073915637e-14
5.416766421997541e-14
5.437648807117536e-14
5.458525158599222e-14
5.479395406900097e-14
5.500259483597085e-14
5.5211173213760564e-14
5.541968854017953e-14
5.56281401638668e-14
5.583652744418889e-14
5.604484975110136e-14
5.62531064650302e-14
5.646129697676495e-14
5.6669420687337766e-14
5.687747700790349e-14
5.708546535963655e-14
5.729338517360374e-14
5.750123589066987e-14
5.770901696137109e-14
5.791672784581461e-14
5.812436801356714e-14
5.833193694355121e-14
5.853943412393013e-14
5.874685905201883e-14
5.895421123415608e-14
5.916149018562322e-14
5.936869543053218e-14
5.95758265017287e-14
5.97828829406851e-14
5.998986429740699e-14
6.019677013032789e-14
6.040360000622153e-14
6.061035350010722e-14
6.081703019513567e-14
6.102362968251862e-14
6.123015156141861e-14
6.14365954388642e-14
6.164296092965526e-14
6.184924765627477e-14
6.205545524879279e-14
6.226158334478002e-14
6.246763158922788e-14
6.267359963445411e-14
6.287948714001768e-14
6.30852937726219e-14
6.329101920605287e-14
6.349666312106967e-14
6.370222520535028e-14
6.390770515337704e-14
6.411310266638524e-14
6.431841745225598e-14
6.452364922545999e-14
6.472879770695551e-14
6.49338626241327e-14
6.513884371071575e-14
6.534374070670298e-14
6.554855335827702e-14
6.575328141773311e-14
6.595792464341195e-14
6.616248279961635e-14
6.636695565654458e-14
6.65713429902099e-14
6.677564458238392e-14
6.697986022050593e-14
6.718398969762612e-14
6.738803281233384e-14
6.759198936868738e-14
6.779585917613629e-14
6.799964204946817e-14
6.820333780873327e-14
6.840694627918795e-14
6.861046729120956e-14
6.881390068025296e-14
6.901724628676821e-14
6.922050395615387e-14
6.942367353867478e-14
6.962675488941363e-14
6.982974786820907e-14
7.003265233958615e-14
7.023546817269764e-14
7.043819524126474e-14
7.064083342352596e-14
7.08433826021575e-14
7.1045842664245e-14
7.124821350119706e-14
7.145049500869542e-14
7.165268708664738e-14
7.185478963913188e-14
7.205680257432496e-14
7.225872580446422e-14
7.246055924578237e-14
7.266230281845632e-14
7.286395644655043e-14
7.306552005797698e-14
7.326699358443069e-14
7.346837696134209e-14
7.36696701278226e-14
7.38708730266143e-14
7.407198560404403e-14
7.427300780996454e-14
7.447393959772511e-14
7.46747809240938e-14
7.487553174923051e-14
7.50761920366256e-14
7.527676175307001e-14
7.547724086859405e-14
7.567762935642412e-14
7.587792719294038e-14
7.607813435761727e-14
7.627825083300218e-14
7.647827660464621e-14
7.667821166108217e-14
7.687805599376036e-14
7.70778095970277e-14
7.727747246805713e-14
7.74770446068325e-14
7.767652601608876e-14
7.787591670128045e-14
7.807521667053053e-14
7.827442593459288e-14
7.847354450682548e-14
7.867257240313145e-14
7.887150964192713e-14
7.907035624410686e-14
7.92691122330005e-14
7.946777763433289e-14
7.966635247619211e-14
7.986483678898349e-14
8.006323060540317e-14
8.02615339603896e-14
8.045974689109453e-14
8.065786943684746e-14
8.085590163911633e-14
8.105384354147442e-14
8.125169518956644e-14
8.144945663106761e-14
8.164712791566535e-14
8.184470909500309e-14
8.204220022266377e-14
8.223960135412727e-14
8.243691254674377e-14
8.263413385970384e-14
8.283126535399611e-14
8.30283070923826e-14
8.322525913936186e-14
8.342212156115503e-14
8.361889442564709e-14
8.381557780237911e-14
8.401217176250496e-14
8.420867637876758e-14
8.440509172547983e-14
8.460141787847133e-14
8.479765491508027e-14
8.499380291411052e-14
8.518986195581295e-14
8.538583212186106e-14
8.55817134953089e-14
8.577750616057395e-14
8.597321020340598e-14
8.616882571086475e-14
8.636435277129936e-14
8.65597914742993e-14
8.675514191069015e-14
8.695040417250299e-14
8.714557835294533e-14
8.734066454637755e-14
8.753566284828572e-14
8.77305733552677e-14
8.792539616499399e-14
8.812013137619385e-14
8.831477908862018e-14
8.850933940305522e-14
8.870381242124133e-14
8.889819824590968e-14
8.909249698070835e-14
8.928670873021855e-14
8.948083359990634e-14
8.96748716961247e-14
8.986882312606395e-14
9.006268799775317e-14
9.025646642003418e-14
9.045015850252919e-14
9.064376435563546e-14
9.08372840904906e-14
9.103071781896431e-14
9.122406565363458e-14
9.141732770776874e-14
9.161050409529952e-14
9.180359493079827e-14
9.199660032948836e-14
9.218952040718618e-14
9.238235528030133e-14
9.25751050658337e-14
9.276776988131781e-14
9.296034984484328e-14
9.315284507500517e-14
9.334525569091103e-14
9.353758181215199e-14
9.372982355878389e-14
9.392198105131925e-14
9.411405441069793e-14
9.43060437582843e-14
9.449794921584327e-14
9.468977090551913e-14
9.48815089498324e-14
9.507316347165332e-14
9.526473459419397e-14
9.54562224409895e-14
9.56476271358764e-14
9.583894880299039e-14
9.603018756673914e-14
9.622134355180537e-14
9.641241688310368e-14
9.660340768579716e-14
9.679431608526473e-14
9.698514220709582e-14
9.71758861770642e-14
9.736654812112502e-14
9.755712816540376e-14
9.774762643618315e-14
9.793804305987673e-14
9.812837816302579e-14
9.831863187228592e-14
9.850880431442496e-14
9.869889561627957e-14
9.888890590477948e-14
9.907883530692366e-14
9.926868394974546e-14
9.945845196033898e-14
9.964813946580648e-14
9.983774659329492e-14
1.0002727346993486e-13
1.0021672022286478e-13
1.0040608697920107e-13
1.0059537386603874e-13
1.0078458101043753e-13
1.0097370853940885e-13
1.0116275657990737e-13
1.0135172525881559e-13
1.0154061470294625e-13
1.0172942503901273e-13
1.0191815639363759e-13
1.0210680889333834e-13
1.0229538266450728e-13
1.0248387783341312e-13
1.0267229452619084e-13
1.0286063286883103e-13
1.0304889298717147e-13
1.0323707500687348e-13
1.0342517905344611e-13
1.0361320525220544e-13
1.0380115372828078e-13
1.0398902460660848e-13
1.0417681801191922e-13
1.0436453406871906e-13
1.0455217290130025e-13
1.0473973463373048e-13
1.0492721938982876e-13
1.051146272931736e-13
1.0530195846709246e-13
1.0548921303465063e-13
1.0567639111864391e-13
1.0586349284159234e-13
1.0605051832573856e-13
1.0623746769303386e-13
1.0642434106513565e-13
1.0661113856339145e-13
1.0679786030885236e-13
1.0698450642223554e-13
1.0717107702394838e-13
1.0735757223406982e-13
1.075439921723341e-13
1.0773033695814196e-13
1.0791660671054675e-13
1.0810280154824414e-13
1.0828892158957203e-13
1.084749669525052e-13
1.086609377546393e-13
1.0884683411320429e-13
1.0903265614504847e-13
1.0921840396662745e-13
1.0940407769400221e-13
1.0958967744284105e-13
1.0977520332841458e-13
1.0996065546556953e-13
1.1014603396875184e-13
1.1033133895199107e-13
1.1051657052888765e-13
1.1070172881262009e-13
1.1088681391592665e-13
1.1107182595112403e-13
1.1125676503007816e-13
1.1144163126420907e-13
1.1162642476449476e-13
1.1181114564145604e-13
1.1199579400515283e-13
1.121803699651916e-13
1.1236487363070121e-13
1.1254930511035714e-13
1.1273366451234956e-13
1.1291795194440169e-13
1.1310216751374625e-13
1.1328631132713849e-13
1.134703834908486e-13
1.1365438411064535e-13
1.1383831329181719e-13
1.1402217113914405e-13
1.1420595775691195e-13
1.1438967324890077e-13
1.1457331771838636e-13
1.147568912681304e-13
1.1494039400038472e-13
1.1512382601689013e-13
1.153071874188621e-13
1.1549047830699884e-13
1.1567369878147631e-13
1.1585684894194032e-13
1.1603992888751395e-13
1.1622293871677984e-13
1.1640587852779798e-13
1.1658874841808495e-13
1.1677154848462693e-13
1.1695427882385876e-13
1.1713693953168255e-13
1.1731953070345672e-13
1.1750205243398562e-13
1.1768450481753019e-13
1.178668879477974e-13
1.1804920191795093e-13
1.1823144682058947e-13
1.1841362274776371e-13
1.1859572979096147e-13
1.1877776804110957e-13
1.1895973758858323e-13
1.1914163852319035e-13
1.193234709341745e-13
1.1950523491022285e-13
1.196869305394367e-13
1.198685579093718e-13
1.2005011710699781e-13
1.202316082187232e-13
1.2041303133038651e-13
1.205943865272434e-13
1.20775673893988e-13
1.2095689351472878e-13
1.2113804547300748e-13
1.2131912985178303e-13
1.215001467334396e-13
1.2168109619978365e-13
1.2186197833204194e-13
1.2204279321086118e-13
1.2222354091630779e-13
1.2240422152786316e-13
1.2258483512442862e-13
1.2276538178433384e-13
1.2294586158530445e-13
1.2312627460450204e-13
1.2330662091848755e-13
1.2348690060325237e-13
1.2366711373419784e-13
1.2384726038613465e-13
1.24027340633289e-13
1.2420735454931194e-13
1.2438730220725444e-13
1.245671836795848e-13
1.2474699903819184e-13
1.2492674835437693e-13
1.2510643169884602e-13
1.252860491417255e-13
1.2546560075254673e-13
1.256450866002718e-13
1.258245067532572e-13
1.2600386127928549e-13
1.2618315024554382e-13
1.2636237371863752e-13
1.2654153176458996e-13
1.2672062444883477e-13
1.2689965183621607e-13
1.2707861399099046e-13
1.27257510976841e-13
1.274363428568611e-13
1.2761510969355722e-13
1.2779381154885426e-13
1.2797244848408993e-13
1.2815102056002074e-13
1.2832952783682421e-13
1.2850797037408832e-13
1.2868634823082772e-13
1.2886466146547325e-13
1.2904291013587372e-13
1.2922109429929466e-13
1.293992140124279e-13
1.2957726933138958e-13
1.2975526031171435e-13
1.2993318700835309e-13
1.301110494756893e-13
1.3028884776752728e-13
1.3046658193710155e-13
1.3064425203706538e-13
1.3082185811950945e-13
1.3099940023593858e-13
1.3117687843729246e-13
1.3135429277394565e-13
1.315316432956951e-13
1.3170893005177505e-13
1.318861530908498e-13
1.3206331246101105e-13
1.3224040820980149e-13
1.3241744038418333e-13
1.325944090305596e-13
1.3277131419477362e-13
1.329481559221153e-13
1.3312493425729369e-13
1.3330164924448016e-13
1.3347830092727886e-13
1.3365488934872954e-13
1.3383141455133444e-13
1.3400787657702555e-13
1.341842754671899e-13
1.3436061126266053e-13
1.3453688400372744e-13
1.3471309373011943e-13
1.3488924048102484e-13
1.3506532429508662e-13
1.3524134521039717e-13
1.354173032645086e-13
1.355931984944329e-13
1.3576903093662894e-13
1.3594480062703435e-13
1.3612050760103862e-13
1.3629615189349138e-13
1.3647173353871327e-13
1.3664725257049027e-13
1.368227090220687e-13
1.3699810292617362e-13
1.3717343431499876e-13
1.3734870322020567e-13
1.3752390967293788e-13
1.3769905370379963e-13
1.3787413534288948e-13
1.3804915461976729e-13
1.3822411156348497e-13
1.383990062025737e-13
1.3857383856504661e-13
1.3874860867839616e-13
1.3892331656961277e-13
1.3909796226516622e-13
1.3927254579102156e-13
1.3944706717262345e-13
1.3962152643492265e-13
1.3979592360236525e-13
1.3997025869887977e-13
1.4014453174791145e-13
1.403187427723906e-13
1.4049289179475364e-13
1.4066697883694103e-13
1.4084100392039912e-13
1.4101496706607854e-13
1.4118886829444124e-13
1.4136270762546127e-13
1.4153648507861633e-13
1.4171020067290698e-13
1.4188385442684524e-13
1.4205744635846344e-13
1.422309764853087e-13
1.4240444482445548e-13
1.4257785139249394e-13
1.427511962055468e-13
1.429244792792577e-13
1.4309770062880282e-13
1.4327086026888482e-13
1.4344395821374185e-13
1.4361699447714636e-13
1.4378996907240384e-13
1.4396288201236174e-13
1.441357333093986e-13
1.4430852297544783e-13
1.444812510219821e-13
1.4465391746000793e-13
1.4482652230010014e-13
1.449990655523623e-13
1.451715472264665e-13
1.4534396733162671e-13
1.4551632587661495e-13
1.4568862286976135e-13
1.458608583189567e-13
1.4603303223165222e-13
1.4620514461486028e-13
1.4637719547515698e-13
1.465491848186892e-13
1.467211126511759e-13
1.4689297897789684e-13
1.4706478380371147e-13
1.4723652713305343e-13
1.4740820896993343e-13
1.475798293179419e-13
1.4775138818024634e-13
1.4792288555960474e-13
1.4809432145835235e-13
1.4826569587841457e-13
1.4843700882130256e-13
1.486082602881255e-13
1.4877945027957567e-13
1.4895057879595171e-13
1.491216458371432e-13
1.4929265140263258e-13
1.4946359549152026e-13
1.496344781024948e-13
1.498052992338536e-13
1.499760588835016e-13
1.5014675704896092e-13
1.5031739372735264e-13
1.5048796891541824e-13
1.5065848260951137e-13
1.5082893480560617e-13
1.5099932549929165e-13
1.5116965468578539e-13
1.5133992235992781e-13
1.5151012851617492e-13
1.5168027314861898e-13
1.5185035625098314e-13
1.520203778166197e-13
1.521903378385145e-13
1.5236023630929287e-13
1.525300732212113e-13
1.526998485661712e-13
1.528695623357157e-13
1.530392145210357e-13
1.5320880511296134e-13
1.533783341019731e-13
1.5354780147820142e-13
1.537172072314351e-13
1.538865513511132e-13
1.5405583382632744e-13
1.54225054645839e-13
1.5439421379805635e-13
1.545633112710626e-13
1.547323470525989e-13
1.5490132113007305e-13
1.550702334905703e-13
1.5523908412083634e-13
1.5540787300729982e-13
1.5557660013605342e-13
1.5574526549287747e-13
1.5591386906322155e-13
1.5608241083222613e-13
1.5625089078471394e-13
1.5641930890519093e-13
1.5658766517784828e-13
1.567559595865702e-13
1.5692419211493477e-13
1.570923627462083e-13
1.5726047146335546e-13
1.5742851824903518e-13
1.5759650308561522e-13
1.5776442595516019e-13
1.5793228683944387e-13
1.5810008571993418e-13
1.5826782257781637e-13
1.5843549739398306e-13
1.5860311014904146e-13
1.5877066082331446e-13
1.5893814939684222e-13
1.591055758493726e-13
1.5927294016038435e-13
1.594402423090768e-13
1.5960748227437524e-13
1.5977466003492572e-13
1.59941775569108e-13
1.6010882885503338e-13
1.60275819870539e-13
1.6044274859320182e-13
1.606096150003404e-13
1.6077641906900505e-13
1.6094316077599074e-13
1.611098400978294e-13
1.6127645701080588e-13
1.6144301149094703e-13
1.6160950351402755e-13
1.6177593305557767e-13
1.6194230009087784e-13
1.6210860459496432e-13
1.62274846542629e-13
1.624410259084275e-13
1.6260714266666867e-13
1.6277319679142765e-13
1.6293918825654878e-13
1.6310511703563484e-13
1.6327098310206613e-13
1.6343678642899144e-13
1.6360252698932976e-13
1.637682047557821e-13
1.639338197008136e-13
1.6409937179667194e-13
1.642648610154038e-13
1.6443028732881156e-13
1.6459565070849927e-13
1.647609511258563e-13
1.6492618855205482e-13
1.650913629580684e-13
1.6525647431464866e-13
1.6542152259235054e-13
1.6558650776152334e-13
1.6575142979231494e-13
1.6591628865467746e-13
1.6608108431836484e-13
1.6624581675292731e-13
1.6641048592773524e-13
1.6657509181194796e-13
1.6673963437454983e-13
1.669041135843383e-13
1.670685294099174e-13
1.672328818197093e-13
1.6739717078195419e-13
1.6756139626471506e-13
1.677255582358677e-13
1.6788965666311914e-13
1.6805369151400765e-13
1.6821766275588157e-13
1.6838157035593908e-13
1.685454142811858e-13
1.6870919449848295e-13
1.6887291097451467e-13
1.6903656367580515e-13
1.6920015256871727e-13
1.69363677619449e-13
1.6952713879405028e-13
1.6969053605840573e-13
1.6985386937825278e-13
1.7001713871917903e-13
1.70180344046617e-13
1.7034348532584962e-13
1.7050656252202069e-13
1.7066957560011643e-13
1.7083252452499205e-13
1.7099540926136112e-13
1.7115822977379562e-13
1.7132098602672078e-13
1.7148367798444417e-13
1.7164630561112904e-13
1.7180886887081066e-13
1.7197136772739353e-13
1.7213380214465397e-13
1.7229617208623728e-13
1.7245847751566918e-13
1.7262071839635236e-13
1.727828946915695e-13
1.7294500636448601e-13
1.7310705337814198e-13
1.7326903569546543e-13
1.7343095327927806e-13
1.735928060922762e-13
1.7375459409705737e-13
1.7391631725610745e-13
1.7407797553180311e-13
1.7423956888641468e-13
1.744010972821139e-13
1.7456256068097117e-13
1.747239590449508e-13
1.7488529233592922e-13
1.750465605156818e-13
1.7520776354588298e-13
1.7536890138812742e-13
1.7552997400390614e-13
1.7569098135463332e-13
1.7585192340161945e-13
1.760128001061061e-13
1.761736114292365e-13
1.7633435733208278e-13
1.764950377756342e-13
1.766556527207957e-13
1.768162021283926e-13
1.769766859591867e-13
1.7713710417385505e-13
1.772974567330088e-13
1.7745774359718751e-13
1.7761796472685923e-13
1.7777812008242103e-13
1.7793820962421184e-13
1.78098233312507e-13
1.7825819110751108e-13
1.7841808296937292e-13
1.7857790885818906e-13
1.7873766873399256e-13
1.7889736255675592e-13
1.7905699028640767e-13
1.7921655188281504e-13
1.7937604730580432e-13
1.7953547651514285e-13
1.7969483947055213e-13
1.7985413613170832e-13
1.8001336645824894e-13
1.8017253040976428e-13
1.8033162794580304e-13
1.8049065902587755e-13
1.8064962360945835e-13
1.8080852165597987e-13
1.8096735312484276e-13
1.8112611797541686e-13
1.812848161670384e-13
1.8144344765901273e-13
1.8160201241061954e-13
1.8176051038111034e-13
1.819189415297086e-13
1.8207730581561742e-13
1.8223560319801737e-13
1.8239383363606352e-13
1.8255199708890124e-13
1.8271009351564817e-13
1.828681228754097e-13
1.8302608512728188e-13
1.8318398023034324e-13
1.8334180814366056e-13
1.8349956882629129e-13
1.8365726223728335e-13
1.838148883356756e-13
1.8397244708051053e-13
1.8412993843081955e-13
1.8428736234562692e-13
1.8444471878396622e-13
1.8460200770487015e-13
1.8475922906736738e-13
1.8491638283049124e-13
1.8507346895328377e-13
1.852304873947866e-13
1.85387438114061e-13
1.8554432107016516e-13
1.857011362221768e-13
1.8585788352918108e-13
1.8601456295028058e-13
1.8617117444458783e-13
1.8632771797123517e-13
1.864841934893783e-13
1.8664060095817738e-13
1.8679694033683113e-13
1.8695321158454854e-13
1.8710941466056937e-13
1.8726554952414875e-13
1.8742161613458051e-13
1.8757761445118215e-13
1.8773354443329097e-13
1.8788940604029197e-13
1.8804519923159063e-13
1.88200923966626e-13
1.8835658020487644e-13
1.8851216790585182e-13
1.8866768702910893e-13
1.888231375342253e-13
1.8897851938084164e-13
1.8913383252862742e-13
1.8928907693729912e-13
1.8944425256661043e-13
1.8959935937637247e-13
1.8975439732642808e-13
1.8990936637668067e-13
1.9006426648708377e-13
1.9021909761763818e-13
1.9037385972840023e-13
1.905285527794736e-13
1.9068317673102022e-13
1.9083773154325744e-13
1.909922171764712e-13
1.9114663359099e-13
1.9130098074720814e-13
1.9145525860558909e-13
1.916094671266489e-13
1.9176360627097276e-13
1.919176759992173e-13
1.920716762720893e-13
1.9222560705038077e-13
1.9237946829494437e-13
1.9253325996670715e-13
1.9268698202666e-13
1.9284063443588093e-13
1.929942171555044e-13
1.9314773014675727e-13
1.933011733709382e-13
1.9345454678941785e-13
1.9360785036364636e-13
1.9376108405516423e-13
1.9391424782558414e-13
1.9406734163660842e-13
1.9422036545001744e-13
1.9437331922768376e-13
1.945262029315581e-13
1.946790165236888e-13
1.9483175996620462e-13
1.949844332213296e-13
1.9513703625137901e-13
1.9528956901875807e-13
1.9544203148596555e-13
1.9559442361560142e-13
1.9574674537035353e-13
1.9589899671301341e-13
1.9605117760646368e-13
1.9620328801369877e-13
1.9635532789780073e-13
1.9650729722196142e-13
1.966591959494762e-13
1.9681102404373981e-13
1.9696278146825274e-13
1.971144681866285e-13
1.972660841625866e-13
1.9741762935994812e-13
1.9756910374265186e-13
1.9772050727474292e-13
1.9787183992038156e-13
1.9802310164383979e-13
1.9817429240950468e-13
1.9832541218188065e-13
1.9847646092558702e-13
1.986274386053552e-13
1.9877834518604478e-13
1.9892918063263013e-13
1.9907994491020872e-13
1.9923063798400336e-13
1.9938125981935164e-13
1.9953181038171717e-13
1.996822896366938e-13
1.998326975499965e-13
1.999830340874728e-13
2.0013329921509424e-13
2.0028349289896507e-13
2.0043361510532113e-13
2.0058366580052886e-13
2.007336449510833e-13
2.0088355252361567e-13
2.010333884848911e-13
2.0118315280181581e-13
2.013328454414252e-13
2.0148246637089313e-13
2.0163201555754075e-13
2.01781492968823e-13
2.019308985723284e-13
2.0208023233580329e-13
2.0222949422712506e-13
2.0237868421431841e-13
2.025278022655522e-13
2.0267684834914536e-13
2.02825822433556e-13
2.0297472448738904e-13
2.031235544794102e-13
2.0327231237852693e-13
2.0342099815378846e-13
2.0356961177442077e-13
2.0371815320977552e-13
2.0386662242937039e-13
2.040150194028754e-13
2.0416334410011876e-13
2.043115964910863e-13
2.0445977654591132e-13
2.046078842348985e-13
2.0475591952849673e-13
2.049038823973318e-13
2.050517728121742e-13
2.0519959074397347e-13
2.05347336163824e-13
2.0549500904299662e-13
2.0564260935292046e-13
2.057901370651931e-13
2.0593759215158088e-13
2.0608497458401078e-13
2.062322843345841e-13
2.0637952137557045e-13
2.0652668567940025e-13
2.0667377721869157e-13
2.0682079596622027e-13
2.0696774189494182e-13
2.0711461497797773e-13
2.0726141518863413e-13
2.0740814250038885e-13
2.075547968868909e-13
2.0770137832196895e-13
2.0784788677962846e-13
2.0799432223405175e-13
2.081406846596136e-13
2.0828697403085528e-13
2.0843319032250024e-13
2.0857933350945947e-13
2.0872540356682025e-13
2.0887140046985308e-13
2.0901732419402313e-13
2.0916317471497524e-13
2.0930895200853162e-13
2.0945465605071752e-13
2.0960028681772733e-13
2.0974584428595916e-13
2.0989132843199537e-13
2.1003673923260425e-13
2.1018207666474872e-13
2.1032734070557754e-13
2.1047253133244223e-13
2.106176485228799e-13
2.1076269225462542e-13
2.1090766250559924e-13
2.1105255925393033e-13
2.111973824779327e-13
2.1134213215612434e-13
2.1148680826721312e-13
2.116314107901107e-13
2.1177593970393018e-13
2.1192039498797976e-13
2.1206477662176896e-13
2.122090845850109e-13
2.1235331885761999e-13
2.1249747941970597e-13
2.1264156625159326e-13
2.1278557933379915e-13
2.1292951864705568e-13
2.1307338417229524e-13
2.132171758906574e-13
2.1336089378349321e-13
2.1350453783235196e-13
2.1364810801899753e-13
2.1379160432540033e-13
2.139350267337424e-13
2.1407837522640965e-13
2.1422164978600772e-13
2.143648503953514e-13
2.145079770374648e-13
2.1465102969558595e-13
2.1479400835317073e-13
2.1493691299388368e-13
2.1507974360160416e-13
2.1522250016043095e-13
2.153651826546806e-13
2.155077910688782e-13
2.1565032538777182e-13
2.1579278559633167e-13
2.1593517167973754e-13
2.160774836233917e-13
2.162197214129212e-13
2.1636188503416543e-13
2.1650397447319413e-13
2.166459897162916e-13
2.1678793074996485e-13
2.1692979756095106e-13
2.1707159013620248e-13
2.172133084629016e-13
2.1735495252844837e-13
2.1749652232047838e-13
2.1763801782684461e-13
2.1777943903562818e-13
2.1792078593513783e-13
2.1806205851391297e-13
2.182032567607157e-13
2.1834438066454127e-13
2.1848543021461602e-13
2.1862640540038804e-13
2.1876730621154216e-13
2.1890813263799075e-13
2.1904888466988231e-13
2.19189562297588e-13
2.1933016551172286e-13
2.194706943031272e-13
2.1961114866288008e-13
2.1975152858229125e-13
2.1989183405290378e-13
2.2003206506650188e-13
2.2017222161510043e-13
2.2031230369095081e-13
2.204523112865424e-13
2.2059224439459832e-13
2.2073210300808828e-13
2.2087188712020737e-13
2.2101159672440244e-13
2.2115123181434607e-13
2.2129079238396283e-13
2.2143027842740762e-13
2.2156968993908515e-13
2.2170902691362534e-13
2.218482893459207e-13
2.2198747723108903e-13
2.2212659056450054e-13
2.222656293417613e-13
2.2240459355872412e-13
2.2254348321148557e-13
2.2268229829638698e-13
2.2282103881001018e-13
2.229597047491872e-13
2.2309829611099097e-13
2.23236812892744e-13
2.233752550920156e-13
2.2351362270661628e-13
2.236519157346141e-13
2.237901341743104e-13
2.2392827802426433e-13
2.240663472832813e-13
2.2420434195041645e-13
2.2434226202497151e-13
2.2448010750649778e-13
2.2461787839480102e-13
2.2475557468992886e-13
2.2489319639219137e-13
2.250307435021374e-13
2.2516821602057607e-13
2.2530561394856594e-13
2.254429372874173e-13
2.255801860386879e-13
2.2571736020420013e-13
2.2585445978601843e-13
2.2599148478647482e-13
2.2612843520813289e-13
2.262653110538314e-13
2.2640211232665402e-13
2.2653883902993877e-13
2.2667549116728648e-13
2.268120687425423e-13
2.269485717598193e-13
2.2708500022348272e-13
2.2722135413814985e-13
2.2735763350869572e-13
2.2749383834025527e-13
2.276299686382262e-13
2.277660244082557e-13
2.279020056562512e-13
2.280379123883801e-13
2.2817374461107004e-13
2.283095023310009e-13
2.284451855551255e-13
2.285807942906389e-13
2.2871632854500627e-13
2.2885178832595327e-13
2.2898717364146565e-13
2.2912248449978387e-13
2.2925772090941145e-13
2.293928828791275e-13
2.295279704179454e-13
2.296629835351644e-13
2.2979792224033393e-13
2.299327865432739e-13
2.3006757645405903e-13
2.3020229198302966e-13
2.303369331407862e-13
2.304714999381918e-13
2.3060599238638304e-13
2.3074041049674614e-13
2.308747542809433e-13
2.3100902375089425e-13
2.3114321891877883e-13
2.3127733979705307e-13
2.3141138639843566e-13
2.315453587358975e-13
2.316792568226857e-13
2.318130806723127e-13
2.319468302985458e-13
2.3208050571543387e-13
2.3221410693728296e-13
2.323476339786649e-13
2.3248108685442194e-13
2.3261446557965426e-13
2.327477701697377e-13
2.3288100064031124e-13
2.330141570072791e-13
2.331472392868164e-13
2.3328024749536096e-13
2.334131816496267e-13
2.3354604176658e-13
2.3367882786347345e-13
2.338115399578068e-13
2.339441780673639e-13
2.3407674221019373e-13
2.342092324046087e-13
2.343416486691912e-13
2.3447399102279763e-13
2.346062594845442e-13
2.3473845407381805e-13
2.3487057481027975e-13
2.350026217138578e-13
2.35134594804749e-13
2.3526649410341015e-13
2.353983196305848e-13
2.355300714072685e-13
2.3566174945474134e-13
2.357933537945427e-13
2.3592488444848615e-13
2.360563414386582e-13
2.361877247874031e-13
2.363190345173436e-13
2.364502706513759e-13
2.3658143321265625e-13
2.3671252222461725e-13
2.368435377109618e-13
2.3697447969566125e-13
2.371053482029574e-13
2.3723614325736296e-13
2.373668648836612e-13
2.3749751310690104e-13
2.376280879524099e-13
2.377585894457779e-13
2.378890176128792e-13
2.380193724798402e-13
2.381496540730687e-13
2.382798624192427e-13
2.3840999754530356e-13
2.38540059478471e-13
2.3867004824623004e-13
2.3879996387634456e-13
2.3892980639684113e-13
2.390595758360195e-13
2.391892722224502e-13
2.3931889558497715e-13
2.394484459527094e-13
2.3957792335502457e-13
2.397073278215862e-13
2.398366593823103e-13
2.3996591806738874e-13
2.400951039072895e-13
2.402242169327484e-13
2.403532571747691e-13
2.40482224664629e-13
2.4061111943387315e-13
2.4073994151432004e-13
2.4086869093805864e-13
2.409973677374408e-13
2.4112597194509674e-13
2.4125450359392733e-13
2.413829627170963e-13
2.415113493480378e-13
2.4163966352046726e-13
2.417679052683548e-13
2.41896074625957e-13
2.4202417162778523e-13
2.421521963086345e-13
2.422801487035546e-13
2.424080288478717e-13
2.4253583677718143e-13
2.426635725273508e-13
2.427912361345148e-13
2.4291882763507317e-13
2.4304634706570463e-13
2.4317379446334744e-13
2.433011698652132e-13
2.4342847330877914e-13
2.43555704831787e-13
2.4368286447226274e-13
2.4380995226848686e-13
2.4393696825901553e-13
2.440639124826679e-13
2.44190784978533e-13
2.4431758578596836e-13
2.444443149445962e-13
2.445709724943119e-13
2.4469755847527373e-13
2.448240729279101e-13
2.449505158929121e-13
2.450768874112438e-13
2.452031875241317e-13
2.453294162730733e-13
2.4545557369982754e-13
2.45581659846425e-13
2.4570767475515786e-13
2.458336184685864e-13
2.4595949102953605e-13
2.460852924810945e-13
2.4621102286662795e-13
2.4633668222975155e-13
2.4646227061435154e-13
2.4658778806458353e-13
2.467132346248636e-13
2.468386103398803e-13
2.4696391525457205e-13
2.4708914941414986e-13
2.4721431286408703e-13
2.473394056501247e-13
2.474644278182609e-13
2.4758937941476163e-13
2.477142604861577e-13
2.4783907107923433e-13
2.479638112410499e-13
2.480884810189167e-13
2.4821308046041533e-13
2.4833760961337984e-13
2.484620685259182e-13
2.4858645724639214e-13
2.4871077582342306e-13
2.488350243058947e-13
2.489592027429586e-13
2.4908331118401495e-13
2.4920734967873983e-13
2.493313182770501e-13
2.4945521702913565e-13
2.495790459854405e-13
2.497028051966737e-13
2.49826494713793e-13
2.499501145880267e-13
2.500736648708517e-13
2.5019714561401016e-13
2.5032055686949523e-13
2.5044389868956554e-13
2.505671711267255e-13
2.506903742337445e-13
2.508135080636542e-13
2.5093657266973223e-13
2.51059568105516e-13
2.5118249442479947e-13
2.513053516816282e-13
2.514281399303049e-13
2.5155085922539114e-13
2.5167350962170044e-13
2.517960911742948e-13
2.5191860393849846e-13
2.520410479698898e-13
2.5216342332429083e-13
2.5228573005777984e-13
2.524079682266975e-13
2.525301378876202e-13
2.5265223909739095e-13
2.527742719130994e-13
2.5289623639208665e-13
2.530181325919422e-13
2.531399605705017e-13
2.5326172038586286e-13
2.533834120963641e-13
2.535050357605926e-13
2.536265914373893e-13
2.5374807918584657e-13
2.5386949906530294e-13
2.5399085113534017e-13
2.541121354557857e-13
2.5423335208672156e-13
2.543545010884778e-13
2.5447558252162284e-13
2.545965964469786e-13
2.547175429256107e-13
2.548384220188251e-13
2.5495923378818197e-13
2.5507997829547625e-13
2.5520065560275433e-13
2.5532126577229817e-13
2.554418088666483e-13
2.555622849485705e-13
2.5568269408108375e-13
2.558030363274452e-13
2.5592331175115267e-13
2.560435204159496e-13
2.561636623858199e-13
2.5628373772498266e-13
2.56403746497903e-13
2.565236887692861e-13
2.5664356460406737e-13
2.567633740674304e-13
2.5688311722479133e-13
2.5700279414181195e-13
2.57122404884384e-13
2.572419495186314e-13
2.573614281109294e-13
2.574808407278828e-13
2.576001874363209e-13
2.577194683033292e-13
2.578386833962098e-13
2.5795783278251026e-13
2.5807691653000287e-13
2.5819593470670763e-13
2.58314887380859e-13
2.584337746209391e-13
2.5855259649565457e-13
2.586713530739446e-13
2.5879004442497764e-13
2.5890867061815994e-13
2.590272317231167e-13
2.5914572780971885e-13
2.592641589480478e-13
2.5938252520842305e-13
2.5950082666139087e-13
2.596190633777294e-13
2.5973723542844125e-13
2.59855342884751e-13
2.5997338581812006e-13
2.600913643002263e-13
2.6020927840296934e-13
2.603271281984858e-13
2.6044491375912374e-13
2.6056263515746556e-13
2.606802924663153e-13
2.6079788575869293e-13
2.609154151078457e-13
2.6103288058724183e-13
2.6115028227056333e-13
2.612676202317265e-13
2.6138489454486154e-13
2.615021052843117e-13
2.6161925252464996e-13
2.617363363406598e-13
2.618533568073457e-13
2.619703139999265e-13
2.6208720799384405e-13
2.6220403886475147e-13
2.623208066885204e-13
2.6243751154123014e-13
2.6255415349918457e-13
2.6267073263890304e-13
2.627872490371078e-13
2.629037027707422e-13
2.6302009391695516e-13
2.6313642255311643e-13
2.6325268875679855e-13
2.633688926057875e-13
2.634850341780875e-13
2.6360111355189747e-13
2.637171308056401e-13
2.6383308601793293e-13
2.639489792676115e-13
2.640648106337143e-13
2.6418058019549287e-13
2.642962880323932e-13
2.6441193422407694e-13
2.645275188504084e-13
2.646430419914489e-13
2.647585037274759e-13
2.6487390413895793e-13
2.649892433065772e-13
2.651045213112102e-13
2.6521973823393817e-13
2.653348941560427e-13
2.654499891590044e-13
2.655650233245094e-13
2.6567999673443e-13
2.657949094708515e-13
2.659097616160456e-13
2.6602455325249165e-13
2.66139284462858e-13
2.662539553300071e-13
2.6636856593700394e-13
2.664831163671077e-13
2.6659760670376923e-13
2.667120370306283e-13
2.6682640743152146e-13
2.669407179904848e-13
2.6705496879173304e-13
2.671691599196771e-13
2.6728329145892547e-13
2.673973634942618e-13
2.6751137611067443e-13
2.6762532939333296e-13
2.6773922342759295e-13
2.678530582989959e-13
2.6796683409327514e-13
2.6808055089634987e-13
2.6819420879432027e-13
2.6830780787347755e-13
2.684213482202889e-13
2.6853482992141004e-13
2.686482530636771e-13
2.6876161773411006e-13
2.688749240199067e-13
2.689881720084483e-13
2.6910136178729667e-13
2.6921449344419444e-13
2.6932756706705943e-13
2.6944058274398774e-13
2.6955354056325824e-13
2.6966644061331755e-13
2.697792829827904e-13
2.698920677604866e-13
2.700047950353764e-13
2.7011746489661796e-13
2.7023007743353385e-13
2.703426327356168e-13
2.704551308925455e-13
2.705675719941551e-13
2.7067995613046123e-13
2.7079228339163614e-13
2.709045538680378e-13
2.71016767650186e-13
2.7112892482876504e-13
2.7124102549462917e-13
2.713530697388022e-13
2.7146505765246724e-13
2.715769893269824e-13
2.7168886485385414e-13
2.718006843247696e-13
2.7191244783156935e-13
2.7202415546626117e-13
2.7213580732101173e-13
2.7224740348814965e-13
2.723589440601598e-13
2.7247042912969405e-13
2.7258185878955504e-13
2.726932331327075e-13
2.7280455225228e-13
2.729158162415472e-13
2.730270251939422e-13
2.731381792030629e-13
2.73249278362647e-13
2.7336032276659406e-13
2.734713125089599e-13
2.735822476839427e-13
2.736931283859032e-13
2.738039547093467e-13
2.7391472674892956e-13
2.740254445994622e-13
2.7413610835589724e-13
2.742467181133412e-13
2.7435727396704043e-13
2.7446777601239215e-13
2.7457822434494713e-13
2.7468861906039354e-13
2.7479896025455694e-13
2.749092480234216e-13
2.7501948246310144e-13
2.7512966366986085e-13
2.7523979174010674e-13
2.7534986677038126e-13
2.7545988885736613e-13
2.755698580978912e-13
2.7567977458891574e-13
2.7578963842753884e-13
2.7589944971100246e-13
2.760092085366802e-13
2.761189150020753e-13
2.762285692048335e-13
2.763381712427374e-13
2.764477212136966e-13
2.765572192157527e-13
2.766666653470841e-13
2.767760597059986e-13
2.7688540239093336e-13
2.7699469350045454e-13
2.771039331332573e-13
2.7721312138817177e-13
2.773222583641435e-13
2.774313441602499e-13
2.7754037887569767e-13
2.7764936260981976e-13
2.7775829546206777e-13
2.778671775320141e-13
2.779760089193606e-13
2.780847897239324e-13
2.781935200456681e-13
2.7830219998463485e-13
2.7841082964101607e-13
2.7851940911511314e-13
2.7862793850734616e-13
2.7873641791825544e-13
2.7884484744849246e-13
2.789532271988345e-13
2.7906155727016397e-13
2.791698377634762e-13
2.7927806877989275e-13
2.7938625042063476e-13
2.794943827870445e-13
2.79602465980574e-13
2.797105001027832e-13
2.7981848525533953e-13
2.799264215400285e-13
2.8003430905873517e-13
2.801421479134575e-13
2.8024993820629027e-13
2.8035768003944884e-13
2.8046537351524576e-13
2.805730187360952e-13
2.8068061580451957e-13
2.8078816482314756e-13
2.808956658947004e-13
2.8100311912200857e-13
2.81110524607997e-13
2.812178824556955e-13
2.8132519276823004e-13
2.8143245564882624e-13
2.81539671200804e-13
2.816468395275821e-13
2.8175396073267617e-13
2.818610349196958e-13
2.81968062192342e-13
2.8207504265441726e-13
2.821819764098029e-13
2.822888635624864e-13
2.82395704216542e-13
2.825024984761293e-13
2.8260924644549713e-13
2.827159482289953e-13
2.828226039310467e-13
2.829292136561787e-13
2.830357775089808e-13
2.8314229559414864e-13
2.8324876801645157e-13
2.8335519488075183e-13
2.8346157629198487e-13
2.8356791235517663e-13
2.836742031754312e-13
2.837804488579327e-13
2.838866495079488e-13
2.839928052308247e-13
2.8409891613197776e-13
2.8420498231691687e-13
2.8431100389121754e-13
2.844169809605304e-13
2.8452291363058914e-13
2.846288020072023e-13
2.8473464619623767e-13
2.8484044630365133e-13
2.8494620243546856e-13
2.85051914697782e-13
2.851575831967566e-13
2.852632080386265e-13
2.8536878932969573e-13
2.854743271763353e-13
2.8557982168498553e-13
2.8568527296215106e-13
2.8579068111440587e-13
2.8589604624838586e-13
2.860013684707961e-13
2.861066478883953e-13
2.8621188460801424e-13
2.863170787365453e-13
2.8642223038093936e-13
2.865273396482011e-13
2.866324066454048e-13
2.8673743147967735e-13
2.868424142582106e-13
2.869473550882438e-13
2.8705225407708086e-13
2.87157111332076e-13
2.8726192696063947e-13
2.873667010702405e-13
2.874714337683959e-13
2.8757612516267353e-13
2.876807753606943e-13
2.877853844701355e-13
2.8788995259871923e-13
2.879944798542184e-13
2.880989663444566e-13
2.8820341217729735e-13
2.883078174606574e-13
2.884121823024958e-13
2.885165068108227e-13
2.8862079109368247e-13
2.8872503525917765e-13
2.888292394154489e-13
2.889334036706653e-13
2.8903752813305985e-13
2.8914161291088454e-13
2.892456581124466e-13
2.8934966384608527e-13
2.894536302201798e-13
2.8955755734314607e-13
2.8966144532343775e-13
2.897652942695473e-13
2.8986910428999473e-13
2.8997287549333636e-13
2.9007660798816554e-13
2.901803018831078e-13
2.9028395728681734e-13
2.9038757430798294e-13
2.904911530553249e-13
2.9059469363758705e-13
2.906981961635481e-13
2.9080166074200697e-13
2.9090508748180037e-13
2.910084764917825e-13
2.9111182788083713e-13
2.9121514175787395e-13
2.9131841823182896e-13
2.9142165741165373e-13
2.9152485940632637e-13
2.9162802432485084e-13
2.9173115227624395e-13
2.918342433695543e-13
2.9193729771383255e-13
2.920403154181636e-13
2.921432965916425e-13
2.922462413433906e-13
2.923491497825308e-13
2.9245202201821553e-13
2.9255485815960165e-13
2.9265765831586424e-13
2.9276042259619365e-13
2.928631511097881e-13
2.929658439658633e-13
2.930685012736451e-13
2.9317112314236474e-13
2.9327370968126013e-13
2.933762609995901e-13
2.9347877720661306e-13
2.935812584115919e-13
2.936837047238019e-13
2.9378611625252093e-13
2.9388849310703384e-13
2.939908353966274e-13
2.940931432305904e-13
2.941954167182193e-13
2.9429765596880916e-13
2.94399861091652e-13
2.9450203219604973e-13
2.94604169391293e-13
2.9470627278667666e-13
2.948083424914925e-13
2.9491037861503395e-13
2.950123812665801e-13
2.9511435055542076e-13
2.9521628659082784e-13
2.95318189482073e-13
2.954200593384192e-13
2.955218962691226e-13
2.9562370038343115e-13
2.957254717905864e-13
2.95827210599818e-13
2.959289169203473e-13
2.9603059086138094e-13
2.9613223253211945e-13
2.9623384204174666e-13
2.963354194994317e-13
2.9643696501432984e-13
2.9653847869558983e-13
2.966399606523329e-13
2.9674141099366873e-13
2.968428298286949e-13
2.9694421726647945e-13
2.9704557341608585e-13
2.9714689838655047e-13
2.9724819228688995e-13
2.9734945522610896e-13
2.97450687313174e-13
2.975518886570426e-13
2.976530593666446e-13
2.9775419955088694e-13
2.9785530931865203e-13
2.9795638877879695e-13
2.9805743804015366e-13
2.9815845721152383e-13
2.982594464016892e-13
2.9836040571940103e-13
2.984613352733775e-13
2.9856223517231433e-13
2.986631055248689e-13
2.9876394643967024e-13
2.988647580253149e-13
2.989655403903763e-13
2.990662936433843e-13
2.99167017892841e-13
2.992677132472095e-13
2.9936837981492024e-13
2.9946901770437e-13
2.9956962702391183e-13
2.9967020788186553e-13
2.997707603865148e-13
2.99871284646105e-13
2.999717807688427e-13
3.000722488628852e-13
3.001726890363541e-13
3.0027310139733713e-13
3.003734860538705e-13
3.0047384311395145e-13
3.005741726855309e-13
3.0067447487651823e-13
3.007747497947788e-13
3.0087499754812056e-13
3.009752182443235e-13
3.010754119911102e-13
3.011755788961512e-13
3.012757190670809e-13
3.0137583261147107e-13
3.0147591963685193e-13
3.0157598025070465e-13
3.01676014560447e-13
3.0177602267345853e-13
3.018760046970662e-13
3.0197596073852937e-13
3.020758909050681e-13
3.0217579530383987e-13
3.022756740419475e-13
3.0237552722644407e-13
3.0247535496431983e-13
3.025751573625049e-13
3.026749345278799e-13
3.0277468656726e-13
3.0287441358741073e-13
3.0297411569502134e-13
3.0307379299672877e-13
3.031734455991129e-13
3.0327307360869017e-13
3.0337267713190897e-13
3.0347225627515743e-13
3.0357181114476077e-13
3.0367134184697586e-13
3.0377084848800216e-13
3.0387033117395975e-13
3.0396979001091437e-13
3.040692251048576e-13
3.0416863656172074e-13
3.042680244873564e-13
3.043673889875565e-13
3.0446673016803715e-13
3.045660481344509e-13
3.046653429923662e-13
3.047646148472937e-13
3.048638638046679e-13
3.0496308996984666e-13
3.0506229344811687e-13
3.0516147434468113e-13
3.052606327646869e-13
3.053597688131892e-13
3.0545888259517723e-13
3.055579742155559e-13
3.0565704377915907e-13
3.0575609139073586e-13
3.058551171549595e-13
3.0595412117642874e-13
3.0605310355965304e-13
3.061520644090626e-13
3.062510038290137e-13
3.0634992192378347e-13
3.0644881879755395e-13
3.065476945544361e-13
3.066465492984429e-13
3.067453831335189e-13
3.0684419616351055e-13
3.0694298849218836e-13
3.070417602232296e-13
3.0714051146023274e-13
3.0723924230670355e-13
3.0733795286606325e-13
3.0743664324163807e-13
3.0753531353667454e-13
3.076339638543218e-13
3.077325942976413e-13
3.078312049696019e-13
3.079297959730885e-13
3.080283674108871e-13
3.0812691938568917e-13
3.082254520001011e-13
3.0832396535662625e-13
3.0842245955767814e-13
3.0852093470557706e-13
3.086193909025539e-13
3.087178282507199e-13
3.08816246852118e-13
3.089146468086821e-13
3.090130282222426e-13
3.0911139119453776e-13
3.092097358272022e-13
3.093080622217805e-13
3.0940637047971384e-13
3.095046607023321e-13
3.096029329908779e-13
3.0970118744648485e-13
3.0979942417018873e-13
3.0989764326291626e-13
3.0999584482549657e-13
3.100940289586523e-13
3.1019219576300296e-13
3.1029034533906427e-13
3.103884777872435e-13
3.104865932078392e-13
3.1058469170104874e-13
3.106827733669558e-13
3.107808383055458e-13
3.1087888661669515e-13
3.10976918400161e-13
3.110749337555996e-13
3.11172932782556e-13
3.1127091558046055e-13
3.113688822486433e-13
3.1146683288631433e-13
3.115647675925673e-13
3.116626864663949e-13
3.117605896066727e-13
3.118584771121598e-13
3.119563490815035e-13
3.1205420561323705e-13
3.1215204680577664e-13
3.1224987275742464e-13
3.1234768356636865e-13
3.1244547933067705e-13
3.125432601483041e-13
3.1264102611708147e-13
3.127387773347295e-13
3.1283651389884624e-13
3.1293423590691e-13
3.130319434562799e-13
3.1312963664419506e-13
3.1322731556777766e-13
3.133249803240254e-13
3.1342263100981565e-13
3.135202677219043e-13
3.136178905569241e-13
3.1371549961138084e-13
3.1381309498166584e-13
3.1391067676403744e-13
3.14008245054634e-13
3.1410579994947207e-13
3.1420334154443495e-13
3.143008699352943e-13
3.143983852176754e-13
3.144958874870974e-13
3.1459337683893545e-13
3.1469085336844816e-13
3.1478831717076045e-13
3.1488576834087035e-13
3.149832069736449e-13
3.1508063316383423e-13
3.151780470060398e-13
3.152754485947427e-13
3.153728380242892e-13
3.1547021538889975e-13
3.1556758078266457e-13
3.156649342995358e-13
3.157622760333322e-13
3.1585960607773954e-13
3.1595692452632413e-13
3.160542314724973e-13
3.1615152700954593e-13
3.162488112306286e-13
3.1634608422876056e-13
3.164433460968236e-13
3.165405969275614e-13
3.166378368135869e-13
3.1673506584737224e-13
3.168322841212563e-13
3.169294917274288e-13
3.1702668875795705e-13
3.171238753047592e-13
3.1722105145962036e-13
3.1731821731418443e-13
3.174153729599516e-13
3.175125184882887e-13
3.1760965399041903e-13
3.177067795574246e-13
3.178038952802463e-13
3.179010012496838e-13
3.179980975563931e-13
3.1809518429089155e-13
3.181922615435525e-13
3.182893294046059e-13
3.183863879641349e-13
3.184834373120843e-13
3.1858047753824946e-13
3.186775087322768e-13
3.1877453098368485e-13
3.1887154438183226e-13
3.1896854901593353e-13
3.1906554497505976e-13
3.191625323481354e-13
3.192595112239355e-13
3.193564816910886e-13
3.194534438380796e-13
3.195503977532412e-13
3.1964734352475443e-13
3.1974428124066166e-13
3.1984121098884555e-13
3.1993813285704707e-13
3.200350469328587e-13
3.2013195330371477e-13
3.2022885205690135e-13
3.2032574327955973e-13
3.204226270586719e-13
3.2051950348107833e-13
3.2061637263345427e-13
3.207132346023337e-13
3.208100894740935e-13
3.209069373349583e-13
3.210037782710039e-13
3.211006123681485e-13
3.21197439712153e-13
3.2129426038863196e-13
3.2139107448303733e-13
3.2148788208067413e-13
3.215846832666879e-13
3.21681478126069e-13
3.21778266743651e-13
3.218750492041153e-13
3.2197182559198857e-13
3.2206859599163513e-13
3.2216536048726184e-13
3.2226211916292094e-13
3.2235887210251284e-13
3.224556193897697e-13
3.225523611082721e-13
3.2264909734143755e-13
3.227458281725345e-13
3.228425536846661e-13
3.2293927396077026e-13
3.2303598908363255e-13
3.231326991358789e-13
3.232294041999753e-13
3.233261043582222e-13
3.2342279969276273e-13
3.2351949028558274e-13
3.236161762184977e-13
3.2371285757317583e-13
3.2380953443110454e-13
3.2390620687362715e-13
3.2400287498191605e-13
3.2409953883698134e-13
3.2419619851967275e-13
3.242928541106775e-13
3.243895056905122e-13
3.24486153339536e-13
3.2458279713794545e-13
3.246794371657719e-13
3.2477607350288085e-13
3.248727062289731e-13
3.2496933542359147e-13
3.250659611661007e-13
3.25162583535713e-13
3.252592026114648e-13
3.253558184722354e-13
3.2545243119673014e-13
3.255490408634976e-13
3.2564564755090995e-13
3.257422513371796e-13
3.2583885230035056e-13
3.259354505182993e-13
3.2603204606873114e-13
3.2612863902918903e-13
3.262252294770503e-13
3.2632181748951903e-13
3.2641840314363405e-13
3.265149865162607e-13
3.2661156768410135e-13
3.2670814672368827e-13
3.2680472371138224e-13
3.2690129872338223e-13
3.269978718357077e-13
3.270944431242132e-13
3.271910126645824e-13
3.272875805323365e-13
3.273841468028146e-13
3.2748071155119404e-13
3.275772748524728e-13
3.27673836781489e-13
3.277703974129023e-13
3.278669568212038e-13
3.279635150807117e-13
3.280600722655756e-13
3.2815662844977503e-13
3.282531837071129e-13
3.283497381112191e-13
3.2844629173555536e-13
3.285428446534127e-13
3.2863939693790577e-13
3.2873594866197665e-13
3.28832499898393e-13
3.2892905071975775e-13
3.2902560119849236e-13
3.291221514068475e-13
3.292187014169029e-13
3.2931525130055995e-13
3.294118011295517e-13
3.2950835097543e-13
3.296049009095759e-13
3.297014510032022e-13
3.2979800132734067e-13
3.298945519528547e-13
3.299911029504265e-13
3.300876543905647e-13
3.3018420634360214e-13
3.3028075887970084e-13
3.303773120688491e-13
3.304738659808568e-13
3.3057042068535526e-13
3.306669762518021e-13
3.3076353274948434e-13
3.308600902475103e-13
3.3095664881481186e-13
3.31053208520143e-13
3.3114976943208345e-13
3.3124633161903744e-13
3.3134289514923294e-13
3.314394600907219e-13
3.315360265113747e-13
3.3163259447889143e-13
3.317291640607983e-13
3.3182573532442974e-13
3.319223083369575e-13
3.3201888316537447e-13
3.3211545987649476e-13
3.322120385369486e-13
3.323086192132009e-13
3.324052019715324e-13
3.325017868780421e-13
3.325983739986642e-13
3.32694963399138e-13
3.3279155514504536e-13
3.3288814930177586e-13
3.3298474593454363e-13
3.330813451083862e-13
3.3317794688816267e-13
3.332745513385531e-13
3.3337115852406716e-13
3.3346776850902803e-13
3.335643813575771e-13
3.3366099713369274e-13
3.3375761590115965e-13
3.3385423772358803e-13
3.3395086266441583e-13
3.3404749078689565e-13
3.34144122154108e-13
3.3424075682894295e-13
3.34337394874121e-13
3.344340363521855e-13
3.3453068132550187e-13
3.34627329856243e-13
3.3472398200641687e-13
3.3482063783785244e-13
3.3491729741218914e-13
3.3501396079089377e-13
3.3511062803525386e-13
3.352072992063835e-13
3.35303974365213e-13
3.3540065357248627e-13
3.3549733688877857e-13
3.35594024374479e-13
3.356907160898027e-13
3.3578741209478176e-13
3.3588411244927645e-13
3.3598081721295606e-13
3.360775264453159e-13
3.3617424020567557e-13
3.362709585531732e-13
3.3636768154676007e-13
3.3646440924521997e-13
3.3656114170715473e-13
3.3665787899098534e-13
3.3675462115494866e-13
3.368513682571054e-13
3.369481203553405e-13
3.3704487750735204e-13
3.371416397706676e-13
3.372384072026306e-13
3.3733517986040336e-13
3.3743195780097473e-13
3.375287410811523e-13
3.3762552975755695e-13
3.377223238866417e-13
3.378191235246755e-13
3.3791592872774326e-13
3.380127395517541e-13
3.3810955605244657e-13
3.382063782853667e-13
3.38303206305888e-13
3.3840004016920735e-13
3.384968799303355e-13
3.385937256441017e-13
3.386905773651749e-13
3.387874351480249e-13
3.3888429904695543e-13
3.3898116911608124e-13
3.390780454093442e-13
3.391749279805013e-13
3.392718168831479e-13
3.3936871217067605e-13
3.394656138963208e-13
3.3956252211312276e-13
3.396594368739544e-13
3.3975635823150704e-13
3.3985328623828505e-13
3.3995022094663073e-13
3.400471624086916e-13
3.40144110676447e-13
3.402410658016927e-13
3.403380278360538e-13
3.404349968309686e-13
3.4053197283769974e-13
3.4062895590733936e-13
3.4072594609078733e-13
3.408229434387812e-13
3.409199480018694e-13
3.4101695983042675e-13
3.411139789746526e-13
3.412110054845649e-13
3.413080394100054e-13
3.414050808006379e-13
3.4150212970594993e-13
3.4159918617525325e-13
3.416962502576756e-13
3.41793322002185e-13
3.418904014575496e-13
3.419874886723776e-13
3.4208458369509335e-13
3.4218168657394023e-13
3.422787973569934e-13
3.423759160921523e-13
3.424730428271326e-13
3.425701776094794e-13
3.4266732048656196e-13
3.4276447150556824e-13
3.428616307135133e-13
3.4295879815723875e-13
3.430559738834053e-13
3.4315315793850006e-13
3.432503503688323e-13
3.4334755122054553e-13
3.434447605395973e-13
3.4354197837177664e-13
3.4363920476268936e-13
3.4373643975777617e-13
3.438336834022961e-13
3.4393093574133805e-13
3.440281968198153e-13
3.441254666824623e-13
3.442227453738459e-13
3.4432003293834925e-13
3.444173294201953e-13
3.4451463486341846e-13
3.4461194931189296e-13
3.447092728093041e-13
3.4480660539917985e-13
3.4490394712486194e-13
3.450012980295325e-13
3.4509865815618395e-13
3.451960275476472e-13
3.4529340624657393e-13
3.453907942954458e-13
3.4548819173657655e-13
3.4558559861210163e-13
3.456830149639914e-13
3.4578044083403493e-13
3.458778762638462e-13
3.4597532129488147e-13
3.4607277596841857e-13
3.4617024032555993e-13
3.4626771440724867e-13
3.4636519825424044e-13
3.4646269190713213e-13
3.4656019540634714e-13
3.4665770879213605e-13
3.4675523210457885e-13
3.46852765383588e-13
3.469503086688976e-13
3.470478620000876e-13
3.4714542541655357e-13
3.472429989575242e-13
3.4734058266206783e-13
3.4743817656907785e-13
3.47535780717274e-13
3.476333951452116e-13
3.477310198912778e-13
3.478286549936869e-13
3.479263004904938e-13
3.480239564195748e-13
3.481216228186493e-13
3.4821929972525593e-13
3.4831698717677595e-13
3.484146852104182e-13
3.485123938632234e-13
3.486101131720756e-13
3.487078431736777e-13
3.488055839045734e-13
3.4890333540114094e-13
3.4900109769959093e-13
3.490988708359671e-13
3.4919665484614485e-13
3.4929444976583777e-13
3.4939225563059685e-13
3.4949007247580323e-13
3.4958790033667526e-13
3.496857392482618e-13
3.49783589245454e-13
3.498814503629708e-13
3.499793226353763e-13
3.5007720609705965e-13
3.5017510078225813e-13
3.502730067250413e-13
3.5037092395931155e-13
3.5046885251881163e-13
3.505667924371194e-13
3.506647437476556e-13
3.507627064836711e-13
3.508606806782573e-13
3.509586663643485e-13
3.510566635747091e-13
3.5115467234194643e-13
3.5125269269851095e-13
3.513507246766805e-13
3.514487683085868e-13
3.5154682362618577e-13
3.5164489066128755e-13
3.517429694455292e-13
3.518410600103992e-13
3.5193916238721827e-13
3.520372766071508e-13
3.521354027012038e-13
3.522335407002227e-13
3.523316906348958e-13
3.5242985253575464e-13
3.5252802643317173e-13
3.526262123573543e-13
3.527244103383637e-13
3.528226204060968e-13
3.529208425902986e-13
3.530190769205468e-13
3.531173234262758e-13
3.532155821367553e-13
3.5331385308110105e-13
3.5341213628827176e-13
3.535104317870721e-13
3.536087396061557e-13
3.5370705977401113e-13
3.5380539231898113e-13
3.5390373726925177e-13
3.5400209465284967e-13
3.541004644976527e-13
3.5419884683138464e-13
3.5429724168161296e-13
3.5439564907575355e-13
3.5449406904107096e-13
3.5459250160467575e-13
3.546909467935271e-13
3.5478940463443297e-13
3.548878751540473e-13
3.54986358378873e-13
3.550848543352638e-13
3.5518336304941456e-13
3.5528188454738204e-13
3.5538041885506343e-13
3.5547896599820807e-13
3.5557752600241883e-13
3.556760988931416e-13
3.5577468469568237e-13
3.558732834351877e-13
3.5597189513666856e-13
3.560705198249746e-13
3.5616915752481427e-13
3.5626780826075046e-13
3.563664720571945e-13
3.5646514893840736e-13
3.5656383892851097e-13
3.5666254205147147e-13
3.567612583311196e-13
3.5685998779112683e-13
3.5695873045503475e-13
3.570574863462286e-13
3.5715625548795024e-13
3.5725503790329836e-13
3.5735383361522343e-13
3.5745264264654037e-13
3.575514650199103e-13
3.576503007578596e-13
3.5774914988276303e-13
3.578480124168604e-13
3.579468883822431e-13
3.580457778008617e-13
3.5814468069452687e-13
3.582435970849031e-13
3.5834252699351983e-13
3.584414704417582e-13
3.5854042745086143e-13
3.586393980419402e-13
3.587383822359544e-13
3.588373800537259e-13
3.589363915159416e-13
3.590354166431479e-13
3.591344554557432e-13
3.5923350797400876e-13
3.5933257421806473e-13
3.5943165420790923e-13
3.595307479633949e-13
3.596298555042389e-13
3.597289768500267e-13
3.598281120201976e-13
3.5992726103405854e-13
3.600264239107868e-13
3.6012560066941427e-13
3.6022479132885077e-13
3.6032399590785543e-13
3.604232144250629e-13
3.605224468989781e-13
3.6062169334795786e-13
3.607209537902372e-13
3.608202282439161e-13
3.6091951672695454e-13
3.610188192571879e-13
3.6111813585231687e-13
3.612174665299175e-13
3.6131681130741805e-13
3.6141617020213273e-13
3.61515543231233e-13
3.616149304117716e-13
3.6171433176065544e-13
3.6181374729468036e-13
3.6191317703049443e-13
3.620126209846345e-13
3.6211207917349464e-13
3.6221155161334734e-13
3.6231103832033566e-13
3.6241053931048074e-13
3.6251005459967216e-13
3.626095842036692e-13
3.62709128138105e-13
3.6280868641849613e-13
3.6290825906022443e-13
3.6300784607854503e-13
3.631074474886017e-13
3.6320706330539876e-13
3.6330669354381887e-13
3.634063382186306e-13
3.635059973444712e-13
3.636056709358508e-13
3.63705359007166e-13
3.638050615726816e-13
3.63904778646551e-13
3.640045102428014e-13
3.6410425637533843e-13
3.642040170579463e-13
3.643037923042876e-13
3.6440358212791175e-13
3.645033865422361e-13
3.646032055605698e-13
3.647030391961006e-13
3.648028874618923e-13
3.649027503709008e-13
3.6500262793595234e-13
3.651025201697572e-13
3.652024270849204e-13
3.6530234869392307e-13
3.6540228500912996e-13
3.655022360427846e-13
3.656022018070256e-13
3.6570218231386705e-13
3.6580217757521263e-13
3.6590218760285266e-13
3.660022124084617e-13
3.661022520036085e-13
3.6620230639973323e-13
3.6630237560817795e-13
3.6640245964015904e-13
3.665025585067976e-13
3.666026722190908e-13
3.6670280078792557e-13
3.6680294422408086e-13
3.669031025382276e-13
3.6700327574092085e-13
3.6710346384261314e-13
3.6720366685364355e-13
3.67303884784241e-13
3.6740411764453166e-13
3.6750436544452856e-13
3.6760462819413664e-13
3.6770490590316146e-13
3.6780519858128956e-13
3.679055062381134e-13
3.68005828883112e-13
3.6810616652567245e-13
3.682065191750558e-13
3.683068868404309e-13
3.6840726953085914e-13
3.6850766725530415e-13
3.6860808002261193e-13
3.6870850784154406e-13
3.6880895072075206e-13
3.6890940866877683e-13
3.6900988169406487e-13
3.691103698049655e-13
3.6921087300972055e-13
3.6931139131647974e-13
3.6941192473328023e-13
3.695124732680696e-13
3.696130369286935e-13
3.697136157228949e-13
3.6981420965832766e-13
3.699148187425408e-13
3.7001544298298645e-13
3.7011608238701943e-13
3.7021673696190305e-13
3.703174067147983e-13
3.7041809165277187e-13
3.7051879178279843e-13
3.706195071117536e-13
3.707202376464236e-13
3.708209833934977e-13
3.7092174435956854e-13
3.710225205511475e-13
3.711233119746385e-13
3.7122411863635643e-13
3.713249405425326e-13
3.7142577769930163e-13
3.715266301127061e-13
3.716274977886975e-13
3.717283807331487e-13
3.71829278951828e-13
3.719301924504225e-13
3.7203112123452807e-13
3.7213206530965434e-13
3.7223302468122164e-13
3.723339993545595e-13
3.724349893349187e-13
3.7253599462746143e-13
3.7263701523725834e-13
3.727380511693018e-13
3.7283910242849306e-13
3.7294016901965217e-13
3.730412509475133e-13
3.7314234821673487e-13
3.732434608318762e-13
3.73344588797429e-13
3.7344573211779354e-13
3.7354689079729205e-13
3.736480648401633e-13
3.7374925425056534e-13
3.7385045903258593e-13
3.7395167919021395e-13
3.740529147273782e-13
3.741541656479116e-13
3.7425543195558153e-13
3.7435671365406726e-13
3.7445801074697776e-13
3.7455932323784133e-13
3.7466065113011104e-13
3.747619944271621e-13
3.748633531322939e-13
3.7496472724873624e-13
3.7506611677963273e-13
3.751675217280681e-13
3.752689420970379e-13
3.7537037788947613e-13
3.7547182910823326e-13
3.755732957560953e-13
3.7567477783577293e-13
3.757762753499097e-13
3.75877788301071e-13
3.759793166917579e-13
3.7608086052439885e-13
3.761824198013522e-13
3.7628399452490675e-13
3.7638558469728924e-13
3.7648719032064857e-13
3.765888113970744e-13
3.7669044792858126e-13
3.767920999171273e-13
3.768937673645927e-13
3.7699545027280083e-13
3.7709714864350887e-13
3.7719886247840586e-13
3.773005917791194e-13
3.7740233654721544e-13
3.775040967841848e-13
3.7760587249147224e-13
3.7770766367045024e-13
3.7780947032243246e-13
3.779112924486756e-13
3.780131300503673e-13
3.7811498312864096e-13
3.7821685168456814e-13
3.78318735719162e-13
3.7842063523337344e-13
3.7852255022810515e-13
3.786244807041901e-13
3.7872642666241306e-13
3.788283881034944e-13
3.789303650281086e-13
3.790323574368688e-13
3.7913436533032894e-13
3.792363887089948e-13
3.7933842757331585e-13
3.7944048192368784e-13
3.795425517604529e-13
3.796446370839024e-13
3.79746737894274e-13
3.798488541917571e-13
3.7995098597648485e-13
3.800531332485447e-13
3.801552960079684e-13
3.802574742547468e-13
3.803596679888151e-13
3.80461877210065e-13
3.805641019183379e-13
3.8066634211342174e-13
3.8076859779506905e-13
3.8087086896298196e-13
3.8097315561681187e-13
3.8107545775617496e-13
3.811777753806368e-13
3.812801084897098e-13
3.813824570828815e-13
3.8148482115958425e-13
3.8158720071920693e-13
3.8168959576110395e-13
3.8179200628458177e-13
3.8189443228890895e-13
3.8199687377331993e-13
3.820993307369953e-13
3.8220180317908376e-13
3.82304291098702e-13
3.824067944949134e-13
3.825093133667652e-13
3.826118477132458e-13
3.8271439753331213e-13
3.828169628258966e-13
3.829195435898866e-13
3.8302213982413457e-13
3.8312475152746145e-13
3.83227378698656e-13
3.8333002133647206e-13
3.834326794396266e-13
3.8353535300680727e-13
3.836380420366751e-13
3.837407465278564e-13
3.8384346647894295e-13
3.83946201888503e-13
3.8404895275507237e-13
3.8415171907715803e-13
3.842545008532406e-13
3.8435729808177336e-13
3.84460110761176e-13
3.8456293888985206e-13
3.8466578246617023e-13
3.8476864148848145e-13
3.848715159551067e-13
3.849744058643438e-13
3.850773112144666e-13
3.8518023200372765e-13
3.8528316823035333e-13
3.8538611989255414e-13
3.8548908698851676e-13
3.855920695164016e-13
3.8569506747436127e-13
3.8579808086051676e-13
3.859011096729706e-13
3.860041539098203e-13
3.8610721356913156e-13
3.8621028864895477e-13
3.863133791473296e-13
3.8641648506227493e-13
3.8651960639179925e-13
3.8662274313388766e-13
3.8672589528651986e-13
3.868290628476573e-13
3.8693224581524894e-13
3.8703544418723334e-13
3.8713865796153053e-13
3.8724188713605316e-13
3.8734513170871166e-13
3.8744839167739276e-13
3.8755166703998635e-13
3.8765495779435913e-13
3.87758263938383e-13
3.8786158546991483e-13
3.879649223868092e-13
3.8806827468690764e-13
3.881716423680499e-13
3.882750254280734e-13
3.88378423864808e-13
3.8848183767607373e-13
3.885852668596988e-13
3.886887114135043e-13
3.8879217133530115e-13
3.888956466229116e-13
3.889991372741474e-13
3.891026432868268e-13
3.892061646587605e-13
3.8930970138777593e-13
3.894132534716793e-13
3.8951682090829423e-13
3.8962040369544725e-13
3.897240018309628e-13
3.898276153126744e-13
3.899312441384186e-13
3.9003488830603793e-13
3.9013854781337634e-13
3.9024222265829095e-13
3.9034591283864005e-13
3.9044961835229864e-13
3.905533391971452e-13
3.906570753710642e-13
3.9076082687195977e-13
3.908645936977313e-13
3.9096837584631105e-13
3.9107217331561886e-13
3.9117598610361e-13
3.9127981420823507e-13
3.9138365762746467e-13
3.914875163592911e-13
3.9159139040171035e-13
3.91695279752749e-13
3.9179918441043386e-13
3.9190310437281993e-13
3.9200703963797347e-13
3.9211099020398587e-13
3.922149560689627e-13
3.92318937231029e-13
3.9242293368833506e-13
3.925269454390508e-13
3.926309724813628e-13
3.927350148134912e-13
3.9283907243367234e-13
3.9294314534016606e-13
3.9304723353125613e-13
3.931513370052549e-13
3.9325545576049915e-13
3.9335958979535917e-13
3.934637391082194e-13
3.935679036975055e-13
3.9367208356166307e-13
3.9377627869917047e-13
3.9388048910853415e-13
3.939847147882991e-13
3.9408895573703265e-13
3.941932119533405e-13
3.9429748343585916e-13
3.9440177018325816e-13
3.9450607219424583e-13
3.946103894675633e-13
3.9471472200198534e-13
3.9481906979632773e-13
3.949234328494345e-13
3.9502781116019585e-13
3.9513220472754093e-13
3.952366135504399e-13
3.9534103762790195e-13
3.954454769589667e-13
3.9554993154273094e-13
3.9565440137832544e-13
3.9575888646492683e-13
3.958633868017563e-13
3.95967902388074e-13
3.960724332231942e-13
3.96176979306473e-13
3.962815406373158e-13
3.963861172151747e-13
3.964907090395461e-13
3.9659531610997863e-13
3.9669993842607275e-13
3.9680457598747594e-13
3.969092287938933e-13
3.970138968450738e-13
3.971185801408297e-13
3.972232786810145e-13
3.973279924655499e-13
3.9743272149439964e-13
3.975374657675978e-13
3.9764222528522306e-13
3.9774700004741443e-13
3.9785179005437365e-13
3.9795659530635785e-13
3.980614158036868e-13
3.9816625154674304e-13
3.9827110253596224e-13
3.9837596877185325e-13
3.9848085025497996e-13
3.985857469859695e-13
3.9869065896552284e-13
3.9879558619439865e-13
3.989005286734236e-13
3.990054864034986e-13
3.9911045938558e-13
3.992154476207052e-13
3.993204511099701e-13
3.994254698545467e-13
3.995305038556811e-13
3.996355531146906e-13
3.9974061763295824e-13
3.9984569741195164e-13
3.9995079245319934e-13
4.000559027583223e-13
4.001610283290044e-13
4.002661691670095e-13
4.0037132527418573e-13
4.004764966524497e-13
4.005816833038085e-13
4.0068688523034035e-13
4.0079210243421604e-13
4.008973349176754e-13
4.0100258268304793e-13
4.0110784573274593e-13
4.0121312406927096e-13
4.013184176952099e-13
4.014237266132264e-13
4.0152905082608485e-13
4.0163439033662627e-13
4.017397451477824e-13
4.018451152625853e-13
4.0195050068415213e-13
4.0205590141568525e-13
4.021613174604928e-13
4.022667488219601e-13
4.023721955035841e-13
4.02477657508944e-13
4.0258313484172265e-13
4.0268862750569854e-13
4.0279413550474596e-13
4.028996588428455e-13
4.030051975240682e-13
4.03110751552594e-13
4.032163209326961e-13
4.0332190566876217e-13
4.0342750576526737e-13
4.035331212268043e-13
4.036387520580748e-13
4.0374439826387353e-13
4.038500598491126e-13
4.0395573681880514e-13
4.04061429178079e-13
4.0416713693217393e-13
4.0427286008643363e-13
4.043785986463215e-13
4.044843526174106e-13
4.0459012200538845e-13
4.0469590681605704e-13
4.048017070553362e-13
4.049075227292652e-13
4.050133538439932e-13
4.0511920040579463e-13
4.052250624210638e-13
4.053309398963152e-13
4.0543683283818387e-13
4.055427412534322e-13
4.056486651489357e-13
4.0575460453171307e-13
4.0586055940889595e-13
4.0596652978774395e-13
4.0607251567564224e-13
4.061785170801178e-13
4.062845340088145e-13
4.063905664695134e-13
4.064966144701287e-13
4.066026780187058e-13
4.067087571234237e-13
4.0681485179259786e-13
4.069209620346798e-13
4.0702708785825556e-13
4.0713322927206257e-13
4.0723938628496224e-13
4.0734555890596263e-13
4.0745174714421386e-13
4.07557951009008e-13
4.0766417050977595e-13
4.0777040565610676e-13
4.078766564577259e-13
4.079829229245092e-13
4.080892050664762e-13
4.0819550289380296e-13
4.083018164168091e-13
4.084081456459649e-13
4.085144905919091e-13
4.086208512654145e-13
4.087272276774201e-13
4.0883361983901473e-13
4.0894002776144845e-13
4.090464514561289e-13
4.0915289093462503e-13
4.092593462086612e-13
4.093658172901303e-13
4.0947230419108116e-13
4.095788069237341e-13
4.0968532550046767e-13
4.0979185993383465e-13
4.098984102365437e-13
4.100049764214856e-13
4.1011155850171477e-13
4.102181564904522e-13
4.1032477040110394e-13
4.104314002472371e-13
4.105380460426009e-13
4.106447078011144e-13
4.107513855368785e-13
4.1085807926417187e-13
4.109647889974577e-13
4.1107151475137176e-13
4.1117825654073467e-13
4.112850143805524e-13
4.1139178828601373e-13
4.114985782724953e-13
4.116053843555589e-13
4.1171220655095756e-13
4.1181904487463167e-13
4.1192589934271307e-13
4.120327699715215e-13
4.121396567775779e-13
4.1224655977759954e-13
4.1235347898849214e-13
4.124604144273574e-13
4.125673661115063e-13
4.1267433405844395e-13
4.1278131828587694e-13
4.1288831881171357e-13
4.1299533565407133e-13
4.1310236883126467e-13
4.132094183618174e-13
4.133164842644715e-13
4.13423566558165e-13
4.135306652620539e-13
4.136377803955038e-13
4.137449119780987e-13
4.138520600296294e-13
4.1395922457011513e-13
4.1406640561978305e-13
4.1417360319908017e-13
4.142808173286721e-13
4.143880480294583e-13
4.144952953225481e-13
4.1460255922928235e-13
4.147098397712336e-13
4.148171369701895e-13
4.1492445084818e-13
4.1503178142745333e-13
4.1513912873049705e-13
4.152464927800332e-13
4.1535387359901545e-13
4.154612712106396e-13
4.155686856383304e-13
4.156761169057607e-13
4.157835650368426e-13
4.1589103005572547e-13
4.159985119868095e-13
4.161060108547393e-13
4.162135266843973e-13
4.1632105950092693e-13
4.1642860932972214e-13
4.165361761964219e-13
4.1664376012691917e-13
4.1675136114735966e-13
4.1685897928415864e-13
4.1696661456397684e-13
4.1707426701373613e-13
4.1718193666062014e-13
4.1728962353208487e-13
4.1739732765583914e-13
4.1750504905986185e-13
4.1761278777240664e-13
4.177205438219811e-13
4.178283172373779e-13
4.1793610804765987e-13
4.1804391628215924e-13
4.181517419704888e-13
4.182595851425445e-13
4.183674458284869e-13
4.1847532405876724e-13
4.185832198641233e-13
4.186911332755676e-13
4.187990643244068e-13
4.189070130422337e-13
4.190149794609348e-13
4.191229636126802e-13
4.192309655299368e-13
4.193389852454708e-13
4.194470227923374e-13
4.195550782038992e-13
4.1966315151381307e-13
4.197712427560381e-13
4.1987935196484385e-13
4.1998747917480465e-13
4.2009562442079747e-13
4.20203787738012e-13
4.2031196916194627e-13
4.204201687284164e-13
4.2052838647355424e-13
4.20636622433805e-13
4.207448766459384e-13
4.2085314914703645e-13
4.2096143997451123e-13
4.210697491660988e-13
4.21178076759859e-13
4.21286422794184e-13
4.213947873077926e-13
4.2150317033973904e-13
4.2161157192941434e-13
4.217199921165452e-13
4.218284309411902e-13
4.2193688844375627e-13
4.220453646649857e-13
4.2215385964597453e-13
4.2226237342815627e-13
4.2237090605332394e-13
4.224794575636138e-13
4.225880280015159e-13
4.2269661740987166e-13
4.2280522583189264e-13
4.229138533111336e-13
4.2302249989152234e-13
4.2313116561734055e-13
4.2323985053324835e-13
4.233485546842574e-13
4.2345727811576544e-13
4.2356602087352465e-13
4.236747830036792e-13
4.237835645527407e-13
4.238923655675991e-13
4.240011860955259e-13
4.2411002618417893e-13
4.242188858815975e-13
4.243277652362099e-13
4.244366642968366e-13
4.24545583112685e-13
4.246545217333649e-13
4.2476348020887343e-13
4.2487245858961795e-13
4.249814569263936e-13
4.250904752704109e-13
4.251995136732842e-13
4.2530857218703305e-13
4.254176508640882e-13
4.255267497572972e-13
4.256358689199212e-13
4.257450084056383e-13
4.2585416826855325e-13
4.2596334856318813e-13
4.260725493444895e-13
4.261817706678396e-13
4.2629101258903993e-13
4.264002751643383e-13
4.265095584504077e-13
4.266188625043617e-13
4.267281873837552e-13
4.268375331465924e-13
4.269468998513155e-13
4.2705628755681927e-13
4.271656963224469e-13
4.2727512620799715e-13
4.2738457727372276e-13
4.2749404958034245e-13
4.276035431890343e-13
4.277130581614299e-13
4.278225945596411e-13
4.279321524462437e-13
4.2804173188428416e-13
4.2815133293729574e-13
4.2826095566928087e-13
4.283706001447207e-13
4.284802664285866e-13
4.2858995458633185e-13
4.2869966468389676e-13
4.288093967877232e-13
4.289191509647425e-13
4.2902892728238733e-13
4.291387258085804e-13
4.2924854661176444e-13
4.293583897608801e-13
4.294682553253751e-13
4.295781433752163e-13
4.2968805398088343e-13
4.297979872133753e-13
4.2990794314421426e-13
4.3001792184544483e-13
4.3012792338963734e-13
4.302379478499089e-13
4.303479952998812e-13
4.304580658137414e-13
4.3056815946620514e-13
4.306782763325326e-13
4.307884164885262e-13
4.3089858001054553e-13
4.310087669755065e-13
4.3111897746087176e-13
4.3122921154466523e-13
4.3133946930547683e-13
4.3144975082246037e-13
4.315600561753438e-13
4.316703854444244e-13
4.3178073871057643e-13
4.3189111605525436e-13
4.320015175604951e-13
4.3211194330892076e-13
4.322223933837505e-13
4.3233286786878267e-13
4.3244336684842824e-13
4.3255389040768685e-13
4.326644386321702e-13
4.3277501160808947e-13
4.3288560942227084e-13
4.329962321621614e-13
4.3310687991581803e-13
4.3321755277192105e-13
4.3332825081977767e-13
4.3343897414932586e-13
4.3354972285113325e-13
4.336604970164069e-13
4.3377129673699127e-13
4.338821221053788e-13
4.3399297321471245e-13
4.341038501587727e-13
4.3421475303201513e-13
4.3432568192954034e-13
4.3443663694712204e-13
4.345476181811976e-13
4.346586257288722e-13
4.3476965968792876e-13
4.3488072015683083e-13
4.3499180723472533e-13
4.35102921021451e-13
4.3521406161752445e-13
4.3532522912417293e-13
4.354364236433182e-13
4.3554764527758166e-13
4.3565889413029553e-13
4.357701703055106e-13
4.3588147390798336e-13
4.359928050431968e-13
4.3610416381736147e-13
4.362155503374118e-13
4.3632696471102296e-13
4.364384070466001e-13
4.365498774532918e-13
4.3666137604100576e-13
4.367729029203855e-13
4.368844582028448e-13
4.3699604200054117e-13
4.371076544264079e-13
4.3721929559415164e-13
4.3733096561824707e-13
4.374426646139448e-13
4.37554392697288e-13
4.376661499851013e-13
4.377779365950019e-13
4.3788975264540733e-13
4.380015982555438e-13
4.3811347354543306e-13
4.382253786359138e-13
4.3833731364864377e-13
4.3844927870610387e-13
4.3856127393159696e-13
4.386732994492619e-13
4.387853553840739e-13
4.388974418618544e-13
4.390095590092593e-13
4.39121706953809e-13
4.392338858238805e-13
4.3934609574870747e-13
4.3945833685839817e-13
4.3957060928393234e-13
4.3968291315715594e-13
4.397952486108185e-13
4.3990761577854957e-13
4.4002001479487184e-13
4.401324457952121e-13
4.402449089159013e-13
4.403574042941747e-13
4.4046993206819603e-13
4.4058249237704417e-13
4.4069508536072663e-13
4.4080771116018234e-13
4.4092036991729787e-13
4.4103306177489687e-13
4.411457868767533e-13
4.412585453676052e-13
4.4137133739314914e-13
4.4148416310004894e-13
4.415970226359404e-13
4.4170991614944523e-13
4.4182284379016835e-13
4.4193580570871145e-13
4.4204880205666775e-13
4.421618329866462e-13
4.422748986522551e-13
4.4238799920812184e-13
4.4250113480990584e-13
4.426143056142902e-13
4.427275117789909e-13
4.428407534627722e-13
4.4295403082545243e-13
4.4306734402789293e-13
4.4318069323202563e-13
4.4329407860085014e-13
4.434075002984392e-13
4.4352095848995215e-13
4.4363445334163246e-13
4.437479850208269e-13
4.438615536959793e-13
4.4397515953663745e-13
4.4408880271347355e-13
4.442024833982848e-13
4.443162017639934e-13
4.4442995798466e-13
4.4454375223548957e-13
4.446575846928493e-13
4.447714555342488e-13
4.4488536493837394e-13
4.449993130850869e-13
4.451133001554242e-13
4.452273263316131e-13
4.453413917970815e-13
4.454554967364559e-13
4.45569641335578e-13
4.4568382578150434e-13
4.4579805026251985e-13
4.4591231496814876e-13
4.460266200891498e-13
4.4614096581753165e-13
4.462553523465774e-13
4.4636977987081327e-13
4.464842485860614e-13
4.465987586894086e-13
4.4671331037924297e-13
4.4682790385525016e-13
4.469425393184197e-13
4.47057216971058e-13
4.4717193701679734e-13
4.472866996606078e-13
4.4740150510878904e-13
4.4751635356899446e-13
4.476312452502425e-13
4.4774618036291084e-13
4.4786115911875307e-13
4.479761817309148e-13
4.480912484139312e-13
4.482063593837399e-13
4.483215148576909e-13
4.4843671505455227e-13
4.485519601945316e-13
4.4866725049927143e-13
4.487825861918588e-13
4.48897967496841e-13
4.490133946402415e-13
4.491288678495448e-13
4.492443873537389e-13
4.493599533832994e-13
4.494755661702113e-13
4.495912259479826e-13
4.497069329516309e-13
4.49822687417724e-13
4.4993848958437436e-13
4.500543396912478e-13
4.501702379795791e-13
4.502861846921837e-13
4.5040218007345465e-13
4.505182243693921e-13
4.506343178276018e-13
4.5075046069731267e-13
4.508666532293752e-13
4.5098289567628617e-13
4.5109918829219003e-13
4.5121553133290195e-13
4.513319250559123e-13
4.5144836972038007e-13
4.5156486558717464e-13
4.516814129188716e-13
4.5179801197976284e-13
4.5191466303586825e-13
4.5203136635495137e-13
4.521481222065256e-13
4.522649308618779e-13
4.5238179259407175e-13
4.5249870767795345e-13
4.5261567639017256e-13
4.527326990091889e-13
4.528497758152954e-13
4.5296690709061964e-13
4.5308409311913904e-13
4.532013341866927e-13
4.5331863058099445e-13
4.534359825916522e-13
4.5355339051016746e-13
4.5367085462995856e-13
4.537883752463643e-13
4.5390595265667746e-13
4.540235871601371e-13
4.541412790579415e-13
4.5425902865327853e-13
4.543768362513285e-13
4.544947021592741e-13
4.546126266863214e-13
4.547306101437114e-13
4.548486528447378e-13
4.549667551047492e-13
4.550849172411764e-13
4.552031395735409e-13
4.55321422423468e-13
4.554397661147089e-13
4.555581709731492e-13
4.556766373268138e-13
4.557951655059031e-13
4.559137558427919e-13
4.560324086720607e-13
4.561511243304834e-13
4.562699031570725e-13
4.563887454930751e-13
4.565076516820007e-13
4.566266220696241e-13
4.567456570040128e-13
4.568647568355444e-13
4.569839219169098e-13
4.571031526031322e-13
4.572224492516037e-13
4.573418122220747e-13
4.574612418766828e-13
4.575807385799787e-13
4.577003026989225e-13
4.578199346029173e-13
4.579396346638241e-13
4.580594032559748e-13
4.581792407561839e-13
4.582991475437879e-13
4.584191240006342e-13
4.58539170511127e-13
4.586592874622169e-13
4.5877947524345e-13
4.588997342469671e-13
4.590200648675186e-13
4.591404675025022e-13
4.592609425519648e-13
4.593814904186232e-13
4.595021115078957e-13
4.596228062279101e-13
4.597435749895244e-13
4.598644182063543e-13
4.599853362947814e-13
4.601063296739783e-13
4.602273987659455e-13
4.60348543995497e-13
4.604697657903071e-13
4.605910645809265e-13
4.607124408008066e-13
4.608338948863062e-13
4.609554272767201e-13
4.610770384143099e-13
4.611987287443198e-13
4.613204987149887e-13
4.614423487775816e-13
4.615642793864203e-13
4.616862909988833e-13
4.618083840754551e-13
4.619305590797232e-13
4.620528164784167e-13
4.621751567414354e-13
4.62297580341857e-13
4.624200877559625e-13
4.62542679463273e-13
4.626653559465601e-13
4.627881176918869e-13
4.629109651886185e-13
4.630338989294424e-13
4.631569194104111e-13
4.632800271309448e-13
4.634032225938837e-13
4.635265063054911e-13
4.636498787754954e-13
4.637733405170985e-13
4.638968920470216e-13
4.640205338855105e-13
4.641442665563865e-13
4.642680905870514e-13
4.643920065085243e-13
4.645160148554808e-13
4.646401161662575e-13
4.647643109828948e-13
4.648885998511666e-13
4.650129833205951e-13
4.651374619444934e-13
4.652620362799932e-13
4.653867068880693e-13
4.655114743335674e-13
4.656363391852312e-13
4.657613020157589e-13
4.658863634017909e-13
4.660115239239717e-13
4.661367841669747e-13
4.662621447195299e-13
4.663876061744531e-13
4.665131691286795e-13
4.666388341833045e-13
4.667646019435972e-13
4.66890473019055e-13
4.670164480234228e-13
4.671425275747284e-13
4.672687122953132e-13
4.673950028118777e-13
4.675213997555036e-13
4.676479037617005e-13
4.677745154704282e-13
4.679012355261364e-13
4.680280645777937e-13
4.681550032789512e-13
4.682820522877363e-13
4.684092122669247e-13
4.68536483883956e-13
4.686638678109806e-13
4.687913647249055e-13
4.689189753074143e-13
4.690467002450129e-13
4.691745402290688e-13
4.693024959558479e-13
4.694305681265626e-13
4.695587574474049e-13
4.6968706462958e-13
4.6981549038936e-13
4.699440354481142e-13
4.700727005323586e-13
4.702014863737965e-13
4.703303937093543e-13
4.704594232812302e-13
4.705885758369285e-13
4.707178521293199e-13
4.70847252916666e-13
4.709767789626777e-13
4.711064310365516e-13
4.712362099130239e-13
4.713661163724012e-13
4.714961512006259e-13
4.716263151893059e-13
4.717566091357727e-13
4.718870338431137e-13
4.720175901202481e-13
4.721482787819371e-13
4.72279100648872e-13
4.724100565476968e-13
4.72541147311061e-13
4.726723737776812e-13
4.728037367923801e-13
4.729352372061543e-13
4.730668758762024e-13
4.731986536659985e-13
4.733305714453326e-13
4.73462630090369e-13
4.735948304837004e-13
4.737271735143997e-13
4.738596600780702e-13
4.739922910769206e-13
4.741250674197964e-13
4.742579900222559e-13
4.743910598066143e-13
4.745242777020135e-13
4.746576446444629e-13
4.747911615769217e-13
4.749248294493412e-13
4.750586492187301e-13
4.751926218492147e-13
4.753267483121071e-13
4.754610295859576e-13
4.755954666566175e-13
4.757300605173124e-13
4.758648121687027e-13
4.759997226189411e-13
4.761347928837495e-13
4.762700239864652e-13
4.764054169581439e-13
4.765409728375809e-13
4.766766926714189e-13
4.768125775141999e-13
4.769486284284268e-13
4.770848464846523e-13
4.772212327615392e-13
4.77357788345938e-13
4.774945143329516e-13
4.776314118260067e-13
4.77768481936947e-13
4.779057257860901e-13
4.780431445023049e-13
4.781807392231041e-13
4.783185110946988e-13
4.784564612720868e-13
4.785945909191443e-13
4.787329012086824e-13
4.788713933225492e-13
4.790100684516968e-13
4.791489277962716e-13
4.792879725657002e-13
4.794272039787651e-13
4.7956662326369e-13
4.797062316582409e-13
4.798460304097949e-13
4.799860207754395e-13
4.801262040220637e-13
4.802665814264373e-13
4.804071542753039e-13
4.805479238654904e-13
4.806888915039804e-13
4.808300585080084e-13
4.809714262051732e-13
4.811129959335188e-13
4.812547690416347e-13
4.813967468887601e-13
4.815389308448745e-13
4.81681322290807e-13
4.818239226183347e-13
4.819667332302735e-13
4.821097555406119e-13
4.822529909745874e-13
4.823964409688101e-13
4.825401069713637e-13
4.826839904419105e-13
4.828280928518126e-13
4.829724156842379e-13
4.831169604342687e-13
4.832617286090224e-13
4.834067217277664e-13
4.835519413220272e-13
4.836973889357149e-13
4.838430661252477e-13
4.839889744596648e-13
4.841351155207499e-13
4.842814909031514e-13
4.84428102214519e-13
4.845749510756273e-13
4.847220391204831e-13
4.848693679964859e-13
4.850169393645437e-13
4.851647548992016e-13
4.853128162887865e-13
4.85461125235539e-13
4.856096834557457e-13
4.857584926798794e-13
4.859075546527546e-13
4.860568711336472e-13
4.862064438964532e-13
4.863562747298344e-13
4.865063654373578e-13
4.866567178376595e-13
4.868073337645722e-13
4.869582150673015e-13
4.871093636105721e-13
4.872607812747839e-13
4.874124699561736e-13
4.875644315669651e-13
4.877166680355451e-13
4.878691813066279e-13
4.880219733414106e-13
4.881750461177468e-13
4.883284016303266e-13
4.884820418908337e-13
4.886359689281364e-13
4.887901847884544e-13
4.889446915355418e-13
4.890994912508654e-13
4.892545860337902e-13
4.894099780017727e-13
4.89565669290535e-13
4.897216620542796e-13
4.898779584658551e-13
4.900345607169671e-13
4.901914710183759e-13
4.903486916001029e-13
4.905062247116174e-13
4.906640726220584e-13
4.908222376204421e-13
4.909807220158591e-13
4.91139528137704e-13
4.912986583358841e-13
4.914581149810444e-13
4.916179004647839e-13
4.917780171998922e-13
4.919384676205675e-13
4.92099254182651e-13
4.922603793638645e-13
4.92421845664039e-13
4.925836556053638e-13
4.92745811732638e-13
4.929083166134915e-13
4.930711728386611e-13
4.932343830222451e-13
4.933979498019293e-13
4.935618758392802e-13
4.93726163820002e-13
4.938908164541905e-13
4.940558364766144e-13
4.942212266469954e-13
4.943869897502801e-13
4.945531285969219e-13
4.947196460231603e-13
4.948865448913329e-13
4.950538280901471e-13
4.952214985349948e-13
4.953895591682318e-13
4.955580129595192e-13
4.957268629060992e-13
4.958961120331362e-13
4.960657633940137e-13
4.962358200706763e-13
4.964062851739513e-13
4.965771618438781e-13
4.967484532500592e-13
4.969201625919773e-13
4.970922930993689e-13
4.972648480325644e-13
4.97437830682848e-13
4.976112443728098e-13
4.977850924567346e-13
4.979593783209501e-13
4.981341053842196e-13
4.98309277098128e-13
4.984848969474587e-13
4.986609684506002e-13
4.988374951599381e-13
4.990144806622676e-13
4.991919285791974e-13
4.993698425675744e-13
4.995482263199054e-13
4.997270835647948e-13
4.999064180673722e-13
5.000862336297385e-13
5.002665340914098e-13
5.004473233297937e-13
5.00628605260628e-13
5.008103838384728e-13
5.009926630571689e-13
5.011754469503398e-13
5.013587395918719e-13
5.015425450964237e-13
5.017268676199202e-13
5.019117113600697e-13
5.020970805569069e-13
5.022829794933003e-13
5.024694124954927e-13
5.026563839336673e-13
5.028438982224837e-13
5.030319598216454e-13
5.032205732364883e-13
5.03409743018547e-13
5.035994737661444e-13
5.0378977012501e-13
5.039806367888699e-13
5.04172078500075e-13
5.043641000502313e-13
5.045567062808429e-13
5.047499020839539e-13
5.049436924028097e-13
5.051380822325347e-13
5.053330766208113e-13
5.055286806685674e-13
5.057248995306756e-13
5.059217384166873e-13
5.061192025915451e-13
5.063172973763337e-13
5.065160281490026e-13
5.067154003451664e-13
5.069154194588614e-13
5.071160910433398e-13
5.07317420711862e-13
5.075194141385261e-13
5.077220770590892e-13
5.079254152718141e-13
5.08129434638327e-13
5.083341410844823e-13
5.085395406012623e-13
5.08745639245665e-13
5.089524431416382e-13
5.091599584809981e-13
5.093681915243894e-13
5.095771486022364e-13
5.09786836115749e-13
5.099972605379019e-13
5.102084284144622e-13
5.104203463650184e-13
5.106330210840443e-13
5.108464593419649e-13
5.110606679862421e-13
5.112756539424964e-13
5.11491424215624e-13
5.117079858909729e-13
5.119253461354817e-13
5.121435121988964e-13
5.12362491414977e-13
5.125822912027402e-13
5.128029190677057e-13
5.130243826031976e-13
5.132466894916343e-13
5.134698475058654e-13
5.136938645105373e-13
5.139187484634547e-13
5.14144507417001e-13
5.143711495195725e-13
5.145986830170288e-13
5.148271162541967e-13
5.150564576763622e-13
5.152867158308501e-13
5.155178993685634e-13
5.157500170456149e-13
5.1598307772496e-13
5.162170903780597e-13
5.164520640865826e-13
5.166880080441414e-13
5.169249315580668e-13
5.171628440512115e-13
5.17401755063777e-13
5.176416742552126e-13
5.178826114061195e-13
5.181245764202016e-13
5.183675793262662e-13
5.186116302802533e-13
5.188567395673077e-13
5.19102917603909e-13
5.193501749400285e-13
5.195985222613325e-13
5.19847970391442e-13
5.200985302942264e-13
5.203502130761564e-13
5.206030299887049e-13
5.208569924307893e-13
5.211121119512883e-13
5.213684002515792e-13
5.216258691881645e-13
5.21884530775334e-13
5.221443971878887e-13
5.224054807639238e-13
5.226677940076914e-13
5.229313495924963e-13
5.231961603636791e-13
5.234622393416443e-13
5.237295997249959e-13
5.239982548936981e-13
5.242682184123299e-13
5.245395040334304e-13
5.248121257008903e-13
5.25086097553421e-13
5.253614339281586e-13
5.256381493642763e-13
5.259162586067356e-13
5.26195776610103e-13
5.264767185424675e-13
5.267590997894575e-13
5.270429359583247e-13
5.273282428821713e-13
5.276150366242384e-13
5.279033334823343e-13
5.281931499933508e-13
5.284845029379016e-13
5.287774093450751e-13
5.290718864973035e-13
5.293679519353602e-13
5.296656234634807e-13
5.299649191546305e-13
5.302658573558817e-13
5.305684566939599e-13
5.308727360809243e-13
5.311787147199832e-13
5.314864121115055e-13
5.317958480591389e-13
5.321070426761436e-13
5.324200163918802e-13
5.32734789958465e-13
5.330513844576373e-13
5.33369821307791e-13
5.336901222712165e-13
5.340123094615708e-13
5.343364053515069e-13
5.346624327805885e-13
5.349904149633983e-13
5.353203754979019e-13
5.356523383740326e-13
5.359863279825863e-13
5.363223691243358e-13
5.366604870194571e-13
5.370007073172372e-13
5.373430561060821e-13
5.376875599238552e-13
5.380342457685363e-13
5.38383141109235e-13
5.387342738975619e-13
5.390876725793762e-13
5.394433661069329e-13
5.398013839514496e-13
5.401617561161093e-13
5.405245131495093e-13
5.408896861596227e-13
5.412573068282436e-13
5.416274074259816e-13
5.42000020827827e-13
5.423751805293275e-13
5.427529206634385e-13
5.431332760180264e-13
5.435162820541756e-13
5.439019749252831e-13
5.442903914970405e-13
5.446815693683671e-13
5.45075546893343e-13
5.454723632042771e-13
5.458720582359886e-13
5.462746727514083e-13
5.466802483687203e-13
5.470888275901442e-13
5.475004538327945e-13
5.47915171461864e-13
5.483330258267589e-13
5.487540633006974e-13
5.491783313241618e-13
5.496058784525403e-13
5.500367544080135e-13
5.50471010135848e-13
5.509086978652614e-13
5.51349871175094e-13
5.517945850647742e-13
5.522428960311425e-13
5.526948621520165e-13
