-72
-71.9938
-71.9885
-71.9832
-71.9779
-71.9726
-71.9673
-71.9619
-71.9566
-71.9513
-71.946
-71.9407
-71.9354
-71.9301
-71.9248
-71.9196
-71.9143
-71.909
-71.9037
-71.8984
-71.8931
-71.8878
-71.8825
-71.8773
-71.872
-71.8667
-71.8614
-71.8562
-71.8509
-71.8456
-71.8403
-71.8351
-71.8298
-71.8245
-71.8193
-71.814
-71.8088
-71.8035
-71.7983
-71.793
-71.7877
-71.7825
-71.7773
-71.772
-71.7668
-71.7615
-71.7563
-71.7511
-71.7458
-71.7406
-71.7354
-71.7301
-71.7249
-71.7197
-71.7145
-71.7092
-71.704
-71.6988
-71.6936
-71.6884
-71.6832
-71.678
-71.6728
-71.6676
-71.6624
-71.6572
-71.652
-71.6468
-71.6416
-71.6364
-71.6312
-71.6261
-71.6209
-71.6157
-71.6105
-71.6054
-71.6002
-71.595
-71.5899
-71.5847
-71.5795
-71.5744
-71.5692
-71.5641
-71.5589
-71.5538
-71.5486
-71.5435
-71.5384
-71.5332
-71.5281
-71.523
-71.5178
-71.5127
-71.5076
-71.5025
-71.4974
-71.4922
-71.4871
-71.482
-71.4769
-71.4718
-71.4667
-71.4616
-71.4565
-71.4514
-71.4463
-71.4412
-71.4362
-71.4311
-71.426
-71.4209
-71.4158
-71.4108
-71.4057
-71.4006
-71.3956
-71.3905
-71.3855
-71.3804
-71.3754
-71.3703
-71.3653
-71.3602
-71.3552
-71.3501
-71.3451
-71.3401
-71.335
-71.33
-71.325
-71.32
-71.3149
-71.3099
-71.3049
-71.2999
-71.2949
-71.2899
-71.2849
-71.2799
-71.2749
-71.2699
-71.2649
-71.2599
-71.2549
-71.25
-71.245
-71.24
-71.235
-71.2301
-71.2251
-71.2201
-71.2152
-71.2102
-71.2052
-71.2003
-71.1953
-71.1904
-71.1854
-71.1805
-71.1756
-71.1706
-71.1657
-71.1608
-71.1558
-71.1509
-71.146
-71.1411
-71.1361
-71.1312
-71.1263
-71.1214
-71.1165
-71.1116
-71.1067
-71.1018
-71.0969
-71.092
-71.0871
-71.0822
-71.0773
-71.0725
-71.0676
-71.0627
-71.0578
-71.053
-71.0481
-71.0432
-71.0384
-71.0335
-71.0287
-71.0238
-71.019
-71.0141
-71.0093
-71.0044
-70.9996
-70.9947
-70.9899
-70.9851
-70.9803
-70.9754
-70.9706
-70.9658
-70.961
-70.9562
-70.9513
-70.9465
-70.9417
-70.9369
-70.9321
-70.9273
-70.9225
-70.9177
-70.913
-70.9082
-70.9034
-70.8986
-70.8938
-70.8891
-70.8843
-70.8795
-70.8747
-70.87
-70.8652
-70.8605
-70.8557
-70.8509
-70.8462
-70.8414
-70.8367
-70.832
-70.8272
-70.8225
-70.8177
-70.813
-70.8083
-70.8036
-70.7988
-70.7941
-70.7894
-70.7847
-70.78
-70.7753
-70.7706
-70.7659
-70.7611
-70.7565
-70.7518
-70.7471
-70.7424
-70.7377
-70.733
-70.7283
-70.7236
-70.719
-70.7143
-70.7096
-70.7049
-70.7003
-70.6956
-70.6909
-70.6863
-70.6816
-70.677
-70.6723
-70.6677
-70.663
-70.6584
-70.6538
-70.6491
-70.6445
-70.6398
-70.6352
-70.6306
-70.626
-70.6213
-70.6167
-70.6121
-70.6075
-70.6029
-70.5983
-70.5937
-70.5891
-70.5845
-70.5799
-70.5753
-70.5707
-70.5661
-70.5615
-70.5569
-70.5523
-70.5478
-70.5432
-70.5386
-70.534
-70.5295
-70.5249
-70.5203
-70.5158
-70.5112
-70.5066
-70.5021
-70.4975
-70.493
-70.4884
-70.4839
-70.4794
-70.4748
-70.4703
-70.4657
-70.4612
-70.4567
-70.4522
-70.4476
-70.4431
-70.4386
-70.4341
-70.4296
-70.4251
-70.4205
-70.416
-70.4115
-70.407
-70.4025
-70.398
-70.3935
-70.3891
-70.3846
-70.3801
-70.3756
-70.3711
-70.3666
-70.3622
-70.3577
-70.3532
-70.3487
-70.3443
-70.3398
-70.3353
-70.3309
-70.3264
-70.322
-70.3175
-70.3131
-70.3086
-70.3042
-70.2997
-70.2953
-70.2909
-70.2864
-70.282
-70.2776
-70.2731
-70.2687
-70.2643
-70.2599
-70.2554
-70.251
-70.2466
-70.2422
-70.2378
-70.2334
-70.229
-70.2246
-70.2202
-70.2158
-70.2114
-70.207
-70.2026
-70.1982
-70.1938
-70.1894
-70.1851
-70.1807
-70.1763
-70.1719
-70.1676
-70.1632
-70.1588
-70.1545
-70.1501
-70.1457
-70.1414
-70.137
-70.1327
-70.1283
-70.124
-70.1196
-70.1153
-70.1109
-70.1066
-70.1023
-70.0979
-70.0936
-70.0893
-70.0849
-70.0806
-70.0763
-70.072
-70.0676
-70.0633
-70.059
-70.0547
-70.0504
-70.0461
-70.0418
-70.0375
-70.0331
-70.0288
-70.0246
-70.0203
-70.016
-70.0117
-70.0074
-70.0031
-69.9988
-69.9945
-69.9902
-69.986
-69.9817
-69.9774
-69.9731
-69.9689
-69.9646
-69.9603
-69.9561
-69.9518
-69.9476
-69.9433
-69.939
-69.9348
-69.9305
-69.9263
-69.922
-69.9178
-69.9136
-69.9093
-69.9051
-69.9008
-69.8966
-69.8924
-69.8881
-69.8839
-69.8797
-69.8755
-69.8712
-69.867
-69.8628
-69.8586
-69.8544
-69.8502
-69.8459
-69.8417
-69.8375
-69.8333
-69.8291
-69.8249
-69.8207
-69.8165
-69.8123
-69.8081
-69.804
-69.7998
-69.7956
-69.7914
-69.7872
-69.783
-69.7789
-69.7747
-69.7705
-69.7663
-69.7622
-69.758
-69.7538
-69.7497
-69.7455
-69.7413
-69.7372
-69.733
-69.7289
-69.7247
-69.7206
-69.7164
-69.7123
-69.7081
-69.704
-69.6998
-69.6957
-69.6915
-69.6874
-69.6833
-69.6791
-69.675
-69.6709
-69.6667
-69.6626
-69.6585
-69.6544
-69.6503
-69.6461
-69.642
-69.6379
-69.6338
-69.6297
-69.6256
-69.6215
-69.6174
-69.6132
-69.6091
-69.605
-69.6009
-69.5968
-69.5928
-69.5887
-69.5846
-69.5805
-69.5764
-69.5723
-69.5682
-69.5641
-69.56
-69.556
-69.5519
-69.5478
-69.5437
-69.5397
-69.5356
-69.5315
-69.5275
-69.5234
-69.5193
-69.5153
-69.5112
-69.5071
-69.5031
-69.499
-69.495
-69.4909
-69.4869
-69.4828
-69.4788
-69.4747
-69.4707
-69.4666
-69.4626
-69.4585
-69.4545
-69.4505
-69.4464
-69.4424
-69.4383
-69.4343
-69.4303
-69.4263
-69.4222
-69.4182
-69.4142
-69.4102
-69.4061
-69.4021
-69.3981
-69.3941
-69.3901
-69.3861
-69.382
-69.378
-69.374
-69.37
-69.366
-69.362
-69.358
-69.354
-69.35
-69.346
-69.342
-69.338
-69.334
-69.33
-69.326
-69.322
-69.3181
-69.3141
-69.3101
-69.3061
-69.3021
-69.2981
-69.2941
-69.2902
-69.2862
-69.2822
-69.2782
-69.2743
-69.2703
-69.2663
-69.2624
-69.2584
-69.2544
-69.2505
-69.2465
-69.2425
-69.2386
-69.2346
-69.2306
-69.2267
-69.2227
-69.2188
-69.2148
-69.2109
-69.2069
-69.203
-69.199
-69.1951
-69.1911
-69.1872
-69.1832
-69.1793
-69.1753
-69.1714
-69.1675
-69.1635
-69.1596
-69.1557
-69.1517
-69.1478
-69.1439
-69.1399
-69.136
-69.1321
-69.1281
-69.1242
-69.1203
-69.1164
-69.1124
-69.1085
-69.1046
-69.1007
-69.0968
-69.0929
-69.0889
-69.085
-69.0811
-69.0772
-69.0733
-69.0694
-69.0655
-69.0616
-69.0576
-69.0537
-69.0498
-69.0459
-69.042
-69.0381
-69.0342
-69.0303
-69.0264
-69.0225
-69.0186
-69.0147
-69.0108
-69.007
-69.0031
-68.9992
-68.9953
-68.9914
-68.9875
-68.9836
-68.9797
-68.9758
-68.972
-68.9681
-68.9642
-68.9603
-68.9564
-68.9525
-68.9487
-68.9448
-68.9409
-68.937
-68.9332
-68.9293
-68.9254
-68.9215
-68.9177
-68.9138
-68.9099
-68.906
-68.9022
-68.8983
-68.8944
-68.8906
-68.8867
-68.8828
-68.879
-68.8751
-68.8713
-68.8674
-68.8635
-68.8597
-68.8558
-68.852
-68.8481
-68.8442
-68.8404
-68.8365
-68.8327
-68.8288
-68.825
-68.8211
-68.8173
-68.8134
-68.8096
-68.8057
-68.8019
-68.798
-68.7942
-68.7903
-68.7865
-68.7826
-68.7788
-68.7749
-68.7711
-68.7673
-68.7634
-68.7596
-68.7557
-68.7519
-68.7481
-68.7442
-68.7404
-68.7365
-68.7327
-68.7289
-68.725
-68.7212
-68.7174
-68.7135
-68.7097
-68.7059
-68.702
-68.6982
-68.6944
-68.6905
-68.6867
-68.6829
-68.679
-68.6752
-68.6714
-68.6676
-68.6637
-68.6599
-68.6561
-68.6523
-68.6484
-68.6446
-68.6408
-68.637
-68.6331
-68.6293
-68.6255
-68.6217
-68.6178
-68.614
-68.6102
-68.6064
-68.6026
-68.5987
-68.5949
-68.5911
-68.5873
-68.5835
-68.5796
-68.5758
-68.572
-68.5682
-68.5644
-68.5606
-68.5567
-68.5529
-68.5491
-68.5453
-68.5415
-68.5377
-68.5339
-68.53
-68.5262
-68.5224
-68.5186
-68.5148
-68.511
-68.5072
-68.5034
-68.4995
-68.4957
-68.4919
-68.4881
-68.4843
-68.4805
-68.4767
-68.4729
-68.4691
-68.4653
-68.4614
-68.4576
-68.4538
-68.45
-68.4462
-68.4424
-68.4386
-68.4348
-68.431
-68.4272
-68.4234
-68.4195
-68.4157
-68.4119
-68.4081
-68.4043
-68.4005
-68.3967
-68.3929
-68.3891
-68.3853
-68.3815
-68.3777
-68.3739
-68.37
-68.3662
-68.3624
-68.3586
-68.3548
-68.351
-68.3472
-68.3434
-68.3396
-68.3358
-68.332
-68.3282
-68.3244
-68.3205
-68.3167
-68.3129
-68.3091
-68.3053
-68.3015
-68.2977
-68.2939
-68.2901
-68.2863
-68.2825
-68.2787
-68.2748
-68.271
-68.2672
-68.2634
-68.2596
-68.2558
-68.252
-68.2482
-68.2444
-68.2406
-68.2367
-68.2329
-68.2291
-68.2253
-68.2215
-68.2177
-68.2139
-68.2101
-68.2062
-68.2024
-68.1986
-68.1948
-68.191
-68.1872
-68.1834
-68.1795
-68.1757
-68.1719
-68.1681
-68.1643
-68.1605
-68.1567
-68.1528
-68.149
-68.1452
-68.1414
-68.1376
-68.1337
-68.1299
-68.1261
-68.1223
-68.1185
-68.1146
-68.1108
-68.107
-68.1032
-68.0994
-68.0955
-68.0917
-68.0879
-68.0841
-68.0802
-68.0764
-68.0726
-68.0688
-68.0649
-68.0611
-68.0573
-68.0534
-68.0496
-68.0458
-68.042
-68.0381
-68.0343
-68.0305
-68.0266
-68.0228
-68.019
-68.0151
-68.0113
-68.0075
-68.0036
-67.9998
-67.9959
-67.9921
-67.9883
-67.9844
-67.9806
-67.9767
-67.9729
-67.9691
-67.9652
-67.9614
-67.9575
-67.9537
-67.9498
-67.946
-67.9421
-67.9383
-67.9344
-67.9306
-67.9267
-67.9229
-67.919
-67.9152
-67.9113
-67.9075
-67.9036
-67.8998
-67.8959
-67.8921
-67.8882
-67.8843
-67.8805
-67.8766
-67.8728
-67.8689
-67.865
-67.8612
-67.8573
-67.8534
-67.8496
-67.8457
-67.8418
-67.838
-67.8341
-67.8302
-67.8263
-67.8225
-67.8186
-67.8147
-67.8108
-67.807
-67.8031
-67.7992
-67.7953
-67.7914
-67.7876
-67.7837
-67.7798
-67.7759
-67.772
-67.7681
-67.7642
-67.7603
-67.7564
-67.7526
-67.7487
-67.7448
-67.7409
-67.737
-67.7331
-67.7292
-67.7253
-67.7214
-67.7175
-67.7136
-67.7097
-67.7057
-67.7018
-67.6979
-67.694
-67.6901
-67.6862
-67.6823
-67.6784
-67.6744
-67.6705
-67.6666
-67.6627
-67.6588
-67.6548
-67.6509
-67.647
-67.6431
-67.6391
-67.6352
-67.6313
-67.6273
-67.6234
-67.6195
-67.6155
-67.6116
-67.6076
-67.6037
-67.5998
-67.5958
-67.5919
-67.5879
-67.584
-67.58
-67.5761
-67.5721
-67.5682
-67.5642
-67.5603
-67.5563
-67.5523
-67.5484
-67.5444
-67.5404
-67.5365
-67.5325
-67.5285
-67.5246
-67.5206
-67.5166
-67.5126
-67.5087
-67.5047
-67.5007
-67.4967
-67.4927
-67.4887
-67.4847
-67.4808
-67.4768
-67.4728
-67.4688
-67.4648
-67.4608
-67.4568
-67.4528
-67.4488
-67.4448
-67.4408
-67.4367
-67.4327
-67.4287
-67.4247
-67.4207
-67.4167
-67.4127
-67.4086
-67.4046
-67.4006
-67.3965
-67.3925
-67.3885
-67.3845
-67.3804
-67.3764
-67.3723
-67.3683
-67.3643
-67.3602
-67.3562
-67.3521
-67.3481
-67.344
-67.3399
-67.3359
-67.3318
-67.3278
-67.3237
-67.3196
-67.3156
-67.3115
-67.3074
-67.3033
-67.2993
-67.2952
-67.2911
-67.287
-67.2829
-67.2789
-67.2748
-67.2707
-67.2666
-67.2625
-67.2584
-67.2543
-67.2502
-67.2461
-67.242
-67.2379
-67.2337
-67.2296
-67.2255
-67.2214
-67.2173
-67.2131
-67.209
-67.2049
-67.2008
-67.1966
-67.1925
-67.1884
-67.1842
-67.1801
-67.1759
-67.1718
-67.1676
-67.1635
-67.1593
-67.1552
-67.151
-67.1468
-67.1427
-67.1385
-67.1343
-67.1302
-67.126
-67.1218
-67.1176
-67.1134
-67.1092
-67.1051
-67.1009
-67.0967
-67.0925
-67.0883
-67.0841
-67.0799
-67.0757
-67.0715
-67.0672
-67.063
-67.0588
-67.0546
-67.0504
-67.0461
-67.0419
-67.0377
-67.0334
-67.0292
-67.025
-67.0207
-67.0165
-67.0122
-67.008
-67.0037
-66.9994
-66.9952
-66.9909
-66.9867
-66.9824
-66.9781
-66.9738
-66.9696
-66.9653
-66.961
-66.9567
-66.9524
-66.9481
-66.9438
-66.9395
-66.9352
-66.9309
-66.9266
-66.9223
-66.918
-66.9136
-66.9093
-66.905
-66.9007
-66.8963
-66.892
-66.8877
-66.8833
-66.879
-66.8746
-66.8703
-66.8659
-66.8616
-66.8572
-66.8528
-66.8485
-66.8441
-66.8397
-66.8353
-66.831
-66.8266
-66.8222
-66.8178
-66.8134
-66.809
-66.8046
-66.8002
-66.7958
-66.7914
-66.7869
-66.7825
-66.7781
-66.7737
-66.7692
-66.7648
-66.7604
-66.7559
-66.7515
-66.747
-66.7426
-66.7381
-66.7336
-66.7292
-66.7247
-66.7202
-66.7158
-66.7113
-66.7068
-66.7023
-66.6978
-66.6933
-66.6888
-66.6843
-66.6798
-66.6753
-66.6708
-66.6663
-66.6617
-66.6572
-66.6527
-66.6481
-66.6436
-66.6391
-66.6345
-66.63
-66.6254
-66.6208
-66.6163
-66.6117
-66.6071
-66.6026
-66.598
-66.5934
-66.5888
-66.5842
-66.5796
-66.575
-66.5704
-66.5658
-66.5612
-66.5566
-66.5519
-66.5473
-66.5427
-66.538
-66.5334
-66.5287
-66.5241
-66.5194
-66.5148
-66.5101
-66.5054
-66.5008
-66.4961
-66.4914
-66.4867
-66.482
-66.4773
-66.4726
-66.4679
-66.4632
-66.4585
-66.4538
-66.4491
-66.4443
-66.4396
-66.4348
-66.4301
-66.4254
-66.4206
-66.4158
-66.4111
-66.4063
-66.4015
-66.3968
-66.392
-66.3872
-66.3824
-66.3776
-66.3728
-66.368
-66.3632
-66.3583
-66.3535
-66.3487
-66.3439
-66.339
-66.3342
-66.3293
-66.3245
-66.3196
-66.3147
-66.3099
-66.305
-66.3001
-66.2952
-66.2903
-66.2854
-66.2805
-66.2756
-66.2707
-66.2658
-66.2608
-66.2559
-66.251
-66.246
-66.2411
-66.2361
-66.2312
-66.2262
-66.2212
-66.2163
-66.2113
-66.2063
-66.2013
-66.1963
-66.1913
-66.1863
-66.1812
-66.1762
-66.1712
-66.1662
-66.1611
-66.1561
-66.151
-66.146
-66.1409
-66.1358
-66.1307
-66.1257
-66.1206
-66.1155
-66.1104
-66.1052
-66.1001
-66.095
-66.0899
-66.0847
-66.0796
-66.0745
-66.0693
-66.0641
-66.059
-66.0538
-66.0486
-66.0434
-66.0382
-66.033
-66.0278
-66.0226
-66.0174
-66.0122
-66.0069
-66.0017
-65.9964
-65.9912
-65.9859
-65.9807
-65.9754
-65.9701
-65.9648
-65.9595
-65.9542
-65.9489
-65.9436
-65.9383
-65.9329
-65.9276
-65.9222
-65.9169
-65.9115
-65.9062
-65.9008
-65.8954
-65.89
-65.8846
-65.8792
-65.8738
-65.8684
-65.8629
-65.8575
-65.8521
-65.8466
-65.8411
-65.8357
-65.8302
-65.8247
-65.8192
-65.8137
-65.8082
-65.8027
-65.7972
-65.7917
-65.7861
-65.7806
-65.775
-65.7695
-65.7639
-65.7583
-65.7527
-65.7471
-65.7415
-65.7359
-65.7303
-65.7247
-65.719
-65.7134
-65.7077
-65.7021
-65.6964
-65.6907
-65.685
-65.6793
-65.6736
-65.6679
-65.6622
-65.6565
-65.6507
-65.645
-65.6392
-65.6334
-65.6277
-65.6219
-65.6161
-65.6103
-65.6045
-65.5986
-65.5928
-65.587
-65.5811
-65.5752
-65.5694
-65.5635
-65.5576
-65.5517
-65.5458
-65.5399
-65.5339
-65.528
-65.5221
-65.5161
-65.5101
-65.5042
-65.4982
-65.4922
-65.4862
-65.4801
-65.4741
-65.4681
-65.462
-65.456
-65.4499
-65.4438
-65.4377
-65.4316
-65.4255
-65.4194
-65.4133
-65.4071
-65.401
-65.3948
-65.3886
-65.3825
-65.3763
-65.37
-65.3638
-65.3576
-65.3514
-65.3451
-65.3388
-65.3326
-65.3263
-65.32
-65.3137
-65.3073
-65.301
-65.2947
-65.2883
-65.2819
-65.2756
-65.2692
-65.2628
-65.2564
-65.2499
-65.2435
-65.237
-65.2306
-65.2241
-65.2176
-65.2111
-65.2046
-65.1981
-65.1915
-65.185
-65.1784
-65.1718
-65.1653
-65.1587
-65.152
-65.1454
-65.1388
-65.1321
-65.1254
-65.1188
-65.1121
-65.1054
-65.0986
-65.0919
-65.0852
-65.0784
-65.0716
-65.0648
-65.058
-65.0512
-65.0444
-65.0375
-65.0307
-65.0238
-65.0169
-65.01
-65.0031
-64.9962
-64.9892
-64.9823
-64.9753
-64.9683
-64.9613
-64.9543
-64.9472
-64.9402
-64.9331
-64.926
-64.9189
-64.9118
-64.9047
-64.8976
-64.8904
-64.8832
-64.876
-64.8688
-64.8616
-64.8544
-64.8471
-64.8398
-64.8325
-64.8252
-64.8179
-64.8106
-64.8032
-64.7959
-64.7885
-64.7811
-64.7736
-64.7662
-64.7587
-64.7513
-64.7438
-64.7363
-64.7287
-64.7212
-64.7136
-64.706
-64.6984
-64.6908
-64.6832
-64.6755
-64.6679
-64.6602
-64.6524
-64.6447
-64.637
-64.6292
-64.6214
-64.6136
-64.6058
-64.5979
-64.5901
-64.5822
-64.5743
-64.5664
-64.5584
-64.5504
-64.5425
-64.5344
-64.5264
-64.5184
-64.5103
-64.5022
-64.4941
-64.486
-64.4778
-64.4696
-64.4614
-64.4532
-64.445
-64.4367
-64.4284
-64.4201
-64.4118
-64.4034
-64.3951
-64.3867
-64.3783
-64.3698
-64.3613
-64.3528
-64.3443
-64.3358
-64.3272
-64.3186
-64.31
-64.3014
-64.2927
-64.2841
-64.2753
-64.2666
-64.2579
-64.2491
-64.2403
-64.2314
-64.2226
-64.2137
-64.2048
-64.1958
-64.1868
-64.1779
-64.1688
-64.1598
-64.1507
-64.1416
-64.1325
-64.1233
-64.1141
-64.1049
-64.0957
-64.0864
-64.0771
-64.0678
-64.0584
-64.049
-64.0396
-64.0302
-64.0207
-64.0112
-64.0016
-63.9921
-63.9825
-63.9728
-63.9632
-63.9535
-63.9437
-63.934
-63.9242
-63.9144
-63.9045
-63.8946
-63.8847
-63.8747
-63.8647
-63.8547
-63.8447
-63.8346
-63.8244
-63.8143
-63.8041
-63.7939
-63.7836
-63.7733
-63.7629
-63.7526
-63.7421
-63.7317
-63.7212
-63.7107
-63.7001
-63.6895
-63.6789
-63.6682
-63.6575
-63.6467
-63.6359
-63.6251
-63.6142
-63.6032
-63.5923
-63.5813
-63.5702
-63.5591
-63.548
-63.5368
-63.5256
-63.5143
-63.503
-63.4917
-63.4803
-63.4688
-63.4574
-63.4458
-63.4342
-63.4226
-63.4109
-63.3992
-63.3874
-63.3756
-63.3638
-63.3518
-63.3399
-63.3279
-63.3158
-63.3037
-63.2915
-63.2793
-63.267
-63.2547
-63.2423
-63.2299
-63.2174
-63.2048
-63.1922
-63.1796
-63.1669
-63.1541
-63.1413
-63.1284
-63.1154
-63.1024
-63.0894
-63.0763
-63.0631
-63.0498
-63.0365
-63.0232
-63.0097
-62.9962
-62.9827
-62.969
-62.9553
-62.9416
-62.9278
-62.9139
-62.8999
-62.8859
-62.8718
-62.8576
-62.8433
-62.829
-62.8146
-62.8002
-62.7856
-62.771
-62.7563
-62.7415
-62.7267
-62.7118
-62.6968
-62.6817
-62.6665
-62.6513
-62.6359
-62.6205
-62.605
-62.5894
-62.5738
-62.558
-62.5422
-62.5262
-62.5102
-62.4941
-62.4778
-62.4615
-62.4451
-62.4286
-62.412
-62.3953
-62.3785
-62.3616
-62.3446
-62.3275
-62.3103
-62.293
-62.2756
-62.258
-62.2404
-62.2226
-62.2048
-62.1868
-62.1687
-62.1505
-62.1321
-62.1137
-62.0951
-62.0764
-62.0575
-62.0386
-62.0195
-62.0003
-61.9809
-61.9614
-61.9418
-61.9221
-61.9022
-61.8821
-61.8619
-61.8416
-61.8211
-61.8005
-61.7797
-61.7588
-61.7377
-61.7164
-61.695
-61.6734
-61.6517
-61.6298
-61.6077
-61.5854
-61.563
-61.5403
-61.5175
-61.4945
-61.4714
-61.448
-61.4244
-61.4006
-61.3767
-61.3525
-61.3281
-61.3035
-61.2787
-61.2537
-61.2284
-61.203
-61.1773
-61.1513
-61.1251
-61.0987
-61.072
-61.0451
-61.0179
-60.9905
-60.9627
-60.9348
-60.9065
-60.878
-60.8491
-60.82
-60.7906
-60.7608
-60.7308
-60.7004
-60.6697
-60.6387
-60.6074
-60.5757
-60.5436
-60.5112
-60.4784
-60.4453
-60.4118
-60.3778
-60.3435
-60.3088
-60.2736
-60.238
-60.202
-60.1655
-60.1286
-60.0912
-60.0533
-60.0149
-59.976
-59.9366
-59.8966
-59.8561
-59.8151
-59.7734
-59.7312
-59.6884
-59.6449
-59.6008
-59.5561
-59.5106
-59.4645
-59.4176
-59.37
-59.3217
-59.2725
-59.2226
-59.1718
-59.1201
-59.0676
-59.0141
-58.9597
-58.9043
-58.8479
-58.7905
-58.7319
-58.6723
-58.6115
-58.5494
-58.4861
-58.4215
-58.3556
-58.2882
-58.2194
-58.149
-58.0771
-58.0035
-57.9281
-57.851
-57.772
-57.6909
-57.6079
-57.5226
-57.4351
-57.3451
-57.2526
-57.1575
-57.0596
-56.9587
-56.8546
-56.7473
-56.6364
-56.5217
-56.403
-56.2801
-56.1526
-56.0202
-55.8826
-55.7392
-55.5897
-55.4336
-55.2702
-55.0988
-54.9188
-54.729
-54.5286
-54.3161
-54.0899
-53.8479
-53.5874
-53.3043
-52.9932
-52.6472
-52.2565
-51.8051
-51.2645
-50.5729
-49.6632
-48.4948
-47.0563
-45.2865
-43.0243
-39.907
-35.1301
-26.6614
-12.4494
5.92828
21.1361
30.9686
37.0821
40.7808
42.8891
43.9164
44.181
43.8981
43.2405
42.3382
41.2716
40.0671
38.7559
37.3763
35.9631
34.5439
33.1379
31.7574
30.4092
29.0965
27.8202
26.58
25.3745
24.2021
23.0603
21.947
20.86
19.7974
18.7577
17.7393
16.741
15.7617
14.8004
13.8562
12.9284
12.0162
11.1192
10.2368
9.36848
8.51388
7.67265
6.84445
6.02903
5.22612
4.43552
3.65705
2.89053
2.13581
1.39278
0.661292
-0.0587514
-0.767458
-1.46493
-2.15127
-2.82658
-3.49096
-4.14452
-4.78738
-5.41965
-6.04146
-6.65296
-7.25429
-7.8456
-8.42706
-8.99886
-9.56117
-10.1142
-10.6581
-11.1932
-11.7197
-12.2377
-12.7475
-13.2494
-13.7436
-14.2304
-14.71
-15.1826
-15.6486
-16.1082
-16.5616
-17.0092
-17.4512
-17.8878
-18.3194
-18.7462
-19.1684
-19.5864
-20.0005
-20.4108
-20.8178
-21.2216
-21.6226
-22.0211
-22.4173
-22.8116
-23.2042
-23.5956
-23.986
-24.3758
-24.7653
-25.1549
-25.5449
-25.9358
-26.328
-26.7218
-27.1178
-27.5163
-27.9179
-28.3231
-28.7323
-29.1461
-29.5649
-29.9895
-30.4203
-30.8579
-31.303
-31.7562
-32.2182
-32.6897
-33.1715
-33.6646
-34.1702
-34.6902
-35.2266
-35.7821
-36.3596
-36.9623
-37.5928
-38.2533
-38.9451
-39.6682
-40.4221
-41.2052
-42.0156
-42.851
-43.7092
-44.5886
-45.4871
-46.4027
-47.3332
-48.2763
-49.2298
-50.1911
-51.1577
-52.1271
-53.0965
-54.0631
-55.0242
-55.9769
-56.9185
-57.8462
-58.7575
-59.6497
-60.5207
-61.3682
-62.1904
-62.9855
-63.7522
-64.4893
-65.1959
-65.8714
-66.5156
-67.1283
-67.7098
-68.2604
-68.7807
-69.2714
-69.7334
-70.1678
-70.5756
-70.958
-71.3161
-71.6512
-71.9645
-72.2571
-72.5304
-72.7853
-73.0231
-73.2448
-73.4514
-73.644
-73.8235
-73.9908
-74.1467
-74.292
-74.4274
-74.5535
-74.6712
-74.7808
-74.883
-74.9783
-75.0671
-75.1499
-75.2272
-75.2993
-75.3665
-75.4293
-75.4878
-75.5424
-75.5934
-75.641
-75.6854
-75.7268
-75.7655
-75.8016
-75.8353
-75.8668
-75.8962
-75.9235
-75.9491
-75.9729
-75.9951
-76.0158
-76.0351
-76.0531
-76.0698
-76.0854
-76.0998
-76.1132
-76.1256
-76.1372
-76.1478
-76.1577
-76.1668
-76.1751
-76.1828
-76.1899
-76.1963
-76.2022
-76.2075
-76.2124
-76.2167
-76.2206
-76.224
-76.2271
-76.2297
-76.232
-76.234
-76.2356
-76.2368
-76.2378
-76.2385
-76.239
-76.2392
-76.2391
-76.2388
-76.2383
-76.2376
-76.2366
-76.2355
-76.2342
-76.2327
-76.2311
-76.2293
-76.2274
-76.2253
-76.2231
-76.2207
-76.2183
-76.2157
-76.213
-76.2101
-76.2072
-76.2042
-76.2011
-76.1979
-76.1946
-76.1913
-76.1878
-76.1843
-76.1808
-76.1771
-76.1734
-76.1696
-76.1658
-76.1619
-76.158
-76.154
-76.1499
-76.1459
-76.1417
-76.1376
-76.1334
-76.1291
-76.1248
-76.1205
-76.1162
-76.1118
-76.1074
-76.103
-76.0985
-76.094
-76.0895
-76.085
-76.0804
-76.0759
-76.0713
-76.0667
-76.0621
-76.0574
-76.0528
-76.0481
-76.0435
-76.0388
-76.0341
-76.0294
-76.0247
-76.02
-76.0152
-76.0105
-76.0058
-76.001
-75.9963
-75.9915
-75.9867
-75.982
-75.9772
-75.9724
-75.9677
-75.9629
-75.9581
-75.9533
-75.9486
-75.9438
-75.939
-75.9342
-75.9295
-75.9247
-75.9199
-75.9152
-75.9104
-75.9056
-75.9009
-75.8961
-75.8913
-75.8866
-75.8818
-75.8771
-75.8723
-75.8676
-75.8629
-75.8581
-75.8534
-75.8487
-75.8439
-75.8392
-75.8345
-75.8298
-75.8251
-75.8204
-75.8157
-75.811
-75.8063
-75.8016
-75.797
-75.7923
-75.7876
-75.783
-75.7783
-75.7737
-75.769
-75.7644
-75.7597
-75.7551
-75.7505
-75.7458
-75.7412
-75.7366
-75.732
-75.7274
-75.7228
-75.7182
-75.7136
-75.709
-75.7044
-75.6998
-75.6953
-75.6907
-75.6861
-75.6816
-75.677
-75.6725
-75.6679
-75.6634
-75.6588
-75.6543
-75.6498
-75.6452
-75.6407
-75.6362
-75.6316
-75.6271
-75.6226
-75.6181
-75.6136
-75.6091
-75.6046
-75.6001
-75.5956
-75.5911
-75.5866
-75.5821
-75.5777
-75.5732
-75.5687
-75.5642
-75.5597
-75.5553
-75.5508
-75.5463
-75.5419
-75.5374
-75.5329
-75.5285
-75.524
-75.5196
-75.5151
-75.5106
-75.5062
-75.5017
-75.4973
-75.4928
-75.4884
-75.4839
-75.4795
-75.475
-75.4706
-75.4662
-75.4617
-75.4573
-75.4528
-75.4484
-75.4439
-75.4395
-75.4351
-75.4306
-75.4262
-75.4217
-75.4173
-75.4129
-75.4084
-75.404
-75.3995
-75.3951
-75.3906
-75.3862
-75.3818
-75.3773
-75.3729
-75.3684
-75.364
-75.3595
-75.3551
-75.3506
-75.3462
-75.3417
-75.3373
-75.3328
-75.3284
-75.3239
-75.3195
-75.315
-75.3105
-75.3061
-75.3016
-75.2971
-75.2927
-75.2882
-75.2837
-75.2793
-75.2748
-75.2703
-75.2658
-75.2614
-75.2569
-75.2524
-75.2479
-75.2434
-75.2389
-75.2344
-75.2299
-75.2254
-75.2209
-75.2164
-75.2119
-75.2074
-75.2029
-75.1984
-75.1939
-75.1894
-75.1849
-75.1803
-75.1758
-75.1713
-75.1668
-75.1622
-75.1577
-75.1531
-75.1486
-75.1441
-75.1395
-75.135
-75.1304
-75.1258
-75.1213
-75.1167
-75.1122
-75.1076
-75.103
-75.0984
-75.0939
-75.0893
-75.0847
-75.0801
-75.0755
-75.0709
-75.0663
-75.0617
-75.0571
-75.0525
-75.0479
-75.0433
-75.0387
-75.034
-75.0294
-75.0248
-75.0201
-75.0155
-75.0109
-75.0062
-75.0016
-74.9969
-74.9923
-74.9876
-74.9829
-74.9783
-74.9736
-74.9689
-74.9642
-74.9596
-74.9549
-74.9502
-74.9455
-74.9408
-74.9361
-74.9314
-74.9267
-74.922
-74.9173
-74.9125
-74.9078
-74.9031
-74.8984
-74.8936
-74.8889
-74.8841
-74.8794
-74.8746
-74.8699
-74.8651
-74.8604
-74.8556
-74.8508
-74.8461
-74.8413
-74.8365
-74.8317
-74.8269
-74.8221
-74.8173
-74.8125
-74.8077
-74.8029
-74.7981
-74.7933
-74.7884
-74.7836
-74.7788
-74.7739
-74.7691
-74.7643
-74.7594
-74.7546
-74.7497
-74.7449
-74.74
-74.7351
-74.7302
-74.7254
-74.7205
-74.7156
-74.7107
-74.7058
-74.7009
-74.696
-74.6911
-74.6862
-74.6813
-74.6764
-74.6715
-74.6665
-74.6616
-74.6567
-74.6517
-74.6468
-74.6419
-74.6369
-74.632
-74.627
-74.622
-74.6171
-74.6121
-74.6071
-74.6021
-74.5972
-74.5922
-74.5872
-74.5822
-74.5772
-74.5722
-74.5672
-74.5622
-74.5572
-74.5522
-74.5471
-74.5421
-74.5371
-74.532
-74.527
-74.522
-74.5169
-74.5119
-74.5068
-74.5018
-74.4967
-74.4916
-74.4866
-74.4815
-74.4764
-74.4713
-74.4663
-74.4612
-74.4561
-74.451
-74.4459
-74.4408
-74.4357
-74.4306
-74.4254
-74.4203
-74.4152
-74.4101
-74.405
-74.3998
-74.3947
-74.3895
-74.3844
-74.3792
-74.3741
-74.3689
-74.3638
-74.3586
-74.3535
-74.3483
-74.3431
-74.3379
-74.3328
-74.3276
-74.3224
-74.3172
-74.312
-74.3068
-74.3016
-74.2964
-74.2912
-74.286
-74.2807
-74.2755
-74.2703
-74.2651
-74.2598
-74.2546
-74.2494
-74.2441
-74.2389
-74.2336
-74.2284
-74.2231
-74.2179
-74.2126
-74.2073
-74.2021
-74.1968
-74.1915
-74.1862
-74.181
-74.1757
-74.1704
-74.1651
-74.1598
-74.1545
-74.1492
-74.1439
-74.1386
-74.1333
-74.128
-74.1227
-74.1173
-74.112
-74.1067
-74.1014
-74.096
-74.0907
-74.0853
-74.08
-74.0747
-74.0693
-74.064
-74.0586
-74.0533
-74.0479
-74.0425
-74.0372
-74.0318
-74.0264
-74.021
-74.0157
-74.0103
-74.0049
-73.9995
-73.9941
-73.9887
-73.9833
-73.9779
-73.9725
-73.9671
-73.9617
-73.9563
-73.9509
-73.9455
-73.9401
-73.9347
-73.9292
-73.9238
-73.9184
-73.9129
-73.9075
-73.9021
-73.8966
-73.8912
-73.8858
-73.8803
-73.8749
-73.8694
-73.8639
-73.8585
-73.853
-73.8476
-73.8421
-73.8366
-73.8312
-73.8257
-73.8202
-73.8147
-73.8093
-73.8038
-73.7983
-73.7928
-73.7873
-73.7818
-73.7763
-73.7708
-73.7653
-73.7598
-73.7543
-73.7488
-73.7433
-73.7378
-73.7323
-73.7268
-73.7213
-73.7158
-73.7102
-73.7047
-73.6992
-73.6937
-73.6881
-73.6826
-73.6771
-73.6715
-73.666
-73.6605
-73.6549
-73.6494
-73.6438
-73.6383
-73.6327
-73.6272
-73.6216
-73.6161
-73.6105
-73.605
-73.5994
-73.5939
-73.5883
-73.5827
-73.5772
-73.5716
-73.566
-73.5604
-73.5549
-73.5493
-73.5437
-73.5381
-73.5326
-73.527
-73.5214
-73.5158
-73.5102
-73.5046
-73.499
-73.4934
-73.4878
-73.4823
-73.4767
-73.4711
-73.4655
-73.4599
-73.4543
-73.4486
-73.443
-73.4374
-73.4318
-73.4262
-73.4206
-73.415
-73.4094
-73.4038
-73.3981
-73.3925
-73.3869
-73.3813
-73.3757
-73.37
-73.3644
-73.3588
-73.3532
-73.3475
-73.3419
-73.3363
-73.3306
-73.325
-73.3194
-73.3137
-73.3081
-73.3025
-73.2968
-73.2912
-73.2855
-73.2799
-73.2743
-73.2686
-73.263
-73.2573
-73.2517
-73.246
-73.2404
-73.2347
-73.2291
-73.2234
-73.2178
-73.2121
-73.2065
-73.2008
-73.1952
-73.1895
-73.1839
-73.1782
-73.1725
-73.1669
-73.1612
-73.1556
-73.1499
-73.1442
-73.1386
-73.1329
-73.1273
-73.1216
-73.1159
-73.1103
-73.1046
-73.0989
-73.0933
-73.0876
-73.0819
-73.0763
-73.0706
-73.0649
-73.0592
-73.0536
-73.0479
-73.0422
-73.0366
-73.0309
-73.0252
-73.0195
-73.0139
-73.0082
-73.0025
-72.9969
-72.9912
-72.9855
-72.9798
-72.9742
-72.9685
-72.9628
-72.9571
-72.9515
-72.9458
-72.9401
-72.9344
-72.9287
-72.9231
-72.9174
-72.9117
-72.906
-72.9004
-72.8947
-72.889
-72.8833
-72.8777
-72.872
-72.8663
-72.8606
-72.8549
-72.8493
-72.8436
-72.8379
-72.8322
-72.8266
-72.8209
-72.8152
-72.8095
-72.8039
-72.7982
-72.7925
-72.7868
-72.7811
-72.7755
-72.7698
-72.7641
-72.7584
-72.7528
-72.7471
-72.7414
-72.7358
-72.7301
-72.7244
-72.7187
-72.7131
-72.7074
-72.7017
-72.696
-72.6904
-72.6847
-72.679
-72.6734
-72.6677
-72.662
-72.6564
-72.6507
-72.645
-72.6394
-72.6337
-72.628
-72.6224
-72.6167
-72.611
-72.6054
-72.5997
-72.5941
-72.5884
-72.5827
-72.5771
-72.5714
-72.5658
-72.5601
-72.5544
-72.5488
-72.5431
-72.5375
-72.5318
-72.5262
-72.5205
-72.5149
-72.5092
-72.5036
-72.4979
-72.4923
-72.4866
-72.481
-72.4753
-72.4697
-72.4641
-72.4584
-72.4528
-72.4471
-72.4415
-72.4359
-72.4302
-72.4246
-72.4189
-72.4133
-72.4077
-72.402
-72.3964
-72.3908
-72.3852
-72.3795
-72.3739
-72.3683
-72.3627
-72.357
-72.3514
-72.3458
-72.3402
-72.3345
-72.3289
-72.3233
-72.3177
-72.3121
-72.3065
-72.3009
-72.2953
-72.2896
-72.284
-72.2784
-72.2728
-72.2672
-72.2616
-72.256
-72.2504
-72.2448
-72.2392
-72.2336
-72.228
-72.2224
-72.2169
-72.2113
-72.2057
-72.2001
-72.1945
-72.1889
-72.1833
-72.1778
-72.1722
-72.1666
-72.161
-72.1554
-72.1499
-72.1443
-72.1387
-72.1332
-72.1276
-72.122
-72.1165
-72.1109
-72.1053
-72.0998
-72.0942
-72.0887
-72.0831
-72.0776
-72.072
-72.0665
-72.0609
-72.0554
-72.0498
-72.0443
-72.0387
-72.0332
-72.0277
-72.0221
-72.0166
-72.0111
-72.0055
-72
-71.9945
-71.989
-71.9834
-71.9779
-71.9724
-71.9669
-71.9614
-71.9559
-71.9503
-71.9448
-71.9393
-71.9338
-71.9283
-71.9228
-71.9173
-71.9118
-71.9063
-71.9008
-71.8953
-71.8898
-71.8844
-71.8789
-71.8734
-71.8679
-71.8624
-71.857
-71.8515
-71.846
-71.8405
-71.8351
-71.8296
-71.8241
-71.8187
-71.8132
-71.8077
-71.8023
-71.7968
-71.7914
-71.7859
-71.7805
-71.775
-71.7696
-71.7642
-71.7587
-71.7533
-71.7478
-71.7424
-71.737
-71.7316
-71.7261
-71.7207
-71.7153
-71.7099
-71.7044
-71.699
-71.6936
-71.6882
-71.6828
-71.6774
-71.672
-71.6666
-71.6612
-71.6558
-71.6504
-71.645
-71.6396
-71.6342
-71.6289
-71.6235
-71.6181
-71.6127
-71.6073
-71.602
-71.5966
-71.5912
-71.5859
-71.5805
-71.5752
-71.5698
-71.5644
-71.5591
-71.5537
-71.5484
-71.543
-71.5377
-71.5324
-71.527
-71.5217
-71.5164
-71.511
-71.5057
-71.5004
-71.4951
-71.4897
-71.4844
-71.4791
-71.4738
-71.4685
-71.4632
-71.4579
-71.4526
-71.4473
-71.442
-71.4367
-71.4314
-71.4261
-71.4208
-71.4155
-71.4103
-71.405
-71.3997
-71.3944
-71.3892
-71.3839
-71.3786
-71.3734
-71.3681
-71.3629
-71.3576
-71.3524
-71.3471
-71.3419
-71.3366
-71.3314
-71.3262
-71.3209
-71.3157
-71.3105
-71.3052
-71.3
-71.2948
-71.2896
-71.2844
-71.2792
-71.274
-71.2687
-71.2635
-71.2583
-71.2531
-71.248
-71.2428
-71.2376
-71.2324
-71.2272
-71.222
-71.2169
-71.2117
-71.2065
-71.2013
-71.1962
-71.191
-71.1859
-71.1807
-71.1755
-71.1704
-71.1652
-71.1601
-71.155
-71.1498
-71.1447
-71.1395
-71.1344
-71.1293
-71.1242
-71.119
-71.1139
-71.1088
-71.1037
-71.0986
-71.0935
-71.0884
-71.0833
-71.0782
-71.0731
-71.068
-71.0629
-71.0578
-71.0527
-71.0477
-71.0426
-71.0375
-71.0324
-71.0274
-71.0223
-71.0173
-71.0122
-71.0071
-71.0021
-70.997
-70.992
-70.987
-70.9819
-70.9769
-70.9718
-70.9668
-70.9618
-70.9568
-70.9517
-70.9467
-70.9417
-70.9367
-70.9317
-70.9267
-70.9217
-70.9167
-70.9117
-70.9067
-70.9017
-70.8967
-70.8917
-70.8868
-70.8818
-70.8768
-70.8718
-70.8669
-70.8619
-70.8569
-70.852
-70.847
-70.8421
-70.8371
-70.8322
-70.8272
-70.8223
-70.8174
-70.8124
-70.8075
-70.8026
-70.7977
-70.7927
-70.7878
-70.7829
-70.778
-70.7731
-70.7682
-70.7633
-70.7584
-70.7535
-70.7486
-70.7437
-70.7388
-70.734
-70.7291
-70.7242
-70.7193
-70.7145
-70.7096
-70.7047
-70.6999
-70.695
-70.6902
-70.6853
-70.6805
-70.6756
-70.6708
-70.666
-70.6611
-70.6563
-70.6515
-70.6467
-70.6419
-70.637
-70.6322
-70.6274
-70.6226
-70.6178
-70.613
-70.6082
-70.6034
-70.5986
-70.5938
-70.5891
-70.5843
-70.5795
-70.5747
-70.57
-70.5652
-70.5604
-70.5557
-70.5509
-70.5462
-70.5414
-70.5367
-70.5319
-70.5272
-70.5225
-70.5177
-70.513
-70.5083
-70.5036
-70.4988
-70.4941
-70.4894
-70.4847
-70.48
-70.4753
-70.4706
-70.4659
-70.4612
-70.4565
-70.4518
-70.4472
-70.4425
-70.4378
-70.4331
-70.4285
-70.4238
-70.4191
-70.4145
-70.4098
-70.4052
-70.4005
-70.3959
-70.3912
-70.3866
-70.382
-70.3773
-70.3727
-70.3681
-70.3635
-70.3588
-70.3542
-70.3496
-70.345
-70.3404
-70.3358
-70.3312
-70.3266
-70.322
-70.3174
-70.3128
-70.3083
-70.3037
-70.2991
-70.2945
-70.29
-70.2854
-70.2808
-70.2763
-70.2717
-70.2672
-70.2626
-70.2581
-70.2536
-70.249
-70.2445
-70.24
-70.2354
-70.2309
-70.2264
-70.2219
-70.2174
-70.2128
-70.2083
-70.2038
-70.1993
-70.1948
-70.1903
-70.1859
-70.1814
-70.1769
-70.1724
-70.1679
-70.1635
-70.159
-70.1545
-70.1501
-70.1456
-70.1411
-70.1367
-70.1322
-70.1278
-70.1234
-70.1189
-70.1145
-70.1101
-70.1056
-70.1012
-70.0968
-70.0924
-70.0879
-70.0835
-70.0791
-70.0747
-70.0703
-70.0659
-70.0615
-70.0571
-70.0527
-70.0484
-70.044
-70.0396
-70.0352
-70.0309
-70.0265
-70.0221
-70.0178
-70.0134
-70.0091
-70.0047
-70.0004
-69.996
-69.9917
-69.9873
-69.983
-69.9787
-69.9743
-69.97
-69.9657
-69.9614
-69.9571
-69.9528
-69.9484
-69.9441
-69.9398
-69.9355
-69.9313
-69.927
-69.9227
-69.9184
-69.9141
-69.9098
-69.9056
-69.9013
-69.897
-69.8928
-69.8885
-69.8842
-69.88
-69.8757
-69.8715
-69.8673
-69.863
-69.8588
-69.8545
-69.8503
-69.8461
-69.8419
-69.8376
-69.8334
-69.8292
-69.825
-69.8208
-69.8166
-69.8124
-69.8082
-69.804
-69.7998
-69.7956
-69.7914
-69.7873
-69.7831
-69.7789
-69.7747
-69.7706
-69.7664
-69.7623
-69.7581
-69.7539
-69.7498
-69.7456
-69.7415
-69.7374
-69.7332
-69.7291
-69.725
-69.7208
-69.7167
-69.7126
-69.7085
-69.7044
-69.7002
-69.6961
-69.692
-69.6879
-69.6838
-69.6797
-69.6757
-69.6716
-69.6675
-69.6634
-69.6593
-69.6552
-69.6512
-69.6471
-69.643
-69.639
-69.6349
-69.6309
-69.6268
-69.6228
-69.6187
-69.6147
-69.6106
-69.6066
-69.6026
-69.5985
-69.5945
-69.5905
-69.5865
-69.5825
-69.5784
-69.5744
-69.5704
-69.5664
-69.5624
-69.5584
-69.5544
-69.5504
-69.5465
-69.5425
-69.5385
-69.5345
-69.5305
-69.5266
-69.5226
-69.5186
-69.5147
-69.5107
-69.5068
-69.5028
-69.4989
-69.4949
-69.491
-69.487
-69.4831
-69.4792
-69.4752
-69.4713
-69.4674
-69.4635
-69.4595
-69.4556
-69.4517
-69.4478
-69.4439
-69.44
-69.4361
-69.4322
-69.4283
-69.4244
-69.4205
-69.4167
-69.4128
-69.4089
-69.405
-69.4012
-69.3973
-69.3934
-69.3896
-69.3857
-69.3818
-69.378
-69.3741
-69.3703
-69.3665
-69.3626
-69.3588
-69.3549
-69.3511
-69.3473
-69.3435
-69.3396
-69.3358
-69.332
-69.3282
-69.3244
-69.3206
-69.3168
-69.313
-69.3092
-69.3054
-69.3016
-69.2978
-69.294
-69.2902
-69.2865
-69.2827
-69.2789
-69.2752
-69.2714
-69.2676
-69.2639
-69.2601
-69.2564
-69.2526
-69.2489
-69.2451
-69.2414
-69.2376
-69.2339
-69.2302
-69.2264
-69.2227
-69.219
-69.2153
-69.2115
-69.2078
-69.2041
-69.2004
-69.1967
-69.193
-69.1893
-69.1856
-69.1819
-69.1782
-69.1745
-69.1708
-69.1671
-69.1635
-69.1598
-69.1561
-69.1524
-69.1488
-69.1451
-69.1414
-69.1378
-69.1341
-69.1305
-69.1268
-69.1232
-69.1195
-69.1159
-69.1123
-69.1086
-69.105
-69.1014
-69.0977
-69.0941
-69.0905
-69.0869
-69.0832
-69.0796
-69.076
-69.0724
-69.0688
-69.0652
-69.0616
-69.058
-69.0544
-69.0508
-69.0472
-69.0437
-69.0401
-69.0365
-69.0329
-69.0293
-69.0258
-69.0222
-69.0186
-69.0151
-69.0115
-69.008
-69.0044
-69.0008
-68.9973
-68.9938
-68.9902
-68.9867
-68.9831
-68.9796
-68.9761
-68.9725
-68.969
-68.9655
-68.962
-68.9584
-68.9549
-68.9514
-68.9479
-68.9444
-68.9409
-68.9374
-68.9339
-68.9304
-68.9269
-68.9234
-68.9199
-68.9164
-68.913
-68.9095
-68.906
-68.9025
-68.8991
-68.8956
-68.8921
-68.8887
-68.8852
-68.8817
-68.8783
-68.8748
-68.8714
-68.8679
-68.8645
-68.861
-68.8576
-68.8542
-68.8507
-68.8473
-68.8439
-68.8404
-68.837
-68.8336
-68.8302
-68.8268
-68.8233
-68.8199
-68.8165
-68.8131
-68.8097
-68.8063
-68.8029
-68.7995
-68.7961
-68.7927
-68.7893
-68.786
-68.7826
-68.7792
-68.7758
-68.7724
-68.7691
-68.7657
-68.7623
-68.759
-68.7556
-68.7522
-68.7489
-68.7455
-68.7422
-68.7388
-68.7355
-68.7321
-68.7288
-68.7254
-68.7221
-68.7188
-68.7154
-68.7121
-68.7088
-68.7055
-68.7021
-68.6988
-68.6955
-68.6922
-68.6889
-68.6856
-68.6822
-68.6789
-68.6756
-68.6723
-68.669
-68.6657
-68.6624
-68.6592
-68.6559
-68.6526
-68.6493
-68.646
-68.6427
-68.6395
-68.6362
-68.6329
-68.6296
-68.6264
-68.6231
-68.6198
-68.6166
-68.6133
-68.6101
-68.6068
-68.6036
-68.6003
-68.5971
-68.5938
-68.5906
-68.5874
-68.5841
-68.5809
-68.5776
-68.5744
-68.5712
-68.568
-68.5647
-68.5615
-68.5583
-68.5551
-68.5519
-68.5487
-68.5455
-68.5422
-68.539
-68.5358
-68.5326
-68.5294
-68.5262
-68.5231
-68.5199
-68.5167
-68.5135
-68.5103
-68.5071
-68.5039
-68.5008
-68.4976
-68.4944
-68.4912
-68.4881
-68.4849
-68.4817
-68.4786
-68.4754
-68.4723
-68.4691
-68.466
-68.4628
-68.4597
-68.4565
-68.4534
-68.4502
-68.4471
-68.4439
-68.4408
-68.4377
-68.4345
-68.4314
-68.4283
-68.4252
-68.422
-68.4189
-68.4158
-68.4127
-68.4096
-68.4064
-68.4033
-68.4002
-68.3971
-68.394
-68.3909
-68.3878
-68.3847
-68.3816
-68.3785
-68.3754
-68.3723
-68.3693
-68.3662
-68.3631
-68.36
-68.3569
-68.3538
-68.3508
-68.3477
-68.3446
-68.3416
-68.3385
-68.3354
-68.3324
-68.3293
-68.3262
-68.3232
-68.3201
-68.3171
-68.314
-68.311
-68.3079
-68.3049
-68.3018
-68.2988
-68.2957
-68.2927
-68.2897
-68.2866
-68.2836
-68.2806
-68.2775
-68.2745
-68.2715
-68.2685
-68.2655
-68.2624
-68.2594
-68.2564
-68.2534
-68.2504
-68.2474
-68.2444
-68.2414
-68.2384
-68.2354
-68.2324
-68.2294
-68.2264
-68.2234
-68.2204
-68.2174
-68.2144
-68.2114
-68.2084
-68.2054
-68.2025
-68.1995
-68.1965
-68.1935
-68.1905
-68.1876
-68.1846
-68.1816
-68.1787
-68.1757
-68.1727
-68.1698
-68.1668
-68.1639
-68.1609
-68.158
-68.155
-68.152
-68.1491
-68.1462
-68.1432
-68.1403
-68.1373
-68.1344
-68.1314
-68.1285
-68.1256
-68.1226
-68.1197
-68.1168
-68.1138
-68.1109
-68.108
-68.1051
-68.1022
-68.0992
-68.0963
-68.0934
-68.0905
-68.0876
-68.0847
-68.0817
-68.0788
-68.0759
-68.073
-68.0701
-68.0672
-68.0643
-68.0614
-68.0585
-68.0556
-68.0527
-68.0498
-68.047
-68.0441
-68.0412
-68.0383
-68.0354
-68.0325
-68.0297
-68.0268
-68.0239
-68.021
-68.0181
-68.0153
-68.0124
-68.0095
-68.0067
-68.0038
-68.0009
-67.9981
-67.9952
-67.9923
-67.9895
-67.9866
-67.9838
-67.9809
-67.9781
-67.9752
-67.9724
-67.9695
-67.9667
-67.9638
-67.961
-67.9581
-67.9553
-67.9525
-67.9496
-67.9468
-67.944
-67.9411
-67.9383
-67.9355
-67.9326
-67.9298
-67.927
-67.9242
-67.9213
-67.9185
-67.9157
-67.9129
-67.9101
-67.9072
-67.9044
-67.9016
-67.8988
-67.896
-67.8932
-67.8904
-67.8876
-67.8848
-67.882
-67.8792
-67.8764
-67.8736
-67.8708
-67.868
-67.8652
-67.8624
-67.8596
-67.8568
-67.854
-67.8512
-67.8484
-67.8456
-67.8429
-67.8401
-67.8373
-67.8345
-67.8317
-67.829
-67.8262
-67.8234
-67.8206
-67.8179
-67.8151
-67.8123
-67.8096
-67.8068
-67.804
-67.8013
-67.7985
-67.7957
-67.793
-67.7902
-67.7875
-67.7847
-67.7819
-67.7792
-67.7764
-67.7737
-67.7709
-67.7682
-67.7654
-67.7627
-67.7599
-67.7572
-67.7544
-67.7517
-67.749
-67.7462
-67.7435
-67.7407
-67.738
-67.7353
-67.7325
-67.7298
-67.7271
-67.7243
-67.7216
-67.7189
-67.7162
-67.7134
-67.7107
-67.708
-67.7053
-67.7025
-67.6998
-67.6971
-67.6944
-67.6917
-67.6889
-67.6862
-67.6835
-67.6808
-67.6781
-67.6754
-67.6727
-67.67
-67.6673
-67.6645
-67.6618
-67.6591
-67.6564
-67.6537
-67.651
-67.6483
-67.6456
-67.6429
-67.6402
-67.6375
-67.6348
-67.6322
-67.6295
-67.6268
-67.6241
-67.6214
-67.6187
-67.616
-67.6133
-67.6106
-67.608
-67.6053
-67.6026
-67.5999
-67.5972
-67.5945
-67.5919
-67.5892
-67.5865
-67.5838
-67.5812
-67.5785
-67.5758
-67.5731
-67.5705
-67.5678
-67.5651
-67.5625
-67.5598
-67.5571
-67.5545
-67.5518
-67.5491
-67.5465
-67.5438
-67.5411
-67.5385
-67.5358
-67.5332
-67.5305
-67.5278
-67.5252
-67.5225
-67.5199
-67.5172
-67.5146
-67.5119
-67.5093
-67.5066
-67.504
-67.5013
-67.4987
-67.496
-67.4934
-67.4907
-67.4881
-67.4854
-67.4828
-67.4802
-67.4775
-67.4749
-67.4722
-67.4696
-67.467
-67.4643
-67.4617
-67.459
-67.4564
-67.4538
-67.4511
-67.4485
-67.4459
-67.4432
-67.4406
-67.438
-67.4354
-67.4327
-67.4301
-67.4275
-67.4248
-67.4222
-67.4196
-67.417
-67.4144
-67.4117
-67.4091
-67.4065
-67.4039
-67.4012
-67.3986
-67.396
-67.3934
-67.3908
-67.3882
-67.3855
-67.3829
-67.3803
-67.3777
-67.3751
-67.3725
-67.3699
-67.3672
-67.3646
-67.362
-67.3594
-67.3568
-67.3542
-67.3516
-67.349
-67.3464
-67.3438
-67.3412
-67.3386
-67.336
-67.3334
-67.3308
-67.3282
-67.3256
-67.323
-67.3204
-67.3178
-67.3152
-67.3126
-67.31
-67.3074
-67.3048
-67.3022
-67.2996
-67.297
-67.2944
-67.2918
-67.2892
-67.2866
-67.284
-67.2814
-67.2788
-67.2762
-67.2736
-67.2711
-67.2685
-67.2659
-67.2633
-67.2607
-67.2581
-67.2555
-67.2529
-67.2504
-67.2478
-67.2452
-67.2426
-67.24
-67.2374
-67.2348
-67.2323
-67.2297
-67.2271
-67.2245
-67.2219
-67.2194
-67.2168
-67.2142
-67.2116
-67.209
-67.2065
-67.2039
-67.2013
-67.1987
-67.1962
-67.1936
-67.191
-67.1884
-67.1858
-67.1833
-67.1807
-67.1781
-67.1756
-67.173
-67.1704
-67.1678
-67.1653
-67.1627
-67.1601
-67.1575
-67.155
-67.1524
-67.1498
-67.1473
-67.1447
-67.1421
-67.1396
-67.137
-67.1344
-67.1319
-67.1293
-67.1267
-67.1242
-67.1216
-67.119
-67.1165
-67.1139
-67.1113
-67.1088
-67.1062
-67.1036
-67.1011
-67.0985
-67.0959
-67.0934
-67.0908
-67.0883
-67.0857
-67.0831
-67.0806
-67.078
-67.0754
-67.0729
-67.0703
-67.0678
-67.0652
-67.0626
-67.0601
-67.0575
-67.055
-67.0524
-67.0498
-67.0473
-67.0447
-67.0422
-67.0396
-67.037
-67.0345
-67.0319
-67.0294
-67.0268
-67.0243
-67.0217
-67.0191
-67.0166
-67.014
-67.0115
-67.0089
-67.0064
-67.0038
-67.0012
-66.9987
-66.9961
-66.9936
-66.991
-66.9885
-66.9859
-66.9834
-66.9808
-66.9783
-66.9757
-66.9731
-66.9706
-66.968
-66.9655
-66.9629
-66.9604
-66.9578
-66.9553
-66.9527
-66.9502
-66.9476
-66.945
-66.9425
-66.9399
-66.9374
-66.9348
-66.9323
-66.9297
-66.9272
-66.9246
-66.9221
-66.9195
-66.917
-66.9144
-66.9119
-66.9093
-66.9067
-66.9042
-66.9016
-66.8991
-66.8965
-66.894
-66.8914
-66.8889
-66.8863
-66.8838
-66.8812
-66.8787
-66.8761
-66.8736
-66.871
-66.8684
-66.8659
-66.8633
-66.8608
-66.8582
-66.8557
-66.8531
-66.8506
-66.848
-66.8455
-66.8429
-66.8404
-66.8378
-66.8352
-66.8327
-66.8301
-66.8276
-66.825
-66.8225
-66.8199
-66.8174
-66.8148
-66.8123
-66.8097
-66.8071
-66.8046
-66.802
-66.7995
-66.7969
-66.7944
-66.7918
-66.7893
-66.7867
-66.7841
-66.7816
-66.779
-66.7765
-66.7739
-66.7714
-66.7688
-66.7662
-66.7637
-66.7611
-66.7586
-66.756
-66.7535
-66.7509
-66.7483
-66.7458
-66.7432
-66.7407
-66.7381
-66.7355
-66.733
-66.7304
-66.7279
-66.7253
-66.7227
-66.7202
-66.7176
-66.715
-66.7125
-66.7099
-66.7074
-66.7048
-66.7022
-66.6997
-66.6971
-66.6945
-66.692
-66.6894
-66.6868
-66.6843
-66.6817
-66.6791
-66.6766
-66.674
-66.6714
-66.6689
-66.6663
-66.6637
-66.6612
-66.6586
-66.656
-66.6535
-66.6509
-66.6483
-66.6458
-66.6432
-66.6406
-66.6381
-66.6355
-66.6329
-66.6303
-66.6278
-66.6252
-66.6226
-66.62
-66.6175
-66.6149
-66.6123
-66.6097
-66.6072
-66.6046
-66.602
-66.5994
-66.5969
-66.5943
-66.5917
-66.5891
-66.5866
-66.584
-66.5814
-66.5788
-66.5762
-66.5737
-66.5711
-66.5685
-66.5659
-66.5633
-66.5607
-66.5582
-66.5556
-66.553
-66.5504
-66.5478
-66.5452
-66.5427
-66.5401
-66.5375
-66.5349
-66.5323
-66.5297
-66.5271
-66.5245
-66.522
-66.5194
-66.5168
-66.5142
-66.5116
-66.509
-66.5064
-66.5038
-66.5012
-66.4986
-66.496
-66.4934
-66.4908
-66.4882
-66.4856
-66.483
-66.4804
-66.4778
-66.4753
-66.4727
-66.4701
-66.4675
-66.4648
-66.4622
-66.4596
-66.457
-66.4544
-66.4518
-66.4492
-66.4466
-66.444
-66.4414
-66.4388
-66.4362
-66.4336
-66.431
-66.4284
-66.4258
-66.4232
-66.4205
-66.4179
-66.4153
-66.4127
-66.4101
-66.4075
-66.4049
-66.4022
-66.3996
-66.397
-66.3944
-66.3918
-66.3892
-66.3865
-66.3839
-66.3813
-66.3787
-66.3761
-66.3734
-66.3708
-66.3682
-66.3656
-66.3629
-66.3603
-66.3577
-66.3551
-66.3524
-66.3498
-66.3472
-66.3445
-66.3419
-66.3393
-66.3366
-66.334
-66.3314
-66.3287
-66.3261
-66.3235
-66.3208
-66.3182
-66.3156
-66.3129
-66.3103
-66.3076
-66.305
-66.3024
-66.2997
-66.2971
-66.2944
-66.2918
-66.2891
-66.2865
-66.2838
-66.2812
-66.2785
-66.2759
-66.2732
-66.2706
-66.2679
-66.2653
-66.2626
-66.26
-66.2573
-66.2547
-66.252
-66.2493
-66.2467
-66.244
-66.2414
-66.2387
-66.236
-66.2334
-66.2307
-66.2281
-66.2254
-66.2227
-66.2201
-66.2174
-66.2147
-66.212
-66.2094
-66.2067
-66.204
-66.2014
-66.1987
-66.196
-66.1933
-66.1907
-66.188
-66.1853
-66.1826
-66.1799
-66.1773
-66.1746
-66.1719
-66.1692
-66.1665
-66.1638
-66.1611
-66.1585
-66.1558
-66.1531
-66.1504
-66.1477
-66.145
-66.1423
-66.1396
-66.1369
-66.1342
-66.1315
-66.1288
-66.1261
-66.1234
-66.1207
-66.118
-66.1153
-66.1126
-66.1099
-66.1072
-66.1045
-66.1018
-66.0991
-66.0964
-66.0937
-66.0909
-66.0882
-66.0855
-66.0828
-66.0801
-66.0774
-66.0746
-66.0719
-66.0692
-66.0665
-66.0638
-66.061
-66.0583
-66.0556
-66.0529
-66.0501
-66.0474
-66.0447
-66.0419
-66.0392
-66.0365
-66.0337
-66.031
-66.0283
-66.0255
-66.0228
-66.02
-66.0173
-66.0146
-66.0118
-66.0091
-66.0063
-66.0036
-66.0008
-65.9981
-65.9953
-65.9926
-65.9898
-65.9871
-65.9843
-65.9816
-65.9788
-65.976
-65.9733
-65.9705
-65.9678
-65.965
-65.9622
-65.9595
-65.9567
-65.9539
-65.9512
-65.9484
-65.9456
-65.9428
-65.9401
-65.9373
-65.9345
-65.9317
-65.929
-65.9262
-65.9234
-65.9206
-65.9178
-65.915
-65.9122
-65.9095
-65.9067
-65.9039
-65.9011
-65.8983
-65.8955
-65.8927
-65.8899
-65.8871
-65.8843
-65.8815
-65.8787
-65.8759
-65.8731
-65.8703
-65.8675
-65.8647
-65.8619
-65.859
-65.8562
-65.8534
-65.8506
-65.8478
-65.845
-65.8421
-65.8393
-65.8365
-65.8337
-65.8309
-65.828
-65.8252
-65.8224
-65.8195
-65.8167
-65.8139
-65.811
-65.8082
-65.8054
-65.8025
-65.7997
-65.7968
-65.794
-65.7912
-65.7883
-65.7855
-65.7826
-65.7798
-65.7769
-65.7741
-65.7712
-65.7683
-65.7655
-65.7626
-65.7598
-65.7569
-65.754
-65.7512
-65.7483
-65.7454
-65.7426
-65.7397
-65.7368
-65.7339
-65.7311
-65.7282
-65.7253
-65.7224
-65.7195
-65.7167
-65.7138
-65.7109
-65.708
-65.7051
-65.7022
-65.6993
-65.6964
-65.6935
-65.6906
-65.6877
-65.6848
-65.6819
-65.679
-65.6761
-65.6732
-65.6703
-65.6674
-65.6645
-65.6616
-65.6587
-65.6558
-65.6528
-65.6499
-65.647
-65.6441
-65.6411
-65.6382
-65.6353
-65.6324
-65.6294
-65.6265
-65.6236
-65.6206
-65.6177
-65.6148
-65.6118
-65.6089
-65.6059
-65.603
-65.6
-65.5971
-65.5941
-65.5912
-65.5882
-65.5853
-65.5823
-65.5793
-65.5764
-65.5734
-65.5705
-65.5675
-65.5645
-65.5616
-65.5586
-65.5556
-65.5526
-65.5497
-65.5467
-65.5437
-65.5407
-65.5377
-65.5347
-65.5318
-65.5288
-65.5258
-65.5228
-65.5198
-65.5168
-65.5138
-65.5108
-65.5078
-65.5048
-65.5018
-65.4988
-65.4958
-65.4928
-65.4897
-65.4867
-65.4837
-65.4807
-65.4777
-65.4747
-65.4716
-65.4686
-65.4656
-65.4625
-65.4595
-65.4565
-65.4534
-65.4504
-65.4474
-65.4443
-65.4413
-65.4382
-65.4352
-65.4321
-65.4291
-65.426
-65.423
-65.4199
-65.4169
-65.4138
-65.4108
-65.4077
-65.4046
-65.4016
-65.3985
-65.3954
-65.3923
-65.3893
-65.3862
-65.3831
-65.38
-65.3769
-65.3738
-65.3708
-65.3677
-65.3646
-65.3615
-65.3584
-65.3553
-65.3522
-65.3491
-65.346
-65.3429
-65.3398
-65.3367
-65.3335
-65.3304
-65.3273
-65.3242
-65.3211
-65.3179
-65.3148
-65.3117
-65.3086
-65.3054
-65.3023
-65.2992
-65.296
-65.2929
-65.2897
-65.2866
-65.2834
-65.2803
-65.2771
-65.274
-65.2708
-65.2677
-65.2645
-65.2614
-65.2582
-65.255
-65.2519
-65.2487
-65.2455
-65.2423
-65.2392
-65.236
-65.2328
-65.2296
-65.2264
-65.2232
-65.22
-65.2169
-65.2137
-65.2105
-65.2073
-65.2041
-65.2008
-65.1976
-65.1944
-65.1912
-65.188
-65.1848
-65.1816
-65.1783
-65.1751
-65.1719
-65.1687
-65.1654
-65.1622
-65.159
-65.1557
-65.1525
-65.1492
-65.146
-65.1428
-65.1395
-65.1363
-65.133
-65.1297
-65.1265
-65.1232
-65.12
-65.1167
-65.1134
-65.1101
-65.1069
-65.1036
-65.1003
-65.097
-65.0937
-65.0905
-65.0872
-65.0839
-65.0806
-65.0773
-65.074
-65.0707
-65.0674
-65.0641
-65.0608
-65.0574
-65.0541
-65.0508
-65.0475
-65.0442
-65.0408
-65.0375
-65.0342
-65.0309
-65.0275
-65.0242
-65.0208
-65.0175
-65.0141
-65.0108
-65.0074
-65.0041
-65.0007
-64.9974
-64.994
-64.9906
-64.9873
-64.9839
-64.9805
-64.9772
-64.9738
-64.9704
-64.967
-64.9636
-64.9602
-64.9568
-64.9534
-64.95
-64.9466
-64.9432
-64.9398
-64.9364
-64.933
-64.9296
-64.9262
-64.9228
-64.9193
-64.9159
-64.9125
-64.909
-64.9056
-64.9022
-64.8987
-64.8953
-64.8918
-64.8884
-64.8849
-64.8815
-64.878
-64.8746
-64.8711
-64.8676
-64.8642
-64.8607
-64.8572
-64.8537
-64.8502
-64.8468
-64.8433
-64.8398
-64.8363
-64.8328
-64.8293
-64.8258
-64.8223
-64.8188
-64.8153
-64.8117
-64.8082
-64.8047
-64.8012
-64.7977
-64.7941
-64.7906
-64.7871
-64.7835
-64.78
-64.7764
-64.7729
-64.7693
-64.7658
-64.7622
-64.7586
-64.7551
-64.7515
-64.7479
-64.7444
-64.7408
-64.7372
-64.7336
-64.73
-64.7264
-64.7228
-64.7192
-64.7156
-64.712
-64.7084
-64.7048
-64.7012
-64.6976
-64.694
-64.6903
-64.6867
-64.6831
-64.6795
-64.6758
-64.6722
-64.6685
-64.6649
-64.6612
-64.6576
-64.6539
-64.6503
-64.6466
-64.6429
-64.6393
-64.6356
-64.6319
-64.6282
-64.6245
-64.6208
-64.6171
-64.6135
-64.6098
-64.606
-64.6023
-64.5986
-64.5949
-64.5912
-64.5875
-64.5838
-64.58
-64.5763
-64.5726
-64.5688
-64.5651
-64.5613
-64.5576
-64.5538
-64.5501
-64.5463
-64.5425
-64.5388
-64.535
-64.5312
-64.5274
-64.5237
-64.5199
-64.5161
-64.5123
-64.5085
-64.5047
-64.5009
-64.4971
-64.4933
-64.4894
-64.4856
-64.4818
-64.478
-64.4741
-64.4703
-64.4664
-64.4626
-64.4587
-64.4549
-64.451
-64.4472
-64.4433
-64.4394
-64.4356
-64.4317
-64.4278
-64.4239
-64.42
-64.4161
-64.4122
-64.4083
-64.4044
-64.4005
-64.3966
-64.3927
-64.3888
-64.3848
-64.3809
-64.377
-64.373
-64.3691
-64.3652
-64.3612
-64.3572
-64.3533
-64.3493
-64.3454
-64.3414
-64.3374
-64.3334
-64.3294
-64.3254
-64.3214
-64.3174
-64.3134
-64.3094
-64.3054
-64.3014
-64.2974
-64.2934
-64.2893
-64.2853
-64.2813
-64.2772
-64.2732
-64.2691
-64.2651
-64.261
-64.2569
-64.2529
-64.2488
-64.2447
-64.2406
-64.2365
-64.2324
-64.2283
-64.2242
-64.2201
-64.216
-64.2119
-64.2078
-64.2037
-64.1995
-64.1954
-64.1912
-64.1871
-64.1829
-64.1788
-64.1746
-64.1705
-64.1663
-64.1621
-64.1579
-64.1538
-64.1496
-64.1454
-64.1412
-64.137
-64.1328
-64.1285
-64.1243
-64.1201
-64.1159
-64.1116
-64.1074
-64.1031
-64.0989
-64.0946
-64.0904
-64.0861
-64.0818
-64.0776
-64.0733
-64.069
-64.0647
-64.0604
-64.0561
-64.0518
-64.0475
-64.0432
-64.0388
-64.0345
-64.0302
-64.0258
-64.0215
-64.0171
-64.0128
-64.0084
-64.0041
-63.9997
-63.9953
-63.9909
-63.9865
-63.9821
-63.9777
-63.9733
-63.9689
-63.9645
-63.9601
-63.9557
-63.9512
-63.9468
-63.9423
-63.9379
-63.9334
-63.929
-63.9245
-63.92
-63.9155
-63.9111
-63.9066
-63.9021
-63.8976
-63.8931
-63.8885
-63.884
-63.8795
-63.875
-63.8704
-63.8659
-63.8613
-63.8568
-63.8522
-63.8476
-63.843
-63.8385
-63.8339
-63.8293
-63.8247
-63.8201
-63.8155
-63.8108
-63.8062
-63.8016
-63.7969
-63.7923
-63.7876
-63.783
-63.7783
-63.7736
-63.769
-63.7643
-63.7596
-63.7549
-63.7502
-63.7455
-63.7407
-63.736
-63.7313
-63.7266
-63.7218
-63.7171
-63.7123
-63.7075
-63.7028
-63.698
-63.6932
-63.6884
-63.6836
-63.6788
-63.674
-63.6692
-63.6643
-63.6595
-63.6547
-63.6498
-63.6449
-63.6401
-63.6352
-63.6303
-63.6254
-63.6206
-63.6157
-63.6107
-63.6058
-63.6009
-63.596
-63.591
-63.5861
-63.5811
-63.5762
-63.5712
-63.5662
-63.5613
-63.5563
-63.5513
-63.5463
-63.5413
-63.5362
-63.5312
-63.5262
-63.5211
-63.5161
-63.511
-63.5059
-63.5009
-63.4958
-63.4907
-63.4856
-63.4805
-63.4754
-63.4702
-63.4651
-63.46
-63.4548
-63.4496
-63.4445
-63.4393
-63.4341
-63.4289
-63.4237
-63.4185
-63.4133
-63.4081
-63.4028
-63.3976
-63.3923
-63.3871
-63.3818
-63.3765
-63.3712
-63.3659
-63.3606
-63.3553
-63.35
-63.3447
-63.3393
-63.334
-63.3286
-63.3232
-63.3179
-63.3125
-63.3071
-63.3017
-63.2963
-63.2908
-63.2854
-63.28
-63.2745
-63.269
-63.2636
-63.2581
-63.2526
-63.2471
-63.2416
-63.2361
-63.2305
-63.225
-63.2194
-63.2139
-63.2083
-63.2027
-63.1971
-63.1915
-63.1859
-63.1803
-63.1747
-63.169
-63.1634
-63.1577
-63.152
-63.1463
-63.1406
-63.1349
-63.1292
-63.1235
-63.1178
-63.112
-63.1063
-63.1005
-63.0947
-63.0889
-63.0831
-63.0773
-63.0715
-63.0656
-63.0598
-63.0539
-63.048
-63.0422
-63.0363
-63.0304
-63.0244
-63.0185
-63.0126
-63.0066
-63.0007
-62.9947
-62.9887
-62.9827
-62.9767
-62.9707
-62.9646
-62.9586
-62.9525
-62.9464
-62.9403
-62.9342
-62.9281
-62.922
-62.9159
-62.9097
-62.9036
-62.8974
-62.8912
-62.885
-62.8788
-62.8726
-62.8663
-62.8601
-62.8538
-62.8475
-62.8412
-62.8349
-62.8286
-62.8223
-62.8159
-62.8096
-62.8032
-62.7968
-62.7904
-62.784
-62.7775
-62.7711
-62.7646
-62.7582
-62.7517
-62.7452
-62.7386
-62.7321
-62.7256
-62.719
-62.7124
-62.7058
-62.6992
-62.6926
-62.686
-62.6793
-62.6726
-62.666
-62.6593
-62.6525
-62.6458
-62.6391
-62.6323
-62.6255
-62.6187
-62.6119
-62.6051
-62.5983
-62.5914
-62.5845
-62.5776
-62.5707
-62.5638
-62.5568
-62.5499
-62.5429
-62.5359
-62.5289
-62.5219
-62.5148
-62.5077
-62.5007
-62.4936
-62.4864
-62.4793
-62.4722
-62.465
-62.4578
-62.4506
-62.4433
-62.4361
-62.4288
-62.4215
-62.4142
-62.4069
-62.3996
-62.3922
-62.3848
-62.3774
-62.37
-62.3626
-62.3551
-62.3476
-62.3401
-62.3326
-62.3251
-62.3175
-62.3099
-62.3023
-62.2947
-62.287
-62.2794
-62.2717
-62.264
-62.2562
-62.2485
-62.2407
-62.2329
-62.2251
-62.2172
-62.2094
-62.2015
-62.1936
-62.1856
-62.1777
-62.1697
-62.1617
-62.1537
-62.1456
-62.1376
-62.1295
-62.1213
-62.1132
-62.105
-62.0968
-62.0886
-62.0803
-62.0721
-62.0638
-62.0554
-62.0471
-62.0387
-62.0303
-62.0219
-62.0134
-62.005
-61.9964
-61.9879
-61.9793
-61.9708
-61.9621
-61.9535
-61.9448
-61.9361
-61.9274
-61.9186
-61.9098
-61.901
-61.8922
-61.8833
-61.8744
-61.8655
-61.8565
-61.8475
-61.8385
-61.8294
-61.8203
-61.8112
-61.802
-61.7929
-61.7836
-61.7744
-61.7651
-61.7558
-61.7464
-61.7371
-61.7276
-61.7182
-61.7087
-61.6992
-61.6896
-61.6801
-61.6704
-61.6608
-61.6511
-61.6413
-61.6316
-61.6218
-61.6119
-61.6021
-61.5921
-61.5822
-61.5722
-61.5622
-61.5521
-61.542
-61.5318
-61.5216
-61.5114
-61.5011
-61.4908
-61.4805
-61.4701
-61.4596
-61.4491
-61.4386
-61.4281
-61.4174
-61.4068
-61.3961
-61.3853
-61.3746
-61.3637
-61.3528
-61.3419
-61.3309
-61.3199
-61.3088
-61.2977
-61.2866
-61.2753
-61.2641
-61.2527
-61.2414
-61.23
-61.2185
-61.207
-61.1954
-61.1838
-61.1721
-61.1603
-61.1486
-61.1367
-61.1248
-61.1128
-61.1008
-61.0888
-61.0766
-61.0644
-61.0522
-61.0399
-61.0275
-61.0151
-61.0026
-60.99
-60.9774
-60.9647
-60.952
-60.9392
-60.9263
-60.9133
-60.9003
-60.8872
-60.8741
-60.8609
-60.8476
-60.8342
-60.8208
-60.8073
-60.7937
-60.78
-60.7663
-60.7525
-60.7386
-60.7246
-60.7106
-60.6965
-60.6823
-60.668
-60.6536
-60.6392
-60.6246
-60.61
-60.5953
-60.5805
-60.5656
-60.5506
-60.5356
-60.5204
-60.5052
-60.4898
-60.4744
-60.4588
-60.4432
-60.4274
-60.4116
-60.3956
-60.3796
-60.3634
-60.3472
-60.3308
-60.3143
-60.2977
-60.281
-60.2642
-60.2473
-60.2302
-60.2131
-60.1958
-60.1784
-60.1608
-60.1432
-60.1254
-60.1074
-60.0894
-60.0712
-60.0529
-60.0344
-60.0158
-59.9971
-59.9782
-59.9591
-59.9399
-59.9206
-59.9011
-59.8815
-59.8617
-59.8417
-59.8216
-59.8013
-59.7808
-59.7601
-59.7393
-59.7183
-59.6972
-59.6758
-59.6542
-59.6325
-59.6106
-59.5884
-59.5661
-59.5436
-59.5208
-59.4978
-59.4747
-59.4512
-59.4276
-59.4038
-59.3797
-59.3553
-59.3308
-59.3059
-59.2809
-59.2555
-59.2299
-59.204
-59.1779
-59.1515
-59.1248
-59.0977
-59.0704
-59.0428
-59.0149
-58.9866
-58.9581
-58.9291
-58.8999
-58.8703
-58.8403
-58.81
-58.7793
-58.7482
-58.7167
-58.6848
-58.6524
-58.6197
-58.5865
-58.5528
-58.5187
-58.4841
-58.4491
-58.4135
-58.3774
-58.3407
-58.3036
-58.2658
-58.2275
-58.1885
-58.149
-58.1088
-58.0679
-58.0263
-57.984
-57.941
-57.8972
-57.8527
-57.8072
-57.761
-57.7138
-57.6656
-57.6165
-57.5663
-57.5149
-57.4624
-57.4085
-57.3532
-57.2963
-57.2376
-57.1771
-57.1144
-57.0493
-56.9815
-56.9104
-56.8353
-56.7549
-56.6677
-56.5726
-56.4682
-56.3535
-56.2275
-56.0886
-55.9352
-55.7646
-55.5729
-55.3542
-55.0979
-54.7788
-54.3609
-53.8074
-53.1123
-52.303
-51.4017
-50.4188
-49.3537
-48.1955
-46.9203
-45.4867
-43.8251
-41.8166
-39.2493
-35.7332
-30.3847
-21.043
-7.84991
6.90239
18.5522
26.6278
32.1234
35.8113
38.2091
39.6574
40.3793
40.525
40.2036
39.5037
38.5043
37.2791
35.8974
34.4296
32.9413
31.4833
30.0675
28.6738
27.2879
25.9054
24.5273
23.1565
21.7967
20.4509
19.1216
17.8108
16.5196
15.249
13.9998
12.7723
11.5672
10.3849
9.2259
8.09068
6.9796
5.89258
4.82929
3.78928
2.77209
1.77732
0.804602
-0.146377
-1.0759
-1.98421
-2.87155
-3.73816
-4.58428
-5.41018
-6.21615
-7.00248
-7.76954
-8.51771
-9.2474
-9.9591
-10.6533
-11.3305
-11.9914
-12.6366
-13.2666
-13.8823
-14.4842
-15.0732
-15.6499
-16.2151
-16.7695
-17.3139
-17.849
-18.3757
-18.8945
-19.4063
-19.9118
-20.4118
-20.9069
-21.398
-21.8857
-22.3707
-22.8539
-23.3359
-23.8175
-24.2994
-24.7823
-25.2671
-25.7545
-26.2451
-26.7399
-27.2396
-27.7449
-28.2567
-28.7757
-29.3026
-29.8382
-30.3829
-30.9375
-31.5021
-32.0772
-32.6628
-33.2591
-33.8663
-34.485
-35.1164
-35.7622
-36.4242
-37.1045
-37.8044
-38.5244
-39.2641
-40.0221
-40.7964
-41.5845
-42.3839
-43.192
-44.0072
-44.8281
-45.6534
-46.4817
-47.312
-48.1434
-48.9747
-49.8051
-50.6337
-51.4593
-52.2811
-53.0979
-53.9085
-54.7118
-55.5064
-56.2912
-57.0648
-57.8259
-58.5733
-59.3057
-60.0219
-60.7208
-61.4015
-62.0629
-62.7043
-63.3251
-63.9246
-64.5024
-65.0583
-65.5921
-66.1038
-66.5934
-67.0614
-67.5078
-67.9333
-68.3382
-68.7232
-69.0889
-69.4359
-69.765
-70.0769
-70.3723
-70.652
-70.9168
-71.1673
-71.4042
-71.6283
-71.8402
-72.0406
-72.23
-72.4092
-72.5786
-72.7387
-72.8902
-73.0335
-73.1689
-73.2971
-73.4183
-73.533
-73.6416
-73.7444
-73.8416
-73.9337
-74.021
-74.1035
-74.1818
-74.2559
-74.3261
-74.3926
-74.4557
-74.5154
-74.572
-74.6257
-74.6766
-74.7248
-74.7705
-74.8138
-74.8548
-74.8937
-74.9306
-74.9655
-74.9986
-75.03
-75.0597
-75.0878
-75.1145
-75.1397
-75.1635
-75.1861
-75.2074
-75.2276
-75.2466
-75.2646
-75.2816
-75.2976
-75.3127
-75.3269
-75.3403
-75.3529
-75.3646
-75.3757
-75.3861
-75.3958
-75.4048
-75.4133
-75.4211
-75.4284
-75.4352
-75.4414
-75.4472
-75.4525
-75.4573
-75.4617
-75.4656
-75.4692
-75.4724
-75.4752
-75.4777
-75.4798
-75.4817
-75.4832
-75.4844
-75.4853
-75.4859
-75.4863
-75.4864
-75.4863
-75.4859
-75.4853
-75.4845
-75.4835
-75.4823
-75.4809
-75.4793
-75.4775
-75.4756
-75.4734
-75.4712
-75.4687
-75.4662
-75.4635
-75.4606
-75.4576
-75.4545
-75.4513
-75.448
-75.4445
-75.441
-75.4373
-75.4335
-75.4297
-75.4257
-75.4217
-75.4175
-75.4133
-75.4091
-75.4047
-75.4003
-75.3957
-75.3912
-75.3865
-75.3818
-75.3771
-75.3723
-75.3674
-75.3625
-75.3575
-75.3525
-75.3474
-75.3423
-75.3371
-75.3319
-75.3267
-75.3214
-75.3161
-75.3108
-75.3054
-75.3
-75.2945
-75.289
-75.2835
-75.278
-75.2725
-75.2669
-75.2613
-75.2557
-75.25
-75.2443
-75.2387
-75.233
-75.2272
-75.2215
-75.2157
-75.21
-75.2042
-75.1984
-75.1926
-75.1868
-75.1809
-75.1751
-75.1692
-75.1634
-75.1575
-75.1516
-75.1457
-75.1398
-75.1339
-75.128
-75.1221
-75.1161
-75.1102
-75.1043
-75.0983
-75.0924
-75.0864
-75.0805
-75.0745
-75.0685
-75.0626
-75.0566
-75.0506
-75.0446
-75.0387
-75.0327
-75.0267
-75.0207
-75.0147
-75.0087
-75.0027
-74.9968
-74.9908
-74.9848
-74.9788
-74.9728
-74.9668
-74.9608
-74.9548
-74.9488
-74.9428
-74.9368
-74.9308
-74.9249
-74.9189
-74.9129
-74.9069
-74.9009
-74.8949
-74.8889
-74.8829
-74.8769
-74.871
-74.865
-74.859
-74.853
-74.847
-74.841
-74.835
-74.8291
-74.8231
-74.8171
-74.8111
-74.8051
-74.7992
-74.7932
-74.7872
-74.7812
-74.7753
-74.7693
-74.7633
-74.7573
-74.7514
-74.7454
-74.7394
-74.7335
-74.7275
-74.7215
-74.7156
-74.7096
-74.7036
-74.6976
-74.6917
-74.6857
-74.6797
-74.6738
-74.6678
-74.6618
-74.6559
-74.6499
-74.6439
-74.638
-74.632
-74.626
-74.6201
-74.6141
-74.6081
-74.6022
-74.5962
-74.5902
-74.5843
-74.5783
-74.5723
-74.5664
-74.5604
-74.5544
-74.5484
-74.5425
-74.5365
-74.5305
-74.5245
-74.5186
-74.5126
-74.5066
-74.5006
-74.4947
-74.4887
-74.4827
-74.4767
-74.4707
-74.4647
-74.4587
-74.4527
-74.4468
-74.4408
-74.4348
-74.4288
-74.4228
-74.4168
-74.4108
-74.4048
-74.3988
-74.3928
-74.3868
-74.3807
-74.3747
-74.3687
-74.3627
-74.3567
-74.3507
-74.3446
-74.3386
-74.3326
-74.3266
-74.3205
-74.3145
-74.3085
-74.3024
-74.2964
-74.2903
-74.2843
-74.2782
-74.2722
-74.2661
-74.2601
-74.254
-74.248
-74.2419
-74.2358
-74.2298
-74.2237
-74.2176
-74.2116
-74.2055
-74.1994
-74.1933
-74.1872
-74.1811
-74.175
-74.1689
-74.1628
-74.1567
-74.1506
-74.1445
-74.1384
-74.1323
-74.1262
-74.1201
-74.1139
-74.1078
-74.1017
-74.0955
-74.0894
-74.0833
-74.0771
-74.071
-74.0648
-74.0587
-74.0525
-74.0464
-74.0402
-74.034
-74.0279
-74.0217
-74.0155
-74.0094
-74.0032
-73.997
-73.9908
-73.9846
-73.9784
-73.9722
-73.966
-73.9598
-73.9536
-73.9474
-73.9412
-73.935
-73.9287
-73.9225
-73.9163
-73.91
-73.9038
-73.8976
-73.8913
-73.8851
-73.8788
-73.8726
-73.8663
-73.8601
-73.8538
-73.8475
-73.8413
-73.835
-73.8287
-73.8224
-73.8161
-73.8098
-73.8036
-73.7973
-73.791
-73.7847
-73.7784
-73.772
-73.7657
-73.7594
-73.7531
-73.7468
-73.7404
-73.7341
-73.7278
-73.7214
-73.7151
-73.7087
-73.7024
-73.696
-73.6897
-73.6833
-73.677
-73.6706
-73.6642
-73.6579
-73.6515
-73.6451
-73.6387
-73.6323
-73.6259
-73.6195
-73.6132
-73.6068
-73.6003
-73.5939
-73.5875
-73.5811
-73.5747
-73.5683
-73.5619
-73.5554
-73.549
-73.5426
-73.5361
-73.5297
-73.5232
-73.5168
-73.5103
-73.5039
-73.4974
-73.491
-73.4845
-73.478
-73.4716
-73.4651
-73.4586
-73.4521
-73.4456
-73.4392
-73.4327
-73.4262
-73.4197
-73.4132
-73.4067
-73.4002
-73.3937
-73.3871
-73.3806
-73.3741
-73.3676
-73.3611
-73.3545
-73.348
-73.3415
-73.3349
-73.3284
-73.3219
-73.3153
-73.3088
-73.3022
-73.2957
-73.2891
-73.2825
-73.276
-73.2694
-73.2628
-73.2563
-73.2497
-73.2431
-73.2365
-73.23
-73.2234
-73.2168
-73.2102
-73.2036
-73.197
-73.1904
-73.1838
-73.1772
-73.1706
-73.164
-73.1574
-73.1507
-73.1441
-73.1375
-73.1309
-73.1242
-73.1176
-73.111
-73.1043
-73.0977
-73.0911
-73.0844
-73.0778
-73.0711
-73.0645
-73.0578
-73.0512
-73.0445
-73.0379
-73.0312
-73.0245
-73.0179
-73.0112
-73.0045
-72.9979
-72.9912
-72.9845
-72.9778
-72.9711
-72.9645
-72.9578
-72.9511
-72.9444
-72.9377
-72.931
-72.9243
-72.9176
-72.9109
-72.9042
-72.8975
-72.8908
-72.8841
-72.8774
-72.8707
-72.8639
-72.8572
-72.8505
-72.8438
-72.8371
-72.8303
-72.8236
-72.8169
-72.8101
-72.8034
-72.7967
-72.7899
-72.7832
-72.7765
-72.7697
-72.763
-72.7562
-72.7495
-72.7427
-72.736
-72.7292
-72.7225
-72.7157
-72.709
-72.7022
-72.6954
-72.6887
-72.6819
-72.6752
-72.6684
-72.6616
-72.6548
-72.6481
-72.6413
-72.6345
-72.6278
-72.621
-72.6142
-72.6074
-72.6006
-72.5939
-72.5871
-72.5803
-72.5735
-72.5667
-72.5599
-72.5532
-72.5464
-72.5396
-72.5328
-72.526
-72.5192
-72.5124
-72.5056
-72.4988
-72.492
-72.4852
-72.4784
-72.4716
-72.4648
-72.458
-72.4512
-72.4444
-72.4376
-72.4308
-72.424
-72.4172
-72.4103
-72.4035
-72.3967
-72.3899
-72.3831
-72.3763
-72.3695
-72.3627
-72.3558
-72.349
-72.3422
-72.3354
-72.3286
-72.3217
-72.3149
-72.3081
-72.3013
-72.2945
-72.2876
-72.2808
-72.274
-72.2672
-72.2604
-72.2535
-72.2467
-72.2399
-72.2331
-72.2262
-72.2194
-72.2126
-72.2058
-72.1989
-72.1921
-72.1853
-72.1784
-72.1716
-72.1648
-72.158
-72.1511
-72.1443
-72.1375
-72.1306
-72.1238
-72.117
-72.1102
-72.1033
-72.0965
-72.0897
-72.0828
-72.076
-72.0692
-72.0624
-72.0555
-72.0487
-72.0419
-72.035
-72.0282
-72.0214
-72.0146
-72.0077
-72.0009
-71.9941
-71.9872
-71.9804
-71.9736
-71.9668
-71.9599
-71.9531
-71.9463
-71.9395
-71.9326
-71.9258
-71.919
-71.9122
-71.9053
-71.8985
-71.8917
-71.8849
-71.878
-71.8712
-71.8644
-71.8576
-71.8508
-71.8439
-71.8371
-71.8303
-71.8235
-71.8167
-71.8099
-71.803
-71.7962
-71.7894
-71.7826
-71.7758
-71.769
-71.7622
-71.7554
-71.7486
-71.7417
-71.7349
-71.7281
-71.7213
-71.7145
-71.7077
-71.7009
-71.6941
-71.6873
-71.6805
-71.6737
-71.6669
-71.6601
-71.6533
-71.6465
-71.6397
-71.6329
-71.6261
-71.6194
-71.6126
-71.6058
-71.599
-71.5922
-71.5854
-71.5786
-71.5719
-71.5651
-71.5583
-71.5515
-71.5447
-71.538
-71.5312
-71.5244
-71.5176
-71.5109
-71.5041
-71.4973
-71.4906
-71.4838
-71.477
-71.4703
-71.4635
-71.4568
-71.45
-71.4432
-71.4365
-71.4297
-71.423
-71.4162
-71.4095
-71.4027
-71.396
-71.3892
-71.3825
-71.3758
-71.369
-71.3623
-71.3555
-71.3488
-71.3421
-71.3353
-71.3286
-71.3219
-71.3152
-71.3084
-71.3017
-71.295
-71.2883
-71.2816
-71.2748
-71.2681
-71.2614
-71.2547
-71.248
-71.2413
-71.2346
-71.2279
-71.2212
-71.2145
-71.2078
-71.2011
-71.1944
-71.1877
-71.181
-71.1743
-71.1677
-71.161
-71.1543
-71.1476
-71.1409
-71.1343
-71.1276
-71.1209
-71.1143
-71.1076
-71.1009
-71.0943
-71.0876
-71.081
-71.0743
-71.0676
-71.061
-71.0544
-71.0477
-71.0411
-71.0344
-71.0278
-71.0211
-71.0145
-71.0079
-71.0013
-70.9946
-70.988
-70.9814
-70.9748
-70.9681
-70.9615
-70.9549
-70.9483
-70.9417
-70.9351
-70.9285
-70.9219
-70.9153
-70.9087
-70.9021
-70.8955
-70.8889
-70.8824
-70.8758
-70.8692
-70.8626
-70.856
-70.8495
-70.8429
-70.8363
-70.8298
-70.8232
-70.8167
-70.8101
-70.8035
-70.797
-70.7905
-70.7839
-70.7774
-70.7708
-70.7643
-70.7578
-70.7512
-70.7447
-70.7382
-70.7317
-70.7251
-70.7186
-70.7121
-70.7056
-70.6991
-70.6926
-70.6861
-70.6796
-70.6731
-70.6666
-70.6601
-70.6536
-70.6471
-70.6406
-70.6342
-70.6277
-70.6212
-70.6147
-70.6083
-70.6018
-70.5954
-70.5889
-70.5824
-70.576
-70.5695
-70.5631
-70.5567
-70.5502
-70.5438
-70.5374
-70.5309
-70.5245
-70.5181
-70.5117
-70.5052
-70.4988
-70.4924
-70.486
-70.4796
-70.4732
-70.4668
-70.4604
-70.454
-70.4476
-70.4412
-70.4349
-70.4285
-70.4221
-70.4157
-70.4094
-70.403
-70.3966
-70.3903
-70.3839
-70.3776
-70.3712
-70.3649
-70.3585
-70.3522
-70.3459
-70.3395
-70.3332
-70.3269
-70.3206
-70.3142
-70.3079
-70.3016
-70.2953
-70.289
-70.2827
-70.2764
-70.2701
-70.2638
-70.2575
-70.2512
-70.245
-70.2387
-70.2324
-70.2261
-70.2199
-70.2136
-70.2074
-70.2011
-70.1948
-70.1886
-70.1824
-70.1761
-70.1699
-70.1636
-70.1574
-70.1512
-70.145
-70.1387
-70.1325
-70.1263
-70.1201
-70.1139
-70.1077
-70.1015
-70.0953
-70.0891
-70.0829
-70.0767
-70.0706
-70.0644
-70.0582
-70.0521
-70.0459
-70.0397
-70.0336
-70.0274
-70.0213
-70.0151
-70.009
-70.0028
-69.9967
-69.9906
-69.9844
-69.9783
-69.9722
-69.9661
-69.96
-69.9539
-69.9478
-69.9417
-69.9356
-69.9295
-69.9234
-69.9173
-69.9112
-69.9051
-69.8991
-69.893
-69.8869
-69.8809
-69.8748
-69.8688
-69.8627
-69.8567
-69.8506
-69.8446
-69.8385
-69.8325
-69.8265
-69.8205
-69.8145
-69.8084
-69.8024
-69.7964
-69.7904
-69.7844
-69.7784
-69.7724
-69.7664
-69.7605
-69.7545
-69.7485
-69.7425
-69.7366
-69.7306
-69.7246
-69.7187
-69.7127
-69.7068
-69.7008
-69.6949
-69.689
-69.683
-69.6771
-69.6712
-69.6653
-69.6593
-69.6534
-69.6475
-69.6416
-69.6357
-69.6298
-69.6239
-69.6181
-69.6122
-69.6063
-69.6004
-69.5945
-69.5887
-69.5828
-69.577
-69.5711
-69.5653
-69.5594
-69.5536
-69.5477
-69.5419
-69.5361
-69.5302
-69.5244
-69.5186
-69.5128
-69.507
-69.5012
-69.4954
-69.4896
-69.4838
-69.478
-69.4722
-69.4664
-69.4607
-69.4549
-69.4491
-69.4434
-69.4376
-69.4318
-69.4261
-69.4203
-69.4146
-69.4089
-69.4031
-69.3974
-69.3917
-69.3859
-69.3802
-69.3745
-69.3688
-69.3631
-69.3574
-69.3517
-69.346
-69.3403
-69.3346
-69.329
-69.3233
-69.3176
-69.3119
-69.3063
-69.3006
-69.295
-69.2893
-69.2837
-69.278
-69.2724
-69.2668
-69.2611
-69.2555
-69.2499
-69.2443
-69.2387
-69.233
-69.2274
-69.2218
-69.2162
-69.2107
-69.2051
-69.1995
-69.1939
-69.1883
-69.1828
-69.1772
-69.1716
-69.1661
-69.1605
-69.155
-69.1494
-69.1439
-69.1384
-69.1328
-69.1273
-69.1218
-69.1163
-69.1107
-69.1052
-69.0997
-69.0942
-69.0887
-69.0832
-69.0777
-69.0723
-69.0668
-69.0613
-69.0558
-69.0504
-69.0449
-69.0394
-69.034
-69.0285
-69.0231
-69.0176
-69.0122
-69.0068
-69.0013
-68.9959
-68.9905
-68.9851
-68.9797
-68.9743
-68.9689
-68.9635
-68.9581
-68.9527
-68.9473
-68.9419
-68.9365
-68.9312
-68.9258
-68.9204
-68.9151
-68.9097
-68.9043
-68.899
-68.8937
-68.8883
-68.883
-68.8776
-68.8723
-68.867
-68.8617
-68.8564
-68.8511
-68.8458
-68.8404
-68.8352
-68.8299
-68.8246
-68.8193
-68.814
-68.8087
-68.8035
-68.7982
-68.7929
-68.7877
-68.7824
-68.7772
-68.7719
-68.7667
-68.7614
-68.7562
-68.751
-68.7458
-68.7405
-68.7353
-68.7301
-68.7249
-68.7197
-68.7145
-68.7093
-68.7041
-68.6989
-68.6937
-68.6886
-68.6834
-68.6782
-68.6731
-68.6679
-68.6627
-68.6576
-68.6524
-68.6473
-68.6422
-68.637
-68.6319
-68.6268
-68.6216
-68.6165
-68.6114
-68.6063
-68.6012
-68.5961
-68.591
-68.5859
-68.5808
-68.5757
-68.5707
-68.5656
-68.5605
-68.5554
-68.5504
-68.5453
-68.5403
-68.5352
-68.5302
-68.5251
-68.5201
-68.515
-68.51
-68.505
-68.5
-68.495
-68.4899
-68.4849
-68.4799
-68.4749
-68.4699
-68.4649
-68.46
-68.455
-68.45
-68.445
-68.44
-68.4351
-68.4301
-68.4252
-68.4202
-68.4152
-68.4103
-68.4054
-68.4004
-68.3955
-68.3906
-68.3856
-68.3807
-68.3758
-68.3709
-68.366
-68.3611
-68.3562
-68.3513
-68.3464
-68.3415
-68.3366
-68.3317
-68.3268
-68.322
-68.3171
-68.3122
-68.3074
-68.3025
-68.2977
-68.2928
-68.288
-68.2831
-68.2783
-68.2735
-68.2686
-68.2638
-68.259
-68.2542
-68.2494
-68.2446
-68.2398
-68.235
-68.2302
-68.2254
-68.2206
-68.2158
-68.211
-68.2063
-68.2015
-68.1967
-68.192
-68.1872
-68.1824
-68.1777
-68.173
-68.1682
-68.1635
-68.1587
-68.154
-68.1493
-68.1446
-68.1398
-68.1351
-68.1304
-68.1257
-68.121
-68.1163
-68.1116
-68.1069
-68.1022
-68.0976
-68.0929
-68.0882
-68.0835
-68.0789
-68.0742
-68.0695
-68.0649
-68.0602
-68.0556
-68.051
-68.0463
-68.0417
-68.0371
-68.0324
-68.0278
-68.0232
-68.0186
-68.014
-68.0093
-68.0047
-68.0001
-67.9955
-67.991
-67.9864
-67.9818
-67.9772
-67.9726
-67.9681
-67.9635
-67.9589
-67.9544
-67.9498
-67.9453
-67.9407
-67.9362
-67.9316
-67.9271
-67.9225
-67.918
-67.9135
-67.909
-67.9045
-67.8999
-67.8954
-67.8909
-67.8864
-67.8819
-67.8774
-67.8729
-67.8684
-67.864
-67.8595
-67.855
-67.8505
-67.8461
-67.8416
-67.8371
-67.8327
-67.8282
-67.8238
-67.8193
-67.8149
-67.8104
-67.806
-67.8016
-67.7971
-67.7927
-67.7883
-67.7839
-67.7795
-67.7751
-67.7707
-67.7663
-67.7619
-67.7575
-67.7531
-67.7487
-67.7443
-67.7399
-67.7355
-67.7312
-67.7268
-67.7224
-67.7181
-67.7137
-67.7094
-67.705
-67.7007
-67.6963
-67.692
-67.6877
-67.6833
-67.679
-67.6747
-67.6703
-67.666
-67.6617
-67.6574
-67.6531
-67.6488
-67.6445
-67.6402
-67.6359
-67.6316
-67.6273
-67.623
-67.6188
-67.6145
-67.6102
-67.606
-67.6017
-67.5974
-67.5932
-67.5889
-67.5847
-67.5804
-67.5762
-67.5719
-67.5677
-67.5635
-67.5592
-67.555
-67.5508
-67.5466
-67.5424
-67.5381
-67.5339
-67.5297
-67.5255
-67.5213
-67.5171
-67.5129
-67.5088
-67.5046
-67.5004
-67.4962
-67.492
-67.4879
-67.4837
-67.4795
-67.4754
-67.4712
-67.4671
-67.4629
-67.4588
-67.4546
-67.4505
-67.4464
-67.4422
-67.4381
-67.434
-67.4298
-67.4257
-67.4216
-67.4175
-67.4134
-67.4093
-67.4052
-67.4011
-67.397
-67.3929
-67.3888
-67.3847
-67.3806
-67.3765
-67.3725
-67.3684
-67.3643
-67.3602
-67.3562
-67.3521
-67.3481
-67.344
-67.34
-67.3359
-67.3319
-67.3278
-67.3238
-67.3198
-67.3157
-67.3117
-67.3077
-67.3036
-67.2996
-67.2956
-67.2916
-67.2876
-67.2836
-67.2796
-67.2756
-67.2716
-67.2676
-67.2636
-67.2596
-67.2556
-67.2516
-67.2477
-67.2437
-67.2397
-67.2358
-67.2318
-67.2278
-67.2239
-67.2199
-67.216
-67.212
-67.2081
-67.2041
-67.2002
-67.1962
-67.1923
-67.1884
-67.1844
-67.1805
-67.1766
-67.1727
-67.1688
-67.1648
-67.1609
-67.157
-67.1531
-67.1492
-67.1453
-67.1414
-67.1375
-67.1336
-67.1298
-67.1259
-67.122
-67.1181
-67.1142
-67.1104
-67.1065
-67.1026
-67.0988
-67.0949
-67.0911
-67.0872
-67.0834
-67.0795
-67.0757
-67.0718
-67.068
-67.0641
-67.0603
-67.0565
-67.0527
-67.0488
-67.045
-67.0412
-67.0374
-67.0336
-67.0297
-67.0259
-67.0221
-67.0183
-67.0145
-67.0107
-67.0069
-67.0032
-66.9994
-66.9956
-66.9918
-66.988
-66.9842
-66.9805
-66.9767
-66.9729
-66.9692
-66.9654
-66.9616
-66.9579
-66.9541
-66.9504
-66.9466
-66.9429
-66.9391
-66.9354
-66.9316
-66.9279
-66.9242
-66.9204
-66.9167
-66.913
-66.9093
-66.9056
-66.9018
-66.8981
-66.8944
-66.8907
-66.887
-66.8833
-66.8796
-66.8759
-66.8722
-66.8685
-66.8648
-66.8611
-66.8574
-66.8538
-66.8501
-66.8464
-66.8427
-66.839
-66.8354
-66.8317
-66.828
-66.8244
-66.8207
-66.8171
-66.8134
-66.8098
-66.8061
-66.8025
-66.7988
-66.7952
-66.7915
-66.7879
-66.7843
-66.7806
-66.777
-66.7734
-66.7697
-66.7661
-66.7625
-66.7589
-66.7553
-66.7517
-66.748
-66.7444
-66.7408
-66.7372
-66.7336
-66.73
-66.7264
-66.7228
-66.7193
-66.7157
-66.7121
-66.7085
-66.7049
-66.7013
-66.6978
-66.6942
-66.6906
-66.687
-66.6835
-66.6799
-66.6763
-66.6728
-66.6692
-66.6657
-66.6621
-66.6586
-66.655
-66.6515
-66.6479
-66.6444
-66.6408
-66.6373
-66.6338
-66.6302
-66.6267
-66.6232
-66.6197
-66.6161
-66.6126
-66.6091
-66.6056
-66.6021
-66.5985
-66.595
-66.5915
-66.588
-66.5845
-66.581
-66.5775
-66.574
-66.5705
-66.567
-66.5635
-66.56
-66.5566
-66.5531
-66.5496
-66.5461
-66.5426
-66.5392
-66.5357
-66.5322
-66.5287
-66.5253
-66.5218
-66.5183
-66.5149
-66.5114
-66.508
-66.5045
-66.5011
-66.4976
-66.4942
-66.4907
-66.4873
-66.4838
-66.4804
-66.4769
-66.4735
-66.4701
-66.4666
-66.4632
-66.4598
-66.4564
-66.4529
-66.4495
-66.4461
-66.4427
-66.4392
-66.4358
-66.4324
-66.429
-66.4256
-66.4222
-66.4188
-66.4154
-66.412
-66.4086
-66.4052
-66.4018
-66.3984
-66.395
-66.3916
-66.3882
-66.3848
-66.3815
-66.3781
-66.3747
-66.3713
-66.3679
-66.3646
-66.3612
-66.3578
-66.3545
-66.3511
-66.3477
-66.3444
-66.341
-66.3376
-66.3343
-66.3309
-66.3276
-66.3242
-66.3209
-66.3175
-66.3142
-66.3108
-66.3075
-66.3041
-66.3008
-66.2974
-66.2941
-66.2908
-66.2874
-66.2841
-66.2808
-66.2775
-66.2741
-66.2708
-66.2675
-66.2642
-66.2608
-66.2575
-66.2542
-66.2509
-66.2476
-66.2443
-66.2409
-66.2376
-66.2343
-66.231
-66.2277
-66.2244
-66.2211
-66.2178
-66.2145
-66.2112
-66.2079
-66.2046
-66.2014
-66.1981
-66.1948
-66.1915
-66.1882
-66.1849
-66.1816
-66.1784
-66.1751
-66.1718
-66.1685
-66.1653
-66.162
-66.1587
-66.1555
-66.1522
-66.1489
-66.1457
-66.1424
-66.1391
-66.1359
-66.1326
-66.1294
-66.1261
-66.1228
-66.1196
-66.1163
-66.1131
-66.1098
-66.1066
-66.1034
-66.1001
-66.0969
-66.0936
-66.0904
-66.0871
-66.0839
-66.0807
-66.0774
-66.0742
-66.071
-66.0677
-66.0645
-66.0613
-66.0581
-66.0548
-66.0516
-66.0484
-66.0452
-66.042
-66.0387
-66.0355
-66.0323
-66.0291
-66.0259
-66.0227
-66.0195
-66.0162
-66.013
-66.0098
-66.0066
-66.0034
-66.0002
-65.997
-65.9938
-65.9906
-65.9874
-65.9842
-65.981
-65.9778
-65.9746
-65.9715
-65.9683
-65.9651
-65.9619
-65.9587
-65.9555
-65.9523
-65.9492
-65.946
-65.9428
-65.9396
-65.9364
-65.9333
-65.9301
-65.9269
-65.9237
-65.9206
-65.9174
-65.9142
-65.911
-65.9079
-65.9047
-65.9015
-65.8984
-65.8952
-65.8921
-65.8889
-65.8857
-65.8826
-65.8794
-65.8763
-65.8731
-65.8699
-65.8668
-65.8636
-65.8605
-65.8573
-65.8542
-65.851
-65.8479
-65.8447
-65.8416
-65.8384
-65.8353
-65.8322
-65.829
-65.8259
-65.8227
-65.8196
-65.8165
-65.8133
-65.8102
-65.807
-65.8039
-65.8008
-65.7976
-65.7945
-65.7914
-65.7882
-65.7851
-65.782
-65.7789
-65.7757
-65.7726
-65.7695
-65.7664
-65.7632
-65.7601
-65.757
-65.7539
-65.7508
-65.7476
-65.7445
-65.7414
-65.7383
-65.7352
-65.7321
-65.7289
-65.7258
-65.7227
-65.7196
-65.7165
-65.7134
-65.7103
-65.7072
-65.7041
-65.7009
-65.6978
-65.6947
-65.6916
-65.6885
-65.6854
-65.6823
-65.6792
-65.6761
-65.673
-65.6699
-65.6668
-65.6637
-65.6606
-65.6575
-65.6544
-65.6513
-65.6482
-65.6452
-65.6421
-65.639
-65.6359
-65.6328
-65.6297
-65.6266
-65.6235
-65.6204
-65.6173
-65.6142
-65.6112
-65.6081
-65.605
-65.6019
-65.5988
-65.5957
-65.5927
-65.5896
-65.5865
-65.5834
-65.5803
-65.5772
-65.5742
-65.5711
-65.568
-65.5649
-65.5619
-65.5588
-65.5557
-65.5526
-65.5496
-65.5465
-65.5434
-65.5403
-65.5373
-65.5342
-65.5311
-65.528
-65.525
-65.5219
-65.5188
-65.5158
-65.5127
-65.5096
-65.5066
-65.5035
-65.5004
-65.4974
-65.4943
-65.4912
-65.4882
-65.4851
-65.482
-65.479
-65.4759
-65.4728
-65.4698
-65.4667
-65.4636
-65.4606
-65.4575
-65.4545
-65.4514
-65.4483
-65.4453
-65.4422
-65.4392
-65.4361
-65.433
-65.43
-65.4269
-65.4239
-65.4208
-65.4177
-65.4147
-65.4116
-65.4086
-65.4055
-65.4025
-65.3994
-65.3964
-65.3933
-65.3902
-65.3872
-65.3841
-65.3811
-65.378
-65.375
-65.3719
-65.3689
-65.3658
-65.3628
-65.3597
-65.3567
-65.3536
-65.3505
-65.3475
-65.3444
-65.3414
-65.3383
-65.3353
-65.3322
-65.3292
-65.3261
-65.3231
-65.32
-65.317
-65.3139
-65.3109
-65.3078
-65.3048
-65.3017
-65.2987
-65.2956
-65.2926
-65.2895
-65.2865
-65.2834
-65.2804
-65.2773
-65.2743
-65.2713
-65.2682
-65.2652
-65.2621
-65.2591
-65.256
-65.253
-65.2499
-65.2469
-65.2438
-65.2408
-65.2377
-65.2347
-65.2316
-65.2286
-65.2255
-65.2225
-65.2194
-65.2164
-65.2133
-65.2103
-65.2072
-65.2042
-65.2011
-65.1981
-65.195
-65.192
-65.1889
-65.1859
-65.1828
-65.1798
-65.1767
-65.1737
-65.1706
-65.1676
-65.1646
-65.1615
-65.1585
-65.1554
-65.1524
-65.1493
-65.1462
-65.1432
-65.1401
-65.1371
-65.134
-65.131
-65.1279
-65.1249
-65.1218
-65.1188
-65.1157
-65.1127
-65.1096
-65.1066
-65.1035
-65.1005
-65.0974
-65.0944
-65.0913
-65.0883
-65.0852
-65.0821
-65.0791
-65.076
-65.073
-65.0699
-65.0669
-65.0638
-65.0608
-65.0577
-65.0546
-65.0516
-65.0485
-65.0455
-65.0424
-65.0393
-65.0363
-65.0332
-65.0302
-65.0271
-65.024
-65.021
-65.0179
-65.0149
-65.0118
-65.0087
-65.0057
-65.0026
-64.9995
-64.9965
-64.9934
-64.9903
-64.9873
-64.9842
-64.9812
-64.9781
-64.975
-64.9719
-64.9689
-64.9658
-64.9627
-64.9597
-64.9566
-64.9535
-64.9505
-64.9474
-64.9443
-64.9412
-64.9382
-64.9351
-64.932
-64.929
-64.9259
-64.9228
-64.9197
-64.9166
-64.9136
-64.9105
-64.9074
-64.9043
-64.9013
-64.8982
-64.8951
-64.892
-64.8889
-64.8859
-64.8828
-64.8797
-64.8766
-64.8735
-64.8704
-64.8673
-64.8643
-64.8612
-64.8581
-64.855
-64.8519
-64.8488
-64.8457
-64.8426
-64.8395
-64.8365
-64.8334
-64.8303
-64.8272
-64.8241
-64.821
-64.8179
-64.8148
-64.8117
-64.8086
-64.8055
-64.8024
-64.7993
-64.7962
-64.7931
-64.79
-64.7869
-64.7838
-64.7807
-64.7776
-64.7745
-64.7714
-64.7682
-64.7651
-64.762
-64.7589
-64.7558
-64.7527
-64.7496
-64.7465
-64.7434
-64.7402
-64.7371
-64.734
-64.7309
-64.7278
-64.7246
-64.7215
-64.7184
-64.7153
-64.7122
-64.709
-64.7059
-64.7028
-64.6997
-64.6965
-64.6934
-64.6903
-64.6871
-64.684
-64.6809
-64.6777
-64.6746
-64.6715
-64.6683
-64.6652
-64.6621
-64.6589
-64.6558
-64.6526
-64.6495
-64.6464
-64.6432
-64.6401
-64.6369
-64.6338
-64.6306
-64.6275
-64.6243
-64.6212
-64.618
-64.6149
-64.6117
-64.6086
-64.6054
-64.6023
-64.5991
-64.5959
-64.5928
-64.5896
-64.5864
-64.5833
-64.5801
-64.577
-64.5738
-64.5706
-64.5674
-64.5643
-64.5611
-64.5579
-64.5548
-64.5516
-64.5484
-64.5452
-64.542
-64.5389
-64.5357
-64.5325
-64.5293
-64.5261
-64.5229
-64.5198
-64.5166
-64.5134
-64.5102
-64.507
-64.5038
-64.5006
-64.4974
-64.4942
-64.491
-64.4878
-64.4846
-64.4814
-64.4782
-64.475
-64.4718
-64.4686
-64.4654
-64.4622
-64.459
-64.4557
-64.4525
-64.4493
-64.4461
-64.4429
-64.4397
-64.4364
-64.4332
-64.43
-64.4268
-64.4235
-64.4203
-64.4171
-64.4139
-64.4106
-64.4074
-64.4041
-64.4009
-64.3977
-64.3944
-64.3912
-64.3879
-64.3847
-64.3815
-64.3782
-64.375
-64.3717
-64.3685
-64.3652
-64.362
-64.3587
-64.3554
-64.3522
-64.3489
-64.3457
-64.3424
-64.3391
-64.3359
-64.3326
-64.3293
-64.326
-64.3228
-64.3195
-64.3162
-64.3129
-64.3097
-64.3064
-64.3031
-64.2998
-64.2965
-64.2932
-64.2899
-64.2866
-64.2834
-64.2801
-64.2768
-64.2735
-64.2702
-64.2669
-64.2636
-64.2603
-64.2569
-64.2536
-64.2503
-64.247
-64.2437
-64.2404
-64.2371
-64.2337
-64.2304
-64.2271
-64.2238
-64.2204
-64.2171
-64.2138
-64.2105
-64.2071
-64.2038
-64.2004
-64.1971
-64.1938
-64.1904
-64.1871
-64.1837
-64.1804
-64.177
-64.1737
-64.1703
-64.167
-64.1636
-64.1602
-64.1569
-64.1535
-64.1501
-64.1468
-64.1434
-64.14
-64.1367
-64.1333
-64.1299
-64.1265
-64.1231
-64.1197
-64.1164
-64.113
-64.1096
-64.1062
-64.1028
-64.0994
-64.096
-64.0926
-64.0892
-64.0858
-64.0824
-64.079
-64.0756
-64.0721
-64.0687
-64.0653
-64.0619
-64.0585
-64.055
-64.0516
-64.0482
-64.0447
-64.0413
-64.0379
-64.0344
-64.031
-64.0276
-64.0241
-64.0207
-64.0172
-64.0138
-64.0103
-64.0069
-64.0034
-63.9999
-63.9965
-63.993
-63.9895
-63.9861
-63.9826
-63.9791
-63.9756
-63.9722
-63.9687
-63.9652
-63.9617
-63.9582
-63.9547
-63.9512
-63.9477
-63.9442
-63.9407
-63.9372
-63.9337
-63.9302
-63.9267
-63.9232
-63.9197
-63.9162
-63.9126
-63.9091
-63.9056
-63.9021
-63.8985
-63.895
-63.8915
-63.8879
-63.8844
-63.8808
-63.8773
-63.8737
-63.8702
-63.8666
-63.8631
-63.8595
-63.856
-63.8524
-63.8488
-63.8453
-63.8417
-63.8381
-63.8345
-63.831
-63.8274
-63.8238
-63.8202
-63.8166
-63.813
-63.8094
-63.8058
-63.8022
-63.7986
-63.795
-63.7914
-63.7878
-63.7842
-63.7805
-63.7769
-63.7733
-63.7697
-63.766
-63.7624
-63.7588
-63.7551
-63.7515
-63.7478
-63.7442
-63.7405
-63.7369
-63.7332
-63.7296
-63.7259
-63.7222
-63.7186
-63.7149
-63.7112
-63.7075
-63.7039
-63.7002
-63.6965
-63.6928
-63.6891
-63.6854
-63.6817
-63.678
-63.6743
-63.6706
-63.6669
-63.6632
-63.6594
-63.6557
-63.652
-63.6483
-63.6445
-63.6408
-63.6371
-63.6333
-63.6296
-63.6258
-63.6221
-63.6183
-63.6146
-63.6108
-63.607
-63.6033
-63.5995
-63.5957
-63.592
-63.5882
-63.5844
-63.5806
-63.5768
-63.573
-63.5692
-63.5654
-63.5616
-63.5578
-63.554
-63.5502
-63.5464
-63.5425
-63.5387
-63.5349
-63.531
-63.5272
-63.5234
-63.5195
-63.5157
-63.5118
-63.508
-63.5041
-63.5002
-63.4964
-63.4925
-63.4886
-63.4848
-63.4809
-63.477
-63.4731
-63.4692
-63.4653
-63.4614
-63.4575
-63.4536
-63.4497
-63.4458
-63.4419
-63.4379
-63.434
-63.4301
-63.4261
-63.4222
-63.4183
-63.4143
-63.4104
-63.4064
-63.4025
-63.3985
-63.3945
-63.3906
-63.3866
-63.3826
-63.3786
-63.3746
-63.3706
-63.3666
-63.3626
-63.3586
-63.3546
-63.3506
-63.3466
-63.3426
-63.3386
-63.3345
-63.3305
-63.3265
-63.3224
-63.3184
-63.3143
-63.3103
-63.3062
-63.3021
-63.2981
-63.294
-63.2899
-63.2858
-63.2818
-63.2777
-63.2736
-63.2695
-63.2654
-63.2613
-63.2572
-63.253
-63.2489
-63.2448
-63.2407
-63.2365
-63.2324
-63.2282
-63.2241
-63.2199
-63.2158
-63.2116
-63.2074
-63.2033
-63.1991
-63.1949
-63.1907
-63.1865
-63.1823
-63.1781
-63.1739
-63.1697
-63.1655
-63.1613
-63.157
-63.1528
-63.1486
-63.1443
-63.1401
-63.1358
-63.1316
-63.1273
-63.1231
-63.1188
-63.1145
-63.1102
-63.1059
-63.1016
-63.0973
-63.093
-63.0887
-63.0844
-63.0801
-63.0758
-63.0715
-63.0671
-63.0628
-63.0584
-63.0541
-63.0497
-63.0454
-63.041
-63.0366
-63.0322
-63.0279
-63.0235
-63.0191
-63.0147
-63.0103
-63.0059
-63.0014
-62.997
-62.9926
-62.9882
-62.9837
-62.9793
-62.9748
-62.9704
-62.9659
-62.9614
-62.9569
-62.9525
-62.948
-62.9435
-62.939
-62.9345
-62.93
-62.9254
-62.9209
-62.9164
-62.9119
-62.9073
-62.9028
-62.8982
-62.8937
-62.8891
-62.8845
-62.8799
-62.8753
-62.8708
-62.8662
-62.8616
-62.8569
-62.8523
-62.8477
-62.8431
-62.8384
-62.8338
-62.8291
-62.8245
-62.8198
-62.8151
-62.8105
-62.8058
-62.8011
-62.7964
-62.7917
-62.787
-62.7823
-62.7775
-62.7728
-62.7681
-62.7633
-62.7586
-62.7538
-62.749
-62.7443
-62.7395
-62.7347
-62.7299
-62.7251
-62.7203
-62.7155
-62.7106
-62.7058
-62.701
-62.6961
-62.6913
-62.6864
-62.6815
-62.6767
-62.6718
-62.6669
-62.662
-62.6571
-62.6522
-62.6472
-62.6423
-62.6374
-62.6324
-62.6275
-62.6225
-62.6175
-62.6126
-62.6076
-62.6026
-62.5976
-62.5926
-62.5875
-62.5825
-62.5775
-62.5724
-62.5674
-62.5623
-62.5573
-62.5522
-62.5471
-62.542
-62.5369
-62.5318
-62.5267
-62.5215
-62.5164
-62.5113
-62.5061
-62.5009
-62.4958
-62.4906
-62.4854
-62.4802
-62.475
-62.4698
-62.4645
-62.4593
-62.4541
-62.4488
-62.4435
-62.4383
-62.433
-62.4277
-62.4224
-62.4171
-62.4118
-62.4064
-62.4011
-62.3957
-62.3904
-62.385
-62.3796
-62.3742
-62.3688
-62.3634
-62.358
-62.3526
-62.3472
-62.3417
-62.3362
-62.3308
-62.3253
-62.3198
-62.3143
-62.3088
-62.3033
-62.2977
-62.2922
-62.2866
-62.2811
-62.2755
-62.2699
-62.2643
-62.2587
-62.2531
-62.2475
-62.2418
-62.2362
-62.2305
-62.2248
-62.2191
-62.2134
-62.2077
-62.202
-62.1963
-62.1905
-62.1848
-62.179
-62.1732
-62.1674
-62.1616
-62.1558
-62.15
-62.1442
-62.1383
-62.1324
-62.1266
-62.1207
-62.1148
-62.1089
-62.1029
-62.097
-62.091
-62.0851
-62.0791
-62.0731
-62.0671
-62.0611
-62.055
-62.049
-62.0429
-62.0369
-62.0308
-62.0247
-62.0186
-62.0124
-62.0063
-62.0002
-61.994
-61.9878
-61.9816
-61.9754
-61.9692
-61.9629
-61.9567
-61.9504
-61.9441
-61.9378
-61.9315
-61.9252
-61.9189
-61.9125
-61.9061
-61.8997
-61.8933
-61.8869
-61.8805
-61.874
-61.8676
-61.8611
-61.8546
-61.8481
-61.8415
-61.835
-61.8284
-61.8219
-61.8153
-61.8086
-61.802
-61.7954
-61.7887
-61.782
-61.7753
-61.7686
-61.7619
-61.7551
-61.7484
-61.7416
-61.7348
-61.728
-61.7211
-61.7143
-61.7074
-61.7005
-61.6936
-61.6867
-61.6797
-61.6727
-61.6658
-61.6587
-61.6517
-61.6447
-61.6376
-61.6305
-61.6234
-61.6163
-61.6092
-61.602
-61.5948
-61.5876
-61.5804
-61.5731
-61.5659
-61.5586
-61.5513
-61.5439
-61.5366
-61.5292
-61.5218
-61.5144
-61.5069
-61.4995
-61.492
-61.4845
-61.4769
-61.4694
-61.4618
-61.4542
-61.4466
-61.4389
-61.4313
-61.4236
-61.4159
-61.4081
-61.4003
-61.3926
-61.3847
-61.3769
-61.369
-61.3611
-61.3532
-61.3453
-61.3373
-61.3293
-61.3213
-61.3132
-61.3051
-61.297
-61.2889
-61.2807
-61.2726
-61.2643
-61.2561
-61.2478
-61.2395
-61.2312
-61.2228
-61.2145
-61.206
-61.1976
-61.1891
-61.1806
-61.1721
-61.1635
-61.1549
-61.1463
-61.1376
-61.1289
-61.1202
-61.1114
-61.1026
-61.0938
-61.0849
-61.076
-61.0671
-61.0582
-61.0492
-61.0401
-61.0311
-61.022
-61.0128
-61.0037
-60.9945
-60.9852
-60.9759
-60.9666
-60.9573
-60.9479
-60.9384
-60.929
-60.9194
-60.9099
-60.9003
-60.8907
-60.881
-60.8713
-60.8615
-60.8517
-60.8419
-60.832
-60.8221
-60.8121
-60.8021
-60.7921
-60.782
-60.7718
-60.7616
-60.7514
-60.7411
-60.7308
-60.7204
-60.71
-60.6995
-60.689
-60.6784
-60.6678
-60.6571
-60.6464
-60.6356
-60.6248
-60.6139
-60.603
-60.592
-60.5809
-60.5698
-60.5587
-60.5475
-60.5362
-60.5249
-60.5135
-60.502
-60.4905
-60.479
-60.4673
-60.4557
-60.4439
-60.4321
-60.4202
-60.4083
-60.3963
-60.3842
-60.3721
-60.3599
-60.3476
-60.3352
-60.3228
-60.3103
-60.2978
-60.2851
-60.2724
-60.2596
-60.2468
-60.2338
-60.2208
-60.2077
-60.1946
-60.1813
-60.168
-60.1545
-60.141
-60.1274
-60.1138
-60.1
-60.0861
-60.0722
-60.0581
-60.044
-60.0298
-60.0155
-60.001
-59.9865
-59.9719
-59.9572
-59.9423
-59.9274
-59.9124
-59.8972
-59.882
-59.8666
-59.8511
-59.8355
-59.8198
-59.804
-59.788
-59.7719
-59.7557
-59.7394
-59.723
-59.7064
-59.6896
-59.6728
-59.6558
-59.6386
-59.6213
-59.6039
-59.5863
-59.5686
-59.5507
-59.5327
-59.5145
-59.4961
-59.4775
-59.4588
-59.4399
-59.4209
-59.4016
-59.3822
-59.3625
-59.3427
-59.3227
-59.3024
-59.2819
-59.2612
-59.2403
-59.2191
-59.1977
-59.176
-59.154
-59.1317
-59.1091
-59.0861
-59.0628
-59.039
-59.0148
-58.9901
-58.9648
-58.9388
-58.912
-58.8845
-58.8559
-58.8264
-58.7957
-58.7637
-58.7302
-58.695
-58.6578
-58.6181
-58.575
-58.5274
-58.4742
-58.4143
-58.3472
-58.2722
-58.1888
-58.0965
-57.9947
-57.8825
-57.7589
-57.6225
-57.471
-57.301
-57.107
-56.8799
-56.5965
-56.2259
-55.7354
-55.1173
-54.3976
-53.6025
-52.7485
-51.8446
-50.893
-49.8904
-48.8276
-47.6883
-46.446
-45.0592
-43.4611
-41.5415
-39.1095
-35.8244
-30.9454
-22.4859
-10.5772
3.4394
15.1831
23.5473
29.3517
33.3387
36.017
37.7271
38.6957
39.0753
38.9734
38.4733
37.6458
36.5559
35.2641
33.8263
32.2932
30.7105
29.1309
27.5942
26.1313
24.7355
23.3791
22.0431
20.7178
19.3995
18.0875
16.7829
15.4869
14.2014
12.9277
11.6673
10.4215
9.19139
7.97825
6.78322
5.60742
4.45197
3.31794
2.20648
1.11873
0.0556593
-0.982178
-1.99461
-2.98167
-3.94355
-4.88049
-5.79279
-6.6808
-7.54494
-8.38567
-9.20352
-9.99908
-10.773
-11.5261
-12.259
-12.9727
-13.6681
-14.3461
-15.0076
-15.6538
-16.2857
-16.9043
-17.5107
-18.106
-18.6914
-19.2679
-19.8367
-20.3989
-20.9556
-21.508
-22.0572
-22.6044
-23.1506
-23.6971
-24.245
-24.7956
-25.3499
-25.9094
-26.4752
-27.0485
-27.6306
-28.2226
-28.8255
-29.4405
-30.0683
-30.7097
-31.3652
-32.0352
-32.7196
-33.4183
-34.1313
-34.8589
-35.6022
-36.3624
-37.1403
-37.9361
-38.7484
-39.5751
-40.4128
-41.258
-42.1069
-42.9561
-43.8034
-44.6473
-45.4866
-46.3205
-47.1487
-47.9707
-48.7863
-49.5952
-50.3974
-51.1924
-51.9801
-52.76
-53.5316
-54.2945
-55.0479
-55.7913
-56.5238
-57.2446
-57.9527
-58.6473
-59.3276
-59.9925
-60.6414
-61.2734
-61.8879
-62.4843
-63.062
-63.6206
-64.1599
-64.6796
-65.1796
-65.66
-66.1208
-66.5623
-66.9847
-67.3884
-67.7738
-68.1415
-68.4919
-68.8257
-69.1434
-69.4456
-69.733
-70.0063
-70.2659
-70.5127
-70.7471
-70.9697
-71.1812
-71.3821
-71.5729
-71.7542
-71.9264
-72.0899
-72.2454
-72.393
-72.5333
-72.6667
-72.7934
-72.9139
-73.0284
-73.1373
-73.2409
-73.3394
-73.433
-73.5221
-73.6069
-73.6876
-73.7643
-73.8374
-73.9069
-73.9731
-74.0362
-74.0962
-74.1533
-74.2077
-74.2595
-74.3088
-74.3558
-74.4005
-74.443
-74.4836
-74.5222
-74.5589
-74.5939
-74.6272
-74.6588
-74.689
-74.7176
-74.7449
-74.7708
-74.7955
-74.8189
-74.8411
-74.8623
-74.8823
-74.9013
-74.9194
-74.9365
-74.9527
-74.968
-74.9825
-74.9962
-75.0092
-75.0214
-75.0329
-75.0438
-75.054
-75.0636
-75.0726
-75.081
-75.0888
-75.0962
-75.103
-75.1094
-75.1152
-75.1207
-75.1257
-75.1302
-75.1344
-75.1382
-75.1416
-75.1447
-75.1474
-75.1498
-75.1518
-75.1536
-75.1551
-75.1562
-75.1571
-75.1578
-75.1582
-75.1583
-75.1582
-75.1579
-75.1573
-75.1566
-75.1556
-75.1544
-75.1531
-75.1515
-75.1498
-75.1479
-75.1459
-75.1437
-75.1413
-75.1388
-75.1361
-75.1334
-75.1304
-75.1274
-75.1242
-75.1209
-75.1175
-75.114
-75.1104
-75.1066
-75.1028
-75.0989
-75.0949
-75.0908
-75.0866
-75.0823
-75.0779
-75.0735
-75.069
-75.0644
-75.0598
-75.0551
-75.0503
-75.0454
-75.0405
-75.0356
-75.0306
-75.0255
-75.0204
-75.0152
-75.01
-75.0047
-74.9994
-74.9941
-74.9887
-74.9833
-74.9778
-74.9723
-74.9668
-74.9612
-74.9556
-74.9499
-74.9443
-74.9386
-74.9328
-74.9271
-74.9213
-74.9155
-74.9097
-74.9038
-74.898
-74.8921
-74.8861
-74.8802
-74.8743
-74.8683
-74.8623
-74.8563
-74.8503
-74.8442
-74.8382
-74.8321
-74.826
-74.8199
-74.8138
-74.8077
-74.8016
-74.7954
-74.7893
-74.7831
-74.777
-74.7708
-74.7646
-74.7584
-74.7522
-74.746
-74.7398
-74.7335
-74.7273
-74.7211
-74.7148
-74.7086
-74.7023
-74.696
-74.6898
-74.6835
-74.6772
-74.6709
-74.6647
-74.6584
-74.6521
-74.6458
-74.6395
-74.6332
-74.6269
-74.6206
-74.6142
-74.6079
-74.6016
-74.5953
-74.589
-74.5826
-74.5763
-74.57
-74.5636
-74.5573
-74.551
-74.5446
-74.5383
-74.5319
-74.5256
-74.5193
-74.5129
-74.5066
-74.5002
-74.4939
-74.4875
-74.4812
-74.4748
-74.4684
-74.4621
-74.4557
-74.4494
-74.443
-74.4366
-74.4303
-74.4239
-74.4175
-74.4112
-74.4048
-74.3984
-74.3921
-74.3857
-74.3793
-74.373
-74.3666
-74.3602
-74.3538
-74.3475
-74.3411
-74.3347
-74.3283
-74.3219
-74.3155
-74.3092
-74.3028
-74.2964
-74.29
-74.2836
-74.2772
-74.2708
-74.2644
-74.258
-74.2516
-74.2452
-74.2388
-74.2324
-74.226
-74.2196
-74.2132
-74.2068
-74.2004
-74.194
-74.1876
-74.1812
-74.1747
-74.1683
-74.1619
-74.1555
-74.1491
-74.1426
-74.1362
-74.1298
-74.1234
-74.1169
-74.1105
-74.1041
-74.0976
-74.0912
-74.0847
-74.0783
-74.0718
-74.0654
-74.0589
-74.0525
-74.046
-74.0396
-74.0331
-74.0267
-74.0202
-74.0137
-74.0073
-74.0008
-73.9943
-73.9878
-73.9814
-73.9749
-73.9684
-73.9619
-73.9554
-73.9489
-73.9424
-73.9359
-73.9294
-73.9229
-73.9164
-73.9099
-73.9034
-73.8969
-73.8904
-73.8839
-73.8773
-73.8708
-73.8643
-73.8578
-73.8512
-73.8447
-73.8381
-73.8316
-73.8251
-73.8185
-73.812
-73.8054
-73.7988
-73.7923
-73.7857
-73.7792
-73.7726
-73.766
-73.7594
-73.7529
-73.7463
-73.7397
-73.7331
-73.7265
-73.7199
-73.7133
-73.7067
-73.7001
-73.6935
-73.6869
-73.6803
-73.6737
-73.6671
-73.6605
-73.6538
-73.6472
-73.6406
-73.6339
-73.6273
-73.6207
-73.614
-73.6074
-73.6007
-73.5941
-73.5874
-73.5807
-73.5741
-73.5674
-73.5607
-73.5541
-73.5474
-73.5407
-73.534
-73.5273
-73.5206
-73.5139
-73.5073
-73.5006
-73.4938
-73.4871
-73.4804
-73.4737
-73.467
-73.4603
-73.4536
-73.4468
-73.4401
-73.4334
-73.4266
-73.4199
-73.4132
-73.4064
-73.3997
-73.3929
-73.3862
-73.3794
-73.3726
-73.3659
-73.3591
-73.3523
-73.3456
-73.3388
-73.332
-73.3252
-73.3184

