4.0681e-05
4.0681e-05
4.0681e-05
4.06505e-05
4.06187e-05
4.05884e-05
4.056e-05
4.05334e-05
4.05083e-05
4.04848e-05
4.04628e-05
4.04422e-05
4.04228e-05
4.04047e-05
4.03878e-05
4.03719e-05
4.03571e-05
4.03432e-05
4.03303e-05
4.03182e-05
4.0307e-05
4.02965e-05
4.02867e-05
4.02777e-05
4.02692e-05
4.02614e-05
4.02542e-05
4.02475e-05
4.02413e-05
4.02356e-05
4.02304e-05
4.02256e-05
4.02212e-05
4.02172e-05
4.02135e-05
4.02102e-05
4.02072e-05
4.02045e-05
4.02021e-05
4.02e-05
4.01981e-05
4.01965e-05
4.01951e-05
4.01939e-05
4.0193e-05
4.01922e-05
4.01916e-05
4.01911e-05
4.01909e-05
4.01908e-05
4.01908e-05
4.0191e-05
4.01913e-05
4.01917e-05
4.01922e-05
4.01929e-05
4.01936e-05
4.01944e-05
4.01954e-05
4.01964e-05
4.01975e-05
4.01987e-05
4.02e-05
4.02013e-05
4.02027e-05
4.02042e-05
4.02057e-05
4.02073e-05
4.02089e-05
4.02106e-05
4.02123e-05
4.02141e-05
4.02159e-05
4.02178e-05
4.02197e-05
4.02216e-05
4.02236e-05
4.02255e-05
4.02276e-05
4.02296e-05
4.02317e-05
4.02338e-05
4.0236e-05
4.02381e-05
4.02403e-05
4.02425e-05
4.02447e-05
4.0247e-05
4.02492e-05
4.02515e-05
4.02538e-05
4.02561e-05
4.02584e-05
4.02607e-05
4.0263e-05
4.02654e-05
4.02677e-05
4.02701e-05
4.02725e-05
4.02749e-05
4.02773e-05
4.02797e-05
4.02821e-05
4.02845e-05
4.02869e-05
4.02893e-05
4.02917e-05
4.02942e-05
4.02966e-05
4.0299e-05
4.03015e-05
4.03039e-05
4.03064e-05
4.03088e-05
4.03112e-05
4.03137e-05
4.03161e-05
4.03186e-05
4.0321e-05
4.03235e-05
4.03259e-05
4.03284e-05
4.03308e-05
4.03332e-05
4.03357e-05
4.03381e-05
4.03405e-05
4.0343e-05
4.03454e-05
4.03478e-05
4.03503e-05
4.03527e-05
4.03551e-05
4.03575e-05
4.03599e-05
4.03623e-05
4.03647e-05
4.03671e-05
4.03695e-05
4.03719e-05
4.03742e-05
4.03766e-05
4.0379e-05
4.03813e-05
4.03837e-05
4.0386e-05
4.03884e-05
4.03907e-05
4.03931e-05
4.03954e-05
4.03977e-05
4.04e-05
4.04023e-05
4.04046e-05
4.04069e-05
4.04092e-05
4.04115e-05
4.04137e-05
4.0416e-05
4.04182e-05
4.04205e-05
4.04227e-05
4.0425e-05
4.04272e-05
4.04294e-05
4.04316e-05
4.04338e-05
4.0436e-05
4.04382e-05
4.04403e-05
4.04425e-05
4.04446e-05
4.04468e-05
4.04489e-05
4.04511e-05
4.04532e-05
4.04553e-05
4.04574e-05
4.04595e-05
4.04616e-05
4.04636e-05
4.04657e-05
4.04678e-05
4.04698e-05
4.04718e-05
4.04739e-05
4.04759e-05
4.04779e-05
4.04799e-05
4.04819e-05
4.04838e-05
4.04858e-05
4.04878e-05
4.04897e-05
4.04916e-05
4.04936e-05
4.04955e-05
4.04974e-05
4.04993e-05
4.05012e-05
4.05031e-05
4.05049e-05
4.05068e-05
4.05086e-05
4.05105e-05
4.05123e-05
4.05141e-05
4.05159e-05
4.05177e-05
4.05195e-05
4.05213e-05
4.0523e-05
4.05248e-05
4.05265e-05
4.05282e-05
4.053e-05
4.05317e-05
4.05334e-05
4.05351e-05
4.05367e-05
4.05384e-05
4.05401e-05
4.05417e-05
4.05434e-05
4.0545e-05
4.05466e-05
4.05482e-05
4.05498e-05
4.05514e-05
4.0553e-05
4.05545e-05
4.05561e-05
4.05576e-05
4.05591e-05
4.05607e-05
4.05622e-05
4.05637e-05
4.05652e-05
4.05666e-05
4.05681e-05
4.05696e-05
4.0571e-05
4.05724e-05
4.05739e-05
4.05753e-05
4.05767e-05
4.05781e-05
4.05795e-05
4.05808e-05
4.05822e-05
4.05835e-05
4.05849e-05
4.05862e-05
4.05875e-05
4.05888e-05
4.05901e-05
4.05914e-05
4.05927e-05
4.0594e-05
4.05952e-05
4.05965e-05
4.05977e-05
4.05989e-05
4.06002e-05
4.06014e-05
4.06026e-05
4.06038e-05
4.06049e-05
4.06061e-05
4.06073e-05
4.06084e-05
4.06095e-05
4.06107e-05
4.06118e-05
4.06129e-05
4.0614e-05
4.06151e-05
4.06162e-05
4.06172e-05
4.06183e-05
4.06193e-05
4.06204e-05
4.06214e-05
4.06224e-05
4.06234e-05
4.06244e-05
4.06254e-05
4.06264e-05
4.06274e-05
4.06284e-05
4.06293e-05
4.06303e-05
4.06312e-05
4.06321e-05
4.0633e-05
4.06339e-05
4.06348e-05
4.06357e-05
4.06366e-05
4.06375e-05
4.06384e-05
4.06392e-05
4.06401e-05
4.06409e-05
4.06417e-05
4.06425e-05
4.06434e-05
4.06442e-05
4.06449e-05
4.06457e-05
4.06465e-05
4.06473e-05
4.0648e-05
4.06488e-05
4.06495e-05
4.06503e-05
4.0651e-05
4.06517e-05
4.06524e-05
4.06531e-05
4.06538e-05
4.06545e-05
4.06552e-05
4.06558e-05
4.06565e-05
4.06572e-05
4.06578e-05
4.06584e-05
4.06591e-05
4.06597e-05
4.06603e-05
4.06609e-05
4.06615e-05
4.06621e-05
4.06627e-05
4.06633e-05
4.06638e-05
4.06644e-05
4.0665e-05
4.06655e-05
4.06661e-05
4.06666e-05
4.06671e-05
4.06676e-05
4.06682e-05
4.06687e-05
4.06692e-05
4.06696e-05
4.06701e-05
4.06706e-05
4.06711e-05
4.06715e-05
4.0672e-05
4.06725e-05
4.06729e-05
4.06733e-05
4.06738e-05
4.06742e-05
4.06746e-05
4.0675e-05
4.06754e-05
4.06758e-05
4.06762e-05
4.06766e-05
4.0677e-05
4.06774e-05
4.06777e-05
4.06781e-05
4.06785e-05
4.06788e-05
4.06792e-05
4.06795e-05
4.06798e-05
4.06802e-05
4.06805e-05
4.06808e-05
4.06811e-05
4.06814e-05
4.06817e-05
4.0682e-05
4.06823e-05
4.06826e-05
4.06829e-05
4.06832e-05
4.06834e-05
4.06837e-05
4.06839e-05
4.06842e-05
4.06845e-05
4.06847e-05
4.06849e-05
4.06852e-05
4.06854e-05
4.06856e-05
4.06858e-05
4.06861e-05
4.06863e-05
4.06865e-05
4.06867e-05
4.06869e-05
4.06871e-05
4.06872e-05
4.06874e-05
4.06876e-05
4.06878e-05
4.0688e-05
4.06881e-05
4.06883e-05
4.06884e-05
4.06886e-05
4.06887e-05
4.06889e-05
4.0689e-05
4.06892e-05
4.06893e-05
4.06894e-05
4.06895e-05
4.06897e-05
4.06898e-05
4.06899e-05
4.069e-05
4.06901e-05
4.06902e-05
4.06903e-05
4.06904e-05
4.06905e-05
4.06906e-05
4.06907e-05
4.06907e-05
4.06908e-05
4.06909e-05
4.0691e-05
4.0691e-05
4.06911e-05
4.06912e-05
4.06912e-05
4.06913e-05
4.06913e-05
4.06914e-05
4.06914e-05
4.06915e-05
4.06915e-05
4.06915e-05
4.06916e-05
4.06916e-05
4.06916e-05
4.06917e-05
4.06917e-05
4.06917e-05
4.06917e-05
4.06917e-05
4.06918e-05
4.06918e-05
4.06918e-05
4.06918e-05
4.06918e-05
4.06918e-05
4.06918e-05
4.06918e-05
4.06918e-05
4.06918e-05
4.06917e-05
4.06917e-05
4.06917e-05
4.06917e-05
4.06917e-05
4.06916e-05
4.06916e-05
4.06916e-05
4.06916e-05
4.06915e-05
4.06915e-05
4.06915e-05
4.06914e-05
4.06914e-05
4.06913e-05
4.06913e-05
4.06913e-05
4.06912e-05
4.06912e-05
4.06911e-05
4.06911e-05
4.0691e-05
4.0691e-05
4.06909e-05
4.06908e-05
4.06908e-05
4.06907e-05
4.06907e-05
4.06906e-05
4.06905e-05
4.06905e-05
4.06904e-05
4.06903e-05
4.06902e-05
4.06902e-05
4.06901e-05
4.069e-05
4.069e-05
4.06899e-05
4.06898e-05
4.06897e-05
4.06896e-05
4.06895e-05
4.06895e-05
4.06894e-05
4.06893e-05
4.06892e-05
4.06891e-05
4.0689e-05
4.06889e-05
4.06888e-05
4.06888e-05
4.06887e-05
4.06886e-05
4.06885e-05
4.06884e-05
4.06883e-05
4.06882e-05
4.06881e-05
4.0688e-05
4.06879e-05
4.06878e-05
4.06877e-05
4.06876e-05
4.06875e-05
4.06874e-05
4.06873e-05
4.06872e-05
4.0687e-05
4.06869e-05
4.06868e-05
4.06867e-05
4.06866e-05
4.06865e-05
4.06864e-05
4.06863e-05
4.06862e-05
4.06861e-05
4.0686e-05
4.06858e-05
4.06857e-05
4.06856e-05
4.06855e-05
4.06854e-05
4.06853e-05
4.06852e-05
4.0685e-05
4.06849e-05
4.06848e-05
4.06847e-05
4.06846e-05
4.06845e-05
4.06844e-05
4.06842e-05
4.06841e-05
4.0684e-05
4.06839e-05
4.06838e-05
4.06836e-05
4.06835e-05
4.06834e-05
4.06833e-05
4.06832e-05
4.06831e-05
4.06829e-05
4.06828e-05
4.06827e-05
4.06826e-05
4.06825e-05
4.06823e-05
4.06822e-05
4.06821e-05
4.0682e-05
4.06819e-05
4.06817e-05
4.06816e-05
4.06815e-05
4.06814e-05
4.06813e-05
4.06811e-05
4.0681e-05
4.06809e-05
4.06808e-05
4.06807e-05
4.06806e-05
4.06804e-05
4.06803e-05
4.06802e-05
4.06801e-05
4.068e-05
4.06798e-05
4.06797e-05
4.06796e-05
4.06795e-05
4.06794e-05
4.06793e-05
4.06791e-05
4.0679e-05
4.06789e-05
4.06788e-05
4.06787e-05
4.06786e-05
4.06784e-05
4.06783e-05
4.06782e-05
4.06781e-05
4.0678e-05
4.06779e-05
4.06777e-05
4.06776e-05
4.06775e-05
4.06774e-05
4.06773e-05
4.06772e-05
4.06771e-05
4.0677e-05
4.06768e-05
4.06767e-05
4.06766e-05
4.06765e-05
4.06764e-05
4.06763e-05
4.06762e-05
4.06761e-05
4.0676e-05
4.06759e-05
4.06757e-05
4.06756e-05
4.06755e-05
4.06754e-05
4.06753e-05
4.06752e-05
4.06751e-05
4.0675e-05
4.06749e-05
4.06748e-05
4.06747e-05
4.06746e-05
4.06745e-05
4.06744e-05
4.06743e-05
4.06742e-05
4.06741e-05
4.0674e-05
4.06739e-05
4.06738e-05
4.06737e-05
4.06736e-05
4.06735e-05
4.06734e-05
4.06733e-05
4.06732e-05
4.06731e-05
4.0673e-05
4.06729e-05
4.06728e-05
4.06727e-05
4.06726e-05
4.06725e-05
4.06724e-05
4.06723e-05
4.06722e-05
4.06721e-05
4.0672e-05
4.0672e-05
4.06719e-05
4.06718e-05
4.06717e-05
4.06716e-05
4.06715e-05
4.06714e-05
4.06713e-05
4.06712e-05
4.06712e-05
4.06711e-05
4.0671e-05
4.06709e-05
4.06708e-05
4.06707e-05
4.06706e-05
4.06706e-05
4.06705e-05
4.06704e-05
4.06703e-05
4.06702e-05
4.06701e-05
4.06701e-05
4.067e-05
4.06699e-05
4.06698e-05
4.06698e-05
4.06697e-05
4.06696e-05
4.06695e-05
4.06694e-05
4.06694e-05
4.06693e-05
4.06692e-05
4.06691e-05
4.06691e-05
4.0669e-05
4.06689e-05
4.06689e-05
4.06688e-05
4.06687e-05
4.06686e-05
4.06686e-05
4.06685e-05
4.06684e-05
4.06684e-05
4.06683e-05
4.06682e-05
4.06682e-05
4.06681e-05
4.0668e-05
4.0668e-05
4.06679e-05
4.06678e-05
4.06678e-05
4.06677e-05
4.06676e-05
4.06676e-05
4.06675e-05
4.06674e-05
4.06674e-05
4.06673e-05
4.06673e-05
4.06672e-05
4.06671e-05
4.06671e-05
4.0667e-05
4.0667e-05
4.06669e-05
4.06669e-05
4.06668e-05
4.06667e-05
4.06667e-05
4.06666e-05
4.06666e-05
4.06665e-05
4.06665e-05
4.06664e-05
4.06664e-05
4.06663e-05
4.06663e-05
4.06662e-05
4.06662e-05
4.06661e-05
4.06661e-05
4.0666e-05
4.0666e-05
4.06659e-05
4.06659e-05
4.06658e-05
4.06658e-05
4.06657e-05
4.06657e-05
4.06656e-05
4.06656e-05
4.06655e-05
4.06655e-05
4.06654e-05
4.06654e-05
4.06654e-05
4.06653e-05
4.06653e-05
4.06652e-05
4.06652e-05
4.06651e-05
4.06651e-05
4.06651e-05
4.0665e-05
4.0665e-05
4.06649e-05
4.06649e-05
4.06649e-05
4.06648e-05
4.06648e-05
4.06647e-05
4.06647e-05
4.06647e-05
4.06646e-05
4.06646e-05
4.06646e-05
4.06645e-05
4.06645e-05
4.06645e-05
4.06644e-05
4.06644e-05
4.06644e-05
4.06643e-05
4.06643e-05
4.06643e-05
4.06642e-05
4.06642e-05
4.06642e-05
4.06641e-05
4.06641e-05
4.06641e-05
4.0664e-05
4.0664e-05
4.0664e-05
5.071e-05
6.20818e-05
7.28984e-05
8.39189e-05
9.70116e-05
0.000114441
0.000138016
0.000164798
0.000187819
0.000206467
0.000222499
0.00023625
0.000247318
0.000255525
0.000261122
0.000264592
0.000266445
0.000267111
0.000266905
0.000265994
0.000264477
0.000262442
0.000259969
0.000257114
0.000253919
0.000250418
0.000246647
0.000242637
0.000238422
0.000234036
0.000229512
0.000224888
0.000220208
0.000215518
0.000210873
0.000206328
0.000201936
0.000197737
0.00019376
0.000190014
0.000186495
0.000183186
0.000180065
0.000177105
0.000174277
0.000171553
0.000168906
0.00016631
0.00016374
0.00016117
0.000158576
0.000155932
0.000153212
0.000150387
0.000147423
0.000144285
0.000140933
0.000137318
0.000133388
0.000129079
0.000124321
0.000119033
0.000113125
0.000106511
9.91266e-05
9.09788e-05
8.22311e-05
7.32861e-05
6.47357e-05
5.71122e-05
5.06729e-05
4.53908e-05
4.11006e-05
3.76135e-05
3.47621e-05
3.24088e-05
3.04427e-05
2.87755e-05
2.73382e-05
2.60793e-05
2.49641e-05
2.39716e-05
2.30897e-05
2.23102e-05
2.1625e-05
2.10257e-05
2.05038e-05
2.00507e-05
1.96584e-05
1.93193e-05
1.90267e-05
1.87743e-05
1.85567e-05
1.83693e-05
1.82078e-05
1.80687e-05
1.79489e-05
1.78457e-05
1.77568e-05
1.76804e-05
1.76147e-05
1.75584e-05
1.75103e-05
1.74693e-05
1.74346e-05
1.74055e-05
1.73812e-05
1.73613e-05
1.73452e-05
1.73326e-05
1.7323e-05
1.73161e-05
1.73117e-05
1.73093e-05
1.73089e-05
1.73101e-05
1.73129e-05
1.73171e-05
1.73227e-05
1.73297e-05
1.73383e-05
1.73484e-05
1.73603e-05
1.73738e-05
1.73891e-05
1.74061e-05
1.74248e-05
1.74453e-05
1.74675e-05
1.74912e-05
1.75166e-05
1.75434e-05
1.75717e-05
1.76013e-05
1.76323e-05
1.76645e-05
1.76978e-05
1.77323e-05
1.77679e-05
1.78044e-05
1.78419e-05
1.78803e-05
1.79195e-05
1.79596e-05
1.80004e-05
1.8042e-05
1.80843e-05
1.81272e-05
1.81708e-05
1.8215e-05
1.82598e-05
1.83052e-05
1.83511e-05
1.83976e-05
1.84445e-05
1.8492e-05
1.85399e-05
1.85883e-05
1.86372e-05
1.86865e-05
1.87362e-05
1.87864e-05
1.8837e-05
1.88879e-05
1.89393e-05
1.8991e-05
1.9043e-05
1.90955e-05
1.91482e-05
1.92013e-05
1.92547e-05
1.93083e-05
1.93623e-05
1.94166e-05
1.94711e-05
1.95259e-05
1.9581e-05
1.96363e-05
1.96919e-05
1.97476e-05
1.98037e-05
1.98599e-05
1.99163e-05
1.99729e-05
2.00298e-05
2.00868e-05
2.0144e-05
2.02013e-05
2.02589e-05
2.03166e-05
2.03744e-05
2.04324e-05
2.04906e-05
2.05489e-05
2.06073e-05
2.06658e-05
2.07245e-05
2.07833e-05
2.08422e-05
2.09012e-05
2.09603e-05
2.10196e-05
2.10789e-05
2.11383e-05
2.11978e-05
2.12573e-05
2.1317e-05
2.13767e-05
2.14365e-05
2.14964e-05
2.15563e-05
2.16163e-05
2.16763e-05
2.17364e-05
2.17966e-05
2.18567e-05
2.1917e-05
2.19772e-05
2.20375e-05
2.20978e-05
2.21582e-05
2.22186e-05
2.22789e-05
2.23394e-05
2.23998e-05
2.24602e-05
2.25207e-05
2.25811e-05
2.26416e-05
2.27021e-05
2.27625e-05
2.2823e-05
2.28834e-05
2.29439e-05
2.30043e-05
2.30647e-05
2.31251e-05
2.31855e-05
2.32459e-05
2.33062e-05
2.33665e-05
2.34268e-05
2.34871e-05
2.35473e-05
2.36075e-05
2.36676e-05
2.37278e-05
2.37878e-05
2.38479e-05
2.39079e-05
2.39678e-05
2.40277e-05
2.40876e-05
2.41474e-05
2.42071e-05
2.42668e-05
2.43265e-05
2.43861e-05
2.44456e-05
2.45051e-05
2.45645e-05
2.46238e-05
2.46831e-05
2.47423e-05
2.48015e-05
2.48605e-05
2.49195e-05
2.49785e-05
2.50374e-05
2.50961e-05
2.51549e-05
2.52135e-05
2.52721e-05
2.53306e-05
2.5389e-05
2.54473e-05
2.55055e-05
2.55637e-05
2.56218e-05
2.56798e-05
2.57377e-05
2.57955e-05
2.58532e-05
2.59109e-05
2.59684e-05
2.60259e-05
2.60833e-05
2.61405e-05
2.61977e-05
2.62548e-05
2.63118e-05
2.63687e-05
2.64255e-05
2.64822e-05
2.65388e-05
2.65953e-05
2.66517e-05
2.67081e-05
2.67643e-05
2.68204e-05
2.68764e-05
2.69323e-05
2.69881e-05
2.70437e-05
2.70993e-05
2.71548e-05
2.72102e-05
2.72654e-05
2.73206e-05
2.73757e-05
2.74306e-05
2.74854e-05
2.75401e-05
2.75948e-05
2.76493e-05
2.77037e-05
2.77579e-05
2.78121e-05
2.78661e-05
2.79201e-05
2.79739e-05
2.80276e-05
2.80812e-05
2.81347e-05
2.81881e-05
2.82413e-05
2.82945e-05
2.83475e-05
2.84004e-05
2.84532e-05
2.85059e-05
2.85584e-05
2.86109e-05
2.86632e-05
2.87154e-05
2.87675e-05
2.88194e-05
2.88713e-05
2.8923e-05
2.89746e-05
2.90261e-05
2.90775e-05
2.91287e-05
2.91799e-05
2.92309e-05
2.92817e-05
2.93325e-05
2.93832e-05
2.94337e-05
2.94841e-05
2.95344e-05
2.95845e-05
2.96346e-05
2.96845e-05
2.97343e-05
2.97839e-05
2.98335e-05
2.98829e-05
2.99322e-05
2.99814e-05
3.00305e-05
3.00794e-05
3.01282e-05
3.01769e-05
3.02255e-05
3.02739e-05
3.03222e-05
3.03704e-05
3.04185e-05
3.04665e-05
3.05143e-05
3.0562e-05
3.06096e-05
3.0657e-05
3.07044e-05
3.07516e-05
3.07987e-05
3.08457e-05
3.08925e-05
3.09392e-05
3.09858e-05
3.10323e-05
3.10787e-05
3.11249e-05
3.1171e-05
3.1217e-05
3.12628e-05
3.13086e-05
3.13542e-05
3.13997e-05
3.14451e-05
3.14903e-05
3.15354e-05
3.15804e-05
3.16253e-05
3.16701e-05
3.17147e-05
3.17592e-05
3.18036e-05
3.18479e-05
3.1892e-05
3.19361e-05
3.198e-05
3.20238e-05
3.20674e-05
3.2111e-05
3.21544e-05
3.21977e-05
3.22409e-05
3.22839e-05
3.23268e-05
3.23697e-05
3.24124e-05
3.24549e-05
3.24974e-05
3.25397e-05
3.25819e-05
3.2624e-05
3.2666e-05
3.27079e-05
3.27496e-05
3.27912e-05
3.28327e-05
3.28741e-05
3.29154e-05
3.29565e-05
3.29975e-05
3.30384e-05
3.30792e-05
3.31199e-05
3.31605e-05
3.32009e-05
3.32412e-05
3.32814e-05
3.33215e-05
3.33615e-05
3.34013e-05
3.3441e-05
3.34806e-05
3.35201e-05
3.35595e-05
3.35988e-05
3.3638e-05
3.3677e-05
3.37159e-05
3.37547e-05
3.37934e-05
3.3832e-05
3.38704e-05
3.39088e-05
3.3947e-05
3.39851e-05
3.40231e-05
3.4061e-05
3.40988e-05
3.41365e-05
3.4174e-05
3.42115e-05
3.42488e-05
3.4286e-05
3.43231e-05
3.43601e-05
3.4397e-05
3.44337e-05
3.44704e-05
3.45069e-05
3.45434e-05
3.45797e-05
3.46159e-05
3.4652e-05
3.4688e-05
3.47239e-05
3.47596e-05
3.47953e-05
3.48309e-05
3.48663e-05
3.49016e-05
3.49368e-05
3.4972e-05
3.5007e-05
3.50419e-05
3.50767e-05
3.51113e-05
3.51459e-05
3.51804e-05
3.52147e-05
3.5249e-05
3.52831e-05
3.53172e-05
3.53511e-05
3.53849e-05
3.54187e-05
3.54523e-05
3.54858e-05
3.55192e-05
3.55525e-05
3.55857e-05
3.56188e-05
3.56518e-05
3.56846e-05
3.57174e-05
3.57501e-05
3.57827e-05
3.58151e-05
3.58475e-05
3.58797e-05
3.59119e-05
3.5944e-05
3.59759e-05
3.60078e-05
3.60395e-05
3.60712e-05
3.61027e-05
3.61342e-05
3.61655e-05
3.61967e-05
3.62279e-05
3.62589e-05
3.62899e-05
3.63207e-05
3.63514e-05
3.63821e-05
3.64126e-05
3.64431e-05
3.64734e-05
3.65037e-05
3.65338e-05
3.65639e-05
3.65938e-05
3.66237e-05
3.66534e-05
3.66831e-05
3.67127e-05
3.67421e-05
3.67715e-05
3.68008e-05
3.68299e-05
3.6859e-05
3.6888e-05
3.69169e-05
3.69457e-05
3.69744e-05
3.7003e-05
3.70315e-05
3.70599e-05
3.70882e-05
3.71165e-05
3.71446e-05
3.71726e-05
3.72006e-05
3.72284e-05
3.72562e-05
3.72838e-05
3.73114e-05
3.73389e-05
3.73663e-05
3.73936e-05
3.74208e-05
3.74479e-05
3.74749e-05
3.75018e-05
3.75287e-05
3.75554e-05
3.75821e-05
3.76087e-05
3.76351e-05
3.76615e-05
3.76878e-05
3.7714e-05
3.77401e-05
3.77662e-05
3.77921e-05
3.7818e-05
3.78437e-05
3.78694e-05
3.7895e-05
3.79205e-05
3.79459e-05
3.79712e-05
3.79965e-05
3.80216e-05
3.80467e-05
3.80716e-05
3.80965e-05
3.81213e-05
3.81461e-05
3.81707e-05
3.81952e-05
3.82197e-05
3.82441e-05
3.82684e-05
3.82926e-05
3.83167e-05
3.83407e-05
3.83647e-05
3.83885e-05
3.84123e-05
3.8436e-05
3.84596e-05
3.84832e-05
3.85066e-05
3.853e-05
3.85533e-05
3.85765e-05
3.85996e-05
3.86227e-05
3.86456e-05
3.86685e-05
3.86913e-05
3.8714e-05
3.87366e-05
3.87592e-05
3.87817e-05
3.88041e-05
3.88264e-05
3.88486e-05
3.88707e-05
3.88928e-05
3.89148e-05
3.89367e-05
3.89586e-05
3.89803e-05
3.9002e-05
3.90236e-05
3.90451e-05
3.90666e-05
3.90879e-05
3.91092e-05
3.91304e-05
3.91516e-05
3.91726e-05
3.91936e-05
3.92145e-05
3.92353e-05
3.92561e-05
3.92767e-05
3.92973e-05
3.93179e-05
3.93383e-05
3.93587e-05
3.9379e-05
3.93992e-05
3.94194e-05
3.94394e-05
3.94594e-05
3.94794e-05
3.94992e-05
3.9519e-05
3.95387e-05
3.95583e-05
3.95779e-05
3.95974e-05
3.96168e-05
3.96361e-05
3.96554e-05
3.96746e-05
3.96937e-05
3.97127e-05
3.97317e-05
3.97506e-05
3.97695e-05
3.97882e-05
3.98069e-05
3.98255e-05
3.98441e-05
3.98626e-05
3.9881e-05
3.98993e-05
3.99176e-05
3.99358e-05
3.99539e-05
3.9972e-05
3.999e-05
4.00079e-05
4.00258e-05
4.00436e-05
4.00613e-05
4.00789e-05
4.00965e-05
4.0114e-05
4.01315e-05
4.01489e-05
4.01662e-05
4.01834e-05
4.02006e-05
4.02177e-05
4.02348e-05
4.02517e-05
4.02687e-05
4.02855e-05
4.03023e-05
4.0319e-05
4.03357e-05
4.03522e-05
4.03688e-05
4.03852e-05
4.04016e-05
4.04179e-05
4.04342e-05
4.04504e-05
4.04665e-05
4.04826e-05
4.04986e-05
4.05146e-05
4.05304e-05
4.05463e-05
4.0562e-05
4.05777e-05
4.05933e-05
4.06089e-05
4.06244e-05
4.06399e-05
4.06552e-05
4.06706e-05
4.06858e-05
4.0701e-05
4.07161e-05
4.07312e-05
4.07462e-05
4.07612e-05
4.07761e-05
4.07909e-05
4.08057e-05
4.08204e-05
4.0835e-05
4.08496e-05
4.08642e-05
4.08787e-05
4.08931e-05
4.09074e-05
4.09217e-05
4.0936e-05
4.09501e-05
4.09643e-05
4.09783e-05
4.09923e-05
4.10063e-05
4.10202e-05
4.1034e-05
4.10478e-05
4.10615e-05
4.10752e-05
4.10888e-05
4.11023e-05
4.11158e-05
4.11293e-05
4.11427e-05
4.1156e-05
4.11693e-05
4.11825e-05
4.11956e-05
4.12087e-05
4.12218e-05
4.12348e-05
4.12477e-05
4.12606e-05
4.12734e-05
4.12862e-05
4.12989e-05
4.13116e-05
4.13242e-05
4.13368e-05
4.13493e-05
4.13618e-05
4.13742e-05
4.13865e-05
4.13988e-05
4.14111e-05
4.14233e-05
4.14354e-05
4.14475e-05
4.14595e-05
4.14715e-05
4.14835e-05
4.14953e-05
4.15072e-05
4.1519e-05
4.15307e-05
4.15424e-05
4.1554e-05
4.15656e-05
4.15771e-05
4.15886e-05
4.16e-05
4.16114e-05
4.16227e-05
4.1634e-05
4.16453e-05
4.16564e-05
4.16676e-05
4.16787e-05
4.16897e-05
4.17007e-05
4.17116e-05
4.17225e-05
4.17334e-05
4.17442e-05
4.17549e-05
4.17656e-05
4.17763e-05
4.17869e-05
4.17975e-05
4.1808e-05
4.18184e-05
4.18289e-05
4.18392e-05
4.18496e-05
4.18599e-05
4.18701e-05
4.18803e-05
4.18904e-05
4.19005e-05
4.19106e-05
4.19206e-05
4.19306e-05
4.19405e-05
4.19504e-05
4.19602e-05
4.197e-05
4.19798e-05
4.19895e-05
4.19991e-05
4.20087e-05
4.20183e-05
4.20278e-05
4.20373e-05
4.20468e-05
4.20562e-05
4.20655e-05
4.20748e-05
4.20841e-05
4.20933e-05
4.21025e-05
4.21117e-05
4.21208e-05
4.21298e-05
4.21389e-05
4.21478e-05
4.21568e-05
4.21657e-05
4.21745e-05
4.21834e-05
4.21921e-05
4.22009e-05
4.22096e-05
4.22182e-05
4.22268e-05
4.22354e-05
4.22439e-05
4.22524e-05
4.22609e-05
4.22693e-05
4.22777e-05
4.2286e-05
4.22944e-05
4.23026e-05
4.23108e-05
4.2319e-05
4.23272e-05
4.23353e-05
4.23434e-05
4.23514e-05
4.23594e-05
4.23674e-05
4.23753e-05
4.23832e-05
4.2391e-05
4.23988e-05
4.24066e-05
4.24144e-05
4.24221e-05
4.24297e-05
4.24374e-05
4.2445e-05
4.24525e-05
4.24601e-05
4.24675e-05
4.2475e-05
4.24824e-05
4.24898e-05
4.24972e-05
4.25045e-05
4.25118e-05
4.2519e-05
4.25262e-05
4.25334e-05
4.25405e-05
4.25476e-05
4.25547e-05
4.25618e-05
4.25688e-05
4.25758e-05
4.25827e-05
4.25896e-05
4.25965e-05
4.26033e-05
4.26101e-05
4.26169e-05
4.26237e-05
4.26304e-05
4.26371e-05
4.26437e-05
4.26503e-05
4.26569e-05
4.26635e-05
4.267e-05
4.26765e-05
4.2683e-05
4.26894e-05
4.26958e-05
4.27022e-05
4.27085e-05
4.27148e-05
4.27211e-05
4.27273e-05
4.27336e-05
4.27397e-05
4.27459e-05
4.2752e-05
4.27581e-05
4.27642e-05
4.27702e-05
4.27763e-05
4.27822e-05
4.27882e-05
4.27941e-05
4.28e-05
4.28059e-05
4.28117e-05
4.28175e-05
4.28233e-05
4.28291e-05
4.28348e-05
4.28405e-05
4.28462e-05
4.28518e-05
4.28575e-05
4.2863e-05
4.28686e-05
4.28742e-05
4.28797e-05
4.28851e-05
4.28906e-05
4.2896e-05
4.29014e-05
4.29068e-05
4.29122e-05
4.29175e-05
4.29228e-05
4.29281e-05
4.29333e-05
4.29386e-05
4.29438e-05
4.29489e-05
4.29541e-05
4.29592e-05
4.29643e-05
4.29694e-05
4.29744e-05
4.29795e-05
4.29845e-05
4.29894e-05
4.29944e-05
4.29993e-05
4.30042e-05
4.30091e-05
4.3014e-05
4.30188e-05
4.30236e-05
4.30284e-05
4.30332e-05
4.30379e-05
4.30426e-05
4.30473e-05
4.3052e-05
4.30567e-05
4.30613e-05
4.30659e-05
4.30705e-05
4.30751e-05
4.30796e-05
4.30841e-05
4.30886e-05
4.30931e-05
4.30975e-05
4.3102e-05
4.31064e-05
4.31108e-05
4.31151e-05
4.31195e-05
4.31238e-05
4.31281e-05
4.31324e-05
4.31367e-05
4.31409e-05
4.31452e-05
4.31494e-05
4.31535e-05
4.31577e-05
4.31618e-05
4.3166e-05
4.31701e-05
4.31742e-05
4.31782e-05
4.31823e-05
4.31863e-05
4.31903e-05
4.31943e-05
4.31983e-05
4.32022e-05
4.32062e-05
4.32101e-05
4.3214e-05
4.32178e-05
4.32217e-05
4.32255e-05
4.32294e-05
4.32332e-05
4.3237e-05
4.32407e-05
4.32445e-05
4.32482e-05
4.32519e-05
4.32556e-05
4.32593e-05
4.3263e-05
4.32666e-05
4.32703e-05
4.32739e-05
4.32775e-05
4.32811e-05
4.32846e-05
4.32882e-05
4.32917e-05
4.32952e-05
4.32987e-05
4.33022e-05
4.33057e-05
4.33091e-05
4.33126e-05
4.3316e-05
4.33194e-05
4.33228e-05
4.33262e-05
4.33296e-05
4.33329e-05
4.33363e-05
4.33396e-05
4.33429e-05
4.33462e-05
4.33495e-05
4.33528e-05
4.33561e-05
4.33593e-05
4.33626e-05
4.33658e-05
4.3369e-05
4.33722e-05
4.33755e-05
4.33787e-05
4.33818e-05
4.3385e-05
4.33882e-05
4.33914e-05
4.33946e-05
4.33977e-05
4.34009e-05
4.34041e-05
4.34073e-05
4.34105e-05
4.34137e-05
4.34169e-05
4.34202e-05
4.34234e-05
4.34267e-05
4.343e-05
4.34333e-05
4.34366e-05
4.344e-05
4.34434e-05
4.34468e-05
4.34502e-05
4.34537e-05
4.34572e-05
4.34607e-05
4.34643e-05
4.3468e-05
4.34717e-05
4.34755e-05
4.34793e-05
4.34833e-05
4.34875e-05
4.34919e-05
4.34965e-05
4.35013e-05
4.35065e-05
4.35121e-05
4.3518e-05
4.35243e-05
4.35311e-05
4.35383e-05
4.3546e-05
4.35542e-05
4.35628e-05
4.3572e-05
4.35816e-05
4.35917e-05
4.36023e-05
4.36135e-05
4.36251e-05
4.36373e-05
4.365e-05
4.36633e-05
4.36771e-05
4.36917e-05
4.37069e-05
4.3723e-05
4.374e-05
4.37582e-05
4.37778e-05
4.37993e-05
4.38231e-05
4.38504e-05
4.38821e-05
4.39198e-05
4.39646e-05
4.40174e-05
4.40788e-05
4.41492e-05
4.42288e-05
4.43175e-05
4.44151e-05
4.45212e-05
4.46351e-05
4.47565e-05
4.48849e-05
4.50199e-05
4.51613e-05
4.53089e-05
4.54627e-05
4.56229e-05
4.57899e-05
4.59642e-05
4.61466e-05
4.63384e-05
4.65412e-05
4.67573e-05
4.69898e-05
4.72429e-05
4.75229e-05
4.78386e-05
4.82033e-05
4.86371e-05
4.91709e-05
4.98502e-05
5.07354e-05
5.18859e-05
5.3317e-05
5.49935e-05
5.68898e-05
5.89993e-05
6.1318e-05
6.38426e-05
6.6582e-05
6.95724e-05
7.28918e-05
7.66768e-05
8.11485e-05
8.6665e-05
9.38076e-05
0.000103507
0.000117167
0.000136522
0.000162437
0.000191768
0.000218702
0.000242569
0.000264394
0.000283711
0.000299391
0.000310892
0.000318493
0.000322917
0.000324943
0.000325213
0.000324195
0.00032221
0.000319475
0.000316138
0.0003123
0.000308036
0.000303406
0.000298457
0.000293228
0.000287757
0.000282081
0.000276234
0.000270257
0.000264194
0.000258098
0.00025203
0.000246057
0.000240251
0.000234676
0.00022938
0.000224393
0.000219722
0.000215356
0.00021127
0.00020743
0.000203797
0.00020033
0.00019699
0.000193738
0.000190535
0.000187346
0.000184134
0.000180868
0.000177515
0.000174047
0.000170435
0.000166646
0.000162642
0.000158374
0.000153787
0.000148814
0.000143378
0.000137394
0.000130768
0.000123405
0.000115223
0.000106186
9.63664e-05
8.60359e-05
7.57119e-05
6.60364e-05
5.75138e-05
5.03408e-05
4.44524e-05
3.96693e-05
3.57977e-05
3.26666e-05
3.01339e-05
2.80842e-05
2.64242e-05
2.50786e-05
2.39869e-05
2.31e-05
2.23786e-05
2.17909e-05
2.13112e-05
2.0919e-05
2.05975e-05
2.03334e-05
2.01157e-05
1.99359e-05
1.97868e-05
1.96628e-05
1.95594e-05
1.94728e-05
1.94001e-05
1.93389e-05
1.92873e-05
1.92437e-05
1.92067e-05
1.91755e-05
1.91492e-05
1.91271e-05
1.91087e-05
1.90934e-05
1.90811e-05
1.90712e-05
1.90637e-05
1.90582e-05
1.90547e-05
1.9053e-05
1.90529e-05
1.90543e-05
1.90573e-05
1.90616e-05
1.90672e-05
1.90742e-05
1.90823e-05
1.90916e-05
1.91021e-05
1.91136e-05
1.91262e-05
1.91398e-05
1.91544e-05
1.917e-05
1.91865e-05
1.9204e-05
1.92223e-05
1.92416e-05
1.92616e-05
1.92825e-05
1.93043e-05
1.93268e-05
1.93501e-05
1.93741e-05
1.93989e-05
1.94244e-05
1.94506e-05
1.94776e-05
1.95052e-05
1.95334e-05
1.95623e-05
1.95919e-05
1.96221e-05
1.96528e-05
1.96842e-05
1.97162e-05
1.97487e-05
1.97818e-05
1.98155e-05
1.98497e-05
1.98844e-05
1.99196e-05
1.99553e-05
1.99916e-05
2.00283e-05
2.00655e-05
2.01031e-05
2.01413e-05
2.01798e-05
2.02188e-05
2.02583e-05
2.02981e-05
2.03384e-05
2.0379e-05
2.04201e-05
2.04616e-05
2.05034e-05
2.05456e-05
2.05882e-05
2.06311e-05
2.06744e-05
2.0718e-05
2.0762e-05
2.08063e-05
2.08509e-05
2.08958e-05
2.0941e-05
2.09866e-05
2.10324e-05
2.10786e-05
2.1125e-05
2.11717e-05
2.12186e-05
2.12659e-05
2.13134e-05
2.13611e-05
2.14091e-05
2.14574e-05
2.15059e-05
2.15546e-05
2.16036e-05
2.16528e-05
2.17022e-05
2.17518e-05
2.18017e-05
2.18517e-05
2.1902e-05
2.19524e-05
2.2003e-05
2.20539e-05
2.21049e-05
2.21561e-05
2.22074e-05
2.2259e-05
2.23107e-05
2.23626e-05
2.24146e-05
2.24668e-05
2.25191e-05
2.25716e-05
2.26242e-05
2.2677e-05
2.27299e-05
2.2783e-05
2.28362e-05
2.28895e-05
2.29429e-05
2.29964e-05
2.30501e-05
2.31039e-05
2.31578e-05
2.32118e-05
2.32659e-05
2.33201e-05
2.33744e-05
2.34288e-05
2.34832e-05
2.35378e-05
2.35925e-05
2.36472e-05
2.37021e-05
2.3757e-05
2.38119e-05
2.3867e-05
2.39221e-05
2.39773e-05
2.40326e-05
2.40879e-05
2.41433e-05
2.41987e-05
2.42542e-05
2.43097e-05
2.43653e-05
2.4421e-05
2.44767e-05
2.45324e-05
2.45882e-05
2.4644e-05
2.46998e-05
2.47557e-05
2.48116e-05
2.48676e-05
2.49235e-05
2.49795e-05
2.50356e-05
2.50916e-05
2.51477e-05
2.52038e-05
2.52599e-05
2.5316e-05
2.53721e-05
2.54282e-05
2.54844e-05
2.55405e-05
2.55967e-05
2.56529e-05
2.5709e-05
2.57652e-05
2.58214e-05
2.58775e-05
2.59337e-05
2.59899e-05
2.6046e-05
2.61021e-05
2.61583e-05
2.62144e-05
2.62705e-05
2.63266e-05
2.63826e-05
2.64387e-05
2.64947e-05
2.65507e-05
2.66067e-05
2.66627e-05
2.67186e-05
2.67745e-05
2.68304e-05
2.68863e-05
2.69421e-05
2.69979e-05
2.70536e-05
2.71094e-05
2.71651e-05
2.72207e-05
2.72763e-05
2.73319e-05
2.73875e-05
2.7443e-05
2.74984e-05
2.75539e-05
2.76092e-05
2.76646e-05
2.77198e-05
2.77751e-05
2.78303e-05
2.78854e-05
2.79405e-05
2.79955e-05
2.80505e-05
2.81054e-05
2.81603e-05
2.82152e-05
2.82699e-05
2.83246e-05
2.83793e-05
2.84339e-05
2.84884e-05
2.85429e-05
2.85973e-05
2.86517e-05
2.8706e-05
2.87602e-05
2.88144e-05
2.88685e-05
2.89225e-05
2.89765e-05
2.90304e-05
2.90843e-05
2.9138e-05
2.91917e-05
2.92454e-05
2.92989e-05
2.93524e-05
2.94059e-05
2.94592e-05
2.95125e-05
2.95657e-05
2.96188e-05
2.96719e-05
2.97249e-05
2.97778e-05
2.98306e-05
2.98834e-05
2.9936e-05
2.99886e-05
3.00412e-05
3.00936e-05
3.0146e-05
3.01983e-05
3.02505e-05
3.03026e-05
3.03546e-05
3.04066e-05
3.04585e-05
3.05103e-05
3.0562e-05
3.06136e-05
3.06652e-05
3.07166e-05
3.0768e-05
3.08193e-05
3.08705e-05
3.09216e-05
3.09727e-05
3.10236e-05
3.10745e-05
3.11253e-05
3.11759e-05
3.12265e-05
3.12771e-05
3.13275e-05
3.13778e-05
3.14281e-05
3.14782e-05
3.15283e-05
3.15783e-05
3.16281e-05
3.16779e-05
3.17276e-05
3.17772e-05
3.18268e-05
3.18762e-05
3.19255e-05
3.19748e-05
3.20239e-05
3.2073e-05
3.2122e-05
3.21708e-05
3.22196e-05
3.22683e-05
3.23169e-05
3.23654e-05
3.24138e-05
3.24621e-05
3.25103e-05
3.25584e-05
3.26065e-05
3.26544e-05
3.27022e-05
3.275e-05
3.27976e-05
3.28452e-05
3.28926e-05
3.294e-05
3.29872e-05
3.30344e-05
3.30815e-05
3.31284e-05
3.31753e-05
3.32221e-05
3.32687e-05
3.33153e-05
3.33618e-05
3.34082e-05
3.34545e-05
3.35007e-05
3.35468e-05
3.35928e-05
3.36387e-05
3.36845e-05
3.37302e-05
3.37758e-05
3.38213e-05
3.38667e-05
3.3912e-05
3.39572e-05
3.40023e-05
3.40473e-05
3.40922e-05
3.41371e-05
3.41818e-05
3.42264e-05
3.42709e-05
3.43153e-05
3.43597e-05
3.44039e-05
3.4448e-05
3.4492e-05
3.4536e-05
3.45798e-05
3.46235e-05
3.46671e-05
3.47107e-05
3.47541e-05
3.47974e-05
3.48407e-05
3.48838e-05
3.49268e-05
3.49698e-05
3.50126e-05
3.50553e-05
3.5098e-05
3.51405e-05
3.5183e-05
3.52253e-05
3.52675e-05
3.53097e-05
3.53517e-05
3.53937e-05
3.54355e-05
3.54773e-05
3.55189e-05
3.55605e-05
3.56019e-05
3.56433e-05
3.56845e-05
3.57257e-05
3.57667e-05
3.58077e-05
3.58485e-05
3.58893e-05
3.59299e-05
3.59705e-05
3.6011e-05
3.60513e-05
3.60916e-05
3.61318e-05
3.61718e-05
3.62118e-05
3.62517e-05
3.62914e-05
3.63311e-05
3.63707e-05
3.64102e-05
3.64496e-05
3.64888e-05
3.6528e-05
3.65671e-05
3.66061e-05
3.6645e-05
3.66838e-05
3.67225e-05
3.67611e-05
3.67996e-05
3.6838e-05
3.68763e-05
3.69145e-05
3.69526e-05
3.69906e-05
3.70286e-05
3.70664e-05
3.71041e-05
3.71417e-05
3.71793e-05
3.72167e-05
3.72541e-05
3.72913e-05
3.73284e-05
3.73655e-05
3.74025e-05
3.74393e-05
3.74761e-05
3.75127e-05
3.75493e-05
3.75858e-05
3.76222e-05
3.76585e-05
3.76947e-05
3.77308e-05
3.77668e-05
3.78027e-05
3.78385e-05
3.78742e-05
3.79098e-05
3.79453e-05
3.79808e-05
3.80161e-05
3.80514e-05
3.80865e-05
3.81216e-05
3.81565e-05
3.81914e-05
3.82262e-05
3.82608e-05
3.82954e-05
3.83299e-05
3.83643e-05
3.83986e-05
3.84329e-05
3.8467e-05
3.8501e-05
3.85349e-05
3.85688e-05
3.86025e-05
3.86362e-05
3.86698e-05
3.87032e-05
3.87366e-05
3.87699e-05
3.88031e-05
3.88362e-05
3.88692e-05
3.89021e-05
3.8935e-05
3.89677e-05
3.90004e-05
3.90329e-05
3.90654e-05
3.90978e-05
3.91301e-05
3.91623e-05
3.91944e-05
3.92264e-05
3.92583e-05
3.92901e-05
3.93219e-05
3.93535e-05
3.93851e-05
3.94166e-05
3.9448e-05
3.94793e-05
3.95105e-05
3.95416e-05
3.95726e-05
3.96035e-05
3.96344e-05
3.96652e-05
3.96958e-05
3.97264e-05
3.97569e-05
3.97873e-05
3.98177e-05
3.98479e-05
3.9878e-05
3.99081e-05
3.99381e-05
3.99679e-05
3.99977e-05
4.00275e-05
4.00571e-05
4.00866e-05
4.01161e-05
4.01454e-05
4.01747e-05
4.02039e-05
4.0233e-05
4.0262e-05
4.02909e-05
4.03198e-05
4.03485e-05
4.03772e-05
4.04058e-05
4.04343e-05
4.04627e-05
4.04911e-05
4.05193e-05
4.05475e-05
4.05755e-05
4.06035e-05
4.06314e-05
4.06593e-05
4.0687e-05
4.07147e-05
4.07422e-05
4.07697e-05
4.07971e-05
4.08244e-05
4.08517e-05
4.08788e-05
4.09059e-05
4.09329e-05
4.09598e-05
4.09866e-05
4.10134e-05
4.104e-05
4.10666e-05
4.10931e-05
4.11195e-05
4.11458e-05
4.11721e-05
4.11982e-05
4.12243e-05
4.12503e-05
4.12762e-05
4.13021e-05
4.13278e-05
4.13535e-05
4.13791e-05
4.14046e-05
4.14301e-05
4.14554e-05
4.14807e-05
4.15059e-05
4.1531e-05
4.1556e-05
4.1581e-05
4.16059e-05
4.16306e-05
4.16554e-05
4.168e-05
4.17046e-05
4.1729e-05
4.17534e-05
4.17777e-05
4.1802e-05
4.18261e-05
4.18502e-05
4.18742e-05
4.18982e-05
4.1922e-05
4.19458e-05
4.19695e-05
4.19931e-05
4.20166e-05
4.20401e-05
4.20635e-05
4.20868e-05
4.211e-05
4.21332e-05
4.21562e-05
4.21792e-05
4.22022e-05
4.2225e-05
4.22478e-05
4.22705e-05
4.22931e-05
4.23156e-05
4.23381e-05
4.23605e-05
4.23828e-05
4.2405e-05
4.24272e-05
4.24493e-05
4.24713e-05
4.24933e-05
4.25151e-05
4.25369e-05
4.25586e-05
4.25803e-05
4.26018e-05
4.26233e-05
4.26448e-05
4.26661e-05
4.26874e-05
4.27086e-05
4.27297e-05
4.27508e-05
4.27717e-05
4.27926e-05
4.28135e-05
4.28342e-05
4.28549e-05
4.28755e-05
4.28961e-05
4.29166e-05
4.29369e-05
4.29573e-05
4.29775e-05
4.29977e-05
4.30178e-05
4.30379e-05
4.30578e-05
4.30777e-05
4.30976e-05
4.31173e-05
4.3137e-05
4.31566e-05
4.31762e-05
4.31956e-05
4.3215e-05
4.32344e-05
4.32536e-05
4.32728e-05
4.3292e-05
4.3311e-05
4.333e-05
4.33489e-05
4.33678e-05
4.33865e-05
4.34052e-05
4.34239e-05
4.34425e-05
4.3461e-05
4.34794e-05
4.34978e-05
4.3516e-05
4.35343e-05
4.35524e-05
4.35705e-05
4.35886e-05
4.36065e-05
4.36244e-05
4.36422e-05
4.366e-05
4.36777e-05
4.36953e-05
4.37129e-05
4.37303e-05
4.37478e-05
4.37651e-05
4.37824e-05
4.37996e-05
4.38168e-05
4.38339e-05
4.38509e-05
4.38679e-05
4.38848e-05
4.39016e-05
4.39184e-05
4.39351e-05
4.39517e-05
4.39683e-05
4.39848e-05
4.40012e-05
4.40176e-05
4.40339e-05
4.40501e-05
4.40663e-05
4.40824e-05
4.40985e-05
4.41145e-05
4.41304e-05
4.41463e-05
4.41621e-05
4.41778e-05
4.41935e-05
4.42091e-05
4.42247e-05
4.42402e-05
4.42556e-05
4.42709e-05
4.42862e-05
4.43015e-05
4.43167e-05
4.43318e-05
4.43468e-05
4.43618e-05
4.43768e-05
4.43916e-05
4.44064e-05
4.44212e-05
4.44359e-05
4.44505e-05
4.44651e-05
4.44796e-05
4.4494e-05
4.45084e-05
4.45227e-05
4.4537e-05
4.45512e-05
4.45653e-05
4.45794e-05
4.45934e-05
4.46074e-05
4.46213e-05
4.46352e-05
4.4649e-05
4.46627e-05
4.46764e-05
4.469e-05
4.47035e-05
4.4717e-05
4.47305e-05
4.47439e-05
4.47572e-05
4.47705e-05
4.47837e-05
4.47968e-05
4.48099e-05
4.4823e-05
4.48359e-05
4.48489e-05
4.48617e-05
4.48745e-05
4.48873e-05
4.49e-05
4.49126e-05
4.49252e-05
4.49378e-05
4.49502e-05
4.49627e-05
4.4975e-05
4.49873e-05
4.49996e-05
4.50118e-05
4.50239e-05
4.5036e-05
4.50481e-05
4.506e-05
4.5072e-05
4.50838e-05
4.50956e-05
4.51074e-05
4.51191e-05
4.51308e-05
4.51424e-05
4.51539e-05
4.51654e-05
4.51769e-05
4.51883e-05
4.51996e-05
4.52109e-05
4.52221e-05
4.52333e-05
4.52444e-05
4.52555e-05
4.52665e-05
4.52775e-05
4.52884e-05
4.52993e-05
4.53101e-05
4.53209e-05
4.53316e-05
4.53423e-05
4.53529e-05
4.53634e-05
4.5374e-05
4.53844e-05
4.53948e-05
4.54052e-05
4.54155e-05
4.54258e-05
4.5436e-05
4.54462e-05
4.54563e-05
4.54663e-05
4.54763e-05
4.54863e-05
4.54962e-05
4.55061e-05
4.55159e-05
4.55257e-05
4.55354e-05
4.55451e-05
4.55547e-05
4.55643e-05
4.55738e-05
4.55833e-05
4.55928e-05
4.56022e-05
4.56115e-05
4.56208e-05
4.563e-05
4.56392e-05
4.56484e-05
4.56575e-05
4.56666e-05
4.56756e-05
4.56846e-05
4.56935e-05
4.57024e-05
4.57112e-05
4.572e-05
4.57287e-05
4.57374e-05
4.57461e-05
4.57547e-05
4.57633e-05
4.57718e-05
4.57803e-05
4.57887e-05
4.57971e-05
4.58054e-05
4.58137e-05
4.5822e-05
4.58302e-05
4.58384e-05
4.58465e-05
4.58546e-05
4.58626e-05
4.58706e-05
4.58786e-05
4.58865e-05
4.58944e-05
4.59022e-05
4.591e-05
4.59177e-05
4.59254e-05
4.59331e-05
4.59407e-05
4.59483e-05
4.59558e-05
4.59633e-05
4.59708e-05
4.59782e-05
4.59856e-05
4.59929e-05
4.60002e-05
4.60075e-05
4.60147e-05
4.60219e-05
4.6029e-05
4.60361e-05
4.60431e-05
4.60502e-05
4.60571e-05
4.60641e-05
4.6071e-05
4.60778e-05
4.60847e-05
4.60914e-05
4.60982e-05
4.61049e-05
4.61116e-05
4.61182e-05
4.61248e-05
4.61314e-05
4.61379e-05
4.61444e-05
4.61508e-05
4.61572e-05
4.61636e-05
4.61699e-05
4.61762e-05
4.61825e-05
4.61887e-05
4.61949e-05
4.62011e-05
4.62072e-05
4.62133e-05
4.62193e-05
4.62253e-05
4.62313e-05
4.62372e-05
4.62431e-05
4.6249e-05
4.62549e-05
4.62607e-05
4.62664e-05
4.62722e-05
4.62779e-05
4.62835e-05
4.62892e-05
4.62948e-05
4.63003e-05
4.63059e-05
4.63114e-05
4.63168e-05
4.63223e-05
4.63277e-05
4.63331e-05
4.63384e-05
4.63437e-05
4.6349e-05
4.63542e-05
4.63594e-05
4.63646e-05
4.63697e-05
4.63749e-05
4.63799e-05
4.6385e-05
4.639e-05
4.6395e-05
4.64e-05
4.64049e-05
4.64098e-05
4.64147e-05
4.64195e-05
4.64243e-05
4.64291e-05
4.64338e-05
4.64386e-05
4.64433e-05
4.64479e-05
4.64526e-05
4.64572e-05
4.64617e-05
4.64663e-05
4.64708e-05
4.64753e-05
4.64797e-05
4.64842e-05
4.64886e-05
4.6493e-05
4.64973e-05
4.65016e-05
4.65059e-05
4.65102e-05
4.65144e-05
4.65186e-05
4.65228e-05
4.6527e-05
4.65311e-05
4.65352e-05
4.65393e-05
4.65434e-05
4.65474e-05
4.65514e-05
4.65554e-05
4.65593e-05
4.65632e-05
4.65671e-05
4.6571e-05
4.65749e-05
4.65787e-05
4.65825e-05
4.65863e-05
4.659e-05
4.65937e-05
4.65974e-05
4.66011e-05
4.66048e-05
4.66084e-05
4.6612e-05
4.66156e-05
4.66192e-05
4.66227e-05
4.66262e-05
4.66297e-05
4.66332e-05
4.66366e-05
4.664e-05
4.66434e-05
4.66468e-05
4.66502e-05
4.66535e-05
4.66568e-05
4.66601e-05
4.66633e-05
4.66666e-05
4.66698e-05
4.6673e-05
4.66762e-05
4.66793e-05
4.66825e-05
4.66856e-05
4.66887e-05
4.66918e-05
4.66948e-05
4.66979e-05
4.67009e-05
4.67039e-05
4.67068e-05
4.67098e-05
4.67127e-05
4.67156e-05
4.67185e-05
4.67214e-05
4.67243e-05
4.67271e-05
4.67299e-05
4.67327e-05
4.67355e-05
4.67383e-05
4.6741e-05
4.67437e-05
4.67464e-05
4.67491e-05
4.67518e-05
4.67544e-05
4.67571e-05
4.67597e-05
4.67623e-05
4.67649e-05
4.67674e-05
4.677e-05
4.67725e-05
4.6775e-05
4.67775e-05
4.678e-05
4.67825e-05
4.67849e-05
4.67873e-05
4.67897e-05
4.67921e-05
4.67945e-05
4.67969e-05
4.67992e-05
4.68016e-05
4.68039e-05
4.68062e-05
4.68085e-05
4.68107e-05
4.6813e-05
4.68152e-05
4.68174e-05
4.68197e-05
4.68218e-05
4.6824e-05
4.68262e-05
4.68283e-05
4.68305e-05
4.68326e-05
4.68347e-05
4.68368e-05
4.68389e-05
4.68409e-05
4.6843e-05
4.6845e-05
4.68471e-05
4.68491e-05
4.68511e-05
4.68531e-05
4.6855e-05
4.6857e-05
4.68589e-05
4.68609e-05
4.68628e-05
4.68647e-05
4.68666e-05
4.68685e-05
4.68703e-05
4.68722e-05
4.6874e-05
4.68759e-05
4.68777e-05
4.68795e-05
4.68813e-05
4.68831e-05
4.68848e-05
4.68866e-05
4.68884e-05
4.68901e-05
4.68918e-05
4.68935e-05
4.68952e-05
4.68969e-05
4.68986e-05
4.69003e-05
4.6902e-05
4.69036e-05
4.69053e-05
4.69069e-05
4.69085e-05
4.69101e-05
4.69117e-05
4.69133e-05
4.69149e-05
4.69164e-05
4.6918e-05
4.69196e-05
4.69211e-05
4.69226e-05
4.69241e-05
4.69257e-05
4.69272e-05
4.69287e-05
4.69301e-05
4.69316e-05
4.69331e-05
4.69345e-05
4.6936e-05
4.69374e-05
4.69388e-05
4.69403e-05
4.69417e-05
4.69431e-05
4.69445e-05
4.69459e-05
4.69472e-05
4.69486e-05
4.695e-05
4.69513e-05
4.69527e-05
4.6954e-05
4.69553e-05
4.69567e-05
4.6958e-05
4.69593e-05
4.69606e-05
4.69619e-05
4.69632e-05
4.69645e-05
4.69657e-05
4.6967e-05
4.69682e-05
4.69695e-05
4.69707e-05
4.6972e-05
4.69732e-05
4.69744e-05
4.69756e-05
4.69768e-05
4.6978e-05
4.69792e-05
4.69804e-05
4.69816e-05
4.69828e-05
4.6984e-05
4.69851e-05
4.69863e-05
4.69874e-05
4.69886e-05
4.69897e-05
4.69908e-05
4.6992e-05
4.69931e-05
4.69942e-05
4.69953e-05
4.69964e-05
4.69975e-05
4.69986e-05
4.69997e-05
4.70008e-05
4.70018e-05
4.70029e-05
4.7004e-05
4.7005e-05
4.70061e-05
4.70072e-05
4.70082e-05
4.70092e-05
4.70103e-05
4.70113e-05
4.70123e-05
4.70133e-05
4.70144e-05
4.70154e-05
4.70164e-05
4.70174e-05
4.70184e-05
4.70194e-05
4.70204e-05
4.70213e-05
4.70223e-05
4.70233e-05
4.70243e-05
4.70252e-05
4.70262e-05
4.70272e-05
4.70281e-05
4.70291e-05
4.703e-05
4.7031e-05
4.70319e-05
4.70328e-05
4.70338e-05
4.70347e-05
4.70356e-05
4.70365e-05
4.70374e-05
4.70384e-05
4.70393e-05
4.70402e-05
4.70411e-05
4.7042e-05
4.70429e-05
4.70438e-05
4.70446e-05
4.70455e-05
4.70464e-05
4.70473e-05
4.70482e-05
4.7049e-05
4.70499e-05
4.70508e-05
4.70516e-05
4.70525e-05
4.70533e-05
4.70542e-05
4.7055e-05
4.70559e-05
4.70567e-05
4.70576e-05
4.70584e-05
4.70593e-05
4.70601e-05
4.70609e-05
4.70617e-05
4.70626e-05
4.70634e-05
4.70642e-05
4.7065e-05
4.70658e-05
4.70667e-05
4.70675e-05
4.70683e-05
4.70691e-05
4.70699e-05
4.70707e-05
4.70715e-05
4.70723e-05
4.70731e-05
4.70739e-05
4.70746e-05
4.70754e-05
4.70762e-05
4.7077e-05
4.70778e-05
4.70786e-05
4.70793e-05
4.70801e-05
4.70809e-05
4.70816e-05
4.70824e-05
4.70832e-05
4.70839e-05
4.70847e-05
4.70855e-05
4.70862e-05
4.7087e-05
4.70877e-05
4.70885e-05
4.70892e-05
4.709e-05
4.70907e-05
4.70915e-05
4.70922e-05
4.70929e-05
4.70937e-05
4.70944e-05
4.70952e-05
4.70959e-05
4.70966e-05
4.70974e-05
4.70981e-05
4.70988e-05
4.70995e-05
4.71003e-05
4.7101e-05
4.71017e-05
4.71024e-05
4.71031e-05
4.71039e-05
4.71046e-05
4.71053e-05
4.7106e-05
4.71067e-05
4.71074e-05
4.71081e-05
4.71088e-05
4.71095e-05
4.71102e-05
4.71109e-05
4.71116e-05
4.71123e-05
4.7113e-05
4.71137e-05
4.71144e-05
4.71151e-05
4.71158e-05
4.71165e-05
4.71172e-05
4.71179e-05
4.71185e-05
4.71192e-05
4.71199e-05
4.71206e-05
4.71213e-05
4.7122e-05
4.71226e-05
4.71233e-05
4.7124e-05
4.71247e-05
4.71253e-05
4.7126e-05
4.71267e-05
4.71273e-05
4.7128e-05
4.71287e-05
4.71293e-05
4.713e-05
4.71307e-05
4.71313e-05
4.7132e-05
4.71327e-05
4.71333e-05
4.7134e-05
4.71346e-05
4.71353e-05
4.71359e-05
4.71366e-05
4.71372e-05
4.71379e-05
4.71385e-05
4.71392e-05
4.71398e-05
4.71405e-05
4.71411e-05
4.71418e-05
4.71424e-05
4.71431e-05
4.71437e-05
4.71443e-05
4.7145e-05
4.71456e-05
4.71462e-05
4.71469e-05
4.71475e-05
4.71481e-05
4.71488e-05
4.71494e-05
4.715e-05
4.71507e-05
4.71513e-05
4.71519e-05
4.71525e-05
4.71532e-05
4.71538e-05
4.71544e-05
4.7155e-05
4.71556e-05
4.71562e-05
4.71569e-05
4.71575e-05
4.71581e-05
4.71587e-05
4.71593e-05
4.71599e-05
4.71605e-05
4.71611e-05
4.71617e-05
4.71624e-05
4.7163e-05
4.71636e-05
4.71642e-05
4.71648e-05
4.71654e-05
4.7166e-05
4.71666e-05
4.71672e-05
4.71677e-05
4.71683e-05
4.71689e-05
4.71695e-05
4.71701e-05
4.71707e-05
4.71713e-05
4.71719e-05
4.71725e-05
4.7173e-05
4.71736e-05
4.71742e-05
4.71748e-05
4.71754e-05
4.71759e-05
4.71765e-05
4.71771e-05
4.71777e-05
4.71782e-05
4.71788e-05
4.71794e-05
4.718e-05
4.71805e-05
4.71811e-05
4.71816e-05
4.71822e-05
4.71828e-05
4.71833e-05
4.71839e-05
4.71845e-05
4.7185e-05
4.71856e-05
4.71861e-05
4.71867e-05
4.71872e-05
4.71878e-05
4.71883e-05
4.71889e-05
4.71894e-05
4.719e-05
4.71905e-05
4.7191e-05
4.71916e-05
4.71921e-05
4.71927e-05
4.71932e-05
4.71937e-05
4.71943e-05
4.71948e-05
4.71953e-05
4.71959e-05
4.71964e-05
4.71969e-05
4.71974e-05
4.7198e-05
4.71985e-05
4.7199e-05
4.71995e-05
4.72e-05
4.72005e-05
4.72011e-05
4.72016e-05
4.72021e-05
4.72026e-05
4.72031e-05
4.72036e-05
4.72041e-05
4.72046e-05
4.72051e-05
4.72056e-05
4.72061e-05
4.72066e-05
4.72071e-05
4.72076e-05
4.72081e-05
4.72086e-05
4.72091e-05
4.72096e-05
4.721e-05
4.72105e-05
4.7211e-05
4.72115e-05
4.7212e-05
4.72124e-05
4.72129e-05
4.72134e-05
4.72139e-05
4.72143e-05
4.72148e-05
4.72153e-05
4.72157e-05
4.72162e-05
4.72166e-05
4.72171e-05
4.72176e-05
4.7218e-05
4.72185e-05
4.72189e-05
4.72194e-05
4.72198e-05
4.72203e-05
4.72207e-05
4.72212e-05
4.72216e-05
4.7222e-05
4.72225e-05
4.72229e-05
4.72233e-05
4.72238e-05
4.72242e-05
4.72246e-05
4.72251e-05
4.72255e-05
4.72259e-05
4.72263e-05
4.72268e-05
4.72272e-05
4.72276e-05
4.7228e-05
4.72284e-05
4.72288e-05
4.72292e-05
4.72296e-05
4.723e-05
4.72304e-05
4.72308e-05
4.72312e-05
4.72316e-05
4.7232e-05
4.72324e-05
4.72328e-05
4.72332e-05
4.72336e-05
4.7234e-05
4.72343e-05
4.72347e-05
4.72351e-05
4.72355e-05
4.72358e-05
4.72362e-05
4.72366e-05
4.7237e-05
4.72373e-05
4.72377e-05
4.7238e-05
4.72384e-05
4.72388e-05
4.72391e-05
4.72395e-05
4.72398e-05
4.72402e-05
4.72405e-05
4.72408e-05
4.72412e-05
4.72415e-05
4.72419e-05
4.72422e-05
4.72425e-05
4.72429e-05
4.72432e-05
4.72435e-05
4.72438e-05
4.72442e-05
4.72445e-05
4.72448e-05
4.72451e-05
4.72454e-05
4.72457e-05
4.72461e-05
4.72464e-05
4.72467e-05
4.7247e-05
4.72473e-05
4.72476e-05
4.72479e-05
4.72482e-05
4.72484e-05
4.72487e-05
4.7249e-05
4.72493e-05
4.72496e-05
4.72499e-05
4.72501e-05
4.72504e-05
4.72507e-05
4.7251e-05
4.72512e-05
4.72515e-05
4.72518e-05
4.7252e-05
4.72523e-05
4.72525e-05
4.72528e-05
4.7253e-05
4.72533e-05
4.72535e-05
4.72538e-05
4.7254e-05
4.72543e-05
4.72545e-05
4.72547e-05
4.7255e-05
4.72552e-05
4.72554e-05
4.72556e-05
4.72559e-05
4.72561e-05
4.72563e-05
4.72565e-05
4.72567e-05
4.7257e-05
4.72572e-05
4.72574e-05
4.72576e-05
4.72578e-05
4.7258e-05
4.72582e-05
4.72584e-05
4.72586e-05
4.72587e-05
4.72589e-05
4.72591e-05
4.72593e-05
4.72595e-05
4.72597e-05
4.72598e-05
4.726e-05
4.72602e-05
4.72603e-05
4.72605e-05
4.72607e-05
4.72608e-05
4.7261e-05
4.72611e-05
4.72613e-05
4.72615e-05
4.72616e-05
4.72617e-05
4.72619e-05
4.7262e-05
4.72622e-05
4.72623e-05
4.72624e-05
4.72626e-05
4.72627e-05
4.72628e-05
4.72629e-05
4.72631e-05
4.72632e-05
4.72633e-05
4.72634e-05
4.72635e-05
4.72636e-05
4.72637e-05
4.72639e-05
4.7264e-05
4.72641e-05
4.72641e-05
4.72642e-05
4.72643e-05
4.72644e-05
4.72645e-05
4.72646e-05
4.72647e-05
4.72648e-05
4.72648e-05
4.72649e-05
4.7265e-05
4.7265e-05
4.72651e-05
4.72652e-05
4.72652e-05
4.72653e-05
4.72654e-05
4.72654e-05
4.72655e-05
4.72655e-05
4.72656e-05
4.72656e-05
4.72657e-05
4.72657e-05
4.72657e-05
4.72658e-05
4.72658e-05
4.72658e-05
4.72659e-05
4.72659e-05
4.72659e-05
4.72659e-05
4.72659e-05
4.7266e-05
4.7266e-05
4.7266e-05
4.7266e-05
4.7266e-05
4.7266e-05
4.7266e-05
4.7266e-05
4.7266e-05
4.7266e-05
4.7266e-05
4.7266e-05
4.72659e-05
4.72659e-05
4.72659e-05
4.72659e-05
4.72659e-05
4.72658e-05
4.72658e-05
4.72658e-05
4.72657e-05
4.72657e-05
4.72657e-05
4.72656e-05
4.72656e-05
4.72655e-05
4.72655e-05
4.72654e-05
4.72654e-05
4.72653e-05
4.72653e-05
4.72652e-05
4.72651e-05
4.72651e-05
4.7265e-05
4.72649e-05
4.72649e-05
4.72648e-05
4.72647e-05
4.72646e-05
4.72646e-05
4.72645e-05
4.72644e-05
4.72643e-05
4.72642e-05
4.72641e-05
4.7264e-05
4.72639e-05
4.72638e-05
4.72637e-05
4.72636e-05
4.72635e-05
4.72634e-05
4.72633e-05
4.72632e-05
4.7263e-05
4.72629e-05
4.72628e-05
4.72627e-05
4.72626e-05
4.72624e-05
4.72623e-05
4.72622e-05
4.7262e-05
4.72619e-05
4.72617e-05
4.72616e-05
4.72615e-05
4.72613e-05
4.72612e-05
4.7261e-05
4.72609e-05
4.72607e-05
4.72605e-05
4.72604e-05
4.72602e-05
4.726e-05
4.72599e-05
4.72597e-05
4.72595e-05
4.72594e-05
4.72592e-05
4.7259e-05
4.72588e-05
4.72586e-05
4.72585e-05
4.72583e-05
4.72581e-05
4.72579e-05
4.72577e-05
4.72575e-05
4.72573e-05
4.72571e-05
4.72569e-05
4.72567e-05
4.72565e-05
4.72563e-05
4.7256e-05
4.72558e-05
4.72556e-05
4.72554e-05
4.72552e-05
4.7255e-05
4.72547e-05
4.72545e-05
4.72543e-05
4.7254e-05
4.72538e-05
4.72536e-05
4.72533e-05
4.72531e-05
4.72528e-05
4.72526e-05
4.72524e-05
4.72521e-05
4.72519e-05
4.72516e-05
4.72513e-05
4.72511e-05
4.72508e-05
4.72506e-05
4.72503e-05
4.725e-05
4.72498e-05
4.72495e-05
4.72492e-05
4.7249e-05
4.72487e-05
4.72484e-05
4.72481e-05
4.72478e-05
4.72476e-05
4.72473e-05
4.7247e-05
4.72467e-05
4.72464e-05
4.72461e-05
4.72458e-05
4.72455e-05
4.72452e-05
4.72449e-05
4.72446e-05
4.72443e-05
4.7244e-05
4.72437e-05
4.72434e-05
4.72431e-05
4.72427e-05
4.72424e-05
4.72421e-05
4.72418e-05
4.72415e-05
4.72411e-05
4.72408e-05
4.72405e-05
4.72401e-05
4.72398e-05
4.72395e-05
4.72391e-05
4.72388e-05
4.72385e-05
4.72381e-05
4.72378e-05
4.72374e-05
4.72371e-05
4.72367e-05
4.72364e-05
4.7236e-05
4.72357e-05
4.72353e-05
4.72349e-05
4.72346e-05
4.72342e-05
4.72339e-05
4.72335e-05
4.72331e-05
4.72328e-05
4.72324e-05
4.7232e-05
4.72316e-05
4.72313e-05
4.72309e-05
4.72305e-05
4.72301e-05
4.72297e-05
4.72293e-05
4.7229e-05
4.72286e-05
4.72282e-05
4.72278e-05
4.72274e-05
4.7227e-05
4.72266e-05
4.72262e-05
4.72258e-05
4.72254e-05
4.7225e-05
4.72246e-05
4.72242e-05
4.72238e-05
4.72233e-05
4.72229e-05
4.72225e-05
4.72221e-05
4.72217e-05
4.72213e-05
4.72208e-05
4.72204e-05
4.722e-05
4.72196e-05
4.72191e-05
4.72187e-05
4.72183e-05
4.72178e-05
4.72174e-05
4.7217e-05
4.72165e-05
4.72161e-05
4.72157e-05
4.72152e-05
4.72148e-05
4.72143e-05
4.72139e-05
4.72134e-05
4.7213e-05
4.72125e-05
4.72121e-05
4.72116e-05
4.72112e-05
4.72107e-05
4.72102e-05
4.72098e-05
4.72093e-05
4.72089e-05
4.72084e-05
4.72079e-05
4.72075e-05
4.7207e-05
4.72065e-05
4.7206e-05
4.72056e-05
4.72051e-05
4.72046e-05
4.72041e-05
4.72037e-05
4.72032e-05
4.72027e-05
4.72022e-05
4.72017e-05
4.72012e-05
4.72007e-05
4.72003e-05
4.71998e-05
4.71993e-05
4.71988e-05
4.71983e-05
4.71978e-05
4.71973e-05
4.71968e-05
4.71963e-05
4.71958e-05
4.71953e-05
4.71948e-05
4.71943e-05
4.71938e-05
4.71932e-05
4.71927e-05
4.71922e-05
4.71917e-05
4.71912e-05
4.71907e-05
4.71902e-05
4.71896e-05
4.71891e-05
4.71886e-05
4.71881e-05
4.71876e-05
4.7187e-05
4.71865e-05
4.7186e-05
4.71854e-05
4.71849e-05
4.71844e-05
4.71838e-05
4.71833e-05
4.71828e-05
4.71822e-05
4.71817e-05
4.71812e-05
4.71806e-05
4.71801e-05
4.71795e-05
4.7179e-05
4.71785e-05
4.71779e-05
4.71774e-05
4.71768e-05
4.71763e-05
4.71757e-05
4.71752e-05
4.71746e-05
4.7174e-05
4.71735e-05
4.71729e-05
4.71724e-05
4.71718e-05
4.71713e-05
4.71707e-05
4.71701e-05
4.71696e-05
4.7169e-05
4.71684e-05
4.71679e-05
4.71673e-05
4.71667e-05
4.71662e-05
4.71656e-05
4.7165e-05
4.71644e-05
4.71639e-05
4.71633e-05
4.71627e-05
4.71621e-05
4.71615e-05
4.7161e-05
4.71604e-05
4.71598e-05
4.71592e-05
4.71586e-05
4.7158e-05
4.71575e-05
4.71569e-05
4.71563e-05
4.71557e-05
4.71551e-05
4.71545e-05
4.71539e-05
4.71533e-05
4.71527e-05
4.71521e-05
4.71515e-05
4.71509e-05
4.71503e-05
4.71497e-05
4.71491e-05
4.71485e-05
4.71479e-05
4.71473e-05
4.71467e-05
4.71461e-05
4.71455e-05
4.71449e-05
4.71443e-05
4.71437e-05
4.71431e-05
4.71424e-05
4.71418e-05
4.71412e-05
4.71406e-05
4.714e-05
4.71394e-05
4.71388e-05
4.71381e-05
4.71375e-05
4.71369e-05
4.71363e-05
4.71356e-05
4.7135e-05
4.71344e-05
4.71338e-05
4.71331e-05
4.71325e-05
4.71319e-05
4.71313e-05
4.71306e-05
4.713e-05
4.71294e-05
4.71287e-05
4.71281e-05
4.71275e-05
4.71268e-05
4.71262e-05
4.71256e-05
4.71249e-05
4.71243e-05
4.71236e-05
4.7123e-05
4.71224e-05
4.71217e-05
4.71211e-05
4.71204e-05
4.71198e-05
4.71191e-05
4.71185e-05
4.71178e-05
4.71172e-05
4.71165e-05
4.71159e-05
4.71152e-05
4.71146e-05
4.71139e-05
4.71133e-05
4.71126e-05
4.7112e-05
4.71113e-05
4.71107e-05
4.711e-05
4.71093e-05
4.71087e-05
4.7108e-05
4.71074e-05
4.71067e-05
4.7106e-05
4.71054e-05
4.71047e-05
4.71041e-05
4.71034e-05
4.71027e-05
4.71021e-05
4.71014e-05
4.71007e-05
4.71001e-05
4.70994e-05
4.70987e-05
4.7098e-05
4.70974e-05
4.70967e-05
4.7096e-05
4.70953e-05
4.70947e-05
4.7094e-05
4.70933e-05
4.70926e-05
4.7092e-05
4.70913e-05
4.70906e-05
4.70899e-05
4.70892e-05
4.70886e-05
4.70879e-05
4.70872e-05
4.70865e-05
4.70858e-05
4.70851e-05
4.70845e-05
4.70838e-05
4.70831e-05
4.70824e-05
4.70817e-05
4.7081e-05
4.70803e-05
4.70796e-05
4.7079e-05
4.70783e-05
4.70776e-05
4.70769e-05
4.70762e-05
4.70755e-05
4.70748e-05
4.70741e-05
4.70734e-05
4.70727e-05
4.7072e-05
4.70713e-05
4.70706e-05
4.70699e-05
4.70692e-05
4.70685e-05
4.70678e-05
4.70671e-05
4.70664e-05
4.70657e-05
4.7065e-05
4.70643e-05
4.70636e-05
4.70629e-05
4.70622e-05
4.70615e-05
4.70607e-05
4.706e-05
4.70593e-05
4.70586e-05
4.70579e-05
4.70572e-05
4.70565e-05
4.70558e-05
4.70551e-05
4.70543e-05
4.70536e-05
4.70529e-05
4.70522e-05
4.70515e-05
4.70508e-05
4.70501e-05
4.70493e-05
4.70486e-05
4.70479e-05
4.70472e-05
4.70465e-05
4.70457e-05
4.7045e-05
4.70443e-05
4.70436e-05
4.70428e-05
4.70421e-05
4.70414e-05
4.70407e-05
4.70399e-05
4.70392e-05
4.70385e-05
4.70378e-05
4.7037e-05
4.70363e-05
4.70356e-05
4.70349e-05
4.70341e-05
4.70334e-05
4.70327e-05
4.70319e-05
4.70312e-05
4.70305e-05
4.70297e-05
4.7029e-05
4.70283e-05
4.70275e-05
4.70268e-05
4.70261e-05
4.70253e-05
4.70246e-05
4.70238e-05
4.70231e-05
4.70224e-05
4.70216e-05
4.70209e-05
4.70201e-05
4.70194e-05
4.70187e-05
4.70179e-05
4.70172e-05
4.70164e-05
4.70157e-05
4.7015e-05
4.70142e-05
4.70135e-05
4.70127e-05
4.7012e-05
4.70112e-05
4.70105e-05
4.70097e-05
4.7009e-05
4.70082e-05
4.70075e-05
4.70067e-05
4.7006e-05
4.70052e-05
4.70045e-05
4.70037e-05
4.7003e-05
4.70022e-05
4.70015e-05
4.70007e-05
4.7e-05
4.69992e-05
4.69985e-05
4.69977e-05
4.69969e-05
4.69962e-05
4.69954e-05
4.69947e-05
4.69939e-05
4.69932e-05
4.69924e-05
4.69916e-05
4.69909e-05
4.69901e-05
4.69894e-05
4.69886e-05
4.69878e-05
4.69871e-05
4.69863e-05
4.69856e-05
4.69848e-05
4.6984e-05
4.69833e-05
4.69825e-05
4.69817e-05
4.6981e-05
4.69802e-05
4.69794e-05
4.69787e-05
4.69779e-05
4.69771e-05
4.69764e-05
4.69756e-05
4.69748e-05
4.69741e-05
4.69733e-05
4.69725e-05
4.69717e-05
4.6971e-05
4.69702e-05
4.69694e-05
4.69686e-05
4.69679e-05
4.69671e-05
4.69663e-05
4.69656e-05
4.69648e-05
4.6964e-05
4.69632e-05
4.69624e-05
4.69617e-05
4.69609e-05
4.69601e-05
4.69593e-05
4.69586e-05
4.69578e-05
4.6957e-05
4.69562e-05
4.69554e-05
4.69547e-05
4.69539e-05
4.69531e-05
4.69523e-05
4.69515e-05
4.69508e-05
4.695e-05
4.69492e-05
4.69484e-05
4.69476e-05
4.69468e-05
4.6946e-05
4.69453e-05
4.69445e-05
4.69437e-05
4.69429e-05
4.69421e-05
4.69413e-05
4.69405e-05
4.69397e-05
4.6939e-05
4.69382e-05
4.69374e-05
4.69366e-05
4.69358e-05
4.6935e-05
4.69342e-05
4.69334e-05
4.69326e-05
4.69318e-05
4.69311e-05
4.69303e-05
4.69295e-05
4.69287e-05
4.69279e-05
4.69271e-05
4.69263e-05
4.69255e-05
4.69247e-05
4.69239e-05
4.69231e-05
4.69223e-05
4.69215e-05
4.69207e-05
4.69199e-05
4.69191e-05
4.69183e-05
4.69175e-05
4.69167e-05
4.69159e-05
4.69151e-05
4.69143e-05
4.69135e-05
4.69127e-05
4.69119e-05
4.69111e-05
4.69103e-05
4.69095e-05
4.69087e-05
4.69079e-05
4.69071e-05
4.69063e-05
4.69055e-05
4.69047e-05
4.69039e-05
4.69031e-05
4.69023e-05
4.69015e-05
4.69006e-05
4.68998e-05
4.6899e-05
4.68982e-05
4.68974e-05
4.68966e-05
4.68958e-05
4.6895e-05
4.68942e-05
4.68934e-05
4.68926e-05
4.68917e-05
4.68909e-05
4.68901e-05
4.68893e-05
4.68885e-05
4.68877e-05
4.68869e-05
4.68861e-05
4.68852e-05
4.68844e-05
4.68836e-05
4.68828e-05
4.6882e-05
4.68812e-05
4.68804e-05
4.68795e-05
4.68787e-05
4.68779e-05
4.68771e-05
4.68763e-05
4.68755e-05
4.68746e-05
4.68738e-05
4.6873e-05
4.68722e-05
4.68714e-05
4.68705e-05
4.68697e-05
4.68689e-05
4.68681e-05
4.68673e-05
4.68664e-05
4.68656e-05
4.68648e-05
4.6864e-05
4.68632e-05
4.68623e-05
4.68615e-05
4.68607e-05
4.68599e-05
4.6859e-05
4.68582e-05
4.68574e-05
4.68566e-05
4.68557e-05
4.68549e-05
4.68541e-05
4.68533e-05
4.68524e-05
4.68516e-05
4.68508e-05
4.685e-05
4.68491e-05
4.68483e-05
4.68475e-05
4.68466e-05
4.68458e-05
4.6845e-05
4.68442e-05
4.68433e-05
4.68425e-05
4.68417e-05
4.68408e-05
4.684e-05
4.68392e-05
4.68383e-05
4.68375e-05
4.68367e-05
4.68358e-05
4.6835e-05
4.68342e-05
4.68333e-05
4.68325e-05
4.68317e-05
4.68308e-05
4.683e-05
4.68292e-05
4.68283e-05
4.68275e-05
4.68267e-05
4.68258e-05
4.6825e-05
4.68242e-05
4.68233e-05
4.68225e-05
4.68217e-05
4.68208e-05
4.682e-05
4.68191e-05
4.68183e-05
4.68175e-05
4.68166e-05
4.68158e-05
4.68149e-05
4.68141e-05
4.68133e-05
4.68124e-05
4.68116e-05
4.68107e-05
4.68099e-05
4.68091e-05
4.68082e-05
4.68074e-05
4.68065e-05
4.68057e-05
4.68049e-05
4.6804e-05
4.68032e-05
4.68023e-05
4.68015e-05
4.68006e-05
4.67998e-05
4.67989e-05
4.67981e-05
4.67973e-05
4.67964e-05
4.67956e-05
4.67947e-05
4.67939e-05
4.6793e-05
4.67922e-05
4.67913e-05
4.67905e-05
4.67896e-05
4.67888e-05
4.67879e-05
4.67871e-05
4.67863e-05
4.67854e-05
4.67846e-05
4.67837e-05
4.67829e-05
4.6782e-05
4.67812e-05
4.67803e-05
4.67795e-05
4.67786e-05
4.67778e-05
4.67769e-05
4.67761e-05
4.67752e-05
4.67744e-05
4.67735e-05
4.67726e-05
4.67718e-05
4.67709e-05
4.67701e-05
4.67692e-05
4.67684e-05
4.67675e-05
4.67667e-05
4.67658e-05
4.6765e-05
4.67641e-05
4.67633e-05
4.67624e-05
4.67616e-05
4.67607e-05
4.67598e-05
4.6759e-05
4.67581e-05
4.67573e-05
4.67564e-05
4.67556e-05
4.67547e-05
4.67539e-05
4.6753e-05
4.67521e-05
4.67513e-05
4.67504e-05
4.67496e-05
4.67487e-05
4.67478e-05
4.6747e-05
4.67461e-05
4.67453e-05
4.67444e-05
4.67436e-05
4.67427e-05
4.67418e-05
4.6741e-05
4.67401e-05
4.67393e-05
4.67384e-05
4.67375e-05
4.67367e-05
4.67358e-05
4.67349e-05
4.67341e-05
4.67332e-05
4.67324e-05
4.67315e-05
4.67306e-05
4.67298e-05
4.67289e-05
4.6728e-05
4.67272e-05
4.67263e-05
4.67255e-05
4.67246e-05
4.67237e-05
4.67229e-05
4.6722e-05
4.67211e-05
4.67203e-05
4.67194e-05
4.67185e-05
4.67177e-05
4.67168e-05
4.67159e-05
4.67151e-05
4.67142e-05
4.67134e-05
4.67125e-05
4.67116e-05
4.67108e-05
4.67099e-05
4.6709e-05
4.67082e-05
4.67073e-05
4.67064e-05
4.67055e-05
4.67047e-05
4.67038e-05
4.67029e-05
4.67021e-05
4.67012e-05
4.67003e-05
4.66995e-05
4.66986e-05
4.66977e-05
4.66969e-05
4.6696e-05
4.66951e-05
4.66943e-05
4.66934e-05
4.66925e-05
4.66916e-05
4.66908e-05
4.66899e-05
4.6689e-05
4.66882e-05
4.66873e-05
4.66864e-05
4.66855e-05
4.66847e-05
4.66838e-05
4.66829e-05
4.66821e-05
4.66812e-05
4.66803e-05
4.66794e-05
4.66786e-05
4.66777e-05
4.66768e-05
4.66759e-05
4.66751e-05
4.66742e-05
4.66733e-05
4.66725e-05
4.66716e-05
4.66707e-05
4.66698e-05
4.6669e-05
4.66681e-05
4.66672e-05
4.66663e-05
4.66655e-05
4.66646e-05
4.66637e-05
4.66628e-05
4.6662e-05
4.66611e-05
4.66602e-05
4.66593e-05
4.66585e-05
4.66576e-05
4.66567e-05
4.66558e-05
4.66549e-05
4.66541e-05
4.66532e-05
4.66523e-05
4.66514e-05
4.66506e-05
4.66497e-05
4.66488e-05
4.66479e-05
4.66471e-05
4.66462e-05
4.66453e-05
4.66444e-05
4.66435e-05
4.66427e-05
4.66418e-05
4.66409e-05
4.664e-05
4.66391e-05
4.66383e-05
4.66374e-05
4.66365e-05
4.66356e-05
4.66348e-05
4.66339e-05
4.6633e-05
4.66321e-05
4.66312e-05
4.66304e-05
4.66295e-05
4.66286e-05
4.66277e-05
4.66268e-05
4.6626e-05
4.66251e-05
4.66242e-05
4.66233e-05
4.66224e-05
4.66215e-05
4.66207e-05
4.66198e-05
4.66189e-05
4.6618e-05
4.66171e-05
4.66163e-05
4.66154e-05
4.66145e-05
4.66136e-05
4.66127e-05
4.66118e-05
4.6611e-05
4.66101e-05
4.66092e-05
4.66083e-05
4.66074e-05
4.66065e-05
4.66057e-05
4.66048e-05
4.66039e-05
4.6603e-05
4.66021e-05
4.66012e-05
4.66004e-05
4.65995e-05
4.65986e-05
4.65977e-05
4.65968e-05
4.65959e-05
4.65951e-05
4.65942e-05
4.65933e-05
4.65924e-05
4.65915e-05
4.65906e-05
4.65898e-05
4.65889e-05
4.6588e-05
4.65871e-05
4.65862e-05
4.65853e-05
4.65844e-05
4.65836e-05
4.65827e-05
4.65818e-05
4.65809e-05
4.658e-05
4.65791e-05
4.65782e-05
4.65774e-05
4.65765e-05
4.65756e-05
4.65747e-05
4.65738e-05
4.65729e-05
4.6572e-05
4.65712e-05
4.65703e-05
4.65694e-05
4.65685e-05
4.65676e-05
4.65667e-05
4.65658e-05
4.6565e-05

