-55
-55
-55.0142
-55.029
-55.0431
-55.0563
-55.0687
-55.0804
-55.0913
-55.1016
-55.1112
-55.1201
-55.1286
-55.1364
-55.1438
-55.1507
-55.1571
-55.1631
-55.1687
-55.1738
-55.1787
-55.1832
-55.1873
-55.1912
-55.1948
-55.198
-55.2011
-55.2039
-55.2065
-55.2088
-55.211
-55.2129
-55.2147
-55.2163
-55.2177
-55.219
-55.2202
-55.2212
-55.2221
-55.2228
-55.2235
-55.224
-55.2245
-55.2248
-55.2251
-55.2252
-55.2253
-55.2253
-55.2253
-55.2252
-55.225
-55.2247
-55.2244
-55.224
-55.2236
-55.2232
-55.2227
-55.2221
-55.2215
-55.2209
-55.2202
-55.2196
-55.2188
-55.2181
-55.2173
-55.2165
-55.2156
-55.2148
-55.2139
-55.213
-55.2121
-55.2111
-55.2102
-55.2092
-55.2082
-55.2072
-55.2062
-55.2052
-55.2042
-55.2031
-55.2021
-55.201
-55.1999
-55.1988
-55.1977
-55.1966
-55.1955
-55.1944
-55.1933
-55.1922
-55.191
-55.1899
-55.1888
-55.1876
-55.1865
-55.1854
-55.1842
-55.1831
-55.1819
-55.1808
-55.1796
-55.1785
-55.1773
-55.1761
-55.175
-55.1738
-55.1727
-55.1715
-55.1704
-55.1692
-55.1681
-55.1669
-55.1658
-55.1646
-55.1635
-55.1623
-55.1612
-55.16
-55.1589
-55.1578
-55.1566
-55.1555
-55.1544
-55.1532
-55.1521
-55.151
-55.1499
-55.1487
-55.1476
-55.1465
-55.1454
-55.1443
-55.1432
-55.1421
-55.141
-55.1399
-55.1388
-55.1377
-55.1367
-55.1356
-55.1345
-55.1334
-55.1324
-55.1313
-55.1303
-55.1292
-55.1282
-55.1271
-55.1261
-55.125
-55.124
-55.123
-55.122
-55.121
-55.1199
-55.1189
-55.1179
-55.1169
-55.1159
-55.1149
-55.114
-55.113
-55.112
-55.111
-55.1101
-55.1091
-55.1081
-55.1072
-55.1062
-55.1053
-55.1044
-55.1034
-55.1025
-55.1016
-55.1007
-55.0997
-55.0988
-55.0979
-55.097
-55.0961
-55.0953
-55.0944
-55.0935
-55.0926
-55.0918
-55.0909
-55.09
-55.0892
-55.0883
-55.0875
-55.0867
-55.0858
-55.085
-55.0842
-55.0834
-55.0825
-55.0817
-55.0809
-55.0801
-55.0793
-55.0786
-55.0778
-55.077
-55.0762
-55.0755
-55.0747
-55.074
-55.0732
-55.0725
-55.0717
-55.071
-55.0703
-55.0695
-55.0688
-55.0681
-55.0674
-55.0667
-55.066
-55.0653
-55.0646
-55.0639
-55.0632
-55.0626
-55.0619
-55.0612
-55.0606
-55.0599
-55.0593
-55.0586
-55.058
-55.0574
-55.0567
-55.0561
-55.0555
-55.0549
-55.0543
-55.0536
-55.053
-55.0525
-55.0519
-55.0513
-55.0507
-55.0501
-55.0495
-55.049
-55.0484
-55.0479
-55.0473
-55.0468
-55.0462
-55.0457
-55.0452
-55.0446
-55.0441
-55.0436
-55.0431
-55.0426
-55.042
-55.0415
-55.041
-55.0406
-55.0401
-55.0396
-55.0391
-55.0386
-55.0382
-55.0377
-55.0372
-55.0368
-55.0363
-55.0359
-55.0354
-55.035
-55.0346
-55.0341
-55.0337
-55.0333
-55.0329
-55.0324
-55.032
-55.0316
-55.0312
-55.0308
-55.0304
-55.03
-55.0296
-55.0293
-55.0289
-55.0285
-55.0281
-55.0278
-55.0274
-55.0271
-55.0267
-55.0263
-55.026
-55.0257
-55.0253
-55.025
-55.0246
-55.0243
-55.024
-55.0237
-55.0234
-55.023
-55.0227
-55.0224
-55.0221
-55.0218
-55.0215
-55.0212
-55.0209
-55.0206
-55.0204
-55.0201
-55.0198
-55.0195
-55.0193
-55.019
-55.0187
-55.0185
-55.0182
-55.018
-55.0177
-55.0175
-55.0172
-55.017
-55.0167
-55.0165
-55.0163
-55.0161
-55.0158
-55.0156
-55.0154
-55.0152
-55.015
-55.0147
-55.0145
-55.0143
-55.0141
-55.0139
-55.0137
-55.0135
-55.0133
-55.0132
-55.013
-55.0128
-55.0126
-55.0124
-55.0123
-55.0121
-55.0119
-55.0117
-55.0116
-55.0114
-55.0113
-55.0111
-55.0109
-55.0108
-55.0106
-55.0105
-55.0103
-55.0102
-55.0101
-55.0099
-55.0098
-55.0096
-55.0095
-55.0094
-55.0093
-55.0091
-55.009
-55.0089
-55.0088
-55.0087
-55.0085
-55.0084
-55.0083
-55.0082
-55.0081
-55.008
-55.0079
-55.0078
-55.0077
-55.0076
-55.0075
-55.0074
-55.0073
-55.0072
-55.0071
-55.0071
-55.007
-55.0069
-55.0068
-55.0067
-55.0067
-55.0066
-55.0065
-55.0064
-55.0064
-55.0063
-55.0062
-55.0062
-55.0061
-55.006
-55.006
-55.0059
-55.0059
-55.0058
-55.0058
-55.0057
-55.0056
-55.0056
-55.0055
-55.0055
-55.0055
-55.0054
-55.0054
-55.0053
-55.0053
-55.0052
-55.0052
-55.0052
-55.0051
-55.0051
-55.0051
-55.005
-55.005
-55.005
-55.0049
-55.0049
-55.0049
-55.0049
-55.0048
-55.0048
-55.0048
-55.0048
-55.0048
-55.0047
-55.0047
-55.0047
-55.0047
-55.0047
-55.0047
-55.0047
-55.0046
-55.0046
-55.0046
-55.0046
-55.0046
-55.0046
-55.0046
-55.0046
-55.0046
-55.0046
-55.0046
-55.0046
-55.0046
-55.0046
-55.0046
-55.0046
-55.0046
-55.0046
-55.0046
-55.0046
-55.0046
-55.0046
-55.0046
-55.0046
-55.0046
-55.0046
-55.0046
-55.0047
-55.0047
-55.0047
-55.0047
-55.0047
-55.0047
-55.0047
-55.0047
-55.0048
-55.0048
-55.0048
-55.0048
-55.0048
-55.0048
-55.0049
-55.0049
-55.0049
-55.0049
-55.0049
-55.005
-55.005
-55.005
-55.005
-55.005
-55.0051
-55.0051
-55.0051
-55.0051
-55.0052
-55.0052
-55.0052
-55.0052
-55.0053
-55.0053
-55.0053
-55.0053
-55.0054
-55.0054
-55.0054
-55.0054
-55.0055
-55.0055
-55.0055
-55.0056
-55.0056
-55.0056
-55.0056
-55.0057
-55.0057
-55.0057
-55.0058
-55.0058
-55.0058
-55.0059
-55.0059
-55.0059
-55.0059
-55.006
-55.006
-55.006
-55.0061
-55.0061
-55.0061
-55.0062
-55.0062
-55.0062
-55.0063
-55.0063
-55.0063
-55.0064
-55.0064
-55.0064
-55.0065
-55.0065
-55.0065
-55.0066
-55.0066
-55.0066
-55.0067
-55.0067
-55.0067
-55.0068
-55.0068
-55.0069
-55.0069
-55.0069
-55.007
-55.007
-55.007
-55.0071
-55.0071
-55.0071
-55.0072
-55.0072
-55.0072
-55.0073
-55.0073
-55.0073
-55.0074
-55.0074
-55.0074
-55.0075
-55.0075
-55.0076
-55.0076
-55.0076
-55.0077
-55.0077
-55.0077
-55.0078
-55.0078
-55.0078
-55.0079
-55.0079
-55.0079
-55.008
-55.008
-55.008
-55.0081
-55.0081
-55.0081
-55.0082
-55.0082
-55.0082
-55.0083
-55.0083
-55.0083
-55.0084
-55.0084
-55.0084
-55.0085
-55.0085
-55.0085
-55.0086
-55.0086
-55.0086
-55.0087
-55.0087
-55.0087
-55.0088
-55.0088
-55.0088
-55.0089
-55.0089
-55.0089
-55.009
-55.009
-55.009
-55.0091
-55.0091
-55.0091
-55.0091
-55.0092
-55.0092
-55.0092
-55.0093
-55.0093
-55.0093
-55.0094
-55.0094
-55.0094
-55.0094
-55.0095
-55.0095
-55.0095
-55.0096
-55.0096
-55.0096
-55.0096
-55.0097
-55.0097
-55.0097
-55.0098
-55.0098
-55.0098
-55.0098
-55.0099
-55.0099
-55.0099
-55.0099
-55.01
-55.01
-55.01
-55.0101
-55.0101
-55.0101
-55.0101
-55.0102
-55.0102
-55.0102
-55.0102
-55.0103
-55.0103
-55.0103
-55.0103
-55.0104
-55.0104
-55.0104
-55.0104
-55.0105
-55.0105
-55.0105
-55.0105
-55.0105
-55.0106
-55.0106
-55.0106
-55.0106
-55.0107
-55.0107
-55.0107
-55.0107
-55.0107
-55.0108
-55.0108
-55.0108
-55.0108
-55.0109
-55.0109
-55.0109
-55.0109
-55.0109
-55.011
-55.011
-55.011
-55.011
-55.011
-55.0111
-55.0111
-55.0111
-55.0111
-55.0111
-55.0111
-55.0112
-55.0112
-55.0112
-55.0112
-55.0112
-55.0113
-55.0113
-55.0113
-55.0113
-55.0113
-55.0113
-55.0114
-55.0114
-55.0114
-55.0114
-55.0114
-55.0114
-55.0115
-55.0115
-55.0115
-55.0115
-55.0115
-55.0115
-55.0115
-55.0116
-55.0116
-55.0116
-55.0116
-55.0116
-55.0116
-55.0116
-55.0117
-55.0117
-55.0117
-55.0117
-55.0117
-55.0117
-55.0117
-55.0117
-55.0118
-55.0118
-55.0118
-55.0118
-55.0118
-55.0118
-55.0118
-55.0118
-55.0119
-55.0119
-55.0119
-55.0119
-55.0119
-55.0119
-55.0119
-55.0119
-55.0119
-55.012
-55.012
-55.012
-55.012
-55.012
-55.012
-55.012
-55.012
-55.012
-55.012
-55.012
-55.0121
-55.0121
-55.0121
-55.0121
-55.0121
-55.0121
-55.0121
-55.0121
-55.0121
-55.0121
-55.0121
-55.0122
-55.0122
-55.0122
-55.0122
-55.0122
-55.0122
-55.0122
-55.0122
-55.0122
-55.0122
-55.0122
-55.0122
-55.0122
-55.0122
-55.0122
-55.0123
-55.0123
-55.0123
-55.0123
-55.0123
-55.0123
-55.0123
-55.0123
-55.0123
-55.0123
-55.0123
-55.0123
-55.0123
-55.0123
-55.0123
-55.0123
-55.0123
-55.0123
-55.0124
-55.0124
-55.0124
-55.0124
-55.0124
-55.0124
-55.0124
-55.0124
-55.0124
-55.0124
-55.0124
-55.0124
-55.0124
-55.0124
-55.0124
-55.0124
-55.0124
-55.0124
-55.0124
-55.0124
-55.0124
-55.0124
-55.0124
-55.0124
-55.0124
-55.0124
-55.0124
-55.0124
-55.0124
-55.0124
-55.0125
-55.0125
-55.0125
-55.0125
-55.0125
-55.0125
-55.0125
-55.0125
-55.0125
-55.0125
-55.0125
-55.0125
-55.0125
-55.0125
-55.0125
-55.0125
-55.0125
-55.0125
-55.0125
-55.0125
-55.0125
-55.0125
-55.0125
-55.0125
-55.0125
-55.0125
-55.0125
-55.0125
-55.0125
-55.0125
-55.0125
-55.0125
-55.0125
-55.0125
-55.0125
-55.0125
-55.0125
-55.0125
-55.0125
-55.0125
-55.0125
-55.0125
-55.0125
-55.0125
-55.0125
-55.0125
-55.0125
-55.0125
-55.0125
-55.0125
-55.0125
-55.0125
-55.0125
-55.0125
-55.0125
-55.0125
-55.0125
-55.0125
-55.0125
-55.0125
-55.0125
-55.0125
-55.0125
-55.0125
-55.0125
-55.0125
-55.0125
-55.0125
-55.0125
-55.0125
-55.0125
-55.0125
-55.0125
-55.0125
-55.0125
-55.0125
-55.0125
-55.0125
-55.0125
-55.0125
-55.0125
-55.0125
-55.0125
-55.0125
-55.0125
-55.0125
-55.0125
-55.0124
-55.0124
-55.0124
-55.0124
-55.0124
-55.0124
-55.0124
-55.0124
-55.0124
-55.0124
-55.0124
-55.0124
-55.0124
-55.0124
-55.0124
-55.0124
-55.0124
-55.0124
-55.0124
-55.0124
-55.0124
-55.0124
-55.0124
-55.0124
-55.0124
-55.0124
-55.0124
-55.0124
-55.0124
-55.0124
-55.0124
-55.0124
-55.0124
-55.0124
-55.0124
-55.0124
-55.0124
-55.0124
-55.0124
-55.0124
-55.0124
-55.0124
-55.0124
-55.0124
-55.0124
-55.0124
-55.0124
-55.0123
-55.0123
-55.0123
-55.0123
-55.0123
-55.0123
-55.0123
-55.0123
-55.0123
-55.0123
-55.0123
-55.0123
-55.0123
-55.0123
-55.0123
-55.0123
-55.0123
-55.0123
-55.0123
-55.0123
-55.0123
-55.0123
-55.0123
-55.0123
-55.0123
-55.0123
-55.0123
-55.0123
-55.0123
-55.0123
-55.0123
-55.0123
-55.0123
-55.0123
-55.0123
-55.0123
-55.0123
-55.0122
-55.0122
-55.0122
-55.0122
-55.0122
-55.0122
-55.0122
-55.0122
-55.0122
-55.0122
-55.0122
-55.0122
-55.0122
-55.0122
-55.0122
-55.0122
-55.0122
-55.0122
-55.0122
-55.0122
-55.0122
-55.0122
-55.0122
-55.0122
-55.0122
-55.0122
-55.0122
-55.0122
-55.0122
-55.0122
-55.0122
-55.0122
-55.0122
-55.0122
-55.0122
-55.0121
-55.0121
-55.0121
-55.0121
-55.0121
-55.0121
-55.0121
-55.0121
-55.0121
-55.0121
-55.0121
-55.0121
-55.0121
-55.0121
-55.0121
-55.0121
-55.0121
-55.0121
-55.0121
-55.0121
-55.0121
-55.0121
-55.0121
-55.0121
-55.0121
-55.0121
-55.0121
-55.0121
-55.0121
-55.0121
-55.0121
-55.0121
-55.0121
-55.0121
-55.0121
-55.012
-55.012
-55.012
-55.012
-55.012
-55.012
-55.012
-55.012
-55.012
-55.012
-55.012
-55.012
-55.012
-55.012
-55.012
-55.012
-55.012
-55.012
-55.012
-55.012
-55.012
-55.012
-55.012
-55.012
-55.012
-55.012
-55.012
-55.012
-55.012
-55.012
-55.012
-55.012
-55.012
-55.012
-55.012
-55.0119
-55.0119
-55.0119
-55.0119
-55.0119
-55.0119
-55.0119
-55.0119
-55.0119
-55.0119
-55.0119
-55.0119
-55.0119
-55.0119
-55.0119
-55.0119
-55.0119
-55.0119
-55.0119
-55.0119
-55.0119
-55.0119
-55.0119
-55.0119
-55.0119
-55.0119
-55.0119
-55.0119
-55.0119
-55.0119
-55.0119
-55.0119
-55.0119
-55.0119
-55.0119
-55.0119
-55.0118
-55.0118
-55.0118
-55.0118
-55.0118
-55.0118
-55.0118
-55.0118
-55.0118
-55.0118
-55.0118
-55.0118
-55.0118
-55.0118
-55.0118
-55.0118
-55.0118
-55.0118
-55.0118
-55.0118
-55.0118
-55.0118
-55.0118
-55.0118
-55.0118
-55.0118
-55.0118
-55.0118
-55.0118
-55.0118
-55.0118
-55.0118
-55.0118
-55.0118
-55.0118
-55.0118
-55.0118
-55.0118
-55.0117
-55.0117
-55.0117
-55.0117
-55.0117
-55.0117
-55.0117
-55.0117
-55.0117
-55.0117
-55.0117
-55.0117
-55.0117
-55.0117
-55.0117
-55.0117
-55.0117
-55.0117
-55.0117
-55.0117
-55.0117
-55.0117
-55.0117
-55.0117
-55.0117
-55.0117
-55.0117
-55.0117
-55.0117
-55.0117
-55.0117
-55.0117
-55.0117
-55.0117
-55.0117
-55.0117
-55.0117
-55.0117
-55.0117
-55.0116
-55.0116
-55.0116
-55.0116
-55.0116
-55.0116
-55.0116
-55.0116
-55.0116
-55.0116
-55.0116
-55.0116
-55.0116
-55.0116
-55.0116
-55.0116
-55.0116
-55.0116
-55.0116
-55.0116
-55.0116
-55.0116
-55.0116
-55.0116
-55.0116
-55.0116
-55.0116
-55.0116
-55.0116
-55.0116
-55.0116
-55.0116
-55.0116
-55.0116
-55.0116
-55.0116
-55.0116
-55.0116
-55.0116
-55.0116
-55.0115
-55.0115
-55.0115
-55.0115
-55.0115
-55.0115
-55.0115
-55.0115
-55.0115
-55.0115
-55.0115
-55.0115
-55.0115
-55.0115
-55.0115
-55.0115
-55.0115
-55.0115
-55.0115
-55.0115
-55.0115
-55.0115
-55.0115
-55.0115
-55.0115
-55.0115
-55.0115
-55.0115
-55.0115
-55.0115
-55.0115
-55.0115
-55.0115
-55.0115
-55.0115
-55.0115
-55.0115
-55.0115
-55.0115
-55.0115
-55.0115
-55.0115
-55.0114
-55.0114
-55.0114
-55.0114
-55.0114
-55.0114
-55.0114
-55.0114
-55.0114
-55.0114
-55.0114
-55.0114
-55.0114
-55.0114
-55.0114
-55.0114
-55.0114
-55.0114
-55.0114
-55.0114
-55.0114
-55.0114
-55.0114
-55.0114
-55.0114
-55.0114
-55.0114
-55.0114
-55.0114
-55.0114
-55.0114
-55.0114
-55.0114
-55.0114
-55.0114
-55.0114
-55.0114
-55.0114
-55.0113
-55.0113
-55.0113
-55.0113
-55.0113
-55.0113
-55.0113
-55.0113
-55.0113
-55.0113
-55.0113
-55.0112
-55.0112
-55.0112
-55.0111
-55.0111
-55.011
-55.011
-55.0109
-55.0108
-55.0106
-55.0105
-55.0103
-55.01
-55.0097
-55.0094
-55.0089
-55.0084
-55.0077
-55.0068
-55.0058
-55.0045
-55.0029
-55.0009
-54.9985
-54.9955
-54.9917
-54.9871
-54.9814
-54.9744
-54.9659
-54.9554
-54.9424
-54.9263
-54.9061
-54.8809
-54.8496
-54.8112
-54.7646
-54.708
-54.6393
-54.5547
-54.4487
-54.3137
-54.1421
-53.9281
-53.6667
-53.3527
-52.9791
-52.5327
-51.9886
-51.3026
-50.4049
-49.2089
-47.6691
-45.8029
-43.6019
-41.0097
-37.8782
-33.8615
-28.3262
-20.3594
-9.2649
3.43917
14.7985
24.0933
30.4996
33.5529
34.1435
33.5175
32.4512
31.2513
29.9925
28.6752
27.2884
25.8275
24.2957
22.7023
21.0603
19.3851
17.6938
16.0045
14.3362
12.708
11.1385
9.64428
8.23864
6.9301
5.72184
4.61199
3.59468
2.66141
1.80249
1.0081
0.269072
-0.422768
-1.07443
-1.69184
-2.27988
-2.84264
-3.38349
-3.90526
-4.41035
-4.90082
-5.37846
-5.84486
-6.30147
-6.74958
-7.19042
-7.62513
-8.05481
-8.48053
-8.90332
-9.32424
-9.74434
-10.1647
-10.5864
-11.0108
-11.439
-11.8724
-12.3125
-12.761
-13.2198
-13.6908
-14.1767
-14.6799
-15.2039
-15.752
-16.3286
-16.9386
-17.5875
-18.2823
-19.031
-19.843
-20.7295
-21.7036
-22.7798
-23.9738
-25.3025
-26.7831
-28.4337
-30.2715
-32.3091
-34.5583
-36.9929
-39.5409
-42.0779
-44.4511
-46.537
-48.2786
-49.6846
-50.7993
-51.676
-52.3633
-52.9013
-53.3222
-53.6512
-53.908
-54.108
-54.2634
-54.3837
-54.4762
-54.5469
-54.6004
-54.6402
-54.6694
-54.6901
-54.7041
-54.7129
-54.7175
-54.7189
-54.7178
-54.7148
-54.7101
-54.7043
-54.6976
-54.6902
-54.6823
-54.6739
-54.6652
-54.6563
-54.6473
-54.6381
-54.6288
-54.6195
-54.6101
-54.6007
-54.5913
-54.5819
-54.5724
-54.5629
-54.5534
-54.5439
-54.5344
-54.5248
-54.5153
-54.5056
-54.496
-54.4863
-54.4766
-54.4669
-54.4571
-54.4472
-54.4373
-54.4274
-54.4174
-54.4073
-54.3972
-54.387
-54.3768
-54.3665
-54.3561
-54.3457
-54.3352
-54.3246
-54.314
-54.3033
-54.2925
-54.2816
-54.2707
-54.2597
-54.2487
-54.2376
-54.2264
-54.2151
-54.2038
-54.1924
-54.1809
-54.1693
-54.1577
-54.146
-54.1343
-54.1224
-54.1106
-54.0986
-54.0866
-54.0745
-54.0623
-54.0501
-54.0378
-54.0254
-54.013
-54.0005
-53.988
-53.9753
-53.9627
-53.9499
-53.9371
-53.9242
-53.9113
-53.8983
-53.8853
-53.8721
-53.859
-53.8457
-53.8325
-53.8191
-53.8057
-53.7923
-53.7787
-53.7652
-53.7515
-53.7379
-53.7241
-53.7103
-53.6965
-53.6826
-53.6687
-53.6547
-53.6406
-53.6265
-53.6124
-53.5982
-53.5839
-53.5696
-53.5553
-53.5409
-53.5264
-53.512
-53.4974
-53.4828
-53.4682
-53.4535
-53.4388
-53.4241
-53.4093
-53.3944
-53.3795
-53.3646
-53.3496
-53.3346
-53.3195
-53.3044
-53.2893
-53.2741
-53.2589
-53.2436
-53.2283
-53.213
-53.1976
-53.1822
-53.1667
-53.1512
-53.1357
-53.1201
-53.1045
-53.0889
-53.0732
-53.0575
-53.0417
-53.0259
-53.0101
-52.9942
-52.9784
-52.9624
-52.9465
-52.9305
-52.9145
-52.8984
-52.8823
-52.8662
-52.85
-52.8339
-52.8176
-52.8014
-52.7851
-52.7688
-52.7525
-52.7361
-52.7197
-52.7033
-52.6868
-52.6703
-52.6538
-52.6372
-52.6207
-52.6041
-52.5874
-52.5708
-52.5541
-52.5374
-52.5206
-52.5038
-52.487
-52.4702
-52.4533
-52.4365
-52.4196
-52.4026
-52.3857
-52.3687
-52.3516
-52.3346
-52.3175
-52.3004
-52.2833
-52.2662
-52.249
-52.2318
-52.2146
-52.1973
-52.1801
-52.1628
-52.1454
-52.1281
-52.1107
-52.0933
-52.0759
-52.0584
-52.041
-52.0235
-52.0059
-51.9884
-51.9708
-51.9532
-51.9356
-51.918
-51.9003
-51.8826
-51.8649
-51.8471
-51.8294
-51.8116
-51.7938
-51.7759
-51.758
-51.7402
-51.7222
-51.7043
-51.6863
-51.6683
-51.6503
-51.6323
-51.6142
-51.5961
-51.578
-51.5599
-51.5417
-51.5235
-51.5053
-51.4871
-51.4688
-51.4505
-51.4322
-51.4138
-51.3954
-51.377
-51.3586
-51.3402
-51.3217
-51.3032
-51.2846
-51.2661
-51.2475
-51.2289
-51.2102
-51.1915
-51.1728
-51.1541
-51.1353
-51.1166
-51.0977
-51.0789
-51.06
-51.0411
-51.0222
-51.0032
-50.9842
-50.9651
-50.9461
-50.927
-50.9078
-50.8887
-50.8695
-50.8502
-50.831
-50.8117
-50.7923
-50.773
-50.7536
-50.7341
-50.7147
-50.6951
-50.6756
-50.656
-50.6364
-50.6167
-50.597
-50.5773
-50.5575
-50.5376
-50.5178
-50.4979
-50.4779
-50.4579
-50.4379
-50.4178
-50.3977
-50.3775
-50.3573
-50.337
-50.3167
-50.2963
-50.2759
-50.2554
-50.2349
-50.2144
-50.1937
-50.1731
-50.1523
-50.1316
-50.1107
-50.0898
-50.0689
-50.0479
-50.0268
-50.0057
-49.9845
-49.9632
-49.9419
-49.9205
-49.8991
-49.8776
-49.856
-49.8343
-49.8126
-49.7908
-49.7689
-49.747
-49.7249
-49.7028
-49.6807
-49.6584
-49.6361
-49.6136
-49.5911
-49.5685
-49.5458
-49.523
-49.5002
-49.4772
-49.4541
-49.431
-49.4077
-49.3843
-49.3609
-49.3373
-49.3136
-49.2898
-49.2659
-49.2419
-49.2177
-49.1935
-49.1691
-49.1445
-49.1199
-49.0951
-49.0702
-49.0451
-49.0199
-48.9946
-48.9691
-48.9434
-48.9176
-48.8916
-48.8655
-48.8392
-48.8127
-48.7861
-48.7592
-48.7322
-48.7049
-48.6775
-48.6499
-48.622
-48.5939
-48.5656
-48.537
-48.5081
-48.479
-48.4496
-48.4199
-48.3899
-48.3595
-48.3287
-48.2975
-48.2658
-48.2337
-48.2009
-48.1675
-48.1334
-48.0984
-48.0624
-48.0253
-47.9868
-47.9467
-47.9046
-47.8603
-47.8132
-47.7627
-47.708
-47.6483
-47.5825
-47.5093
-47.427
-47.3335
-47.2262
-47.1016
-46.9553
-46.7821
-46.5759
-46.33
-46.0355
-45.681
-45.2516
-44.7279
-44.0833
-43.283
-42.2853
-41.0475
-39.5272
-37.6611
-35.3439
-32.434
-28.7562
-24.1058
-18.3169
-11.471
-4.1113
3.18505
10.4122
17.243
22.697
26.0566
27.4576
27.5326
26.8792
25.865
24.6689
23.3668
21.9902
20.5561
19.0777
17.5692
16.0463
14.5261
13.0264
11.565
10.1583
8.82045
7.56196
6.38893
5.30301
4.3019
3.38036
2.53126
1.74667
1.01862
0.339642
-0.296965
-0.897027
-1.4655
-2.00657
-2.52372
-3.01989
-3.49755
-3.95879
-4.40541
-4.83896
-5.26081
-5.67217
-6.07413
-6.46769
-6.85374
-7.23313
-7.60666
-7.97505
-8.33904
-8.69929
-9.05648
-9.41126
-9.76428
-10.1162
-10.4676
-10.8193
-11.1719
-11.5261
-11.8827
-12.2425
-12.6064
-12.9752
-13.35
-13.7319
-14.1221
-14.5219
-14.9329
-15.3567
-15.7951
-16.2504
-16.7248
-17.2211
-17.7424
-18.2919
-18.8738
-19.4923
-20.1522
-20.8592
-21.6191
-22.4384
-23.3241
-24.2833
-25.3229
-26.4488
-27.6655
-28.9749
-30.3748
-31.8573
-33.4135
-35.0182
-36.6349
-38.218
-39.7188
-41.0939
-42.3138
-43.3661
-44.2546
-44.9935
-45.6017
-46.0992
-46.5045
-46.8339
-47.1011
-47.3176
-47.4926
-47.634
-47.7478
-47.8392
-47.9123
-47.9706
-48.0167
-48.0529
-48.081
-48.1026
-48.1188
-48.1306
-48.1389
-48.1444
-48.1475
-48.1487
-48.1484
-48.1469
-48.1444
-48.1412
-48.1373
-48.1329
-48.1281
-48.123
-48.1177
-48.1122
-48.1066
-48.1009
-48.0951
-48.0892
-48.0833
-48.0774
-48.0715
-48.0655
-48.0596
-48.0536
-48.0477
-48.0417
-48.0358
-48.0298
-48.0238
-48.0179
-48.0119
-48.0059
-47.9999
-47.9939
-47.9879
-47.9818
-47.9757
-47.9697
-47.9635
-47.9574
-47.9512
-47.945
-47.9387
-47.9325
-47.9261
-47.9198
-47.9134
-47.9069
-47.9005
-47.8939
-47.8874
-47.8807
-47.8741
-47.8674
-47.8606
-47.8538
-47.8469
-47.84
-47.833
-47.826
-47.8189
-47.8118
-47.8046
-47.7973
-47.7901
-47.7827
-47.7753
-47.7678
-47.7603
-47.7527
-47.7451
-47.7374
-47.7296
-47.7218
-47.7139
-47.706
-47.698
-47.69
-47.6819
-47.6737
-47.6655
-47.6572
-47.6488
-47.6404
-47.632
-47.6234
-47.6148
-47.6062
-47.5975
-47.5887
-47.5799
-47.571
-47.562
-47.553
-47.5439
-47.5348
-47.5256
-47.5163
-47.507
-47.4976
-47.4882
-47.4787
-47.4691
-47.4595
-47.4498
-47.44
-47.4302
-47.4203
-47.4103
-47.4003
-47.3902
-47.3801
-47.3699
-47.3596
-47.3493
-47.3389
-47.3284
-47.3179
-47.3073
-47.2966
-47.2859
-47.2751
-47.2642
-47.2533
-47.2423
-47.2312
-47.2201
-47.2089
-47.1976
-47.1863
-47.1749
-47.1634
-47.1519
-47.1403
-47.1286
-47.1169
-47.1051
-47.0932
-47.0812
-47.0692
-47.0571
-47.0449
-47.0327
-47.0204
-47.008
-46.9955
-46.983
-46.9704
-46.9577
-46.9449
-46.9321
-46.9192
-46.9062
-46.8931
-46.88
-46.8667
-46.8534
-46.8401
-46.8266
-46.8131
-46.7994
-46.7857
-46.7719
-46.7581
-46.7441
-46.7301
-46.7159
-46.7017
-46.6874
-46.673
-46.6585
-46.644
-46.6293
-46.6146
-46.5997
-46.5848
-46.5697
-46.5546
-46.5394
-46.5241
-46.5087
-46.4932
-46.4775
-46.4618
-46.446
-46.4301
-46.4141
-46.3979
-46.3817
-46.3654
-46.3489
-46.3323
-46.3157
-46.2989
-46.282
-46.2649
-46.2478
-46.2305
-46.2132
-46.1957
-46.178
-46.1603
-46.1424
-46.1244
-46.1062
-46.0879
-46.0695
-46.051
-46.0323
-46.0134
-45.9945
-45.9753
-45.9561
-45.9366
-45.917
-45.8973
-45.8774
-45.8573
-45.8371
-45.8167
-45.7962
-45.7754
-45.7545
-45.7334
-45.7121
-45.6907
-45.669
-45.6472
-45.6251
-45.6029
-45.5804
-45.5577
-45.5349
-45.5118
-45.4884
-45.4649
-45.4411
-45.4171
-45.3928
-45.3683
-45.3435
-45.3184
-45.2931
-45.2675
-45.2417
-45.2155
-45.1891
-45.1623
-45.1352
-45.1078
-45.0801
-45.0521
-45.0237
-44.9949
-44.9658
-44.9363
-44.9064
-44.8761
-44.8454
-44.8143
-44.7827
-44.7507
-44.7183
-44.6853
-44.6519
-44.6179
-44.5834
-44.5483
-44.5127
-44.4765
-44.4397
-44.4022
-44.3641
-44.3253
-44.2858
-44.2455
-44.2045
-44.1627
-44.12
-44.0764
-44.0318
-43.9864
-43.9398
-43.8922
-43.8435
-43.7936
-43.7423
-43.6898
-43.6357
-43.5802
-43.523
-43.4639
-43.403
-43.34
-43.2747
-43.2069
-43.1363
-43.0627
-42.9856
-42.9048
-42.8196
-42.7296
-42.6339
-42.5318
-42.4222
-42.304
-42.1756
-42.0354
-41.881
-41.7098
-41.5186
-41.3034
-41.0592
-40.7801
-40.4589
-40.0863
-39.6506
-39.1371
-38.5275
-37.7993
-36.9261
-35.8758
-34.6098
-33.0812
-31.2311
-28.9864
-26.268
-23.0131
-19.2057
-14.8978
-10.2062
-5.25321
-0.0596293
5.38925
10.7915
15.4702
18.8197
20.6797
21.2969
21.0632
20.3161
19.2802
18.0855
16.8039
15.477
14.1319
12.7896
11.4681
10.1834
8.94935
7.77664
6.6726
5.64081
4.68146
3.79192
2.96759
2.20273
1.49115
0.826718
0.203701
-0.383063
-0.938104
-1.46533
-1.96807
-2.44917
-2.91104
-3.35573
-3.78503
-4.20044
-4.60332
-4.99482
-5.37601
-5.74781
-6.11107
-6.46657
-6.815
-7.15704
-7.49328
-7.82431
-8.15066
-8.47285
-8.79137
-9.1067
-9.41929
-9.72959
-10.0381
-10.3451
-10.6512
-10.9568
-11.2623
-11.5682
-11.8749
-12.183
-12.4929
-12.8052
-13.1204
-13.4392
-13.7621
-14.0899
-14.4233
-14.7631
-15.1102
-15.4656
-15.8302
-16.2053
-16.592
-16.9919
-17.4063
-17.8372
-18.2862
-18.7554
-19.2472
-19.764
-20.3084
-20.8833
-21.4918
-22.137
-22.8221
-23.5503
-24.3246
-25.1474
-26.0207
-26.9452
-27.9201
-28.9427
-30.0075
-31.1061
-32.2303
-33.3654
-34.4933
-35.5939
-36.6467
-37.6333
-38.5387
-39.3537
-40.0743
-40.7018
-41.2415
-41.701
-42.0894
-42.4157
-42.6887
-42.9164
-43.1058
-43.2629
-43.3929
-43.5002
-43.5887
-43.6612
-43.7206
-43.7689
-43.8081
-43.8395
-43.8646
-43.8843
-43.8995
-43.9111
-43.9196
-43.9255
-43.9292
-43.9312
-43.9317
-43.931
-43.9293
-43.9267
-43.9234
-43.9196
-43.9153
-43.9105
-43.9055
-43.9002
-43.8946
-43.8889
-43.8831
-43.8771
-43.8709
-43.8647
-43.8585
-43.8521
-43.8457
-43.8393
-43.8328
-43.8262
-43.8196
-43.813
-43.8064
-43.7996
-43.7929
-43.7861
-43.7793
-43.7724
-43.7655
-43.7585
-43.7515
-43.7444
-43.7373
-43.7302
-43.7229
-43.7157
-43.7083
-43.7009
-43.6935
-43.686
-43.6784
-43.6708
-43.663
-43.6553
-43.6474
-43.6395
-43.6315
-43.6234
-43.6153
-43.6071
-43.5988
-43.5904
-43.582
-43.5735
-43.5648
-43.5562
-43.5474
-43.5385
-43.5296
-43.5206
-43.5114
-43.5022
-43.4929
-43.4836
-43.4741
-43.4645
-43.4549
-43.4451
-43.4353
-43.4253
-43.4153
-43.4052
-43.3949
-43.3846
-43.3742
-43.3637
-43.353
-43.3423
-43.3315
-43.3205
-43.3095
-43.2983
-43.2871
-43.2757
-43.2642
-43.2526
-43.2409
-43.2291
-43.2172
-43.2051
-43.193
-43.1807
-43.1683
-43.1558
-43.1431
-43.1304
-43.1175
-43.1045
-43.0913
-43.0781
-43.0647
-43.0511
-43.0375
-43.0237
-43.0097
-42.9957
-42.9814
-42.9671
-42.9526
-42.9379
-42.9232
-42.9082
-42.8931
-42.8779
-42.8625
-42.8469
-42.8312
-42.8153
-42.7993
-42.7831
-42.7667
-42.7501
-42.7334
-42.7165
-42.6994
-42.6821
-42.6647
-42.647
-42.6292
-42.6111
-42.5929
-42.5744
-42.5558
-42.5369
-42.5179
-42.4986
-42.479
-42.4593
-42.4393
-42.4191
-42.3987
-42.378
-42.357
-42.3358
-42.3144
-42.2927
-42.2707
-42.2484
-42.2259
-42.203
-42.1799
-42.1565
-42.1328
-42.1088
-42.0845
-42.0598
-42.0349
-42.0096
-41.984
-41.958
-41.9317
-41.905
-41.8779
-41.8505
-41.8226
-41.7944
-41.7658
-41.7367
-41.7073
-41.6773
-41.6469
-41.6161
-41.5848
-41.5529
-41.5206
-41.4878
-41.4544
-41.4204
-41.3859
-41.3507
-41.315
-41.2786
-41.2416
-41.2039
-41.1654
-41.1263
-41.0864
-41.0457
-41.0042
-40.9618
-40.9185
-40.8744
-40.8292
-40.7831
-40.7359
-40.6877
-40.6383
-40.5877
-40.5358
-40.4826
-40.428
-40.372
-40.3145
-40.2553
-40.1944
-40.1317
-40.067
-40.0003
-39.9315
-39.8603
-39.7866
-39.7103
-39.6311
-39.5488
-39.4631
-39.3738
-39.2806
-39.1831
-39.0809
-38.9735
-38.8604
-38.741
-38.6145
-38.4801
-38.3368
-38.1836
-38.0189
-37.8414
-37.6491
-37.4397
-37.2107
-36.9589
-36.6806
-36.3711
-36.0253
-35.6366
-35.1974
-34.6983
-34.1283
-33.4738
-32.719
-31.8458
-30.8333
-29.6589
-28.2964
-26.7169
-24.8897
-22.7845
-20.3752
-17.6468
-14.5988
-11.242
-7.58768
-3.64397
0.546734
4.80283
8.74174
11.9213
14.0726
15.1912
15.4609
15.1256
14.4026
13.4518
12.3801
11.2555
10.1218
9.00705
7.92979
6.90182
5.92989
5.01691
4.16274
3.36513
2.62039
1.92412
1.2716
0.658206
0.0796207
-0.468086
-0.988392
-1.48434
-1.95856
-2.41334
-2.85063
-3.27215
-3.67937
-4.07359
-4.45596
-4.82749
-5.18909
-5.54158
-5.8857
-6.22213
-6.55149
-6.87436
-7.19127
-7.50271
-7.80915
-8.11103
-8.40876
-8.70275
-8.99337
-9.28098
-9.56594
-9.84859
-10.1293
-10.4083
-10.686
-10.9627
-11.2388
-11.5145
-11.7902
-12.0662
-12.3429
-12.6206
-12.8997
-13.1806
-13.4636
-13.7492
-14.0379
-14.3301
-14.6263
-14.927
-15.2328
-15.5444
-15.8623
-16.1873
-16.5202
-16.8617
-17.2129
-17.5746
-17.9478
-18.3339
-18.7338
-19.1491
-19.581
-20.0311
-20.5008
-20.992
-21.5061
-22.0449
-22.6101
-23.2032
-23.8255
-24.4781
-25.1617
-25.8762
-26.6212
-27.3949
-28.1948
-29.0169
-29.8557
-30.7046
-31.5554
-32.4016
-33.233
-34.0391
-34.81
-35.5367
-36.2123
-36.8316
-37.3922
-37.8935
-38.3371
-38.726
-39.064
-39.356
-39.6065
-39.8205
-40.0024
-40.1564
-40.2863
-40.3954
-40.4867
-40.5628
-40.6259
-40.6779
-40.7205
-40.755
-40.7827
-40.8046
-40.8215
-40.8342
-40.8434
-40.8495
-40.8531
-40.8545
-40.854
-40.8519
-40.8485
-40.8439
-40.8383
-40.832
-40.8248
-40.8171
-40.8089
-40.8002
-40.7911
-40.7817
-40.772
-40.762
-40.7518
-40.7414
-40.7309
-40.7202
-40.7093
-40.6983
-40.6871
-40.6759
-40.6645
-40.6531
-40.6415
-40.6299
-40.6181
-40.6063
-40.5943
-40.5823
-40.5701
-40.5579
-40.5456
-40.5332
-40.5207
-40.508
-40.4953
-40.4825
-40.4696
-40.4565
-40.4434
-40.4301
-40.4167
-40.4032
-40.3896
-40.3759
-40.362
-40.3481
-40.334
-40.3197
-40.3054
-40.2909
-40.2762
-40.2614
-40.2465
-40.2314
-40.2162
-40.2009
-40.1854
-40.1697
-40.1539
-40.1379
-40.1217
-40.1054
-40.0889
-40.0723
-40.0554
-40.0384
-40.0212
-40.0039
-39.9863
-39.9685
-39.9506
-39.9325
-39.9141
-39.8956
-39.8768
-39.8579
-39.8387
-39.8193
-39.7997
-39.7799
-39.7598
-39.7395
-39.7189
-39.6981
-39.6771
-39.6558
-39.6343
-39.6124
-39.5904
-39.568
-39.5454
-39.5224
-39.4992
-39.4757
-39.4519
-39.4278
-39.4033
-39.3785
-39.3534
-39.328
-39.3022
-39.276
-39.2495
-39.2226
-39.1953
-39.1677
-39.1396
-39.1111
-39.0822
-39.0529
-39.0231
-38.9928
-38.9621
-38.9309
-38.8992
-38.867
-38.8342
-38.801
-38.7671
-38.7327
-38.6977
-38.662
-38.6258
-38.5888
-38.5512
-38.5129
-38.4739
-38.4341
-38.3936
-38.3522
-38.31
-38.2669
-38.223
-38.1781
-38.1322
-38.0853
-38.0373
-37.9883
-37.9381
-37.8867
-37.8341
-37.7801
-37.7248
-37.668
-37.6097
-37.5498
-37.4883
-37.4249
-37.3598
-37.2927
-37.2235
-37.1521
-37.0784
-37.0022
-36.9234
-36.8418
-36.7572
-36.6694
-36.5783
-36.4834
-36.3846
-36.2816
-36.174
-36.0614
-35.9434
-35.8196
-35.6893
-35.5521
-35.4071
-35.2537
-35.091
-34.9179
-34.7333
-34.536
-34.3243
-34.0967
-33.851
-33.585
-33.2961
-32.981
-32.6364
-32.258
-31.841
-31.38
-30.8686
-30.2998
-29.665
-28.9543
-28.1566
-27.2594
-26.2488
-25.1093
-23.8241
-22.3748
-20.7411
-18.9025
-16.8385
-14.5326
-11.9752
-9.16822
-6.13206
-2.92078
0.348232
3.47088
6.18712
8.27393
9.63031
10.291
10.3804
10.0523
9.44924
8.68384
7.83706
6.96327
6.09684
5.25807
4.45773
3.70035
2.98654
2.31464
1.68177
1.08455
0.519519
-0.0166179
-0.526867
-1.01391
-1.48009
-1.92746
-2.3578
-2.77267
-3.17342
-3.56124
-3.93718
-4.3022
-4.65713
-5.00273
-5.3397
-5.66867
-5.99021
-6.30487
-6.61315
-6.91549
-7.21234
-7.50409
-7.79113
-8.07382
-8.35249
-8.62748
-8.89908
-9.1676
-9.43332
-9.69652
-9.95746
-10.2164
-10.4736
-10.7293
-10.9838
-11.2373
-11.49
-11.7422
-11.9942
-12.2461
-12.4983
-12.751
-13.0045
-13.259
-13.5148
-13.7722
-14.0315
-14.2931
-14.5572
-14.8242
-15.0945
-15.3685
-15.6465
-15.9289
-16.2164
-16.5093
-16.8081
-17.1135
-17.4259
-17.746
-18.0746
-18.4121
-18.7595
-19.1175
-19.4869
-19.8685
-20.2632
-20.672
-21.0955
-21.5349
-21.9908
-22.4642
-22.9555
-23.4655
-23.9944
-24.5424
-25.1092
-25.6943
-26.2966
-26.9144
-27.5458
-28.1879
-28.8373
-29.4902
-30.1419
-30.7876
-31.4221
-32.0417
-32.641
-33.2152
-33.7597
-34.2711
-34.7468
-35.185
-35.5853
-35.9477
-36.2734
-36.5639
-36.8214
-37.0481
-37.2467
-37.4197
-37.5696
-37.6989
-37.8098
-37.9045
-37.9849
-38.0527
-38.1094
-38.1565
-38.1951
-38.2264
-38.2512
-38.2704
-38.2848
-38.2949
-38.3014
-38.3046
-38.305
-38.3029
-38.2987
-38.2926
-38.2849
-38.2758
-38.2654
-38.2539
-38.2414
-38.228
-38.2139
-38.1991
-38.1837
-38.1677
-38.1513
-38.1344
-38.117
-38.0994
-38.0813
-38.063
-38.0443
-38.0254
-38.0062
-37.9867
-37.967
-37.9471
-37.927
-37.9066
-37.886
-37.8651
-37.8441
-37.8229
-37.8014
-37.7797
-37.7578
-37.7357
-37.7133
-37.6908
-37.668
-37.645
-37.6217
-37.5982
-37.5745
-37.5505
-37.5262
-37.5017
-37.477
-37.4519
-37.4266
-37.401
-37.3751
-37.3489
-37.3225
-37.2957
-37.2686
-37.2411
-37.2133
-37.1852
-37.1568
-37.1279
-37.0987
-37.0692
-37.0392
-37.0088
-36.9781
-36.9469
-36.9152
-36.8832
-36.8507
-36.8177
-36.7842
-36.7502
-36.7157
-36.6807
-36.6452
-36.6091
-36.5724
-36.5352
-36.4973
-36.4588
-36.4197
-36.3798
-36.3393
-36.2981
-36.2562
-36.2135
-36.17
-36.1256
-36.0805
-36.0344
-35.9875
-35.9396
-35.8907
-35.8408
-35.7899
-35.7378
-35.6847
-35.6303
-35.5747
-35.5178
-35.4595
-35.3998
-35.3387
-35.276
-35.2117
-35.1457
-35.0779
-35.0083
-34.9367
-34.863
-34.7872
-34.7091
-34.6285
-34.5454
-34.4596
-34.3709
-34.2791
-34.1842
-34.0857
-33.9837
-33.8776
-33.7675
-33.6528
-33.5333
-33.4087
-33.2785
-33.1423
-32.9996
-32.8499
-32.6927
-32.5272
-32.3527
-32.1683
-31.9733
-31.7665
-31.5469
-31.313
-31.0635
-30.7966
-30.5109
-30.204
-29.8735
-29.5167
-29.1304
-28.7109
-28.2543
-27.7559
-27.2104
-26.6118
-25.9533
-25.227
-24.4244
-23.5355
-22.5494
-21.454
-20.2364
-18.8828
-17.3794
-15.7137
-13.8771
-11.8675
-9.69441
-7.38426
-4.98714
-2.58412
-0.289161
1.76347
3.44945
4.68882
5.46475
5.81795
5.82513
5.57491
5.15015
4.61887
4.03184
3.42406
2.81788
2.22635
1.65621
1.1101
0.588273
0.0896761
-0.387346
-0.844634
-1.28399
-1.70706
-2.11533
-2.51006
-2.89238
-3.26326
-3.62354
-3.97398
-4.31525
-4.64795
-4.97263
-5.28981
-5.59995
-5.90349
-6.20082
-6.49235
-6.77841
-7.05936
-7.33551
-7.60718
-7.87463
-8.13816
-8.39803
-8.65448
-8.90776
-9.1581
-9.40572
-9.65084
-9.89366
-10.1344
-10.3732
-10.6104
-10.846
-11.0803
-11.3135
-11.5457
-11.7772
-12.008
-12.2385
-12.4687
-12.6989
-12.9292
-13.1598
-13.3909
-13.6228
-13.8556
-14.0895
-14.3247
-14.5615
-14.8001
-15.0407
-15.2835
-15.5289
-15.777
-16.0282
-16.2827
-16.5408
-16.803
-17.0694
-17.3404
-17.6164
-17.8978
-18.1849
-18.4782
-18.778
-19.0849
-19.3991
-19.7213
-20.0518
-20.3911
-20.7396
-21.0977
-21.4658
-21.8443
-22.2336
-22.6337
-23.0448
-23.4671
-23.9004
-24.3444
-24.7987
-25.2628
-25.7356
-26.2162
-26.7031
-27.1948
-27.6893
-28.1846
-28.6782
-29.1678
-29.6507
-30.1243
-30.5859
-31.0332
-31.4646
-31.878
-32.2715
-32.6435
-32.9929
-33.3189
-33.6213
-33.9
-34.1553
-34.388
-34.5989
-34.789
-34.9595
-35.1117
-35.2468
-35.3661
-35.471
-35.5626
-35.6421
-35.7107
-35.7694
-35.8191
-35.8608
-35.8951
-35.923
-35.945
-35.9617
-35.9736
-35.9814
-35.9853
-35.9858
-35.9833
-35.978
-35.9701
-35.9601
-35.948
-35.9341
-35.9185
-35.9014
-35.8829
-35.8632
-35.8423
-35.8203
-35.7974
-35.7735
-35.7488
-35.7232
-35.697
-35.67
-35.6423
-35.614
-35.5851
-35.5556
-35.5256
-35.495
-35.4638
-35.4321
-35.3999
-35.3671
-35.3338
-35.3001
-35.2658
-35.231
-35.1957
-35.1598
-35.1235
-35.0866
-35.0491
-35.0111
-34.9726
-34.9335
-34.8938
-34.8535
-34.8126
-34.771
-34.7289
-34.6861
-34.6426
-34.5984
-34.5535
-34.5078
-34.4615
-34.4143
-34.3663
-34.3175
-34.2678
-34.2173
-34.1658
-34.1134
-34.06
-34.0056
-33.9501
-33.8935
-33.8358
-33.7769
-33.7168
-33.6554
-33.5927
-33.5286
-33.4631
-33.3961
-33.3275
-33.2573
-33.1853
-33.1116
-33.036
-32.9585
-32.8789
-32.7972
-32.7132
-32.6268
-32.5379
-32.4465
-32.3522
-32.255
-32.1548
-32.0513
-31.9443
-31.8337
-31.7192
-31.6006
-31.4776
-31.35
-31.2174
-31.0795
-30.936
-30.7865
-30.6307
-30.468
-30.2978
-30.1196
-29.9327
-29.7364
-29.5299
-29.3122
-29.0825
-28.8396
-28.5824
-28.3094
-28.0191
-27.7099
-27.3798
-27.0268
-26.6484
-26.2418
-25.8042
-25.3321
-24.8216
-24.2684
-23.6678
-23.0145
-22.3024
-21.5252
-20.676
-19.7476
-18.7324
-17.6237
-16.4154
-15.1034
-13.6872
-12.171
-10.5666
-8.89479
-7.18797
-5.49086
-3.85944
-2.3563
-1.0421
0.035026
0.848225
1.39552
1.69723
1.78898
1.71343
1.51314
1.22589
0.88239
0.505914
0.113048
-0.285065
-0.68138
-1.07176
-1.45401
-1.82717
-2.19103
-2.54576
-2.89175
-3.22946
-3.55936
-3.88188
-4.19744
-4.50641
-4.80912
-5.10588
-5.39696
-5.68264
-5.96316
-6.23876
-6.50966
-6.77609
-7.03825
-7.29636
-7.55062
-7.80121
-8.04832
-8.29215
-8.53287
-8.77066
-9.00567
-9.23808
-9.46805
-9.69573
-9.92128
-10.1448
-10.3666
-10.5866
-10.8051
-11.0221
-11.2379
-11.4525
-11.6661
-11.8788
-12.0908
-12.3022
-12.513
-12.7235
-12.9337
-13.1438
-13.354
-13.5643
-13.7749
-13.9859
-14.1975
-14.4098
-14.623
-14.8371
-15.0524
-15.269
-15.487
-15.7066
-15.928
-16.1514
-16.3769
-16.6046
-16.8349
-17.0678
-17.3036
-17.5425
-17.7846
-18.0302
-18.2794
-18.5326
-18.7899
-19.0515
-19.3176
-19.5885
-19.8643
-20.1452
-20.4316
-20.7234
-21.0209
-21.3241
-21.6333
-21.9485
-22.2696
-22.5968
-22.9298
-23.2686
-23.6129
-23.9625
-24.317
-24.6759
-25.0387
-25.4047
-25.7732
-26.1432
-26.5138
-26.884
-27.2527
-27.6186
-27.9806
-28.3373
-28.6875
-29.03
-29.3636
-29.6871
-29.9996
-30.3
-30.5877
-30.862
-31.1223
-31.369
-31.6016
-31.8199
-32.024
-32.2139
-32.3899
-32.5523
-32.7015
-32.838
-32.9623
-33.075
-33.1767
-33.2679
-33.3494
-33.4217
-33.4853
-33.5409
-33.5891
-33.6302
-33.6649
-33.6936
-33.7168
-33.7348
-33.748
-33.7569
-33.7616
-33.7626
-33.7601
-33.7543
-33.7455
-33.734
-33.7198
-33.7032
-33.6843
-33.6633
-33.6403
-33.6155
-33.5889
-33.5606
-33.5307
-33.4993
-33.4665
-33.4324
-33.3969
-33.3601
-33.3221
-33.2829
-33.2425
-33.201
-33.1584
-33.1147
-33.0699
-33.024
-32.977
-32.929
-32.8799
-32.8297
-32.7784
-32.7261
-32.6727
-32.6181
-32.5624
-32.5056
-32.4476
-32.3883
-32.3279
-32.2662
-32.2032
-32.1389
-32.0732
-32.0062
-31.9377
-31.8676
-31.7961
-31.7229
-31.6481
-31.5716
-31.4933
-31.4131
-31.331
-31.2469
-31.1608
-31.0724
-30.9818
-30.8889
-30.7936
-30.6958
-30.5953
-30.492
-30.3858
-30.2764
-30.1637
-30.0476
-29.9278
-29.8041
-29.6764
-29.5443
-29.4076
-29.2661
-29.1194
-28.9672
-28.8092
-28.6449
-28.474
-28.296
-28.1104
-27.9166
-27.7142
-27.5023
-27.2804
-27.0476
-26.8031
-26.5459
-26.275
-25.9893
-25.6875
-25.3681
-25.0297
-24.6706
-24.2888
-23.8824
-23.4491
-22.9865
-22.4918
-21.9623
-21.3947
-20.7861
-20.1329
-19.4319
-18.6799
-17.874
-17.0122
-16.0931
-15.1169
-14.086
-13.0053
-11.8828
-10.7306
-9.56498
-8.40638
-7.27891
-6.20903
-5.22338
-4.3462
-3.59652
-2.98603
-2.51808
-2.18794
-1.98431
-1.89143
-1.89144
-1.96631
-2.09932
-2.27594
-2.48418
-2.71452
-2.95969
-3.21434
-3.47457
-3.73767
-4.00174
-4.26551
-4.52813
-4.78902
-5.04782
-5.3043
-5.55828
-5.80969
-6.05846
-6.30455
-6.54797
-6.78872
-7.02681
-7.26228
-7.49517
-7.72552
-7.9534
-8.17886
-8.40197
-8.62281
-8.84144
-9.05796
-9.27244
-9.48496
-9.69561
-9.90448
-10.1116
-10.3172
-10.5213
-10.7239
-10.9251
-11.1252
-11.324
-11.5218
-11.7186
-11.9144
-12.1095
-12.3038
-12.4975
-12.6906
-12.8833
-13.0755
-13.2675
-13.4593
-13.6509
-13.8425
-14.0342
-14.226
-14.418
-14.6104
-14.8031
-14.9964
-15.1903
-15.3848
-15.5801
-15.7763
-15.9735
-16.1718
-16.3712
-16.5719
-16.774
-16.9776
-17.1827
-17.3895
-17.5981
-17.8086
-18.021
-18.2356
-18.4523
-18.6713
-18.8927
-19.1165
-19.3429
-19.572
-19.8037
-20.0382
-20.2756
-20.5158
-20.7589
-21.005
-21.254
-21.5059
-21.7607
-22.0183
-22.2786
-22.5416
-22.807
-23.0747
-23.3446
-23.6163
-23.8896
-24.1641
-24.4396
-24.7156
-24.9917
-25.2675
-25.5424
-25.816
-26.0876
-26.3568
-26.623
-26.8856
-27.144
-27.3977
-27.646
-27.8885
-28.1247
-28.3541
-28.5762
-28.7906
-28.9972
-29.1954
-29.3852
-29.5663
-29.7386
-29.902
-30.0566
-30.2023
-30.3392
-30.4674
-30.5871
-30.6984
-30.8015
-30.8967
-30.9843
-31.0643
-31.1375
-31.2038
-31.2637
-31.3173
-31.3649
-31.4068
-31.4431
-31.4742
-31.5003
-31.5216
-31.5383
-31.5508
-31.5591
-31.5635
-31.5641
-31.5612
-31.555
-31.5455
-31.5329
-31.5174
-31.4991
-31.4781
-31.4545
-31.4285
-31.4
-31.3693
-31.3364
-31.3013
-31.2641
-31.2249
-31.1837
-31.1406
-31.0956
-31.0488
-31.0001
-30.9497
-30.8975
-30.8435
-30.7879
-30.7305
-30.6713
-30.6105
-30.5479
-30.4835
-30.4174
-30.3495
-30.2798
-30.2082
-30.1348
-30.0595
-29.9822
-29.9029
-29.8216
-29.7382
-29.6526
-29.5648
-29.4747
-29.3823
-29.2874
-29.19
-29.09
-28.9873
-28.8818
-28.7733
-28.6618
-28.5471
-28.4291
-28.3076
-28.1825
-28.0536
-27.9207
-27.7837
-27.6423
-27.4963
-27.3454
-27.1894
-27.028
-26.861
-26.6879
-26.5085
-26.3223
-26.129
-25.9281
-25.7192
-25.5016
-25.275
-25.0386
-24.7919
-24.5341
-24.2645
-23.9822
-23.6865
-23.3763
-23.0507
-22.7086
-22.3489
-21.9704
-21.5719
-21.152
-20.7096
-20.2432
-19.7518
-19.234
-18.6889
-18.1157
-17.514
-16.8838
-16.2255
-15.5406
-14.8311
-14.1003
-13.3526
-12.5935
-11.83
-11.0704
-10.3239
-9.6006
-8.91076
-8.26454
-7.67118
-7.13841
-6.67197
-6.27525
-5.94916
-5.69228
-5.50117
-5.37083
-5.29522
-5.26779
-5.28192
-5.33122
-5.40986
-5.51261
-5.63497
-5.77311
-5.92386
-6.0846
-6.25323
-6.42804
-6.60766
-6.791
-6.97718
-7.1655
-7.35539
-7.54638
-7.7381
-7.93023
-8.12253
-8.31478
-8.50681
-8.69848
-8.88966
-9.08026
-9.27022
-9.45946
-9.64793
-9.83562
-10.0225
-10.2085
-10.3937
-10.5781
-10.7617
-10.9444
-11.1263
-11.3075
-11.488
-11.6677
-11.8468
-12.0252
-12.203
-12.3803
-12.557
-12.7333
-12.9091
-13.0846
-13.2597
-13.4345
-13.6091
-13.7835
-13.9577
-14.1319
-14.306
-14.4801
-14.6543
-14.8286
-15.003
-15.1777
-15.3526
-15.5279
-15.7035
-15.8796
-16.0561
-16.2332
-16.4108
-16.5891
-16.7681
-16.9478
-17.1283
-17.3096
-17.4918
-17.6749
-17.8591
-18.0442
-18.2304
-18.4176
-18.606
-18.7956
-18.9864
-19.1783
-19.3715
-19.566
-19.7617
-19.9587
-20.1569
-20.3564
-20.5571
-20.759
-20.9621
-21.1663
-21.3715
-21.5778
-21.785
-21.993
-22.2017
-22.411
-22.6208
-22.8309
-23.0412
-23.2515
-23.4616
-23.6712
-23.8803
-24.0886
-24.2958
-24.5016
-24.706
-24.9085
-25.1089
-25.3069
-25.5024
-25.6949
-25.8843
-26.0703
-26.2526
-26.4309
-26.6051
-26.775
-26.9402
-27.1007
-27.2562
-27.4067
-27.5519
-27.6917
-27.8261
-27.9549
-28.0781
-28.1958
-28.3077
-28.4141
-28.5148
-28.6098
-28.6994
-28.7834
-28.862
-28.9353
-29.0033
-29.0662
-29.124
-29.1769
-29.2249
-29.2683
-29.3071
-29.3414
-29.3714
-29.3973
-29.419
-29.4368
-29.4507
-29.4609
-29.4676
-29.4707
-29.4704
-29.4668
-29.4601
-29.4502
-29.4374
-29.4216
-29.403
-29.3816
-29.3575
-29.3308
-29.3016
-29.2698
-29.2355
-29.1989
-29.1599
-29.1186
-29.0749
-29.0291
-28.981
-28.9306
-28.8781
-28.8235
-28.7666
-28.7076
-28.6465
-28.5832
-28.5177
-28.4501
-28.3803
-28.3083
-28.2341
-28.1577
-28.079
-27.998
-27.9147
-27.8291
-27.741
-27.6504
-27.5574
-27.4618
-27.3635
-27.2626
-27.1589
-27.0523
-26.9429
-26.8304
-26.7147
-26.5959
-26.4737
-26.3482
-26.219
-26.0861
-25.9494
-25.8087
-25.6639
-25.5147
-25.361
-25.2027
-25.0394
-24.871
-24.6973
-24.518
-24.3328
-24.1415
-23.9438
-23.7394
-23.528
-23.3092
-23.0827
-22.8481
-22.605
-22.3531
-22.0919
-21.8211
-21.5401
-21.2487
-20.9463
-20.6326
-20.3072
-19.9698
-19.6201
-19.2579
-18.883
-18.4954
-18.0952
-17.6826
-17.2581
-16.8224
-16.3764
-15.9213
-15.4585
-14.9899
-14.5176
-14.0441
-13.5721
-13.1049
-12.6456
-12.1976
-11.7646
-11.3499
-10.9569
-10.5885
-10.2473
-9.93562
-9.65491
-9.40618
-9.18983
-9.00566
-8.85295
-8.73054
-8.63688
-8.57017
-8.52841
-8.50952
-8.5114
-8.532
-8.56932
-8.62153
-8.6869
-8.76388
-8.85106
-8.94718
-9.05112
-9.16189
-9.27863
-9.40057
-9.52705
-9.65749
-9.79137
-9.92825
-10.0677
-10.2095
-10.3532
-10.4986
-10.6456
-10.7937
-10.943
-11.0932
-11.2442
-11.3959
-11.5482
-11.701
-11.8542
-12.0077
-12.1615
-12.3156
-12.4699
-12.6243
-12.7789
-12.9336
-13.0883
-13.2432
-13.3982
-13.5532
-13.7083
-13.8634
-14.0187
-14.174
-14.3294
-14.4849
-14.6406
-14.7963
-14.9522
-15.1083
-15.2645
-15.421
-15.5776
-15.7345
-15.8916
-16.049
-16.2067
-16.3647
-16.523
-16.6817
-16.8408
-17.0002
-17.16
-17.3202
-17.4809
-17.642
-17.8036
-17.9656
-18.1281
-18.2911
-18.4546
-18.6186
-18.7831
-18.9481
-19.1135
-19.2794
-19.4458
-19.6127
-19.7799
-19.9476
-20.1156
-20.284
-20.4527
-20.6217
-20.7909
-20.9602
-21.1296
-21.2991
-21.4686
-21.6379
-21.8071
-21.9759
-22.1444
-22.3125
-22.4799
-22.6467
-22.8127
-22.9778
-23.1418
-23.3046
-23.4662
-23.6263
-23.7848
-23.9416
-24.0965
-24.2495
-24.4003
-24.5488
-24.6949
-24.8384
-24.9793
-25.1173
-25.2524
-25.3845
-25.5134
-25.639
-25.7612
-25.88
-25.9952
-26.1069
-26.2148
-26.3189
-26.4193
-26.5158
-26.6085
-26.6972
-26.7821
-26.863
-26.94
-27.013
-27.0822
-27.1475
-27.2089
-27.2664
-27.3202
-27.3702
-27.4165
-27.4591
-27.4981
-27.5335
-27.5654
-27.5939
-27.619
-27.6407
-27.6592
-27.6744
-27.6865
-27.6955
-27.7015
-27.7045
-27.7046
-27.7018
-27.6962
-27.6879
-27.6768
-27.6632
-27.6469
-27.6281
-27.6068
-27.583
-27.5568
-27.5282
-27.4973
-27.464
-27.4285
-27.3907
-27.3507
-27.3085
-27.2641
-27.2176
-27.1689
-27.1181
-27.0652
-27.0101
-26.953
-26.8938
-26.8325
-26.7691
-26.7036
-26.636
-26.5663
-26.4945
-26.4206
-26.3446
-26.2664
-26.186
-26.1034
-26.0186
-25.9316
-25.8422
-25.7506
-25.6566
-25.5603
-25.4615
-25.3603
-25.2565
-25.1502
-25.0413
-24.9297
-24.8153
-24.6982
-24.5782
-24.4553
-24.3294
-24.2004
-24.0682
-23.9328
-23.7941
-23.6519
-23.5063
-23.357
-23.204
-23.0472
-22.8865
-22.7218
-22.5529
-22.3798
-22.2024
-22.0205
-21.834
-21.6429
-21.447
-21.2462
-21.0406
-20.8299
-20.6141
-20.3932
-20.1671
-19.9359
-19.6995
-19.458
-19.2115
-18.9602
-18.704
-18.4434
-18.1784
-17.9096
-17.6371
-17.3616
-17.0834
-16.8032
-16.5217
-16.2396
-15.9576
-15.6767
-15.3978
-15.1219
-14.8501
-14.5833
-14.3226
-14.0692
-13.8241
-13.5883
-13.3628
-13.1484
-12.946
-12.7563
-12.5798
-12.4171
-12.2683
-12.1339
-12.0137
-11.9078
-11.8159
-11.738
-11.6735
-11.622
-11.5832
-11.5563
-11.5409
-11.5364
-11.542
-11.5574
-11.5817
-11.6145
-11.6551
-11.703
-11.7577
-11.8187
-11.8855
-11.9576
-12.0348
-12.1165
-12.2024
-12.2923
-12.3857
-12.4825

