-72
-71.9938
-71.9885
-71.9832
-71.9779
-71.9726
-71.9673
-71.9619
-71.9566
-71.9513
-71.946
-71.9407
-71.9354
-71.9301
-71.9248
-71.9196
-71.9143
-71.909
-71.9037
-71.8984
-71.8931
-71.8878
-71.8825
-71.8773
-71.872
-71.8667
-71.8614
-71.8562
-71.8509
-71.8456
-71.8403
-71.8351
-71.8298
-71.8245
-71.8193
-71.814
-71.8088
-71.8035
-71.7983
-71.793
-71.7877
-71.7825
-71.7773
-71.772
-71.7668
-71.7615
-71.7563
-71.7511
-71.7458
-71.7406
-71.7354
-71.7301
-71.7249
-71.7197
-71.7145
-71.7092
-71.704
-71.6988
-71.6936
-71.6884
-71.6832
-71.678
-71.6728
-71.6676
-71.6624
-71.6572
-71.652
-71.6468
-71.6416
-71.6364
-71.6312
-71.6261
-71.6209
-71.6157
-71.6105
-71.6054
-71.6002
-71.595
-71.5899
-71.5847
-71.5795
-71.5744
-71.5692
-71.5641
-71.5589
-71.5538
-71.5486
-71.5435
-71.5384
-71.5332
-71.5281
-71.523
-71.5178
-71.5127
-71.5076
-71.5025
-71.4974
-71.4922
-71.4871
-71.482
-71.4769
-71.4718
-71.4667
-71.4616
-71.4565
-71.4514
-71.4463
-71.4412
-71.4362
-71.4311
-71.426
-71.4209
-71.4158
-71.4108
-71.4057
-71.4006
-71.3956
-71.3905
-71.3855
-71.3804
-71.3754
-71.3703
-71.3653
-71.3602
-71.3552
-71.3501
-71.3451
-71.3401
-71.335
-71.33
-71.325
-71.32
-71.3149
-71.3099
-71.3049
-71.2999
-71.2949
-71.2899
-71.2849
-71.2799
-71.2749
-71.2699
-71.2649
-71.2599
-71.2549
-71.25
-71.245
-71.24
-71.235
-71.2301
-71.2251
-71.2201
-71.2152
-71.2102
-71.2052
-71.2003
-71.1953
-71.1904
-71.1854
-71.1805
-71.1756
-71.1706
-71.1657
-71.1608
-71.1558
-71.1509
-71.146
-71.1411
-71.1361
-71.1312
-71.1263
-71.1214
-71.1165
-71.1116
-71.1067
-71.1018
-71.0969
-71.092
-71.0871
-71.0822
-71.0773
-71.0725
-71.0676
-71.0627
-71.0578
-71.053
-71.0481
-71.0432
-71.0384
-71.0335
-71.0287
-71.0238
-71.019
-71.0141
-71.0093
-71.0044
-70.9996
-70.9947
-70.9899
-70.9851
-70.9803
-70.9754
-70.9706
-70.9658
-70.961
-70.9562
-70.9513
-70.9465
-70.9417
-70.9369
-70.9321
-70.9273
-70.9225
-70.9177
-70.913
-70.9082
-70.9034
-70.8986
-70.8938
-70.889
-70.8843
-70.8795
-70.8747
-70.87
-70.8652
-70.8605
-70.8557
-70.8509
-70.8462
-70.8414
-70.8367
-70.832
-70.8272
-70.8225
-70.8177
-70.813
-70.8083
-70.8036
-70.7988
-70.7941
-70.7894
-70.7847
-70.78
-70.7753
-70.7705
-70.7658
-70.7611
-70.7564
-70.7517
-70.7471
-70.7424
-70.7377
-70.733
-70.7283
-70.7236
-70.7189
-70.7143
-70.7096
-70.7049
-70.7003
-70.6956
-70.6909
-70.6863
-70.6816
-70.677
-70.6723
-70.6677
-70.663
-70.6584
-70.6537
-70.6491
-70.6445
-70.6398
-70.6352
-70.6306
-70.626
-70.6213
-70.6167
-70.6121
-70.6075
-70.6029
-70.5983
-70.5936
-70.589
-70.5844
-70.5798
-70.5752
-70.5707
-70.5661
-70.5615
-70.5569
-70.5523
-70.5477
-70.5431
-70.5386
-70.534
-70.5294
-70.5249
-70.5203
-70.5157
-70.5112
-70.5066
-70.5021
-70.4975
-70.493
-70.4884
-70.4839
-70.4793
-70.4748
-70.4702
-70.4657
-70.4612
-70.4566
-70.4521
-70.4476
-70.4431
-70.4386
-70.434
-70.4295
-70.425
-70.4205
-70.416
-70.4115
-70.407
-70.4025
-70.398
-70.3935
-70.389
-70.3845
-70.38
-70.3755
-70.3711
-70.3666
-70.3621
-70.3576
-70.3531
-70.3487
-70.3442
-70.3397
-70.3353
-70.3308
-70.3264
-70.3219
-70.3174
-70.313
-70.3085
-70.3041
-70.2997
-70.2952
-70.2908
-70.2863
-70.2819
-70.2775
-70.273
-70.2686
-70.2642
-70.2598
-70.2553
-70.2509
-70.2465
-70.2421
-70.2377
-70.2333
-70.2289
-70.2245
-70.2201
-70.2157
-70.2113
-70.2069
-70.2025
-70.1981
-70.1937
-70.1893
-70.1849
-70.1805
-70.1762
-70.1718
-70.1674
-70.163
-70.1587
-70.1543
-70.1499
-70.1456
-70.1412
-70.1369
-70.1325
-70.1281
-70.1238
-70.1194
-70.1151
-70.1108
-70.1064
-70.1021
-70.0977
-70.0934
-70.0891
-70.0847
-70.0804
-70.0761
-70.0717
-70.0674
-70.0631
-70.0588
-70.0545
-70.0501
-70.0458
-70.0415
-70.0372
-70.0329
-70.0286
-70.0243
-70.02
-70.0157
-70.0114
-70.0071
-70.0028
-69.9985
-69.9943
-69.99
-69.9857
-69.9814
-69.9771
-69.9729
-69.9686
-69.9643
-69.96
-69.9558
-69.9515
-69.9472
-69.943
-69.9387
-69.9345
-69.9302
-69.9259
-69.9217
-69.9174
-69.9132
-69.909
-69.9047
-69.9005
-69.8962
-69.892
-69.8878
-69.8835
-69.8793
-69.8751
-69.8708
-69.8666
-69.8624
-69.8582
-69.8539
-69.8497
-69.8455
-69.8413
-69.8371
-69.8329
-69.8287
-69.8245
-69.8202
-69.816
-69.8118
-69.8076
-69.8034
-69.7993
-69.7951
-69.7909
-69.7867
-69.7825
-69.7783
-69.7741
-69.7699
-69.7658
-69.7616
-69.7574
-69.7532
-69.7491
-69.7449
-69.7407
-69.7366
-69.7324
-69.7282
-69.7241
-69.7199
-69.7157
-69.7116
-69.7074
-69.7033
-69.6991
-69.695
-69.6908
-69.6867
-69.6826
-69.6784
-69.6743
-69.6701
-69.666
-69.6619
-69.6577
-69.6536
-69.6495
-69.6453
-69.6412
-69.6371
-69.633
-69.6288
-69.6247
-69.6206
-69.6165
-69.6124
-69.6083
-69.6042
-69.6
-69.5959
-69.5918
-69.5877
-69.5836
-69.5795
-69.5754
-69.5713
-69.5672
-69.5631
-69.559
-69.555
-69.5509
-69.5468
-69.5427
-69.5386
-69.5345
-69.5304
-69.5264
-69.5223
-69.5182
-69.5141
-69.5101
-69.506
-69.5019
-69.4978
-69.4938
-69.4897
-69.4856
-69.4816
-69.4775
-69.4735
-69.4694
-69.4653
-69.4613
-69.4572
-69.4532
-69.4491
-69.4451
-69.441
-69.437
-69.4329
-69.4289
-69.4249
-69.4208
-69.4168
-69.4127
-69.4087
-69.4047
-69.4006
-69.3966
-69.3926
-69.3885
-69.3845
-69.3805
-69.3765
-69.3724
-69.3684
-69.3644
-69.3604
-69.3564
-69.3523
-69.3483
-69.3443
-69.3403
-69.3363
-69.3323
-69.3283
-69.3243
-69.3203
-69.3163
-69.3123
-69.3083
-69.3043
-69.3003
-69.2963
-69.2923
-69.2883
-69.2843
-69.2803
-69.2763
-69.2723
-69.2683
-69.2643
-69.2603
-69.2563
-69.2524
-69.2484
-69.2444
-69.2404
-69.2364
-69.2325
-69.2285
-69.2245
-69.2205
-69.2165
-69.2126
-69.2086
-69.2046
-69.2007
-69.1967
-69.1927
-69.1888
-69.1848
-69.1808
-69.1769
-69.1729
-69.169
-69.165
-69.161
-69.1571
-69.1531
-69.1492
-69.1452
-69.1413
-69.1373
-69.1334
-69.1294
-69.1255
-69.1215
-69.1176
-69.1136
-69.1097
-69.1057
-69.1018
-69.0979
-69.0939
-69.09
-69.086
-69.0821
-69.0782
-69.0742
-69.0703
-69.0664
-69.0624
-69.0585
-69.0546
-69.0506
-69.0467
-69.0428
-69.0389
-69.0349
-69.031
-69.0271
-69.0232
-69.0192
-69.0153
-69.0114
-69.0075
-69.0036
-68.9996
-68.9957
-68.9918
-68.9879
-68.984
-68.9801
-68.9762
-68.9722
-68.9683
-68.9644
-68.9605
-68.9566
-68.9527
-68.9488
-68.9449
-68.941
-68.9371
-68.9332
-68.9293
-68.9254
-68.9215
-68.9176
-68.9137
-68.9098
-68.9059
-68.902
-68.8981
-68.8942
-68.8903
-68.8864
-68.8825
-68.8786
-68.8747
-68.8708
-68.8669
-68.863
-68.8591
-68.8553
-68.8514
-68.8475
-68.8436
-68.8397
-68.8358
-68.8319
-68.828
-68.8242
-68.8203
-68.8164
-68.8125
-68.8086
-68.8047
-68.8009
-68.797
-68.7931
-68.7892
-68.7853
-68.7815
-68.7776
-68.7737
-68.7698
-68.766
-68.7621
-68.7582
-68.7543
-68.7505
-68.7466
-68.7427
-68.7388
-68.735
-68.7311
-68.7272
-68.7234
-68.7195
-68.7156
-68.7117
-68.7079
-68.704
-68.7001
-68.6963
-68.6924
-68.6885
-68.6847
-68.6808
-68.6769
-68.6731
-68.6692
-68.6653
-68.6615
-68.6576
-68.6538
-68.6499
-68.646
-68.6422
-68.6383
-68.6344
-68.6306
-68.6267
-68.6229
-68.619
-68.6151
-68.6113
-68.6074
-68.6036
-68.5997
-68.5958
-68.592
-68.5881
-68.5843
-68.5804
-68.5765
-68.5727
-68.5688
-68.565
-68.5611
-68.5573
-68.5534
-68.5495
-68.5457
-68.5418
-68.538
-68.5341
-68.5303
-68.5264
-68.5225
-68.5187
-68.5148
-68.511
-68.5071
-68.5033
-68.4994
-68.4956
-68.4917
-68.4878
-68.484
-68.4801
-68.4763
-68.4724
-68.4686
-68.4647
-68.4609
-68.457
-68.4532
-68.4493
-68.4454
-68.4416
-68.4377
-68.4339
-68.43
-68.4262
-68.4223
-68.4185
-68.4146
-68.4108
-68.4069
-68.403
-68.3992
-68.3953
-68.3915
-68.3876
-68.3838
-68.3799
-68.3761
-68.3722
-68.3683
-68.3645
-68.3606
-68.3568
-68.3529
-68.3491
-68.3452
-68.3413
-68.3375
-68.3336
-68.3298
-68.3259
-68.322
-68.3182
-68.3143
-68.3105
-68.3066
-68.3028
-68.2989
-68.295
-68.2912
-68.2873
-68.2834
-68.2796
-68.2757
-68.2719
-68.268
-68.2641
-68.2603
-68.2564
-68.2525
-68.2487
-68.2448
-68.241
-68.2371
-68.2332
-68.2294
-68.2255
-68.2216
-68.2178
-68.2139
-68.21
-68.2062
-68.2023
-68.1984
-68.1945
-68.1907
-68.1868
-68.1829
-68.1791
-68.1752
-68.1713
-68.1674
-68.1636
-68.1597
-68.1558
-68.1519
-68.1481
-68.1442
-68.1403
-68.1364
-68.1326
-68.1287
-68.1248
-68.1209
-68.117
-68.1132
-68.1093
-68.1054
-68.1015
-68.0976
-68.0938
-68.0899
-68.086
-68.0821
-68.0782
-68.0743
-68.0704
-68.0665
-68.0627
-68.0588
-68.0549
-68.051
-68.0471
-68.0432
-68.0393
-68.0354
-68.0315
-68.0276
-68.0237
-68.0198
-68.0159
-68.012
-68.0081
-68.0042
-68.0003
-67.9964
-67.9925
-67.9886
-67.9847
-67.9808
-67.9769
-67.973
-67.9691
-67.9652
-67.9613
-67.9574
-67.9534
-67.9495
-67.9456
-67.9417
-67.9378
-67.9339
-67.9299
-67.926
-67.9221
-67.9182
-67.9143
-67.9103
-67.9064
-67.9025
-67.8986
-67.8946
-67.8907
-67.8868
-67.8829
-67.8789
-67.875
-67.8711
-67.8671
-67.8632
-67.8593
-67.8553
-67.8514
-67.8474
-67.8435
-67.8396
-67.8356
-67.8317
-67.8277
-67.8238
-67.8198
-67.8159
-67.8119
-67.808
-67.804
-67.8001
-67.7961
-67.7922
-67.7882
-67.7843
-67.7803
-67.7763
-67.7724
-67.7684
-67.7644
-67.7605
-67.7565
-67.7525
-67.7486
-67.7446
-67.7406
-67.7367
-67.7327
-67.7287
-67.7247
-67.7207
-67.7168
-67.7128
-67.7088
-67.7048
-67.7008
-67.6968
-67.6928
-67.6889
-67.6849
-67.6809
-67.6769
-67.6729
-67.6689
-67.6649
-67.6609
-67.6569
-67.6529
-67.6489
-67.6448
-67.6408
-67.6368
-67.6328
-67.6288
-67.6248
-67.6208
-67.6168
-67.6127
-67.6087
-67.6047
-67.6007
-67.5966
-67.5926
-67.5886
-67.5845
-67.5805
-67.5765
-67.5724
-67.5684
-67.5643
-67.5603
-67.5563
-67.5522
-67.5482
-67.5441
-67.5401
-67.536
-67.532
-67.5279
-67.5238
-67.5198
-67.5157
-67.5117
-67.5076
-67.5035
-67.4994
-67.4954
-67.4913
-67.4872
-67.4831
-67.4791
-67.475
-67.4709
-67.4668
-67.4627
-67.4586
-67.4545
-67.4505
-67.4464
-67.4423
-67.4382
-67.4341
-67.43
-67.4258
-67.4217
-67.4176
-67.4135
-67.4094
-67.4053
-67.4012
-67.397
-67.3929
-67.3888
-67.3847
-67.3805
-67.3764
-67.3723
-67.3681
-67.364
-67.3599
-67.3557
-67.3516
-67.3474
-67.3433
-67.3391
-67.335
-67.3308
-67.3266
-67.3225
-67.3183
-67.3142
-67.31
-67.3058
-67.3016
-67.2975
-67.2933
-67.2891
-67.2849
-67.2807
-67.2766
-67.2724
-67.2682
-67.264
-67.2598
-67.2556
-67.2514
-67.2472
-67.243
-67.2388
-67.2345
-67.2303
-67.2261
-67.2219
-67.2177
-67.2134
-67.2092
-67.205
-67.2007
-67.1965
-67.1923
-67.188
-67.1838
-67.1795
-67.1753
-67.171
-67.1668
-67.1625
-67.1583
-67.154
-67.1497
-67.1455
-67.1412
-67.1369
-67.1326
-67.1284
-67.1241
-67.1198
-67.1155
-67.1112
-67.1069
-67.1026
-67.0983
-67.094
-67.0897
-67.0854
-67.0811
-67.0768
-67.0724
-67.0681
-67.0638
-67.0595
-67.0551
-67.0508
-67.0465
-67.0421
-67.0378
-67.0334
-67.0291
-67.0247
-67.0204
-67.016
-67.0116
-67.0073
-67.0029
-66.9985
-66.9942
-66.9898
-66.9854
-66.981
-66.9766
-66.9722
-66.9678
-66.9634
-66.959
-66.9546
-66.9502
-66.9458
-66.9414
-66.937
-66.9326
-66.9281
-66.9237
-66.9193
-66.9148
-66.9104
-66.9059
-66.9015
-66.8971
-66.8926
-66.8881
-66.8837
-66.8792
-66.8747
-66.8703
-66.8658
-66.8613
-66.8568
-66.8523
-66.8479
-66.8434
-66.8389
-66.8344
-66.8299
-66.8253
-66.8208
-66.8163
-66.8118
-66.8073
-66.8027
-66.7982
-66.7937
-66.7891
-66.7846
-66.78
-66.7755
-66.7709
-66.7664
-66.7618
-66.7572
-66.7527
-66.7481
-66.7435
-66.7389
-66.7343
-66.7297
-66.7251
-66.7205
-66.7159
-66.7113
-66.7067
-66.7021
-66.6975
-66.6929
-66.6882
-66.6836
-66.6789
-66.6743
-66.6697
-66.665
-66.6603
-66.6557
-66.651
-66.6463
-66.6417
-66.637
-66.6323
-66.6276
-66.6229
-66.6182
-66.6135
-66.6088
-66.6041
-66.5994
-66.5947
-66.59
-66.5852
-66.5805
-66.5758
-66.571
-66.5663
-66.5615
-66.5568
-66.552
-66.5472
-66.5425
-66.5377
-66.5329
-66.5281
-66.5233
-66.5185
-66.5137
-66.5089
-66.5041
-66.4993
-66.4945
-66.4896
-66.4848
-66.48
-66.4751
-66.4703
-66.4654
-66.4606
-66.4557
-66.4508
-66.446
-66.4411
-66.4362
-66.4313
-66.4264
-66.4215
-66.4166
-66.4117
-66.4068
-66.4019
-66.3969
-66.392
-66.3871
-66.3821
-66.3772
-66.3722
-66.3673
-66.3623
-66.3573
-66.3524
-66.3474
-66.3424
-66.3374
-66.3324
-66.3274
-66.3224
-66.3174
-66.3123
-66.3073
-66.3023
-66.2972
-66.2922
-66.2871
-66.2821
-66.277
-66.272
-66.2669
-66.2618
-66.2567
-66.2516
-66.2465
-66.2414
-66.2363
-66.2312
-66.2261
-66.2209
-66.2158
-66.2106
-66.2055
-66.2003
-66.1952
-66.19
-66.1848
-66.1797
-66.1745
-66.1693
-66.1641
-66.1589
-66.1537
-66.1484
-66.1432
-66.138
-66.1327
-66.1275
-66.1222
-66.117
-66.1117
-66.1064
-66.1011
-66.0959
-66.0906
-66.0853
-66.0799
-66.0746
-66.0693
-66.064
-66.0586
-66.0533
-66.0479
-66.0426
-66.0372
-66.0318
-66.0265
-66.0211
-66.0157
-66.0103
-66.0049
-65.9994
-65.994
-65.9886
-65.9831
-65.9777
-65.9722
-65.9668
-65.9613
-65.9558
-65.9503
-65.9448
-65.9393
-65.9338
-65.9283
-65.9228
-65.9173
-65.9117
-65.9062
-65.9006
-65.895
-65.8895
-65.8839
-65.8783
-65.8727
-65.8671
-65.8615
-65.8558
-65.8502
-65.8445
-65.8389
-65.8332
-65.8275
-65.8219
-65.8162
-65.8105
-65.8047
-65.799
-65.7933
-65.7875
-65.7818
-65.776
-65.7702
-65.7644
-65.7586
-65.7528
-65.7469
-65.741
-65.7352
-65.7293
-65.7233
-65.7174
-65.7114
-65.7055
-65.6994
-65.6934
-65.6873
-65.6812
-65.6751
-65.6689
-65.6627
-65.6564
-65.65
-65.6436
-65.6372
-65.6306
-65.6239
-65.6172
-65.6104
-65.6034
-65.5963
-65.5891
-65.5817
-65.5742
-65.5665
-65.5586
-65.5504
-65.542
-65.5332
-65.5239
-65.5142
-65.5039
-65.4929
-65.4813
-65.469
-65.4558
-65.4418
-65.4268
-65.4108
-65.3938
-65.3757
-65.3564
-65.3357
-65.3136
-65.2897
-65.2639
-65.2353
-65.2028
-65.1647
-65.1199
-65.0676
-65.0075
-64.9396
-64.8639
-64.7803
-64.689
-64.59
-64.4832
-64.3686
-64.2458
-64.1144
-63.9737
-63.8223
-63.6583
-63.478
-63.2752
-63.0367
-62.7355
-62.3136
-61.72
-60.9694
-60.1227
-59.222
-58.2916
-57.3452
-56.3895
-55.4265
-54.4546
-53.4686
-52.4596
-51.4138
-50.3108
-49.1196
-47.7921
-46.2482
-44.3443
-41.7954
-37.9751
-31.5029
-18.9581
-0.676133
17.5557
29.461
36.5639
40.6863
42.9417
43.9882
44.217
43.8726
43.1217
42.0883
40.8682
39.5353
38.1446
36.7351
35.3332
33.9558
32.6142
31.3178
30.0789
28.924
27.8663
26.8783
25.9049
24.9202
23.9188
22.9034
21.8795
20.8526
19.8272
18.8071
17.795
16.7928
15.8022
14.8242
13.8595
12.9086
11.9719
11.0493
10.141
9.24687
8.36714
7.50184
6.65076
5.81334
4.98902
4.17736
3.37803
2.59081
1.81555
1.05217
0.300575
-0.43928
-1.16745
-1.884
-2.589
-3.2825
-3.96461
-4.63542
-5.29504
-5.94361
-6.58126
-7.20815
-7.82445
-8.43036
-9.02607
-9.61182
-10.1878
-10.7544
-11.3117
-11.8601
-12.3998
-12.9311
-13.4543
-13.9698
-14.4778
-14.9786
-15.4727
-15.9602
-16.4416
-16.9171
-17.3872
-17.8521
-18.3123
-18.768
-19.2197
-19.6677
-20.1124
-20.5542
-20.9935
-21.4306
-21.866
-22.3002
-22.7335
-23.1665
-23.5995
-24.0332
-24.4679
-24.9044
-25.3432
-25.785
-26.2303
-26.68
-27.1347
-27.5952
-28.0622
-28.5365
-29.0187
-29.5098
-30.0104
-30.5214
-31.0435
-31.5776
-32.1243
-32.6846
-33.2592
-33.8491
-34.456
-35.082
-35.7298
-36.4024
-37.1029
-37.8335
-38.5956
-39.3891
-40.2129
-41.0649
-41.9423
-42.8419
-43.7611
-44.6979
-45.6501
-46.6155
-47.5917
-48.5764
-49.5672
-50.5614
-51.5566
-52.5499
-53.5387
-54.52
-55.491
-56.4491
-57.3916
-58.3157
-59.2192
-60.0996
-60.955
-61.7834
-62.5833
-63.3533
-64.0924
-64.7997
-65.4748
-66.1176
-66.7281
-67.3066
-67.8538
-68.3704
-68.8572
-69.3155
-69.7462
-70.1507
-70.5302
-70.8861
-71.2196
-71.5321
-71.8248
-72.099
-72.3557
-72.5962
-72.8215
-73.0326
-73.2304
-73.4158
-73.5897
-73.7528
-73.9058
-74.0495
-74.1843
-74.3109
-74.4299
-74.5416
-74.6466
-74.7453
-74.8381
-74.9253
-75.0074
-75.0845
-75.1571
-75.2254
-75.2897
-75.3502
-75.4071
-75.4607
-75.5112
-75.5588
-75.6036
-75.6459
-75.6857
-75.7232
-75.7586
-75.7919
-75.8233
-75.853
-75.8809
-75.9073
-75.9322
-75.9556
-75.9777
-75.9986
-76.0183
-76.0368
-76.0543
-76.0708
-76.0863
-76.1009
-76.1147
-76.1276
-76.1398
-76.1513
-76.162
-76.1721
-76.1816
-76.1905
-76.1989
-76.2067
-76.214
-76.2208
-76.2271
-76.2331
-76.2386
-76.2437
-76.2484
-76.2528
-76.2568
-76.2605
-76.2639
-76.2669
-76.2697
-76.2722
-76.2745
-76.2765
-76.2783
-76.2798
-76.2812
-76.2823
-76.2832
-76.2839
-76.2845
-76.2848
-76.285
-76.2851
-76.2849
-76.2847
-76.2843
-76.2837
-76.2831
-76.2823
-76.2813
-76.2803
-76.2792
-76.2779
-76.2766
-76.2751
-76.2736
-76.2719
-76.2702
-76.2684
-76.2665
-76.2646
-76.2625
-76.2604
-76.2583
-76.256
-76.2537
-76.2514
-76.249
-76.2465
-76.244
-76.2414
-76.2388
-76.2361
-76.2334
-76.2306
-76.2278
-76.225
-76.2221
-76.2192
-76.2163
-76.2133
-76.2103
-76.2072
-76.2041
-76.201
-76.1979
-76.1947
-76.1916
-76.1883
-76.1851
-76.1819
-76.1786
-76.1753
-76.172
-76.1686
-76.1653
-76.1619
-76.1585
-76.1551
-76.1517
-76.1483
-76.1448
-76.1414
-76.1379
-76.1344
-76.1309
-76.1274
-76.1239
-76.1204
-76.1169
-76.1133
-76.1098
-76.1062
-76.1026
-76.0991
-76.0955
-76.0919
-76.0883
-76.0847
-76.0811
-76.0775
-76.0739
-76.0703
-76.0666
-76.063
-76.0594
-76.0557
-76.0521
-76.0485
-76.0448
-76.0412
-76.0375
-76.0339
-76.0302
-76.0265
-76.0229
-76.0192
-76.0155
-76.0119
-76.0082
-76.0045
-76.0009
-75.9972
-75.9935
-75.9899
-75.9862
-75.9825
-75.9788
-75.9751
-75.9715
-75.9678
-75.9641
-75.9604
-75.9567
-75.9531
-75.9494
-75.9457
-75.942
-75.9383
-75.9347
-75.931
-75.9273
-75.9236
-75.9199
-75.9162
-75.9126
-75.9089
-75.9052
-75.9015
-75.8978
-75.8941
-75.8904
-75.8868
-75.8831
-75.8794
-75.8757
-75.872
-75.8683
-75.8647
-75.861
-75.8573
-75.8536
-75.8499
-75.8462
-75.8425
-75.8388
-75.8352
-75.8315
-75.8278
-75.8241
-75.8204
-75.8167
-75.813
-75.8093
-75.8056
-75.8019
-75.7982
-75.7945
-75.7909
-75.7872
-75.7835
-75.7798
-75.7761
-75.7724
-75.7687
-75.765
-75.7613
-75.7576
-75.7539
-75.7501
-75.7464
-75.7427
-75.739
-75.7353
-75.7316
-75.7279
-75.7242
-75.7205
-75.7167
-75.713
-75.7093
-75.7056
-75.7019
-75.6981
-75.6944
-75.6907
-75.687
-75.6832
-75.6795
-75.6758
-75.672
-75.6683
-75.6645
-75.6608
-75.6571
-75.6533
-75.6496
-75.6458
-75.6421
-75.6383
-75.6346
-75.6308
-75.627
-75.6233
-75.6195
-75.6157
-75.612
-75.6082
-75.6044
-75.6006
-75.5969
-75.5931
-75.5893
-75.5855
-75.5817
-75.5779
-75.5741
-75.5703
-75.5665
-75.5627
-75.5589
-75.5551
-75.5513
-75.5475
-75.5437
-75.5399
-75.536
-75.5322
-75.5284
-75.5246
-75.5207
-75.5169
-75.513
-75.5092
-75.5054
-75.5015
-75.4977
-75.4938
-75.4899
-75.4861
-75.4822
-75.4783
-75.4745
-75.4706
-75.4667
-75.4628
-75.459
-75.4551
-75.4512
-75.4473
-75.4434
-75.4395
-75.4356
-75.4317
-75.4278
-75.4238
-75.4199
-75.416
-75.4121
-75.4082
-75.4042
-75.4003
-75.3963
-75.3924
-75.3885
-75.3845
-75.3806
-75.3766
-75.3726
-75.3687
-75.3647
-75.3607
-75.3568
-75.3528
-75.3488
-75.3448
-75.3408
-75.3368
-75.3328
-75.3288
-75.3248
-75.3208
-75.3168
-75.3128
-75.3088
-75.3047
-75.3007
-75.2967
-75.2926
-75.2886
-75.2846
-75.2805
-75.2765
-75.2724
-75.2683
-75.2643
-75.2602
-75.2562
-75.2521
-75.248
-75.2439
-75.2398
-75.2357
-75.2316
-75.2276
-75.2235
-75.2193
-75.2152
-75.2111
-75.207
-75.2029
-75.1988
-75.1946
-75.1905
-75.1864
-75.1822
-75.1781
-75.1739
-75.1698
-75.1656
-75.1615
-75.1573
-75.1531
-75.149
-75.1448
-75.1406
-75.1364
-75.1322
-75.1281
-75.1239
-75.1197
-75.1155
-75.1112
-75.107
-75.1028
-75.0986
-75.0944
-75.0902
-75.0859
-75.0817
-75.0775
-75.0732
-75.069
-75.0647
-75.0605
-75.0562
-75.0519
-75.0477
-75.0434
-75.0391
-75.0349
-75.0306
-75.0263
-75.022
-75.0177
-75.0134
-75.0091
-75.0048
-75.0005
-74.9962
-74.9919
-74.9875
-74.9832
-74.9789
-74.9746
-74.9702
-74.9659
-74.9615
-74.9572
-74.9529
-74.9485
-74.9441
-74.9398
-74.9354
-74.931
-74.9267
-74.9223
-74.9179
-74.9135
-74.9091
-74.9047
-74.9004
-74.896
-74.8915
-74.8871
-74.8827
-74.8783
-74.8739
-74.8695
-74.8651
-74.8606
-74.8562
-74.8518
-74.8473
-74.8429
-74.8384
-74.834
-74.8295
-74.8251
-74.8206
-74.8161
-74.8117
-74.8072
-74.8027
-74.7982
-74.7937
-74.7893
-74.7848
-74.7803
-74.7758
-74.7713
-74.7668
-74.7623
-74.7577
-74.7532
-74.7487
-74.7442
-74.7397
-74.7351
-74.7306
-74.7261
-74.7215
-74.717
-74.7124
-74.7079
-74.7033
-74.6988
-74.6942
-74.6897
-74.6851
-74.6805
-74.6759
-74.6714
-74.6668
-74.6622
-74.6576
-74.653
-74.6484
-74.6438
-74.6392
-74.6346
-74.63
-74.6254
-74.6208
-74.6162
-74.6116
-74.6069
-74.6023
-74.5977
-74.5931
-74.5884
-74.5838
-74.5791
-74.5745
-74.5698
-74.5652
-74.5605
-74.5559
-74.5512
-74.5466
-74.5419
-74.5372
-74.5326
-74.5279
-74.5232
-74.5185
-74.5138
-74.5091
-74.5045
-74.4998
-74.4951
-74.4904
-74.4857
-74.481
-74.4762
-74.4715
-74.4668
-74.4621
-74.4574
-74.4527
-74.4479
-74.4432
-74.4385
-74.4337
-74.429
-74.4243
-74.4195
-74.4148
-74.41
-74.4053
-74.4005
-74.3958
-74.391
-74.3863
-74.3815
-74.3767
-74.372
-74.3672
-74.3624
-74.3576
-74.3529
-74.3481
-74.3433
-74.3385
-74.3337
-74.3289
-74.3241
-74.3193
-74.3145
-74.3097
-74.3049
-74.3001
-74.2953
-74.2905
-74.2857
-74.2809
-74.2761
-74.2712
-74.2664
-74.2616
-74.2568
-74.2519
-74.2471
-74.2423
-74.2374
-74.2326
-74.2277
-74.2229
-74.2181
-74.2132
-74.2084
-74.2035
-74.1987
-74.1938
-74.1889
-74.1841
-74.1792
-74.1743
-74.1695
-74.1646
-74.1597
-74.1549
-74.15
-74.1451
-74.1402
-74.1353
-74.1305
-74.1256
-74.1207
-74.1158
-74.1109
-74.106
-74.1011
-74.0962
-74.0913
-74.0864
-74.0815
-74.0766
-74.0717
-74.0668
-74.0619
-74.057
-74.0521
-74.0471
-74.0422
-74.0373
-74.0324
-74.0275
-74.0225
-74.0176
-74.0127
-74.0078
-74.0028
-73.9979
-73.993
-73.988
-73.9831
-73.9781
-73.9732
-73.9683
-73.9633
-73.9584
-73.9534
-73.9485
-73.9435
-73.9386
-73.9336
-73.9287
-73.9237
-73.9187
-73.9138
-73.9088
-73.9039
-73.8989
-73.8939
-73.889
-73.884
-73.879
-73.8741
-73.8691
-73.8641
-73.8591
-73.8542
-73.8492
-73.8442
-73.8392
-73.8342
-73.8293
-73.8243
-73.8193
-73.8143
-73.8093
-73.8043
-73.7994
-73.7944
-73.7894
-73.7844
-73.7794
-73.7744
-73.7694
-73.7644
-73.7594
-73.7544
-73.7494
-73.7444
-73.7394
-73.7344
-73.7294
-73.7244
-73.7194
-73.7144
-73.7094
-73.7044
-73.6994
-73.6944
-73.6893
-73.6843
-73.6793
-73.6743
-73.6693
-73.6643
-73.6593
-73.6542
-73.6492
-73.6442
-73.6392
-73.6342
-73.6292
-73.6241
-73.6191
-73.6141
-73.6091
-73.604
-73.599
-73.594
-73.589
-73.5839
-73.5789
-73.5739
-73.5689
-73.5638
-73.5588
-73.5538
-73.5488
-73.5437
-73.5387
-73.5337
-73.5286
-73.5236
-73.5186
-73.5135
-73.5085
-73.5035
-73.4984
-73.4934
-73.4884
-73.4833
-73.4783
-73.4733
-73.4682
-73.4632
-73.4582
-73.4531
-73.4481
-73.4431
-73.438
-73.433
-73.4279
-73.4229
-73.4179
-73.4128
-73.4078
-73.4028
-73.3977
-73.3927
-73.3876
-73.3826
-73.3776
-73.3725
-73.3675
-73.3624
-73.3574
-73.3524
-73.3473
-73.3423
-73.3373
-73.3322
-73.3272
-73.3221
-73.3171
-73.3121
-73.307
-73.302
-73.297
-73.2919
-73.2869
-73.2818
-73.2768
-73.2718
-73.2667
-73.2617
-73.2567
-73.2516
-73.2466
-73.2415
-73.2365
-73.2315
-73.2264
-73.2214
-73.2164
-73.2113
-73.2063
-73.2013
-73.1962
-73.1912
-73.1862
-73.1811
-73.1761
-73.1711
-73.166
-73.161
-73.156
-73.151
-73.1459
-73.1409
-73.1359
-73.1308
-73.1258
-73.1208
-73.1158
-73.1107
-73.1057
-73.1007
-73.0957
-73.0906
-73.0856
-73.0806
-73.0756
-73.0706
-73.0655
-73.0605
-73.0555
-73.0505
-73.0455
-73.0405
-73.0354
-73.0304
-73.0254
-73.0204
-73.0154
-73.0104
-73.0054
-73.0003
-72.9953
-72.9903
-72.9853
-72.9803
-72.9753
-72.9703
-72.9653
-72.9603
-72.9553
-72.9503
-72.9453
-72.9403
-72.9353
-72.9303
-72.9253
-72.9203
-72.9153
-72.9103
-72.9053
-72.9003
-72.8953
-72.8903
-72.8853
-72.8804
-72.8754
-72.8704
-72.8654
-72.8604
-72.8554
-72.8504
-72.8455
-72.8405
-72.8355
-72.8305
-72.8255
-72.8206
-72.8156
-72.8106
-72.8056
-72.8007
-72.7957
-72.7907
-72.7858
-72.7808
-72.7758
-72.7709
-72.7659
-72.761
-72.756
-72.751
-72.7461
-72.7411
-72.7362
-72.7312
-72.7263
-72.7213
-72.7164
-72.7114
-72.7065
-72.7015
-72.6966
-72.6916
-72.6867
-72.6817
-72.6768
-72.6719
-72.6669
-72.662
-72.6571
-72.6521
-72.6472
-72.6423
-72.6374
-72.6324
-72.6275
-72.6226
-72.6177
-72.6127
-72.6078
-72.6029
-72.598
-72.5931
-72.5882
-72.5833
-72.5784
-72.5734
-72.5685
-72.5636
-72.5587
-72.5538
-72.5489
-72.544
-72.5391
-72.5343
-72.5294
-72.5245
-72.5196
-72.5147
-72.5098
-72.5049
-72.5
-72.4952
-72.4903
-72.4854
-72.4805
-72.4757
-72.4708
-72.4659
-72.4611
-72.4562
-72.4513
-72.4465
-72.4416
-72.4367
-72.4319
-72.427
-72.4222
-72.4173
-72.4125
-72.4076
-72.4028
-72.3979
-72.3931
-72.3883
-72.3834
-72.3786
-72.3738
-72.3689
-72.3641
-72.3593
-72.3544
-72.3496
-72.3448
-72.34
-72.3352
-72.3303
-72.3255
-72.3207
-72.3159
-72.3111
-72.3063
-72.3015
-72.2967
-72.2919
-72.2871
-72.2823
-72.2775
-72.2727
-72.2679
-72.2631
-72.2583
-72.2536
-72.2488
-72.244
-72.2392
-72.2345
-72.2297
-72.2249
-72.2201
-72.2154
-72.2106
-72.2059
-72.2011
-72.1963
-72.1916
-72.1868
-72.1821
-72.1773
-72.1726
-72.1678
-72.1631
-72.1584
-72.1536
-72.1489
-72.1441
-72.1394
-72.1347
-72.13
-72.1252
-72.1205
-72.1158
-72.1111
-72.1064
-72.1017
-72.0969
-72.0922
-72.0875
-72.0828
-72.0781
-72.0734
-72.0687
-72.064
-72.0593
-72.0547
-72.05
-72.0453
-72.0406
-72.0359
-72.0312
-72.0266
-72.0219
-72.0172
-72.0126
-72.0079
-72.0032
-71.9986
-71.9939
-71.9893
-71.9846
-71.98
-71.9753
-71.9707
-71.966
-71.9614
-71.9567
-71.9521
-71.9475
-71.9428
-71.9382
-71.9336
-71.929
-71.9243
-71.9197
-71.9151
-71.9105
-71.9059
-71.9013
-71.8967
-71.8921
-71.8875
-71.8829
-71.8783
-71.8737
-71.8691
-71.8645
-71.8599
-71.8553
-71.8508
-71.8462
-71.8416
-71.837
-71.8325
-71.8279
-71.8233
-71.8188
-71.8142
-71.8097
-71.8051
-71.8006
-71.796
-71.7915
-71.7869
-71.7824
-71.7778
-71.7733
-71.7688
-71.7642
-71.7597
-71.7552
-71.7507
-71.7462
-71.7416
-71.7371
-71.7326
-71.7281
-71.7236
-71.7191
-71.7146
-71.7101
-71.7056
-71.7011
-71.6966
-71.6921
-71.6877
-71.6832
-71.6787
-71.6742
-71.6697
-71.6653
-71.6608
-71.6563
-71.6519
-71.6474
-71.643
-71.6385
-71.6341
-71.6296
-71.6252
-71.6207
-71.6163
-71.6119
-71.6074
-71.603
-71.5986
-71.5941
-71.5897
-71.5853
-71.5809
-71.5765
-71.5721
-71.5676
-71.5632
-71.5588
-71.5544
-71.55
-71.5456
-71.5413
-71.5369
-71.5325
-71.5281
-71.5237
-71.5193
-71.515
-71.5106
-71.5062
-71.5019
-71.4975
-71.4931
-71.4888
-71.4844
-71.4801
-71.4757
-71.4714
-71.467
-71.4627
-71.4584
-71.454
-71.4497
-71.4454
-71.4411
-71.4367
-71.4324
-71.4281
-71.4238
-71.4195
-71.4152
-71.4109
-71.4066
-71.4023
-71.398
-71.3937
-71.3894
-71.3851
-71.3808
-71.3765
-71.3722
-71.368
-71.3637
-71.3594
-71.3552
-71.3509
-71.3466
-71.3424
-71.3381
-71.3339
-71.3296
-71.3254
-71.3211
-71.3169
-71.3127
-71.3084
-71.3042
-71.3
-71.2957
-71.2915
-71.2873
-71.2831
-71.2789
-71.2747
-71.2705
-71.2663
-71.2621
-71.2579
-71.2537
-71.2495
-71.2453
-71.2411
-71.2369
-71.2327
-71.2286
-71.2244
-71.2202
-71.216
-71.2119
-71.2077
-71.2036
-71.1994
-71.1952
-71.1911
-71.1869
-71.1828
-71.1787
-71.1745
-71.1704
-71.1663
-71.1621
-71.158
-71.1539
-71.1498
-71.1456
-71.1415
-71.1374
-71.1333
-71.1292
-71.1251
-71.121
-71.1169
-71.1128
-71.1087
-71.1046
-71.1006
-71.0965
-71.0924
-71.0883
-71.0843
-71.0802
-71.0761
-71.0721
-71.068
-71.0639
-71.0599
-71.0558
-71.0518
-71.0477
-71.0437
-71.0397
-71.0356
-71.0316
-71.0276
-71.0235
-71.0195
-71.0155
-71.0115
-71.0075
-71.0035
-70.9995
-70.9954
-70.9914
-70.9874
-70.9835
-70.9795
-70.9755
-70.9715
-70.9675
-70.9635
-70.9595
-70.9556
-70.9516
-70.9476
-70.9437
-70.9397
-70.9357
-70.9318
-70.9278
-70.9239
-70.9199
-70.916
-70.9121
-70.9081
-70.9042
-70.9003
-70.8963
-70.8924
-70.8885
-70.8846
-70.8806
-70.8767
-70.8728
-70.8689
-70.865
-70.8611
-70.8572
-70.8533
-70.8494
-70.8455
-70.8417
-70.8378
-70.8339
-70.83
-70.8261
-70.8223
-70.8184
-70.8145
-70.8107
-70.8068
-70.803
-70.7991
-70.7953
-70.7914
-70.7876
-70.7837
-70.7799
-70.7761
-70.7722
-70.7684
-70.7646
-70.7608
-70.7569
-70.7531
-70.7493
-70.7455
-70.7417
-70.7379
-70.7341
-70.7303
-70.7265
-70.7227
-70.7189
-70.7151
-70.7114
-70.7076
-70.7038
-70.7
-70.6963
-70.6925
-70.6887
-70.685
-70.6812
-70.6774
-70.6737
-70.6699
-70.6662
-70.6625
-70.6587
-70.655
-70.6512
-70.6475
-70.6438
-70.6401
-70.6363
-70.6326
-70.6289
-70.6252
-70.6215
-70.6178
-70.6141
-70.6104
-70.6067
-70.603
-70.5993
-70.5956
-70.5919
-70.5882
-70.5846
-70.5809
-70.5772
-70.5735
-70.5699
-70.5662
-70.5625
-70.5589
-70.5552
-70.5516
-70.5479
-70.5443
-70.5406
-70.537
-70.5333
-70.5297
-70.5261
-70.5224
-70.5188
-70.5152
-70.5116
-70.508
-70.5043
-70.5007
-70.4971
-70.4935
-70.4899
-70.4863
-70.4827
-70.4791
-70.4755
-70.472
-70.4684
-70.4648
-70.4612
-70.4576
-70.4541
-70.4505
-70.4469
-70.4434
-70.4398
-70.4362
-70.4327
-70.4291
-70.4256
-70.422
-70.4185
-70.4149
-70.4114
-70.4079
-70.4043
-70.4008
-70.3973
-70.3938
-70.3902
-70.3867
-70.3832
-70.3797
-70.3762
-70.3727
-70.3692
-70.3657
-70.3622
-70.3587
-70.3552
-70.3517
-70.3482
-70.3447
-70.3413
-70.3378
-70.3343
-70.3308
-70.3274
-70.3239
-70.3204
-70.317
-70.3135
-70.3101
-70.3066
-70.3032
-70.2997
-70.2963
-70.2928
-70.2894
-70.286
-70.2825
-70.2791
-70.2757
-70.2723
-70.2688
-70.2654
-70.262
-70.2586
-70.2552
-70.2518
-70.2484
-70.245
-70.2416
-70.2382
-70.2348
-70.2314
-70.228
-70.2246
-70.2213
-70.2179
-70.2145
-70.2111
-70.2078
-70.2044
-70.201
-70.1977
-70.1943
-70.191
-70.1876
-70.1843
-70.1809
-70.1776
-70.1742
-70.1709
-70.1675
-70.1642
-70.1609
-70.1576
-70.1542
-70.1509
-70.1476
-70.1443
-70.141
-70.1376
-70.1343
-70.131
-70.1277
-70.1244
-70.1211
-70.1178
-70.1145
-70.1113
-70.108
-70.1047
-70.1014
-70.0981
-70.0949
-70.0916
-70.0883
-70.085
-70.0818
-70.0785
-70.0753
-70.072
-70.0687
-70.0655
-70.0622
-70.059
-70.0558
-70.0525
-70.0493
-70.046
-70.0428
-70.0396
-70.0364
-70.0331
-70.0299
-70.0267
-70.0235
-70.0203
-70.017
-70.0138
-70.0106
-70.0074
-70.0042
-70.001
-69.9978
-69.9946
-69.9914
-69.9883
-69.9851
-69.9819
-69.9787
-69.9755
-69.9724
-69.9692
-69.966
-69.9629
-69.9597
-69.9565
-69.9534
-69.9502
-69.9471
-69.9439
-69.9408
-69.9376
-69.9345
-69.9313
-69.9282
-69.9251
-69.9219
-69.9188
-69.9157
-69.9125
-69.9094
-69.9063
-69.9032
-69.9001
-69.8969
-69.8938
-69.8907
-69.8876
-69.8845
-69.8814
-69.8783
-69.8752
-69.8721
-69.869
-69.866
-69.8629
-69.8598
-69.8567
-69.8536
-69.8506
-69.8475
-69.8444
-69.8413
-69.8383
-69.8352
-69.8322
-69.8291
-69.826
-69.823
-69.8199
-69.8169
-69.8139
-69.8108
-69.8078
-69.8047
-69.8017
-69.7987
-69.7956
-69.7926
-69.7896
-69.7866
-69.7835
-69.7805
-69.7775
-69.7745
-69.7715
-69.7685
-69.7655
-69.7625
-69.7595
-69.7565
-69.7535
-69.7505
-69.7475
-69.7445
-69.7415
-69.7385
-69.7355
-69.7325
-69.7296
-69.7266
-69.7236
-69.7206
-69.7177
-69.7147
-69.7118
-69.7088
-69.7058
-69.7029
-69.6999
-69.697
-69.694
-69.6911
-69.6881
-69.6852
-69.6822
-69.6793
-69.6764
-69.6734
-69.6705
-69.6676
-69.6647
-69.6617
-69.6588
-69.6559
-69.653
-69.6501
-69.6471
-69.6442
-69.6413
-69.6384
-69.6355
-69.6326
-69.6297
-69.6268
-69.6239
-69.621
-69.6181
-69.6153
-69.6124
-69.6095
-69.6066
-69.6037
-69.6008
-69.598
-69.5951
-69.5922
-69.5894
-69.5865
-69.5836
-69.5808
-69.5779
-69.5751
-69.5722
-69.5694
-69.5665
-69.5637
-69.5608
-69.558
-69.5551
-69.5523
-69.5495
-69.5466
-69.5438
-69.541
-69.5381
-69.5353
-69.5325
-69.5297
-69.5268
-69.524
-69.5212
-69.5184
-69.5156
-69.5128
-69.51
-69.5072
-69.5044
-69.5016
-69.4988
-69.496
-69.4932
-69.4904
-69.4876
-69.4848
-69.482
-69.4792
-69.4764
-69.4737
-69.4709
-69.4681
-69.4653
-69.4626
-69.4598
-69.457
-69.4543
-69.4515
-69.4487
-69.446
-69.4432
-69.4405
-69.4377
-69.435
-69.4322
-69.4295
-69.4267
-69.424
-69.4212
-69.4185
-69.4158
-69.413
-69.4103
-69.4076
-69.4048
-69.4021
-69.3994
-69.3967
-69.3939
-69.3912
-69.3885
-69.3858
-69.3831
-69.3804
-69.3777
-69.375
-69.3722
-69.3695
-69.3668
-69.3641
-69.3614
-69.3588
-69.3561
-69.3534
-69.3507
-69.348
-69.3453
-69.3426
-69.3399
-69.3373
-69.3346
-69.3319
-69.3292
-69.3266
-69.3239
-69.3212
-69.3186
-69.3159
-69.3132
-69.3106
-69.3079
-69.3052
-69.3026
-69.2999
-69.2973
-69.2946
-69.292
-69.2893
-69.2867
-69.2841
-69.2814
-69.2788
-69.2761
-69.2735
-69.2709
-69.2682
-69.2656
-69.263
-69.2604
-69.2577
-69.2551
-69.2525
-69.2499
-69.2472
-69.2446
-69.242
-69.2394
-69.2368
-69.2342
-69.2316
-69.229
-69.2264
-69.2238
-69.2212
-69.2186
-69.216
-69.2134
-69.2108
-69.2082
-69.2056
-69.203
-69.2004
-69.1979
-69.1953
-69.1927
-69.1901
-69.1875
-69.185
-69.1824
-69.1798
-69.1773
-69.1747
-69.1721
-69.1696
-69.167
-69.1644
-69.1619
-69.1593
-69.1568
-69.1542
-69.1516
-69.1491
-69.1465
-69.144
-69.1414
-69.1389
-69.1364
-69.1338
-69.1313
-69.1287
-69.1262
-69.1237
-69.1211
-69.1186
-69.1161
-69.1135
-69.111
-69.1085
-69.106
-69.1034
-69.1009
-69.0984
-69.0959
-69.0934
-69.0909
-69.0883
-69.0858
-69.0833
-69.0808
-69.0783
-69.0758
-69.0733
-69.0708
-69.0683
-69.0658
-69.0633
-69.0608
-69.0583
-69.0558
-69.0533
-69.0508
-69.0484
-69.0459
-69.0434
-69.0409
-69.0384
-69.0359
-69.0335
-69.031
-69.0285
-69.026
-69.0236
-69.0211
-69.0186
-69.0161
-69.0137
-69.0112
-69.0088
-69.0063
-69.0038
-69.0014
-68.9989
-68.9965
-68.994
-68.9915
-68.9891
-68.9866
-68.9842
-68.9817
-68.9793
-68.9769
-68.9744
-68.972
-68.9695
-68.9671
-68.9646
-68.9622
-68.9598
-68.9573
-68.9549
-68.9525
-68.95
-68.9476
-68.9452
-68.9428
-68.9403
-68.9379
-68.9355
-68.9331
-68.9307
-68.9282
-68.9258
-68.9234
-68.921
-68.9186
-68.9162
-68.9138
-68.9114
-68.909
-68.9065
-68.9041
-68.9017
-68.8993
-68.8969
-68.8945
-68.8921
-68.8898
-68.8874
-68.885
-68.8826
-68.8802
-68.8778
-68.8754
-68.873
-68.8706
-68.8682
-68.8659
-68.8635
-68.8611
-68.8587
-68.8563
-68.854
-68.8516
-68.8492
-68.8468
-68.8445
-68.8421
-68.8397
-68.8374
-68.835
-68.8326
-68.8303
-68.8279
-68.8255
-68.8232
-68.8208
-68.8185
-68.8161
-68.8138
-68.8114
-68.809
-68.8067
-68.8043
-68.802
-68.7996
-68.7973
-68.795
-68.7926
-68.7903
-68.7879
-68.7856
-68.7832
-68.7809
-68.7786
-68.7762
-68.7739
-68.7716
-68.7692
-68.7669
-68.7646
-68.7622
-68.7599
-68.7576
-68.7552
-68.7529
-68.7506
-68.7483
-68.7459
-68.7436
-68.7413
-68.739
-68.7367
-68.7344
-68.732
-68.7297
-68.7274
-68.7251
-68.7228
-68.7205
-68.7182
-68.7159
-68.7136
-68.7112
-68.7089
-68.7066
-68.7043
-68.702
-68.6997
-68.6974
-68.6951
-68.6928
-68.6905
-68.6882
-68.686
-68.6837
-68.6814
-68.6791
-68.6768
-68.6745
-68.6722
-68.6699
-68.6676
-68.6653
-68.6631
-68.6608
-68.6585
-68.6562
-68.6539
-68.6517
-68.6494
-68.6471
-68.6448
-68.6425
-68.6403
-68.638
-68.6357
-68.6335
-68.6312
-68.6289
-68.6266
-68.6244
-68.6221
-68.6198
-68.6176
-68.6153
-68.6131
-68.6108
-68.6085
-68.6063
-68.604
-68.6018
-68.5995
-68.5972
-68.595
-68.5927
-68.5905
-68.5882
-68.586
-68.5837
-68.5815
-68.5792
-68.577
-68.5747
-68.5725
-68.5702
-68.568
-68.5657
-68.5635
-68.5612
-68.559
-68.5568
-68.5545
-68.5523
-68.55
-68.5478
-68.5456
-68.5433
-68.5411
-68.5389
-68.5366
-68.5344
-68.5322
-68.5299
-68.5277
-68.5255
-68.5233
-68.521
-68.5188
-68.5166
-68.5143
-68.5121
-68.5099
-68.5077
-68.5055
-68.5032
-68.501
-68.4988
-68.4966
-68.4944
-68.4921
-68.4899
-68.4877
-68.4855
-68.4833
-68.4811
-68.4788
-68.4766
-68.4744
-68.4722
-68.47
-68.4678
-68.4656
-68.4634
-68.4612
-68.459
-68.4568
-68.4545
-68.4523
-68.4501
-68.4479
-68.4457
-68.4435
-68.4413
-68.4391
-68.4369
-68.4347
-68.4325
-68.4303
-68.4281
-68.4259
-68.4237
-68.4216
-68.4194
-68.4172
-68.415
-68.4128
-68.4106
-68.4084
-68.4062
-68.404
-68.4018
-68.3996
-68.3975
-68.3953
-68.3931
-68.3909
-68.3887
-68.3865
-68.3843
-68.3822
-68.38
-68.3778
-68.3756
-68.3734
-68.3712
-68.3691
-68.3669
-68.3647
-68.3625
-68.3604
-68.3582
-68.356
-68.3538
-68.3517
-68.3495
-68.3473
-68.3451
-68.343
-68.3408
-68.3386
-68.3364
-68.3343
-68.3321
-68.3299
-68.3278
-68.3256
-68.3234
-68.3213
-68.3191
-68.3169
-68.3148
-68.3126
-68.3104
-68.3083
-68.3061
-68.3039
-68.3018
-68.2996
-68.2975
-68.2953
-68.2931
-68.291
-68.2888
-68.2867
-68.2845
-68.2823
-68.2802
-68.278
-68.2759
-68.2737
-68.2716
-68.2694
-68.2672
-68.2651
-68.2629
-68.2608
-68.2586
-68.2565
-68.2543
-68.2522
-68.25
-68.2479
-68.2457
-68.2436
-68.2414
-68.2393
-68.2371
-68.235
-68.2328
-68.2307
-68.2285
-68.2264
-68.2242
-68.2221
-68.22
-68.2178
-68.2157
-68.2135
-68.2114
-68.2092
-68.2071
-68.205
-68.2028
-68.2007
-68.1985
-68.1964
-68.1942
-68.1921
-68.19
-68.1878
-68.1857
-68.1836
-68.1814
-68.1793
-68.1771
-68.175
-68.1729
-68.1707
-68.1686
-68.1665
-68.1643
-68.1622
-68.1601
-68.1579
-68.1558
-68.1536
-68.1515
-68.1494
-68.1472
-68.1451
-68.143
-68.1409
-68.1387
-68.1366
-68.1345
-68.1323
-68.1302
-68.1281
-68.1259
-68.1238
-68.1217
-68.1196
-68.1174
-68.1153
-68.1132
-68.111
-68.1089
-68.1068
-68.1047
-68.1025
-68.1004
-68.0983
-68.0962
-68.094
-68.0919
-68.0898
-68.0877
-68.0855
-68.0834
-68.0813
-68.0792
-68.077
-68.0749
-68.0728
-68.0707
-68.0685
-68.0664
-68.0643
-68.0622
-68.0601
-68.0579
-68.0558
-68.0537
-68.0516
-68.0494
-68.0473
-68.0452
-68.0431
-68.041
-68.0388
-68.0367
-68.0346
-68.0325
-68.0304
-68.0282
-68.0261
-68.024
-68.0219
-68.0198
-68.0177
-68.0155
-68.0134
-68.0113
-68.0092
-68.0071
-68.005
-68.0028
-68.0007
-67.9986
-67.9965
-67.9944
-67.9923
-67.9901
-67.988
-67.9859
-67.9838
-67.9817
-67.9796
-67.9774
-67.9753
-67.9732
-67.9711
-67.969
-67.9669
-67.9648
-67.9626
-67.9605
-67.9584
-67.9563
-67.9542
-67.9521
-67.95
-67.9478
-67.9457
-67.9436
-67.9415
-67.9394
-67.9373
-67.9352
-67.933
-67.9309
-67.9288
-67.9267
-67.9246
-67.9225
-67.9204
-67.9183
-67.9161
-67.914
-67.9119
-67.9098
-67.9077
-67.9056
-67.9035
-67.9014
-67.8992
-67.8971
-67.895
-67.8929
-67.8908
-67.8887
-67.8866
-67.8845
-67.8823
-67.8802
-67.8781
-67.876
-67.8739
-67.8718
-67.8697
-67.8676
-67.8654
-67.8633
-67.8612
-67.8591
-67.857
-67.8549
-67.8528
-67.8507
-67.8485
-67.8464
-67.8443
-67.8422
-67.8401
-67.838
-67.8359
-67.8338
-67.8316
-67.8295
-67.8274
-67.8253
-67.8232
-67.8211
-67.819
-67.8169
-67.8147
-67.8126
-67.8105
-67.8084
-67.8063
-67.8042
-67.8021
-67.7999
-67.7978
-67.7957
-67.7936
-67.7915
-67.7894
-67.7873
-67.7851
-67.783
-67.7809
-67.7788
-67.7767
-67.7746
-67.7725
-67.7703
-67.7682
-67.7661
-67.764
-67.7619
-67.7598
-67.7577
-67.7555
-67.7534
-67.7513
-67.7492
-67.7471
-67.745
-67.7428
-67.7407
-67.7386
-67.7365
-67.7344
-67.7323
-67.7301
-67.728
-67.7259
-67.7238
-67.7217
-67.7195
-67.7174
-67.7153
-67.7132
-67.7111
-67.7089
-67.7068
-67.7047
-67.7026
-67.7005
-67.6983
-67.6962
-67.6941
-67.692
-67.6899
-67.6877
-67.6856
-67.6835
-67.6814
-67.6793
-67.6771
-67.675
-67.6729
-67.6708
-67.6686
-67.6665
-67.6644
-67.6623
-67.6601
-67.658
-67.6559
-67.6538
-67.6517
-67.6495
-67.6474
-67.6453
-67.6431
-67.641
-67.6389
-67.6368
-67.6346
-67.6325
-67.6304
-67.6283
-67.6261
-67.624
-67.6219
-67.6197
-67.6176
-67.6155
-67.6134
-67.6112
-67.6091
-67.607
-67.6048
-67.6027
-67.6006
-67.5984
-67.5963
-67.5942
-67.592
-67.5899
-67.5878
-67.5856
-67.5835
-67.5814
-67.5792
-67.5771
-67.575
-67.5728
-67.5707
-67.5686
-67.5664
-67.5643
-67.5622
-67.56
-67.5579
-67.5557
-67.5536
-67.5515
-67.5493
-67.5472
-67.545
-67.5429
-67.5408
-67.5386
-67.5365
-67.5343
-67.5322
-67.5301
-67.5279
-67.5258
-67.5236
-67.5215
-67.5193
-67.5172
-67.5151
-67.5129
-67.5108
-67.5086
-67.5065
-67.5043
-67.5022
-67.5
-67.4979
-67.4957
-67.4936
-67.4914
-67.4893
-67.4871
-67.485
-67.4828
-67.4807
-67.4785
-67.4764
-67.4742
-67.4721
-67.4699
-67.4678
-67.4656
-67.4635
-67.4613
-67.4591
-67.457
-67.4548
-67.4527
-67.4505
-67.4484
-67.4462
-67.444
-67.4419
-67.4397
-67.4376
-67.4354
-67.4332
-67.4311
-67.4289
-67.4268
-67.4246
-67.4224
-67.4203
-67.4181
-67.4159
-67.4138
-67.4116
-67.4094
-67.4073
-67.4051
-67.4029
-67.4008
-67.3986
-67.3964
-67.3943
-67.3921
-67.3899
-67.3878
-67.3856
-67.3834
-67.3812
-67.3791
-67.3769
-67.3747
-67.3725
-67.3704
-67.3682
-67.366
-67.3638
-67.3617
-67.3595
-67.3573
-67.3551
-67.3529
-67.3508
-67.3486
-67.3464
-67.3442
-67.342
-67.3399
-67.3377
-67.3355
-67.3333
-67.3311
-67.3289
-67.3268
-67.3246
-67.3224
-67.3202
-67.318
-67.3158
-67.3136
-67.3114
-67.3092
-67.3071
-67.3049
-67.3027
-67.3005
-67.2983
-67.2961
-67.2939
-67.2917
-67.2895
-67.2873
-67.2851
-67.2829
-67.2807
-67.2785
-67.2763
-67.2741
-67.2719
-67.2697
-67.2675
-67.2653
-67.2631
-67.2609
-67.2587
-67.2565
-67.2543
-67.2521
-67.2499
-67.2477
-67.2455
-67.2433
-67.241
-67.2388
-67.2366
-67.2344
-67.2322
-67.23
-67.2278
-67.2256
-67.2234
-67.2211
-67.2189
-67.2167
-67.2145
-67.2123
-67.2101
-67.2078
-67.2056
-67.2034
-67.2012
-67.199
-67.1967
-67.1945
-67.1923
-67.1901
-67.1878
-67.1856
-67.1834
-67.1812
-67.1789
-67.1767
-67.1745
-67.1722
-67.17
-67.1678
-67.1655
-67.1633
-67.1611
-67.1588
-67.1566
-67.1544
-67.1521
-67.1499
-67.1477
-67.1454
-67.1432
-67.1409
-67.1387
-67.1365
-67.1342
-67.132
-67.1297
-67.1275
-67.1253
-67.123
-67.1208
-67.1185
-67.1163
-67.114
-67.1118
-67.1095
-67.1073
-67.105
-67.1028
-67.1005
-67.0983
-67.096
-67.0937
-67.0915
-67.0892
-67.087
-67.0847
-67.0825
-67.0802
-67.0779
-67.0757
-67.0734
-67.0711
-67.0689
-67.0666
-67.0644
-67.0621
-67.0598
-67.0576
-67.0553
-67.053
-67.0507
-67.0485
-67.0462
-67.0439
-67.0417
-67.0394
-67.0371
-67.0348
-67.0326
-67.0303
-67.028
-67.0257
-67.0234
-67.0212
-67.0189
-67.0166
-67.0143
-67.012
-67.0097
-67.0075
-67.0052
-67.0029
-67.0006
-66.9983
-66.996
-66.9937
-66.9914
-66.9891
-66.9868
-66.9845
-66.9822
-66.98
-66.9777
-66.9754
-66.9731
-66.9708
-66.9685
-66.9662
-66.9639
-66.9615
-66.9592
-66.9569
-66.9546
-66.9523
-66.95
-66.9477
-66.9454
-66.9431
-66.9408
-66.9385
-66.9362
-66.9338
-66.9315
-66.9292
-66.9269
-66.9246
-66.9223
-66.9199
-66.9176
-66.9153
-66.913
-66.9106
-66.9083
-66.906
-66.9037
-66.9013
-66.899
-66.8967
-66.8944
-66.892
-66.8897
-66.8874
-66.885
-66.8827
-66.8804
-66.878
-66.8757
-66.8733
-66.871
-66.8687
-66.8663
-66.864
-66.8616
-66.8593
-66.8569
-66.8546
-66.8522
-66.8499
-66.8476
-66.8452
-66.8428
-66.8405
-66.8381
-66.8358
-66.8334
-66.8311
-66.8287
-66.8264
-66.824
-66.8216
-66.8193
-66.8169
-66.8146
-66.8122
-66.8098
-66.8075
-66.8051
-66.8027
-66.8003
-66.798
-66.7956
-66.7932
-66.7909
-66.7885
-66.7861
-66.7837
-66.7814
-66.779
-66.7766
-66.7742
-66.7718
-66.7694
-66.7671
-66.7647
-66.7623
-66.7599
-66.7575
-66.7551
-66.7527
-66.7503
-66.7479
-66.7456
-66.7432
-66.7408
-66.7384
-66.736
-66.7336
-66.7312
-66.7288
-66.7264
-66.724
-66.7215
-66.7191
-66.7167
-66.7143
-66.7119
-66.7095
-66.7071
-66.7047
-66.7023
-66.6998
-66.6974
-66.695
-66.6926
-66.6902
-66.6878
-66.6853
-66.6829
-66.6805
-66.6781
-66.6756
-66.6732
-66.6708
-66.6683
-66.6659
-66.6635
-66.661
-66.6586
-66.6562
-66.6537
-66.6513
-66.6489
-66.6464
-66.644
-66.6415
-66.6391
-66.6366
-66.6342
-66.6317
-66.6293
-66.6268
-66.6244
-66.6219
-66.6195
-66.617
-66.6146
-66.6121
-66.6097
-66.6072
-66.6047
-66.6023
-66.5998
-66.5973
-66.5949
-66.5924
-66.5899
-66.5875
-66.585
-66.5825
-66.5801
-66.5776
-66.5751
-66.5726
-66.5701
-66.5677
-66.5652
-66.5627
-66.5602
-66.5577
-66.5552
-66.5528
-66.5503
-66.5478
-66.5453
-66.5428
-66.5403
-66.5378
-66.5353
-66.5328
-66.5303
-66.5278
-66.5253
-66.5228
-66.5203
-66.5178
-66.5153
-66.5128
-66.5103
-66.5078
-66.5053
-66.5027
-66.5002
-66.4977
-66.4952
-66.4927
-66.4902
-66.4876
-66.4851
-66.4826
-66.4801
-66.4775
-66.475
-66.4725
-66.4699
-66.4674
-66.4649
-66.4623
-66.4598
-66.4573
-66.4547
-66.4522
-66.4497
-66.4471
-66.4446
-66.442
-66.4395
-66.4369
-66.4344
-66.4318
-66.4293
-66.4267
-66.4242
-66.4216
-66.419
-66.4165
-66.4139
-66.4114
-66.4088
-66.4062
-66.4037
-66.4011
-66.3985
-66.396
-66.3934
-66.3908
-66.3882
-66.3857
-66.3831
-66.3805
-66.3779
-66.3753
-66.3728
-66.3702
-66.3676
-66.365
-66.3624
-66.3598
-66.3572
-66.3546
-66.352
-66.3494
-66.3468
-66.3442
-66.3416
-66.339
-66.3364
-66.3338
-66.3312
-66.3286
-66.326
-66.3234
-66.3208
-66.3182
-66.3156
-66.3129
-66.3103
-66.3077
-66.3051
-66.3025
-66.2998
-66.2972
-66.2946
-66.2919
-66.2893
-66.2867
-66.284
-66.2814
-66.2788
-66.2761
-66.2735
-66.2709
-66.2682
-66.2656
-66.2629
-66.2603
-66.2576
-66.255
-66.2523
-66.2497
-66.247
-66.2444
-66.2417
-66.239
-66.2364
-66.2337
-66.231
-66.2284
-66.2257
-66.223
-66.2204
-66.2177
-66.215
-66.2123
-66.2097
-66.207
-66.2043
-66.2016
-66.1989
-66.1963
-66.1936
-66.1909
-66.1882
-66.1855
-66.1828
-66.1801
-66.1774
-66.1747
-66.172
-66.1693
-66.1666
-66.1639
-66.1612
-66.1585
-66.1558
-66.1531
-66.1503
-66.1476
-66.1449
-66.1422
-66.1395
-66.1368
-66.134
-66.1313
-66.1286
-66.1259
-66.1231
-66.1204
-66.1177
-66.1149
-66.1122
-66.1094
-66.1067
-66.104
-66.1012
-66.0985
-66.0957
-66.093
-66.0902
-66.0875
-66.0847
-66.082
-66.0792
-66.0764
-66.0737
-66.0709
-66.0681
-66.0654
-66.0626
-66.0598
-66.0571
-66.0543
-66.0515
-66.0487
-66.046
-66.0432
-66.0404
-66.0376
-66.0348
-66.032
-66.0292
-66.0265
-66.0237
-66.0209
-66.0181
-66.0153
-66.0125
-66.0097
-66.0069
-66.0041
-66.0012
-65.9984
-65.9956
-65.9928
-65.99
-65.9872
-65.9844
-65.9815
-65.9787
-65.9759
-65.9731
-65.9702
-65.9674
-65.9646
-65.9617
-65.9589
-65.9561
-65.9532
-65.9504
-65.9475
-65.9447
-65.9418
-65.939
-65.9361
-65.9333
-65.9304
-65.9276
-65.9247
-65.9218
-65.919
-65.9161
-65.9132
-65.9104
-65.9075
-65.9046
-65.9018
-65.8989
-65.896
-65.8931
-65.8902
-65.8874
-65.8845
-65.8816
-65.8787
-65.8758
-65.8729
-65.87
-65.8671
-65.8642
-65.8613
-65.8584
-65.8555
-65.8526
-65.8497
-65.8467
-65.8438
-65.8409
-65.838
-65.8351
-65.8322
-65.8292
-65.8263
-65.8234
-65.8204
-65.8175
-65.8146
-65.8116
-65.8087
-65.8057
-65.8028
-65.7999
-65.7969
-65.794
-65.791
-65.788
-65.7851
-65.7821
-65.7792
-65.7762
-65.7732
-65.7703
-65.7673
-65.7643
-65.7614
-65.7584
-65.7554
-65.7524
-65.7494
-65.7465
-65.7435
-65.7405
-65.7375
-65.7345
-65.7315
-65.7285
-65.7255
-65.7225
-65.7195
-65.7165
-65.7135
-65.7105
-65.7074
-65.7044
-65.7014
-65.6984
-65.6954
-65.6923
-65.6893
-65.6863
-65.6833
-65.6802
-65.6772
-65.6741
-65.6711
-65.6681
-65.665
-65.662
-65.6589
-65.6559
-65.6528
-65.6498
-65.6467
-65.6436
-65.6406
-65.6375
-65.6344
-65.6314
-65.6283
-65.6252
-65.6221
-65.6191
-65.616
-65.6129
-65.6098
-65.6067
-65.6036
-65.6005
-65.5974
-65.5943
-65.5912
-65.5881
-65.585
-65.5819
-65.5788
-65.5757
-65.5726
-65.5695
-65.5663
-65.5632
-65.5601
-65.557
-65.5538
-65.5507
-65.5476
-65.5444
-65.5413
-65.5381
-65.535
-65.5319
-65.5287
-65.5256
-65.5224
-65.5192
-65.5161
-65.5129
-65.5098
-65.5066
-65.5034
-65.5002
-65.4971
-65.4939
-65.4907
-65.4875
-65.4843
-65.4812
-65.478
-65.4748
-65.4716
-65.4684
-65.4652
-65.462
-65.4588
-65.4556
-65.4523
-65.4491
-65.4459
-65.4427
-65.4395
-65.4363
-65.433
-65.4298
-65.4266
-65.4233
-65.4201
-65.4169
-65.4136
-65.4104
-65.4071
-65.4039
-65.4006
-65.3974
-65.3941
-65.3908
-65.3876
-65.3843
-65.381
-65.3778
-65.3745
-65.3712
-65.3679
-65.3647
-65.3614
-65.3581
-65.3548
-65.3515
-65.3482
-65.3449
-65.3416
-65.3383
-65.335
-65.3317
-65.3284
-65.325
-65.3217
-65.3184
-65.3151
-65.3117
-65.3084
-65.3051
-65.3017
-65.2984
-65.2951
-65.2917
-65.2884
-65.285
-65.2817
-65.2783
-65.2749
-65.2716
-65.2682
-65.2648
-65.2615
-65.2581
-65.2547
-65.2513
-65.248
-65.2446
-65.2412
-65.2378
-65.2344
-65.231
-65.2276
-65.2242
-65.2208
-65.2174
-65.214
-65.2105
-65.2071
-65.2037
-65.2003
-65.1969
-65.1934
-65.19
-65.1865
-65.1831
-65.1797
-65.1762
-65.1728
-65.1693
-65.1659
-65.1624
-65.1589
-65.1555
-65.152
-65.1485
-65.1451
-65.1416
-65.1381
-65.1346
-65.1311
-65.1276
-65.1241
-65.1206
-65.1171
-65.1136
-65.1101
-65.1066
-65.1031
-65.0996
-65.0961
-65.0925
-65.089
-65.0855
-65.0819
-65.0784
-65.0749
-65.0713
-65.0678
-65.0642
-65.0607
-65.0571
-65.0536
-65.05
-65.0464
-65.0429
-65.0393
-65.0357
-65.0321
-65.0285
-65.0249
-65.0214
-65.0178
-65.0142
-65.0106
-65.007
-65.0033
-64.9997
-64.9961
-64.9925
-64.9889
-64.9853
-64.9816
-64.978
-64.9744
-64.9707
-64.9671
-64.9634
-64.9598
-64.9561
-64.9525
-64.9488
-64.9451
-64.9415
-64.9378
-64.9341
-64.9304
-64.9268
-64.9231
-64.9194
-64.9157
-64.912
-64.9083
-64.9046
-64.9009
-64.8972
-64.8934
-64.8897
-64.886
-64.8823
-64.8785
-64.8748
-64.8711
-64.8673
-64.8636
-64.8598
-64.8561
-64.8523
-64.8485
-64.8448
-64.841
-64.8372
-64.8335
-64.8297
-64.8259
-64.8221
-64.8183
-64.8145
-64.8107
-64.8069
-64.8031
-64.7993
-64.7955
-64.7916
-64.7878
-64.784
-64.7801
-64.7763
-64.7725
-64.7686
-64.7648
-64.7609
-64.7571
-64.7532
-64.7493
-64.7455
-64.7416
-64.7377
-64.7338
-64.7299
-64.7261
-64.7222
-64.7183
-64.7144
-64.7104
-64.7065
-64.7026
-64.6987
-64.6948
-64.6908
-64.6869
-64.683
-64.679
-64.6751
-64.6711
-64.6672
-64.6632
-64.6593
-64.6553
-64.6513
-64.6474
-64.6434
-64.6394
-64.6354
-64.6314
-64.6274
-64.6234
-64.6194
-64.6154
-64.6114
-64.6073
-64.6033
-64.5993
-64.5953
-64.5912
-64.5872
-64.5831
-64.5791
-64.575
-64.571
-64.5669
-64.5628
-64.5587
-64.5547
-64.5506
-64.5465
-64.5424
-64.5383
-64.5342
-64.5301
-64.526
-64.5218
-64.5177
-64.5136
-64.5095
-64.5053
-64.5012
-64.497
-64.4929
-64.4887
-64.4846
-64.4804
-64.4762
-64.472
-64.4679
-64.4637
-64.4595
-64.4553
-64.4511
-64.4469
-64.4427
-64.4385
-64.4342
-64.43
-64.4258
-64.4215
-64.4173
-64.413
-64.4088
-64.4045
-64.4003
-64.396
-64.3917
-64.3874
-64.3832
-64.3789
-64.3746
-64.3703
-64.366
-64.3617
-64.3573
-64.353
-64.3487
-64.3444
-64.34
-64.3357
-64.3313
-64.327
-64.3226
-64.3183
-64.3139
-64.3095
-64.3051
-64.3007
-64.2964
-64.292
-64.2876
-64.2831
-64.2787
-64.2743
-64.2699
-64.2654
-64.261
-64.2566
-64.2521
-64.2477
-64.2432
-64.2387
-64.2343
-64.2298
-64.2253
-64.2208
-64.2163
-64.2118
-64.2073
-64.2028
-64.1983
-64.1937
-64.1892
-64.1847
-64.1801
-64.1756
-64.171
-64.1665
-64.1619
-64.1573
-64.1527
-64.1481
-64.1435
-64.1389
-64.1343
-64.1297
-64.1251
-64.1205
-64.1159
-64.1112
-64.1066
-64.1019
-64.0973
-64.0926
-64.0879
-64.0833
-64.0786
-64.0739
-64.0692
-64.0645
-64.0598
-64.0551
-64.0503
-64.0456
-64.0409
-64.0361
-64.0314
-64.0266
-64.0219
-64.0171
-64.0123
-64.0075
-64.0027
-63.9979
-63.9931
-63.9883
-63.9835
-63.9787
-63.9739
-63.969
-63.9642
-63.9593
-63.9545
-63.9496
-63.9447
-63.9398
-63.9349
-63.93
-63.9251
-63.9202
-63.9153
-63.9104
-63.9055
-63.9005
-63.8956
-63.8906
-63.8856
-63.8807
-63.8757
-63.8707
-63.8657
-63.8607
-63.8557
-63.8507
-63.8457
-63.8406
-63.8356
-63.8306
-63.8255
-63.8204
-63.8154
-63.8103
-63.8052
-63.8001
-63.795
-63.7899
-63.7848
-63.7797
-63.7745
-63.7694
-63.7642
-63.7591
-63.7539
-63.7487
-63.7435
-63.7383
-63.7331
-63.7279
-63.7227
-63.7175
-63.7123
-63.707
-63.7018
-63.6965
-63.6912
-63.686
-63.6807
-63.6754
-63.6701
-63.6648
-63.6595
-63.6541
-63.6488
-63.6434
-63.6381
-63.6327
-63.6273
-63.622
-63.6166
-63.6112
-63.6058
-63.6003
-63.5949
-63.5895
-63.584
-63.5786
-63.5731
-63.5676
-63.5621
-63.5566
-63.5511
-63.5456
-63.5401
-63.5346
-63.529
-63.5235
-63.5179
-63.5123
-63.5067
-63.5012
-63.4956
-63.4899
-63.4843
-63.4787
-63.473
-63.4674
-63.4617
-63.4561
-63.4504
-63.4447
-63.439
-63.4333
-63.4275
-63.4218
-63.4161
-63.4103
-63.4045
-63.3988
-63.393
-63.3872
-63.3814
-63.3755
-63.3697
-63.3639
-63.358
-63.3521
-63.3463
-63.3404
-63.3345
-63.3286
-63.3226
-63.3167
-63.3108
-63.3048
-63.2988
-63.2929
-63.2869
-63.2809
-63.2748
-63.2688
-63.2628
-63.2567
-63.2507
-63.2446
-63.2385
-63.2324
-63.2263
-63.2202
-63.214
-63.2079
-63.2017
-63.1956
-63.1894
-63.1832
-63.177
-63.1707
-63.1645
-63.1583
-63.152
-63.1457
-63.1394
-63.1331
-63.1268
-63.1205
-63.1141
-63.1078
-63.1014
-63.095
-63.0887
-63.0822
-63.0758
-63.0694
-63.0629
-63.0565
-63.05
-63.0435
-63.037
-63.0305
-63.0239
-63.0174
-63.0108
-63.0043
-62.9977
-62.9911
-62.9844
-62.9778
-62.9712
-62.9645
-62.9578
-62.9511
-62.9444
-62.9377
-62.9309
-62.9242
-62.9174
-62.9106
-62.9038
-62.897
-62.8902
-62.8833
-62.8765
-62.8696
-62.8627
-62.8558
-62.8488
-62.8419
-62.8349
-62.8279
-62.8209
-62.8139
-62.8069
-62.7999
-62.7928
-62.7857
-62.7786
-62.7715
-62.7644
-62.7572
-62.75
-62.7429
-62.7357
-62.7284
-62.7212
-62.7139
-62.7067
-62.6994
-62.6921
-62.6847
-62.6774
-62.67
-62.6626
-62.6552
-62.6478
-62.6403
-62.6329
-62.6254
-62.6179
-62.6104
-62.6028
-62.5953
-62.5877
-62.5801
-62.5725
-62.5648
-62.5572
-62.5495
-62.5418
-62.5341
-62.5263
-62.5185
-62.5108
-62.5029
-62.4951
-62.4873
-62.4794
-62.4715
-62.4636
-62.4556
-62.4477
-62.4397
-62.4317
-62.4237
-62.4156
-62.4075
-62.3994
-62.3913
-62.3832
-62.375
-62.3668
-62.3586
-62.3503
-62.3421
-62.3338
-62.3255
-62.3171
-62.3088
-62.3004
-62.292
-62.2835
-62.2751
-62.2666
-62.2581
-62.2495
-62.241
-62.2324
-62.2237
-62.2151
-62.2064
-62.1977
-62.189
-62.1802
-62.1715
-62.1626
-62.1538
-62.1449
-62.136
-62.1271
-62.1182
-62.1092
-62.1002
-62.0911
-62.0821
-62.073
-62.0638
-62.0547
-62.0455
-62.0363
-62.027
-62.0177
-62.0084
-61.9991
-61.9897
-61.9803
-61.9708
-61.9613
-61.9518
-61.9423
-61.9327
-61.9231
-61.9135
-61.9038
-61.8941
-61.8843
-61.8745
-61.8647
-61.8549
-61.845
-61.8351
-61.8251
-61.8151
-61.8051
-61.795
-61.7849
-61.7748
-61.7646
-61.7544
-61.7441
-61.7338
-61.7235
-61.7131
-61.7027
-61.6922
-61.6817
-61.6712
-61.6606
-61.65
-61.6393
-61.6286
-61.6178
-61.6071
-61.5962
-61.5853
-61.5744
-61.5634
-61.5524
-61.5414
-61.5303
-61.5191
-61.5079
-61.4967
-61.4854
-61.4741
-61.4627
-61.4512
-61.4398
-61.4282
-61.4166
-61.405
-61.3933
-61.3816
-61.3698
-61.358
-61.3461
-61.3341
-61.3221
-61.3101
-61.298
-61.2858
-61.2736
-61.2613
-61.249
-61.2366
-61.2241
-61.2116
-61.1991
-61.1864
-61.1737
-61.161
-61.1482
-61.1353
-61.1224
-61.1094
-61.0963
-61.0832
-61.07
-61.0568
-61.0434
-61.0301
-61.0166
-61.0031
-60.9895
-60.9758
-60.9621
-60.9483
-60.9344
-60.9204
-60.9064
-60.8923
-60.8781
-60.8639
-60.8495
-60.8351
-60.8207
-60.8061
-60.7914
-60.7767
-60.7619
-60.747
-60.732
-60.7169
-60.7018
-60.6866
-60.6712
-60.6558
-60.6403
-60.6247
-60.609
-60.5932
-60.5773
-60.5614
-60.5453
-60.5291
-60.5128
-60.4965
-60.48
-60.4634
-60.4467
-60.4299
-60.413
-60.396
-60.3789
-60.3617
-60.3444
-60.3269
-60.3093
-60.2916
-60.2738
-60.2559
-60.2379
-60.2197
-60.2014
-60.183
-60.1644
-60.1457
-60.1269
-60.1079
-60.0888
-60.0696
-60.0503
-60.0307
-60.0111
-59.9913
-59.9713
-59.9512
-59.931
-59.9106
-59.89
-59.8693
-59.8484
-59.8273
-59.8061
-59.7847
-59.7632
-59.7414
-59.7195
-59.6974
-59.6751
-59.6526
-59.63
-59.6071
-59.5841
-59.5608
-59.5374
-59.5137
-59.4899
-59.4658
-59.4415
-59.417
-59.3922
-59.3673
-59.3421
-59.3166
-59.2909
-59.265
-59.2388
-59.2124
-59.1857
-59.1588
-59.1315
-59.104
-59.0763
-59.0482
-59.0199
-58.9912
-58.9623
-58.933
-58.9034
-58.8736
-58.8433
-58.8128
-58.7819
-58.7507
-58.7191
-58.6871
-58.6548
-58.6221
-58.589
-58.5555
-58.5216
-58.4873
-58.4526
-58.4174
-58.3818
-58.3457
-58.3092
-58.2722
-58.2347
-58.1967
-58.1582
-58.1191
-58.0796
-58.0395
-57.9988
-57.9575
-57.9156
-57.8731
-57.83
-57.7863
-57.7418
-57.6967
-57.6509
-57.6044
-57.5571
-57.509
-57.4602
-57.4105
-57.36
-57.3086
-57.2563
-57.2031
-57.149
-57.0939
-57.0377
-56.9805
-56.9222
-56.8628
-56.8022
-56.7403
-56.6773
-56.6129
-56.5471
-56.48
-56.4114
-56.3413
-56.2695
-56.1962
-56.1211
-56.0442
-55.9654
-55.8847
-55.8019
-55.717
-55.6298
-55.5402
-55.4482
-55.3536
-55.2562
-55.1559
-55.0525
-54.946
-54.836
-54.7224
-54.6049
-54.4834
-54.3575
-54.227
-54.0915
-53.9508
-53.8043
-53.6516
-53.4924
-53.326
-53.1518
-52.9692
-52.7773
-52.5753
-52.3622
-52.1367
-51.8976
-51.6432
-51.3717
-51.0807
-50.7677
-50.4293
-50.0615
-49.6591
-49.2158
-48.7231
-48.1697
-47.5399
-46.8117
-45.9526
-44.9133
-43.603
-41.8863
-39.5443
-36.2309
-31.2637
-22.3494
-9.76363
4.84291
16.8768
25.464
31.4967
35.7332
38.6616
40.5874
41.7094
42.1606
42.0386
41.4285
40.4149
39.0851
37.5247
35.8118
34.0122
32.1777
30.3462
28.5436
26.7863
25.0835
23.4394
21.8549
20.3285
18.8577
17.4391
16.0693
14.7446
13.4619
12.2179
11.0099
9.83555
8.69257
7.57914
6.49364
5.43472
4.40119
3.39208
2.40655
1.4439
0.503527
-0.415072
-1.31234
-2.18867
-3.04441
-3.8799
-4.69546
-5.49142
-6.26811
-7.02588
-7.76511
-8.4862
-9.18958
-9.87572
-10.5451
-11.1983
-11.8357
-12.4581
-13.066
-13.66
-14.2407
-14.8089
-15.365
-15.9099
-16.4442
-16.9685
-17.4836
-17.9899
-18.4883
-18.9794
-19.4637
-19.942
-20.4148
-20.8828
-21.3466
-21.8069
-22.2641
-22.7189
-23.172
-23.6238
-24.0751
-24.5264
-24.9784
-25.4316
-25.8866
-26.3441
-26.8046
-27.2689
-27.7374
-28.2108
-28.6896
-29.1744
-29.6657
-30.1639
-30.6695
-31.1829
-31.7042
-32.2338
-32.7717
-33.3182
-33.8738
-34.439
-35.0153
-35.6043
-36.2083
-36.8294
-37.4699
-38.1312
-38.8139
-39.5179
-40.2421
-40.9852
-41.745
-42.5194
-43.3065
-44.1048
-44.9127
-45.729
-46.5522
-47.3811
-48.2144
-49.051
-49.8896
-50.7289
-51.5678
-52.4049
-53.2389
-54.0684
-54.892
-55.7082
-56.5157
-57.3128
-58.0982
-58.8703
-59.6278
-60.3694
-61.0936
-61.7993
-62.4855
-63.151
-63.7951
-64.4171
-65.0163
-65.5924
-66.1451
-66.6742
-67.1799
-67.6623
-68.1216
-68.5582
-68.9728
-69.3657
-69.7378
-70.0898
-70.4223
-70.7361
-71.0322
-71.3113
-71.5742
-71.8217
-72.0547
-72.2739
-72.4801
-72.674
-72.8563
-73.0277
-73.1888
-73.3403
-73.4827
-73.6166
-73.7425
-73.8609
-73.9723
-74.077
-74.1756
-74.2683
-74.3555
-74.4376
-74.5149
-74.5876
-74.6561
-74.7205
-74.7812
-74.8383
-74.8921
-74.9427
-74.9904
-75.0353
-75.0776
-75.1174
-75.1549
-75.1901
-75.2233
-75.2545
-75.2838
-75.3114
-75.3374
-75.3618
-75.3846
-75.4061
-75.4263
-75.4452
-75.4629
-75.4794
-75.4949
-75.5094
-75.5229
-75.5355
-75.5472
-75.558
-75.5681
-75.5775
-75.5861
-75.594
-75.6013
-75.608
-75.6141
-75.6196
-75.6246
-75.6291
-75.6331
-75.6366
-75.6397
-75.6424
-75.6447
-75.6466
-75.6481
-75.6492
-75.6501
-75.6506
-75.6507
-75.6506
-75.6503
-75.6496
-75.6487
-75.6475
-75.6461
-75.6445
-75.6427
-75.6406
-75.6384
-75.6359
-75.6333
-75.6305
-75.6275
-75.6244
-75.6211
-75.6177
-75.6141
-75.6104
-75.6066
-75.6026
-75.5986
-75.5944
-75.5901
-75.5857
-75.5811
-75.5765
-75.5718
-75.5671
-75.5622
-75.5572
-75.5522
-75.5471
-75.5419
-75.5367
-75.5314
-75.526
-75.5206
-75.5151
-75.5096
-75.504
-75.4983
-75.4927
-75.4869
-75.4812
-75.4754
-75.4695
-75.4636
-75.4577
-75.4517
-75.4457
-75.4397
-75.4337
-75.4276
-75.4215
-75.4154
-75.4092
-75.4031
-75.3969
-75.3907
-75.3844
-75.3782
-75.3719
-75.3657
-75.3594
-75.3531
-75.3468
-75.3405
-75.3341
-75.3278
-75.3214
-75.3151
-75.3087
-75.3023
-75.2959
-75.2895
-75.2832
-75.2768
-75.2704
-75.264
-75.2575
-75.2511
-75.2447
-75.2383
-75.2319
-75.2255
-75.2191
-75.2126
-75.2062
-75.1998
-75.1934
-75.187
-75.1806
-75.1742
-75.1678
-75.1614
-75.155
-75.1486
-75.1422
-75.1358
-75.1294
-75.123
-75.1166
-75.1102
-75.1038
-75.0975
-75.0911
-75.0847
-75.0784
-75.072
-75.0657
-75.0593
-75.053
-75.0466
-75.0403
-75.034
-75.0276
-75.0213
-75.015
-75.0087
-75.0024
-74.9961
-74.9898
-74.9835
-74.9772
-74.9709
-74.9647
-74.9584
-74.9521
-74.9459
-74.9396
-74.9333
-74.9271
-74.9209
-74.9146
-74.9084
-74.9022
-74.8959
-74.8897
-74.8835
-74.8773
-74.8711
-74.8649
-74.8587
-74.8525
-74.8463
-74.8401
-74.8339
-74.8277
-74.8215
-74.8154
-74.8092
-74.803
-74.7969
-74.7907
-74.7846
-74.7784
-74.7723
-74.7661
-74.76
-74.7538
-74.7477
-74.7416
-74.7354
-74.7293
-74.7232
-74.717
-74.7109
-74.7048
-74.6987
-74.6926
-74.6865
-74.6803
-74.6742
-74.6681
-74.662
-74.6559
-74.6498
-74.6437
-74.6376
-74.6315
-74.6254
-74.6193
-74.6132
-74.6071
-74.6011
-74.595
-74.5889
-74.5828
-74.5767
-74.5706
-74.5645
-74.5584
-74.5524
-74.5463
-74.5402
-74.5341
-74.528
-74.5219
-74.5158
-74.5098
-74.5037
-74.4976
-74.4915
-74.4854
-74.4793
-74.4733
-74.4672
-74.4611
-74.455
-74.4489
-74.4428
-74.4367
-74.4307
-74.4246
-74.4185
-74.4124
-74.4063
-74.4002
-74.3941
-74.388
-74.3819
-74.3758
-74.3697
-74.3636
-74.3575
-74.3514
-74.3453
-74.3392
-74.3331
-74.327
-74.3209
-74.3148
-74.3087
-74.3025
-74.2964
-74.2903
-74.2842
-74.2781
-74.2719
-74.2658
-74.2597
-74.2536
-74.2474
-74.2413
-74.2352
-74.229
-74.2229
-74.2167
-74.2106
-74.2044
-74.1983
-74.1921
-74.186
-74.1798
-74.1737
-74.1675
-74.1613
-74.1552
-74.149
-74.1428
-74.1366
-74.1305
-74.1243
-74.1181
-74.1119
-74.1057
-74.0995
-74.0933
-74.0871
-74.0809
-74.0747
-74.0685
-74.0623
-74.0561
-74.0499
-74.0437
-74.0374
-74.0312
-74.025
-74.0188
-74.0125
-74.0063
-74
-73.9938
-73.9876
-73.9813
-73.975
-73.9688
-73.9625
-73.9563
-73.95
-73.9437
-73.9375
-73.9312
-73.9249
-73.9186
-73.9123
-73.9061
-73.8998
-73.8935
-73.8872
-73.8809
-73.8746
-73.8683
-73.8619
-73.8556
-73.8493
-73.843
-73.8367
-73.8303
-73.824
-73.8177
-73.8113
-73.805
-73.7986
-73.7923
-73.7859
-73.7796
-73.7732
-73.7669
-73.7605
-73.7541
-73.7478
-73.7414
-73.735
-73.7286
-73.7222
-73.7158
-73.7094
-73.703
-73.6966
-73.6902
-73.6838
-73.6774
-73.671
-73.6646
-73.6582
-73.6517
-73.6453
-73.6389
-73.6325
-73.626
-73.6196
-73.6131
-73.6067
-73.6002
-73.5938
-73.5873
-73.5809
-73.5744
-73.5679
-73.5614
-73.555
-73.5485
-73.542
-73.5355
-73.529
-73.5225
-73.5161
-73.5096
-73.5031
-73.4966
-73.49
-73.4835
-73.477
-73.4705
-73.464
-73.4575
-73.4509
-73.4444
-73.4379
-73.4313
-73.4248
-73.4182
-73.4117
-73.4051
-73.3986
-73.392
-73.3855
-73.3789
-73.3723
-73.3658
-73.3592
-73.3526
-73.3461
-73.3395
-73.3329
-73.3263
-73.3197
-73.3131
-73.3065
-73.2999
-73.2933
-73.2867
-73.2801
-73.2735
-73.2669
-73.2603
-73.2537
-73.247
-73.2404
-73.2338
-73.2271
-73.2205
-73.2139
-73.2072
-73.2006
-73.194
-73.1873
-73.1807
-73.174
-73.1673
-73.1607
-73.154
-73.1474
-73.1407
-73.134
-73.1274
-73.1207
-73.114
-73.1073
-73.1006
-73.094
-73.0873
-73.0806
-73.0739
-73.0672
-73.0605
-73.0538
-73.0471
-73.0404
-73.0337
-73.027
-73.0202
-73.0135
-73.0068
-73.0001
-72.9934
-72.9866
-72.9799
-72.9732
-72.9665
-72.9597
-72.953
-72.9462
-72.9395
-72.9328
-72.926
-72.9193
-72.9125
-72.9058
-72.899
-72.8923
-72.8855
-72.8787
-72.872
-72.8652
-72.8584
-72.8517
-72.8449
-72.8381
-72.8314
-72.8246
-72.8178
-72.811
-72.8042
-72.7975
-72.7907
-72.7839
-72.7771
-72.7703
-72.7635
-72.7567
-72.7499
-72.7431
-72.7363
-72.7295
-72.7227
-72.7159
-72.7091
-72.7023
-72.6955
-72.6887
-72.6818
-72.675
-72.6682
-72.6614
-72.6546
-72.6477
-72.6409
-72.6341
-72.6273
-72.6204
-72.6136
-72.6068
-72.5999
-72.5931
-72.5863
-72.5794
-72.5726
-72.5658
-72.5589
-72.5521
-72.5452
-72.5384
-72.5315
-72.5247
-72.5178
-72.511
-72.5041
-72.4973
-72.4904
-72.4836
-72.4767
-72.4699
-72.463
-72.4562
-72.4493
-72.4424
-72.4356
-72.4287
-72.4219
-72.415
-72.4081
-72.4013
-72.3944
-72.3875
-72.3806
-72.3738
-72.3669
-72.36
-72.3532
-72.3463
-72.3394
-72.3325
-72.3257
-72.3188
-72.3119
-72.305
-72.2982
-72.2913
-72.2844
-72.2775
-72.2706
-72.2638
-72.2569
-72.25
-72.2431
-72.2362
-72.2293
-72.2225
-72.2156
-72.2087
-72.2018
-72.1949
-72.188
-72.1811
-72.1742
-72.1674
-72.1605
-72.1536
-72.1467
-72.1398
-72.1329
-72.126
-72.1191
-72.1122
-72.1054
-72.0985
-72.0916
-72.0847
-72.0778
-72.0709
-72.064
-72.0571
-72.0502
-72.0433
-72.0364
-72.0296
-72.0227
-72.0158
-72.0089
-72.002
-71.9951
-71.9882
-71.9813
-71.9744
-71.9675
-71.9606
-71.9538
-71.9469
-71.94
-71.9331
-71.9262
-71.9193
-71.9124
-71.9055
-71.8986
-71.8917
-71.8849
-71.878
-71.8711
-71.8642
-71.8573
-71.8504
-71.8435
-71.8367
-71.8298
-71.8229
-71.816
-71.8091
-71.8022
-71.7954
-71.7885
-71.7816
-71.7747
-71.7678
-71.761
-71.7541
-71.7472
-71.7403
-71.7334
-71.7266
-71.7197
-71.7128
-71.7059
-71.6991
-71.6922
-71.6853
-71.6785
-71.6716
-71.6647
-71.6579
-71.651
-71.6441
-71.6373
-71.6304
-71.6235
-71.6167
-71.6098
-71.6029
-71.5961
-71.5892
-71.5824
-71.5755
-71.5687
-71.5618
-71.5549
-71.5481
-71.5412
-71.5344
-71.5275
-71.5207
-71.5139
-71.507
-71.5002
-71.4933
-71.4865
-71.4796
-71.4728
-71.466
-71.4591
-71.4523
-71.4455
-71.4386
-71.4318
-71.425
-71.4181
-71.4113
-71.4045
-71.3977
-71.3908
-71.384
-71.3772
-71.3704
-71.3636
-71.3567
-71.3499
-71.3431
-71.3363
-71.3295
-71.3227
-71.3159
-71.3091
-71.3023
-71.2955
-71.2887
-71.2819
-71.2751
-71.2683
-71.2615
-71.2547
-71.2479
-71.2411
-71.2343
-71.2276
-71.2208
-71.214
-71.2072
-71.2004
-71.1937
-71.1869
-71.1801
-71.1734
-71.1666
-71.1598
-71.1531
-71.1463
-71.1395
-71.1328
-71.126
-71.1193
-71.1125
-71.1058
-71.099
-71.0923
-71.0855
-71.0788
-71.0721
-71.0653
-71.0586
-71.0519
-71.0451
-71.0384
-71.0317
-71.0249
-71.0182
-71.0115
-71.0048
-70.9981
-70.9913
-70.9846
-70.9779
-70.9712
-70.9645
-70.9578
-70.9511
-70.9444
-70.9377
-70.931
-70.9243
-70.9176
-70.911
-70.9043
-70.8976
-70.8909
-70.8842
-70.8776
-70.8709
-70.8642
-70.8576
-70.8509
-70.8442
-70.8376
-70.8309
-70.8243
-70.8176
-70.811
-70.8043
-70.7977
-70.791
-70.7844
-70.7778
-70.7711
-70.7645
-70.7579
-70.7512
-70.7446
-70.738
-70.7314
-70.7248
-70.7181
-70.7115
-70.7049
-70.6983
-70.6917
-70.6851
-70.6785
-70.6719
-70.6653
-70.6588
-70.6522
-70.6456
-70.639
-70.6324
-70.6259
-70.6193
-70.6127
-70.6062
-70.5996
-70.593
-70.5865
-70.5799
-70.5734
-70.5668
-70.5603
-70.5537
-70.5472
-70.5407
-70.5341
-70.5276
-70.5211
-70.5145
-70.508
-70.5015
-70.495
-70.4885
-70.482
-70.4755
-70.469
-70.4625
-70.456
-70.4495
-70.443
-70.4365
-70.43
-70.4235
-70.4171
-70.4106
-70.4041
-70.3976
-70.3912
-70.3847
-70.3782
-70.3718
-70.3653
-70.3589
-70.3524
-70.346
-70.3396
-70.3331
-70.3267
-70.3203
-70.3138
-70.3074
-70.301
-70.2946
-70.2882
-70.2817
-70.2753
-70.2689
-70.2625
-70.2561
-70.2497
-70.2434
-70.237
-70.2306
-70.2242
-70.2178
-70.2115
-70.2051
-70.1987
-70.1924
-70.186
-70.1796
-70.1733
-70.1669
-70.1606
-70.1542
-70.1479
-70.1416
-70.1352
-70.1289
-70.1226
-70.1163
-70.1099
-70.1036
-70.0973
-70.091
-70.0847
-70.0784
-70.0721
-70.0658
-70.0595
-70.0532
-70.047
-70.0407
-70.0344
-70.0281
-70.0219
-70.0156
-70.0093
-70.0031
-69.9968
-69.9906
-69.9843
-69.9781
-69.9719
-69.9656
-69.9594
-69.9532
-69.9469
-69.9407
-69.9345
-69.9283
-69.9221
-69.9159
-69.9097
-69.9035
-69.8973
-69.8911
-69.8849
-69.8787
-69.8725
-69.8663
-69.8602
-69.854
-69.8478
-69.8417
-69.8355
-69.8294
-69.8232
-69.8171
-69.8109
-69.8048
-69.7987
-69.7925
-69.7864
-69.7803
-69.7742
-69.768
-69.7619
-69.7558
-69.7497
-69.7436
-69.7375
-69.7314
-69.7253
-69.7193
-69.7132
-69.7071
-69.701
-69.695
-69.6889
-69.6828
-69.6768
-69.6707
-69.6647
-69.6586
-69.6526
-69.6465
-69.6405
-69.6345
-69.6285
-69.6224
-69.6164
-69.6104
-69.6044
-69.5984
-69.5924
-69.5864
-69.5804
-69.5744
-69.5684
-69.5624
-69.5564
-69.5505
-69.5445
-69.5385
-69.5326
-69.5266
-69.5207
-69.5147
-69.5088
-69.5028
-69.4969
-69.4909
-69.485
-69.4791
-69.4732
-69.4673
-69.4613
-69.4554
-69.4495
-69.4436
-69.4377
-69.4318
-69.4259
-69.42
-69.4142
-69.4083
-69.4024
-69.3965
-69.3907
-69.3848
-69.379
-69.3731
-69.3673
-69.3614
-69.3556
-69.3497
-69.3439
-69.3381
-69.3322
-69.3264
-69.3206
-69.3148
-69.309
-69.3032
-69.2974
-69.2916
-69.2858
-69.28
-69.2742
-69.2684
-69.2627
-69.2569
-69.2511
-69.2454
-69.2396
-69.2339
-69.2281
-69.2224
-69.2166
-69.2109
-69.2051
-69.1994
-69.1937
-69.188
-69.1822
-69.1765
-69.1708
-69.1651
-69.1594
-69.1537
-69.148
-69.1423
-69.1366
-69.131
-69.1253
-69.1196
-69.114
-69.1083
-69.1026
-69.097
-69.0913
-69.0857
-69.08
-69.0744
-69.0688
-69.0631
-69.0575
-69.0519
-69.0463
-69.0406
-69.035
-69.0294
-69.0238
-69.0182
-69.0126
-69.0071
-69.0015
-68.9959
-68.9903
-68.9847
-68.9792
-68.9736
-68.968
-68.9625
-68.9569
-68.9514
-68.9459
-68.9403
-68.9348
-68.9292
-68.9237
-68.9182
-68.9127
-68.9072
-68.9017
-68.8962
-68.8907
-68.8852
-68.8797
-68.8742
-68.8687
-68.8632
-68.8577
-68.8523
-68.8468
-68.8413
-68.8359
-68.8304
-68.825
-68.8195
-68.8141
-68.8086
-68.8032
-68.7978
-68.7924
-68.7869
-68.7815
-68.7761
-68.7707
-68.7653
-68.7599
-68.7545
-68.7491
-68.7437
-68.7383
-68.7329
-68.7276
-68.7222
-68.7168
-68.7115
-68.7061
-68.7008
-68.6954
-68.6901
-68.6847
-68.6794
-68.674
-68.6687
-68.6634
-68.6581
-68.6528
-68.6474
-68.6421
-68.6368
-68.6315
-68.6262
-68.6209
-68.6157
-68.6104
-68.6051
-68.5998
-68.5945
-68.5893
-68.584
-68.5788
-68.5735
-68.5682
-68.563
-68.5578
-68.5525
-68.5473
-68.5421
-68.5368
-68.5316
-68.5264
-68.5212
-68.516
-68.5108
-68.5056
-68.5004
-68.4952
-68.49
-68.4848
-68.4796
-68.4744
-68.4693
-68.4641
-68.4589
-68.4538
-68.4486
-68.4435
-68.4383
-68.4332
-68.428
-68.4229
-68.4178
-68.4127
-68.4075
-68.4024
-68.3973
-68.3922
-68.3871
-68.382
-68.3769
-68.3718
-68.3667
-68.3616
-68.3565
-68.3514
-68.3464
-68.3413
-68.3362
-68.3312
-68.3261
-68.3211
-68.316
-68.311
-68.3059
-68.3009
-68.2959
-68.2908
-68.2858
-68.2808
-68.2758
-68.2707
-68.2657
-68.2607
-68.2557
-68.2507
-68.2457
-68.2407
-68.2358
-68.2308
-68.2258
-68.2208
-68.2159
-68.2109
-68.2059
-68.201
-68.196
-68.1911
-68.1861
-68.1812
-68.1762
-68.1713
-68.1664
-68.1615
-68.1565
-68.1516
-68.1467
-68.1418
-68.1369
-68.132
-68.1271
-68.1222
-68.1173
-68.1124
-68.1075
-68.1027
-68.0978
-68.0929
-68.088
-68.0832
-68.0783
-68.0735
-68.0686
-68.0638
-68.0589
-68.0541
-68.0493
-68.0444
-68.0396
-68.0348
-68.03
-68.0251
-68.0203
-68.0155
-68.0107
-68.0059
-68.0011
-67.9963
-67.9915
-67.9868
-67.982
-67.9772
-67.9724
-67.9676
-67.9629
-67.9581
-67.9534
-67.9486
-67.9439
-67.9391
-67.9344
-67.9296
-67.9249
-67.9202
-67.9154
-67.9107
-67.906
-67.9013
-67.8966
-67.8919
-67.8871
-67.8824
-67.8778
-67.8731
-67.8684
-67.8637
-67.859
-67.8543
-67.8496
-67.845
-67.8403
-67.8356
-67.831
-67.8263
-67.8217
-67.817
-67.8124
-67.8077
-67.8031
-67.7985
-67.7938
-67.7892
-67.7846
-67.78
-67.7754
-67.7707
-67.7661
-67.7615
-67.7569
-67.7523
-67.7477
-67.7431
-67.7386
-67.734
-67.7294
-67.7248
-67.7203
-67.7157
-67.7111
-67.7066
-67.702
-67.6974
-67.6929
-67.6884
-67.6838
-67.6793
-67.6747
-67.6702
-67.6657
-67.6611
-67.6566
-67.6521
-67.6476
-67.6431
-67.6386
-67.6341
-67.6296
-67.6251
-67.6206
-67.6161
-67.6116
-67.6071
-67.6026
-67.5982
-67.5937
-67.5892
-67.5848
-67.5803
-67.5758
-67.5714
-67.5669
-67.5625
-67.558
-67.5536
-67.5492
-67.5447
-67.5403
-67.5359
-67.5315
-67.527
-67.5226
-67.5182
-67.5138
-67.5094
-67.505
-67.5006
-67.4962
-67.4918
-67.4874
-67.483
-67.4786
-67.4743
-67.4699
-67.4655
-67.4611
-67.4568
-67.4524
-67.4481
-67.4437
-67.4393
-67.435
-67.4306
-67.4263
-67.422
-67.4176
-67.4133
-67.409
-67.4046
-67.4003
-67.396
-67.3917
-67.3874
-67.3831
-67.3788
-67.3744
-67.3701
-67.3659
-67.3616
-67.3573
-67.353
-67.3487
-67.3444
-67.3401
-67.3359
-67.3316
-67.3273
-67.3231
-67.3188
-67.3145
-67.3103
-67.306
-67.3018
-67.2975
-67.2933
-67.2891
-67.2848
-67.2806
-67.2764
-67.2721
-67.2679
-67.2637
-67.2595
-67.2553
-67.2511
-67.2468
-67.2426
-67.2384
-67.2342
-67.23
-67.2259
-67.2217
-67.2175
-67.2133
-67.2091
-67.2049
-67.2008
-67.1966
-67.1924
-67.1883
-67.1841
-67.1799
-67.1758
-67.1716
-67.1675
-67.1633
-67.1592
-67.1551
-67.1509
-67.1468
-67.1426
-67.1385
-67.1344
-67.1303
-67.1262
-67.122
-67.1179
-67.1138
-67.1097
-67.1056
-67.1015
-67.0974
-67.0933
-67.0892
-67.0851
-67.081
-67.0769
-67.0729
-67.0688
-67.0647
-67.0606
-67.0566
-67.0525
-67.0484
-67.0444
-67.0403
-67.0363
-67.0322
-67.0282
-67.0241
-67.0201
-67.016
-67.012
-67.0079
-67.0039
-66.9999
-66.9959
-66.9918
-66.9878
-66.9838
-66.9798
-66.9758
-66.9718
-66.9677
-66.9637
-66.9597
-66.9557
-66.9517
-66.9477
-66.9437
-66.9398
-66.9358
-66.9318
-66.9278
-66.9238
-66.9199
-66.9159
-66.9119
-66.9079
-66.904
-66.9
-66.8961
-66.8921
-66.8881
-66.8842
-66.8802
-66.8763
-66.8724
-66.8684
-66.8645
-66.8605
-66.8566
-66.8527
-66.8487
-66.8448
-66.8409
-66.837
-66.8331
-66.8291
-66.8252
-66.8213
-66.8174
-66.8135
-66.8096
-66.8057
-66.8018
-66.7979
-66.794
-66.7901
-66.7862
-66.7824
-66.7785
-66.7746
-66.7707
-66.7668
-66.763
-66.7591
-66.7552
-66.7514
-66.7475
-66.7436
-66.7398
-66.7359
-66.7321
-66.7282
-66.7244
-66.7205
-66.7167
-66.7128
-66.709
-66.7052
-66.7013
-66.6975
-66.6937
-66.6898
-66.686
-66.6822
-66.6784
-66.6745
-66.6707
-66.6669
-66.6631
-66.6593
-66.6555
-66.6517
-66.6479
-66.6441
-66.6403
-66.6365
-66.6327
-66.6289
-66.6251
-66.6213
-66.6175
-66.6138
-66.61
-66.6062
-66.6024
-66.5987
-66.5949
-66.5911
-66.5873
-66.5836
-66.5798
-66.5761
-66.5723
-66.5685
-66.5648
-66.561
-66.5573
-66.5535
-66.5498
-66.5461
-66.5423
-66.5386
-66.5348
-66.5311
-66.5274
-66.5236
-66.5199
-66.5162
-66.5125
-66.5087
-66.505
-66.5013
-66.4976
-66.4939
-66.4902
-66.4865
-66.4827
-66.479
-66.4753
-66.4716
-66.4679
-66.4642
-66.4605
-66.4568
-66.4532
-66.4495
-66.4458
-66.4421
-66.4384
-66.4347
-66.431
-66.4274
-66.4237
-66.42
-66.4163
-66.4127
-66.409
-66.4053
-66.4017
-66.398
-66.3944
-66.3907
-66.387
-66.3834
-66.3797
-66.3761
-66.3724
-66.3688
-66.3651
-66.3615
-66.3579
-66.3542
-66.3506
-66.3469
-66.3433
-66.3397
-66.336
-66.3324
-66.3288
-66.3252
-66.3215
-66.3179
-66.3143
-66.3107
-66.3071
-66.3034
-66.2998
-66.2962
-66.2926
-66.289
-66.2854
-66.2818
-66.2782
-66.2746
-66.271
-66.2674
-66.2638
-66.2602
-66.2566
-66.253
-66.2494
-66.2458
-66.2423
-66.2387
-66.2351
-66.2315
-66.2279
-66.2244
-66.2208
-66.2172
-66.2136
-66.2101
-66.2065
-66.2029
-66.1994
-66.1958
-66.1922
-66.1887
-66.1851
-66.1815
-66.178
-66.1744
-66.1709
-66.1673
-66.1638
-66.1602
-66.1567
-66.1531
-66.1496
-66.146
-66.1425
-66.139
-66.1354
-66.1319
-66.1283
-66.1248
-66.1213
-66.1177
-66.1142
-66.1107
-66.1072
-66.1036
-66.1001
-66.0966
-66.0931
-66.0895
-66.086
-66.0825
-66.079
-66.0755
-66.072
-66.0684
-66.0649
-66.0614
-66.0579
-66.0544
-66.0509
-66.0474
-66.0439
-66.0404
-66.0369
-66.0334
-66.0299
-66.0264
-66.0229
-66.0194
-66.0159
-66.0124
-66.0089
-66.0055
-66.002
-65.9985
-65.995
-65.9915
-65.988
-65.9846
-65.9811
-65.9776
-65.9741
-65.9706
-65.9672
-65.9637
-65.9602
-65.9568
-65.9533
-65.9498
-65.9463
-65.9429
-65.9394
-65.9359
-65.9325
-65.929
-65.9256
-65.9221
-65.9186
-65.9152
-65.9117
-65.9083
-65.9048
-65.9014
-65.8979
-65.8945
-65.891
-65.8876
-65.8841
-65.8807
-65.8772
-65.8738
-65.8703
-65.8669
-65.8635
-65.86
-65.8566
-65.8531
-65.8497
-65.8463
-65.8428
-65.8394
-65.836
-65.8325
-65.8291
-65.8257
-65.8222
-65.8188
-65.8154
-65.8119
-65.8085
-65.8051
-65.8017
-65.7982
-65.7948
-65.7914
-65.788
-65.7846
-65.7811
-65.7777
-65.7743
-65.7709
-65.7675
-65.7641
-65.7606
-65.7572
-65.7538
-65.7504
-65.747
-65.7436
-65.7402
-65.7368
-65.7334
-65.73
-65.7265
-65.7231
-65.7197
-65.7163
-65.7129
-65.7095
-65.7061
-65.7027
-65.6993
-65.6959
-65.6925
-65.6891
-65.6857
-65.6823
-65.6789
-65.6755
-65.6722
-65.6688
-65.6654
-65.662
-65.6586
-65.6552
-65.6518
-65.6484
-65.645
-65.6416
-65.6383
-65.6349
-65.6315
-65.6281
-65.6247
-65.6213
-65.6179
-65.6146
-65.6112
-65.6078
-65.6044
-65.601
-65.5977
-65.5943
-65.5909
-65.5875
-65.5841
-65.5808
-65.5774
-65.574
-65.5706
-65.5673
-65.5639
-65.5605
-65.5571
-65.5538
-65.5504
-65.547
-65.5436
-65.5403
-65.5369
-65.5335
-65.5302
-65.5268
-65.5234
-65.5201
-65.5167
-65.5133
-65.51
-65.5066
-65.5032
-65.4999
-65.4965
-65.4931
-65.4898
-65.4864
-65.483
-65.4797
-65.4763
-65.4729
-65.4696
-65.4662
-65.4629
-65.4595
-65.4561
-65.4528
-65.4494
-65.4461
-65.4427
-65.4393
-65.436
-65.4326
-65.4293
-65.4259
-65.4225
-65.4192
-65.4158
-65.4125
-65.4091
-65.4058
-65.4024
-65.3991
-65.3957
-65.3923
-65.389
-65.3856
-65.3823
-65.3789
-65.3756
-65.3722
-65.3689
-65.3655
-65.3621
-65.3588
-65.3554
-65.3521
-65.3487
-65.3454
-65.342
-65.3387
-65.3353
-65.332
-65.3286
-65.3253
-65.3219
-65.3186
-65.3152
-65.3119
-65.3085
-65.3052
-65.3018
-65.2985
-65.2951
-65.2917
-65.2884
-65.285
-65.2817
-65.2783
-65.275
-65.2716
-65.2683
-65.2649
-65.2616
-65.2582
-65.2549
-65.2515
-65.2482
-65.2448
-65.2415
-65.2381
-65.2348
-65.2314
-65.2281
-65.2247
-65.2214
-65.218
-65.2147
-65.2113
-65.208
-65.2046
-65.2013
-65.1979
-65.1946
-65.1912
-65.1878
-65.1845
-65.1811
-65.1778
-65.1744
-65.1711
-65.1677
-65.1644
-65.161
-65.1577
-65.1543
-65.151
-65.1476
-65.1442
-65.1409
-65.1375
-65.1342
-65.1308
-65.1275
-65.1241
-65.1207
-65.1174
-65.114
-65.1107
-65.1073
-65.104
-65.1006
-65.0972
-65.0939
-65.0905
-65.0872
-65.0838
-65.0804
-65.0771
-65.0737
-65.0704
-65.067
-65.0636
-65.0603
-65.0569
-65.0535
-65.0502
-65.0468
-65.0435
-65.0401
-65.0367
-65.0334
-65.03
-65.0266
-65.0233
-65.0199
-65.0165
-65.0132
-65.0098
-65.0064
-65.003
-64.9997
-64.9963
-64.9929
-64.9896
-64.9862
-64.9828
-64.9794
-64.9761
-64.9727
-64.9693
-64.9659
-64.9626
-64.9592
-64.9558
-64.9524
-64.9491
-64.9457
-64.9423
-64.9389
-64.9355
-64.9321
-64.9288
-64.9254
-64.922
-64.9186
-64.9152
-64.9118
-64.9085
-64.9051
-64.9017
-64.8983
-64.8949
-64.8915
-64.8881
-64.8847
-64.8814
-64.878
-64.8746
-64.8712
-64.8678
-64.8644
-64.861
-64.8576
-64.8542
-64.8508
-64.8474
-64.844
-64.8406
-64.8372
-64.8338
-64.8304
-64.827
-64.8236
-64.8202
-64.8168
-64.8134
-64.81
-64.8066
-64.8031
-64.7997
-64.7963
-64.7929
-64.7895
-64.7861
-64.7827
-64.7793
-64.7758
-64.7724
-64.769
-64.7656
-64.7622
-64.7587
-64.7553
-64.7519
-64.7485
-64.7451
-64.7416
-64.7382
-64.7348
-64.7314
-64.7279
-64.7245
-64.7211
-64.7176
-64.7142
-64.7108
-64.7073
-64.7039
-64.7005
-64.697
-64.6936
-64.6901
-64.6867
-64.6833
-64.6798
-64.6764
-64.6729
-64.6695
-64.666
-64.6626
-64.6591
-64.6557
-64.6522
-64.6488
-64.6453
-64.6419
-64.6384
-64.6349
-64.6315
-64.628
-64.6246
-64.6211
-64.6176
-64.6142
-64.6107
-64.6072
-64.6038
-64.6003
-64.5968
-64.5934
-64.5899
-64.5864
-64.5829
-64.5795
-64.576
-64.5725
-64.569
-64.5655
-64.5621
-64.5586
-64.5551
-64.5516
-64.5481
-64.5446
-64.5411
-64.5376
-64.5341
-64.5306
-64.5271
-64.5236
-64.5201
-64.5166
-64.5131
-64.5096
-64.5061
-64.5026
-64.4991
-64.4956
-64.4921
-64.4886
-64.4851
-64.4816
-64.478
-64.4745
-64.471
-64.4675
-64.464
-64.4604
-64.4569
-64.4534
-64.4498
-64.4463
-64.4428
-64.4393
-64.4357
-64.4322
-64.4286
-64.4251
-64.4216
-64.418
-64.4145
-64.4109
-64.4074
-64.4038
-64.4003
-64.3967
-64.3932
-64.3896
-64.3861
-64.3825
-64.3789
-64.3754
-64.3718
-64.3682
-64.3647
-64.3611
-64.3575
-64.354
-64.3504
-64.3468
-64.3432
-64.3396
-64.3361
-64.3325
-64.3289
-64.3253
-64.3217
-64.3181
-64.3145
-64.3109
-64.3073
-64.3037
-64.3001
-64.2965
-64.2929
-64.2893
-64.2857
-64.2821
-64.2785
-64.2749
-64.2713
-64.2677
-64.264
-64.2604
-64.2568
-64.2532
-64.2495
-64.2459
-64.2423
-64.2386
-64.235
-64.2314
-64.2277
-64.2241
-64.2204
-64.2168
-64.2132
-64.2095
-64.2059
-64.2022
-64.1985
-64.1949
-64.1912
-64.1876
-64.1839
-64.1802
-64.1766
-64.1729
-64.1692
-64.1655
-64.1619
-64.1582
-64.1545
-64.1508
-64.1471
-64.1434
-64.1398
-64.1361
-64.1324
-64.1287
-64.125
-64.1213
-64.1176
-64.1139
-64.1101
-64.1064
-64.1027
-64.099
-64.0953
-64.0916
-64.0878
-64.0841
-64.0804
-64.0767
-64.0729
-64.0692
-64.0655
-64.0617
-64.058
-64.0542
-64.0505
-64.0467
-64.043
-64.0392
-64.0355
-64.0317
-64.028
-64.0242
-64.0204
-64.0166
-64.0129
-64.0091
-64.0053
-64.0015
-63.9978
-63.994
-63.9902
-63.9864
-63.9826
-63.9788
-63.975
-63.9712
-63.9674
-63.9636
-63.9598
-63.956
-63.9522
-63.9484
-63.9445
-63.9407
-63.9369
-63.9331
-63.9292
-63.9254
-63.9216
-63.9177
-63.9139
-63.91
-63.9062
-63.9023
-63.8985
-63.8946
-63.8908
-63.8869
-63.883
-63.8792
-63.8753
-63.8714
-63.8676
-63.8637
-63.8598
-63.8559
-63.852
-63.8481
-63.8442
-63.8403
-63.8364
-63.8325
-63.8286
-63.8247
-63.8208
-63.8169
-63.813
-63.8091
-63.8051
-63.8012
-63.7973
-63.7933
-63.7894
-63.7855
-63.7815
-63.7776
-63.7736
-63.7697
-63.7657
-63.7618
-63.7578
-63.7538
-63.7499
-63.7459
-63.7419
-63.7379
-63.734
-63.73
-63.726
-63.722
-63.718
-63.714
-63.71
-63.706
-63.702
-63.698
-63.694
-63.6899
-63.6859
-63.6819
-63.6779
-63.6738
-63.6698
-63.6657
-63.6617
-63.6577
-63.6536
-63.6496
-63.6455
-63.6414
-63.6374
-63.6333
-63.6292
-63.6252
-63.6211
-63.617
-63.6129
-63.6088
-63.6047
-63.6006
-63.5965
-63.5924
-63.5883
-63.5842
-63.5801
-63.576
-63.5718
-63.5677
-63.5636
-63.5594
-63.5553
-63.5511
-63.547
-63.5428
-63.5387
-63.5345
-63.5304
-63.5262
-63.522
-63.5179
-63.5137
-63.5095
-63.5053
-63.5011
-63.4969
-63.4927
-63.4885
-63.4843
-63.4801
-63.4759
-63.4717
-63.4674
-63.4632
-63.459
-63.4547
-63.4505
-63.4462
-63.442
-63.4377
-63.4335
-63.4292
-63.4249
-63.4207
-63.4164
-63.4121
-63.4078
-63.4035
-63.3992
-63.3949
-63.3906
-63.3863
-63.382
-63.3777
-63.3734
-63.3691
-63.3647
-63.3604
-63.3561
-63.3517
-63.3474
-63.343
-63.3387
-63.3343
-63.3299
-63.3255
-63.3212
-63.3168
-63.3124
-63.308
-63.3036
-63.2992
-63.2948
-63.2904
-63.286
-63.2816
-63.2771
-63.2727
-63.2683
-63.2638
-63.2594
-63.2549
-63.2505
-63.246
-63.2415
-63.2371
-63.2326
-63.2281
-63.2236
-63.2191
-63.2146
-63.2101
-63.2056
-63.2011
-63.1966
-63.1921
-63.1875
-63.183
-63.1785
-63.1739
-63.1694
-63.1648
-63.1603
-63.1557
-63.1511
-63.1465
-63.142
-63.1374
-63.1328
-63.1282
-63.1236
-63.119
-63.1143
-63.1097
-63.1051
-63.1005
-63.0958
-63.0912
-63.0865
-63.0819
-63.0772
-63.0725
-63.0679
-63.0632
-63.0585
-63.0538
-63.0491
-63.0444
-63.0397
-63.035
-63.0303
-63.0255
-63.0208
-63.0161
-63.0113
-63.0066
-63.0018
-62.997
-62.9923
-62.9875
-62.9827
-62.9779
-62.9731
-62.9683
-62.9635
-62.9587
-62.9539
-62.949
-62.9442
-62.9394
-62.9345
-62.9297
-62.9248
-62.9199
-62.9151
-62.9102
-62.9053
-62.9004
-62.8955
-62.8906
-62.8857
-62.8807
-62.8758
-62.8709
-62.8659
-62.861
-62.856
-62.8511
-62.8461
-62.8411
-62.8361
-62.8311
-62.8261
-62.8211
-62.8161
-62.8111
-62.8061
-62.801
-62.796
-62.7909
-62.7859
-62.7808
-62.7757
-62.7707
-62.7656
-62.7605
-62.7554
-62.7503
-62.7451
-62.74
-62.7349
-62.7297
-62.7246
-62.7194
-62.7143
-62.7091
-62.7039
-62.6987
-62.6935
-62.6883
-62.6831
-62.6779
-62.6727
-62.6674
-62.6622
-62.6569
-62.6517
-62.6464
-62.6411
-62.6358
-62.6305
-62.6252
-62.6199
-62.6146
-62.6093
-62.6039
-62.5986
-62.5932
-62.5879
-62.5825
-62.5771
-62.5717
-62.5663
-62.5609
-62.5555
-62.5501
-62.5446
-62.5392
-62.5337
-62.5283
-62.5228
-62.5173
-62.5118
-62.5063
-62.5008
-62.4953
-62.4897
-62.4842
-62.4787
-62.4731
-62.4675
-62.462
-62.4564
-62.4508
-62.4452
-62.4395
-62.4339
-62.4283
-62.4226
-62.417
-62.4113
-62.4056
-62.4
-62.3943
-62.3885
-62.3828
-62.3771
-62.3714
-62.3656
-62.3599
-62.3541
-62.3483
-62.3425
-62.3367
-62.3309
-62.3251
-62.3192
-62.3134
-62.3075
-62.3017
-62.2958
-62.2899
-62.284
-62.2781
-62.2721
-62.2662
-62.2603
-62.2543
-62.2483
-62.2424
-62.2364
-62.2304
-62.2243
-62.2183
-62.2123
-62.2062
-62.2001
-62.1941
-62.188
-62.1819
-62.1758
-62.1696
-62.1635
-62.1573
-62.1512
-62.145
-62.1388
-62.1326
-62.1264
-62.1202
-62.1139
-62.1077
-62.1014
-62.0951
-62.0888
-62.0825
-62.0762
-62.0699
-62.0635
-62.0572
-62.0508
-62.0444
-62.038
-62.0316
-62.0252
-62.0187
-62.0123
-62.0058
-61.9993
-61.9928
-61.9863
-61.9797
-61.9732
-61.9666
-61.9601
-61.9535
-61.9469
-61.9403
-61.9336
-61.927
-61.9203
-61.9136
-61.9069
-61.9002
-61.8935
-61.8868
-61.88
-61.8732
-61.8665
-61.8596
-61.8528
-61.846
-61.8391
-61.8323
-61.8254
-61.8185
-61.8116
-61.8046
-61.7977
-61.7907
-61.7837
-61.7767
-61.7697
-61.7626
-61.7556
-61.7485
-61.7414
-61.7343
-61.7272
-61.72
-61.7129
-61.7057
-61.6985
-61.6913
-61.684
-61.6768
-61.6695
-61.6622
-61.6549
-61.6476
-61.6402
-61.6329
-61.6255
-61.6181
-61.6106
-61.6032
-61.5957
-61.5882
-61.5807
-61.5732
-61.5656
-61.5581
-61.5505
-61.5429
-61.5352
-61.5276
-61.5199
-61.5122
-61.5045
-61.4967
-61.489
-61.4812
-61.4734
-61.4655
-61.4577
-61.4498
-61.4419
-61.434
-61.4261
-61.4181
-61.4101
-61.4021
-61.3941
-61.386
-61.3779
-61.3698
-61.3617
-61.3535
-61.3453
-61.3371
-61.3289
-61.3206
-61.3124
-61.304
-61.2957
-61.2874
-61.279
-61.2706
-61.2621
-61.2537
-61.2452
-61.2366
-61.2281
-61.2195
-61.2109
-61.2023
-61.1936
-61.185
-61.1762
-61.1675
-61.1587
-61.1499
-61.1411
-61.1322
-61.1234
-61.1144
-61.1055
-61.0965
-61.0875
-61.0785
-61.0694
-61.0603
-61.0512
-61.042
-61.0328
-61.0236
-61.0143
-61.005
-60.9957
-60.9863
-60.9769
-60.9675
-60.958
-60.9485
-60.939
-60.9294
-60.9198
-60.9102
-60.9005
-60.8908
-60.8811
-60.8713
-60.8615
-60.8516
-60.8417
-60.8318
-60.8218
-60.8118
-60.8018
-60.7917
-60.7815
-60.7714
-60.7612
-60.7509
-60.7406
-60.7303
-60.7199
-60.7095
-60.6991
-60.6886
-60.678
-60.6674
-60.6568
-60.6461
-60.6354
-60.6247
-60.6139
-60.603
-60.5921
-60.5812
-60.5702
-60.5591
-60.5481
-60.5369
-60.5257
-60.5145
-60.5032
-60.4919
-60.4805
-60.4691
-60.4576
-60.446
-60.4345
-60.4228
-60.4111
-60.3994
-60.3876
-60.3757
-60.3638
-60.3518
-60.3398
-60.3277
-60.3155
-60.3033
-60.2911
-60.2788
-60.2664
-60.2539
-60.2414
-60.2289
-60.2162
-60.2035
-60.1908
-60.178
-60.1651
-60.1521
-60.1391
-60.126
-60.1128
-60.0996
-60.0863
-60.073
-60.0595
-60.046
-60.0324
-60.0188
-60.0051
-59.9913
-59.9774
-59.9634
-59.9494
-59.9353
-59.9211
-59.9068
-59.8924
-59.878
-59.8635
-59.8489
-59.8342
-59.8194
-59.8045
-59.7896
-59.7745
-59.7594
-59.7442
-59.7289
-59.7135
-59.698
-59.6824
-59.6667
-59.6509
-59.635
-59.619
-59.6029
-59.5867
-59.5704
-59.5539
-59.5374
-59.5208
-59.504
-59.4872
-59.4702
-59.4531
-59.4359
-59.4186
-59.4012
-59.3836
-59.3659
-59.3481
-59.3302
-59.3122
-59.294
-59.2756
-59.2572
-59.2386
-59.2199
-59.201
-59.182
-59.1628
-59.1435
-59.1241
-59.1045
-59.0847
-59.0648
-59.0448
-59.0246
-59.0042
-58.9836
-58.9629
-58.942
-58.921
-58.8998
-58.8784
-58.8568
-58.835
-58.8131
-58.7909
-58.7686
-58.746
-58.7233
-58.7004
-58.6772
-58.6539
-58.6303
-58.6065
-58.5825
-58.5583
-58.5338
-58.5092
-58.4842
-58.4591
-58.4337
-58.408
-58.3821
-58.3559
-58.3295
-58.3028
-58.2758
-58.2485
-58.221
-58.1931
-58.165
-58.1365
-58.1078
-58.0787
-58.0493
-58.0196
-57.9896
-57.9592
-57.9284
-57.8973
-57.8659
-57.834
-57.8018
-57.7692
-57.7362
-57.7028
-57.6689
-57.6347
-57.6
-57.5648
-57.5292
-57.4931
-57.4566
-57.4195
-57.382
-57.3439
-57.3053
-57.2661
-57.2264
-57.1861
-57.1453
-57.1038
-57.0617
-57.0189
-56.9755
-56.9315
-56.8867
-56.8412
-56.795
-56.748
-56.7002
-56.6517
-56.6023
-56.552
-56.5009
-56.4488
-56.3958
-56.3419
-56.2869
-56.2309
-56.1738
-56.1156
-56.0562
-55.9957
-55.9339
-55.8708
-55.8063
-55.7405
-55.6732
-55.6045
-55.5341
-55.4621
-55.3885
-55.313
-55.2357
-55.1565
-55.0752
-54.9918
-54.9062
-54.8182
-54.7278
-54.6349
-54.5392
-54.4406
-54.339
-54.2343
-54.1261
-54.0144
-53.8989
-53.7794
-53.6555
-53.5271
-53.3938
-53.2552
-53.111
-52.9608
-52.804
-52.6401
-52.4686
-52.2887
-52.0997
-51.9007
-51.6906
-51.4685
-51.2328
-50.9821
-50.7144
-50.4276
-50.119
-49.7854
-49.4227
-49.026
-48.5889
-48.1031
-47.5573
-46.9363
-46.2185
-45.3723
-44.3504
-43.0656
-41.3944
-39.1408
-36.0024
-31.3619
-23.2746
-12.0564
1.33326
13.0026
21.6515
27.9106
32.4512
35.7279
38.0297
39.5476
40.4083
40.6995
40.4887
39.839
38.8166
37.4921
35.9369
34.2189
32.3974
30.5215
28.6289
26.7477
24.8972
23.0898
21.3332
19.6311
17.9847
16.3933
14.8556
13.3692
11.9317
10.5405
9.19307
7.88705
6.62029
5.39082
4.19692
3.03709
1.91
0.814514
-0.250341
-1.28542
-2.29148
-3.26919
-4.21916
-5.14199
-6.03825
-6.90852
-7.75342
-8.57356
-9.36964
-10.1424
-10.8925
-11.6209
-12.3284
-13.016
-13.6845
-14.335
-14.9684
-15.5858
-16.1883
-16.7768
-17.3524
-17.9162
-18.4692
-19.0124
-19.5469
-20.0736
-20.5936
-21.1078
-21.6173
-22.1229
-22.6257
-23.1266
-23.6265
-24.1264
-24.6272
-25.1299
-25.6355
-26.1448
-26.6588
-27.1784
-27.7046
-28.2382
-28.7802
-29.3312
-29.8921
-30.4633
-31.0455
-31.6389
-32.2437
-32.8599
-33.4876
-34.1269
-34.7785
-35.4434
-36.1233
-36.8198
-37.5341
-38.2665
-39.0166
-39.7827
-40.5627
-41.3541
-42.154
-42.9599
-43.7699
-44.5825
-45.3966
-46.211
-47.025
-47.8377
-48.6485
-49.4568
-50.2621
-51.0637
-51.861
-52.6533
-53.4397
-54.2196
-54.992
-55.7561
-56.5108
-57.2552
-57.9883
-58.7089
-59.4162
-60.1091
-60.7865
-61.4477
-62.0917
-62.7178
-63.3251
-63.9132
-64.4815
-65.0297
-65.5574
-66.0646
-66.5511
-67.017
-67.4625
-67.8878
-68.2934
-68.6796
-69.0469
-69.3958
-69.727
-70.0411
-70.3387
-70.6205
-70.8872
-71.1395
-71.378
-71.6035
-71.8164
-72.0176
-72.2076
-72.387
-72.5564
-72.7164
-72.8674
-73.0099
-73.1445
-73.2716
-73.3915
-73.5048
-73.6118
-73.7129
-73.8084
-73.8985
-73.9838
-74.0643
-74.1404
-74.2123
-74.2802
-74.3445
-74.4052
-74.4626
-74.5168
-74.5681
-74.6165
-74.6623
-74.7056
-74.7465
-74.7852
-74.8217
-74.8561
-74.8887
-74.9194
-74.9484
-74.9758
-75.0016
-75.0259
-75.0488
-75.0703
-75.0906
-75.1097
-75.1276
-75.1445
-75.1602
-75.175
-75.1888
-75.2018
-75.2138
-75.2251
-75.2355
-75.2452
-75.2542
-75.2625
-75.2702
-75.2772
-75.2836
-75.2895
-75.2948
-75.2996
-75.3039
-75.3077
-75.311
-75.3139
-75.3164
-75.3185
-75.3202
-75.3215
-75.3225
-75.3231
-75.3234
-75.3234
-75.3231
-75.3225
-75.3217
-75.3205
-75.3191
-75.3175
-75.3156
-75.3135
-75.3112
-75.3087
-75.306
-75.3031
-75.3
-75.2967
-75.2933
-75.2897
-75.2859
-75.282
-75.2779
-75.2738
-75.2694
-75.265
-75.2604
-75.2557
-75.2509
-75.246
-75.241
-75.2359
-75.2307
-75.2254
-75.22
-75.2145
-75.209
-75.2033
-75.1976
-75.1918
-75.186
-75.1801
-75.1741
-75.1681
-75.162
-75.1558
-75.1496
-75.1434
-75.1371
-75.1308
-75.1244
-75.1179
-75.1115
-75.105
-75.0984
-75.0918
-75.0852
-75.0786
-75.0719
-75.0652
-75.0585
-75.0517
-75.045
-75.0382
-75.0313
-75.0245
-75.0176
-75.0108
-75.0039
-74.997
-74.99
-74.9831
-74.9761
-74.9692
-74.9622
-74.9552
-74.9482
-74.9412
-74.9342
-74.9271
-74.9201
-74.9131
-74.906
-74.899
-74.8919
-74.8848
-74.8778
-74.8707
-74.8636
-74.8565
-74.8495
-74.8424
-74.8353
-74.8282
-74.8211
-74.8141
-74.807
-74.7999
-74.7928
-74.7857
-74.7786
-74.7716
-74.7645
-74.7574
-74.7503
-74.7433
-74.7362
-74.7291
-74.722
-74.715
-74.7079
-74.7009
-74.6938
-74.6868
-74.6797
-74.6727
-74.6656
-74.6586
-74.6516
-74.6445
-74.6375
-74.6305
-74.6235
-74.6164
-74.6094
-74.6024
-74.5954
-74.5884
-74.5814
-74.5744
-74.5675
-74.5605
-74.5535
-74.5465
-74.5396
-74.5326
-74.5256
-74.5187
-74.5117
-74.5048
-74.4978
-74.4909
-74.484
-74.477
-74.4701
-74.4632
-74.4563
-74.4494
-74.4424
-74.4355
-74.4286
-74.4217
-74.4148
-74.4079
-74.4011
-74.3942
-74.3873
-74.3804
-74.3735
-74.3667
-74.3598
-74.3529
-74.3461
-74.3392
-74.3323
-74.3255
-74.3186
-74.3118
-74.3049
-74.2981
-74.2912
-74.2844
-74.2776
-74.2707
-74.2639
-74.2571
-74.2502
-74.2434
-74.2366
-74.2298
-74.2229
-74.2161
-74.2093
-74.2025
-74.1957
-74.1888
-74.182
-74.1752
-74.1684
-74.1616
-74.1548
-74.148
-74.1412
-74.1344
-74.1276
-74.1208
-74.114
-74.1072
-74.1004
-74.0936
-74.0868
-74.08
-74.0732
-74.0664
-74.0596
-74.0528
-74.046
-74.0392
-74.0324
-74.0256
-74.0188
-74.012
-74.0052
-73.9984
-73.9916
-73.9848
-73.978
-73.9712
-73.9644
-73.9576
-73.9508
-73.944
-73.9372
-73.9304
-73.9236
-73.9167
-73.9099
-73.9031
-73.8963
-73.8895
-73.8827
-73.8759
-73.8691
-73.8623
-73.8554
-73.8486
-73.8418
-73.835
-73.8281
-73.8213
-73.8145
-73.8077
-73.8008
-73.794
-73.7872
-73.7803
-73.7735
-73.7667
-73.7598
-73.753
-73.7461
-73.7393
-73.7324
-73.7256
-73.7187
-73.7119
-73.705
-73.6982
-73.6913
-73.6845
-73.6776
-73.6707
-73.6639
-73.657
-73.6501
-73.6432
-73.6364
-73.6295
-73.6226
-73.6157
-73.6088
-73.6019
-73.595
-73.5881
-73.5812
-73.5743
-73.5674
-73.5605
-73.5536
-73.5467
-73.5398
-73.5329
-73.526
-73.5191
-73.5121
-73.5052
-73.4983
-73.4913
-73.4844
-73.4775
-73.4705
-73.4636
-73.4566
-73.4497
-73.4427

