-72
-71.9938
-71.9885
-71.9832
-71.9779
-71.9726
-71.9673
-71.9619
-71.9566
-71.9513
-71.946
-71.9407
-71.9354
-71.9301
-71.9248
-71.9196
-71.9143
-71.909
-71.9037
-71.8984
-71.8931
-71.8878
-71.8825
-71.8773
-71.872
-71.8667
-71.8614
-71.8562
-71.8509
-71.8456
-71.8403
-71.8351
-71.8298
-71.8245
-71.8193
-71.814
-71.8088
-71.8035
-71.7983
-71.793
-71.7877
-71.7825
-71.7773
-71.772
-71.7668
-71.7615
-71.7563
-71.7511
-71.7458
-71.7406
-71.7354
-71.7301
-71.7249
-71.7197
-71.7145
-71.7092
-71.704
-71.6988
-71.6936
-71.6884
-71.6832
-71.678
-71.6728
-71.6676
-71.6624
-71.6572
-71.652
-71.6468
-71.6416
-71.6364
-71.6312
-71.6261
-71.6209
-71.6157
-71.6105
-71.6054
-71.6002
-71.595
-71.5899
-71.5847
-71.5795
-71.5744
-71.5692
-71.5641
-71.5589
-71.5538
-71.5486
-71.5435
-71.5384
-71.5332
-71.5281
-71.523
-71.5178
-71.5127
-71.5076
-71.5025
-71.4974
-71.4922
-71.4871
-71.482
-71.4769
-71.4718
-71.4667
-71.4616
-71.4565
-71.4514
-71.4463
-71.4412
-71.4362
-71.4311
-71.426
-71.4209
-71.4158
-71.4108
-71.4057
-71.4006
-71.3956
-71.3905
-71.3855
-71.3804
-71.3754
-71.3703
-71.3653
-71.3602
-71.3552
-71.3501
-71.3451
-71.3401
-71.335
-71.33
-71.325
-71.32
-71.3149
-71.3099
-71.3049
-71.2999
-71.2949
-71.2899
-71.2849
-71.2799
-71.2749
-71.2699
-71.2649
-71.2599
-71.2549
-71.25
-71.245
-71.24
-71.235
-71.2301
-71.2251
-71.2201
-71.2152
-71.2102
-71.2052
-71.2003
-71.1953
-71.1904
-71.1854
-71.1805
-71.1756
-71.1706
-71.1657
-71.1608
-71.1558
-71.1509
-71.146
-71.1411
-71.1361
-71.1312
-71.1263
-71.1214
-71.1165
-71.1116
-71.1067
-71.1018
-71.0969
-71.092
-71.0871
-71.0822
-71.0773
-71.0725
-71.0676
-71.0627
-71.0578
-71.053
-71.0481
-71.0432
-71.0384
-71.0335
-71.0287
-71.0238
-71.019
-71.0141
-71.0093
-71.0044
-70.9996
-70.9947
-70.9899
-70.9851
-70.9803
-70.9754
-70.9706
-70.9658
-70.961
-70.9562
-70.9513
-70.9465
-70.9417
-70.9369
-70.9321
-70.9273
-70.9225
-70.9177
-70.913
-70.9082
-70.9034
-70.8986
-70.8938
-70.889
-70.8843
-70.8795
-70.8747
-70.87
-70.8652
-70.8605
-70.8557
-70.8509
-70.8462
-70.8414
-70.8367
-70.832
-70.8272
-70.8225
-70.8177
-70.813
-70.8083
-70.8036
-70.7988
-70.7941
-70.7894
-70.7847
-70.78
-70.7753
-70.7705
-70.7658
-70.7611
-70.7564
-70.7517
-70.7471
-70.7424
-70.7377
-70.733
-70.7283
-70.7236
-70.7189
-70.7143
-70.7096
-70.7049
-70.7003
-70.6956
-70.6909
-70.6863
-70.6816
-70.677
-70.6723
-70.6677
-70.663
-70.6584
-70.6537
-70.6491
-70.6445
-70.6398
-70.6352
-70.6306
-70.626
-70.6213
-70.6167
-70.6121
-70.6075
-70.6029
-70.5983
-70.5936
-70.589
-70.5844
-70.5798
-70.5752
-70.5707
-70.5661
-70.5615
-70.5569
-70.5523
-70.5477
-70.5431
-70.5386
-70.534
-70.5294
-70.5249
-70.5203
-70.5157
-70.5112
-70.5066
-70.5021
-70.4975
-70.493
-70.4884
-70.4839
-70.4793
-70.4748
-70.4702
-70.4657
-70.4612
-70.4566
-70.4521
-70.4476
-70.4431
-70.4386
-70.434
-70.4295
-70.425
-70.4205
-70.416
-70.4115
-70.407
-70.4025
-70.398
-70.3935
-70.389
-70.3845
-70.38
-70.3755
-70.3711
-70.3666
-70.3621
-70.3576
-70.3531
-70.3487
-70.3442
-70.3397
-70.3353
-70.3308
-70.3264
-70.3219
-70.3174
-70.313
-70.3085
-70.3041
-70.2997
-70.2952
-70.2908
-70.2863
-70.2819
-70.2775
-70.273
-70.2686
-70.2642
-70.2598
-70.2553
-70.2509
-70.2465
-70.2421
-70.2377
-70.2333
-70.2289
-70.2245
-70.2201
-70.2157
-70.2113
-70.2069
-70.2025
-70.1981
-70.1937
-70.1893
-70.1849
-70.1805
-70.1762
-70.1718
-70.1674
-70.163
-70.1587
-70.1543
-70.1499
-70.1456
-70.1412
-70.1369
-70.1325
-70.1281
-70.1238
-70.1194
-70.1151
-70.1108
-70.1064
-70.1021
-70.0977
-70.0934
-70.0891
-70.0847
-70.0804
-70.0761
-70.0717
-70.0674
-70.0631
-70.0588
-70.0545
-70.0501
-70.0458
-70.0415
-70.0372
-70.0329
-70.0286
-70.0243
-70.02
-70.0157
-70.0114
-70.0071
-70.0028
-69.9985
-69.9943
-69.99
-69.9857
-69.9814
-69.9771
-69.9729
-69.9686
-69.9643
-69.96
-69.9558
-69.9515
-69.9472
-69.943
-69.9387
-69.9345
-69.9302
-69.9259
-69.9217
-69.9174
-69.9132
-69.909
-69.9047
-69.9005
-69.8962
-69.892
-69.8878
-69.8835
-69.8793
-69.8751
-69.8708
-69.8666
-69.8624
-69.8582
-69.8539
-69.8497
-69.8455
-69.8413
-69.8371
-69.8329
-69.8287
-69.8245
-69.8202
-69.816
-69.8118
-69.8076
-69.8034
-69.7993
-69.7951
-69.7909
-69.7867
-69.7825
-69.7783
-69.7741
-69.7699
-69.7658
-69.7616
-69.7574
-69.7532
-69.7491
-69.7449
-69.7407
-69.7366
-69.7324
-69.7282
-69.7241
-69.7199
-69.7157
-69.7116
-69.7074
-69.7033
-69.6991
-69.695
-69.6908
-69.6867
-69.6826
-69.6784
-69.6743
-69.6701
-69.666
-69.6619
-69.6577
-69.6536
-69.6495
-69.6453
-69.6412
-69.6371
-69.633
-69.6288
-69.6247
-69.6206
-69.6165
-69.6124
-69.6083
-69.6042
-69.6
-69.5959
-69.5918
-69.5877
-69.5836
-69.5795
-69.5754
-69.5713
-69.5672
-69.5631
-69.559
-69.555
-69.5509
-69.5468
-69.5427
-69.5386
-69.5345
-69.5304
-69.5264
-69.5223
-69.5182
-69.5141
-69.5101
-69.506
-69.5019
-69.4978
-69.4938
-69.4897
-69.4856
-69.4816
-69.4775
-69.4735
-69.4694
-69.4653
-69.4613
-69.4572
-69.4532
-69.4491
-69.4451
-69.441
-69.437
-69.4329
-69.4289
-69.4249
-69.4208
-69.4168
-69.4127
-69.4087
-69.4047
-69.4006
-69.3966
-69.3926
-69.3885
-69.3845
-69.3805
-69.3765
-69.3724
-69.3684
-69.3644
-69.3604
-69.3564
-69.3523
-69.3483
-69.3443
-69.3403
-69.3363
-69.3323
-69.3283
-69.3243
-69.3203
-69.3163
-69.3123
-69.3083
-69.3043
-69.3003
-69.2963
-69.2923
-69.2883
-69.2843
-69.2803
-69.2763
-69.2723
-69.2683
-69.2643
-69.2603
-69.2563
-69.2524
-69.2484
-69.2444
-69.2404
-69.2364
-69.2325
-69.2285
-69.2245
-69.2205
-69.2165
-69.2126
-69.2086
-69.2046
-69.2007
-69.1967
-69.1927
-69.1888
-69.1848
-69.1808
-69.1769
-69.1729
-69.169
-69.165
-69.161
-69.1571
-69.1531
-69.1492
-69.1452
-69.1413
-69.1373
-69.1334
-69.1294
-69.1255
-69.1215
-69.1176
-69.1136
-69.1097
-69.1057
-69.1018
-69.0979
-69.0939
-69.09
-69.086
-69.0821
-69.0782
-69.0742
-69.0703
-69.0664
-69.0624
-69.0585
-69.0546
-69.0506
-69.0467
-69.0428
-69.0389
-69.0349
-69.031
-69.0271
-69.0232
-69.0192
-69.0153
-69.0114
-69.0075
-69.0036
-68.9996
-68.9957
-68.9918
-68.9879
-68.984
-68.9801
-68.9762
-68.9722
-68.9683
-68.9644
-68.9605
-68.9566
-68.9527
-68.9488
-68.9449
-68.941
-68.9371
-68.9332
-68.9293
-68.9254
-68.9215
-68.9176
-68.9137
-68.9098
-68.9059
-68.902
-68.8981
-68.8942
-68.8903
-68.8864
-68.8825
-68.8786
-68.8747
-68.8708
-68.8669
-68.863
-68.8591
-68.8553
-68.8514
-68.8475
-68.8436
-68.8397
-68.8358
-68.8319
-68.828
-68.8242
-68.8203
-68.8164
-68.8125
-68.8086
-68.8047
-68.8009
-68.797
-68.7931
-68.7892
-68.7853
-68.7815
-68.7776
-68.7737
-68.7698
-68.766
-68.7621
-68.7582
-68.7543
-68.7505
-68.7466
-68.7427
-68.7388
-68.735
-68.7311
-68.7272
-68.7234
-68.7195
-68.7156
-68.7117
-68.7079
-68.704
-68.7001
-68.6963
-68.6924
-68.6885
-68.6847
-68.6808
-68.6769
-68.6731
-68.6692
-68.6653
-68.6615
-68.6576
-68.6538
-68.6499
-68.646
-68.6422
-68.6383
-68.6344
-68.6306
-68.6267
-68.6229
-68.619
-68.6151
-68.6113
-68.6074
-68.6036
-68.5997
-68.5958
-68.592
-68.5881
-68.5843
-68.5804
-68.5765
-68.5727
-68.5688
-68.565
-68.5611
-68.5573
-68.5534
-68.5495
-68.5457
-68.5418
-68.538
-68.5341
-68.5303
-68.5264
-68.5225
-68.5187
-68.5148
-68.511
-68.5071
-68.5033
-68.4994
-68.4956
-68.4917
-68.4878
-68.484
-68.4801
-68.4763
-68.4724
-68.4686
-68.4647
-68.4609
-68.457
-68.4532
-68.4493
-68.4454
-68.4416
-68.4377
-68.4339
-68.43
-68.4262
-68.4223
-68.4185
-68.4146
-68.4108
-68.4069
-68.403
-68.3992
-68.3953
-68.3915
-68.3876
-68.3838
-68.3799
-68.3761
-68.3722
-68.3683
-68.3645
-68.3606
-68.3568
-68.3529
-68.3491
-68.3452
-68.3413
-68.3375
-68.3336
-68.3298
-68.3259
-68.322
-68.3182
-68.3143
-68.3105
-68.3066
-68.3028
-68.2989
-68.295
-68.2912
-68.2873
-68.2834
-68.2796
-68.2757
-68.2719
-68.268
-68.2641
-68.2603
-68.2564
-68.2525
-68.2487
-68.2448
-68.241
-68.2371
-68.2332
-68.2294
-68.2255
-68.2216
-68.2178
-68.2139
-68.21
-68.2062
-68.2023
-68.1984
-68.1945
-68.1907
-68.1868
-68.1829
-68.1791
-68.1752
-68.1713
-68.1674
-68.1636
-68.1597
-68.1558
-68.1519
-68.1481
-68.1442
-68.1403
-68.1364
-68.1326
-68.1287
-68.1248
-68.1209
-68.117
-68.1132
-68.1093
-68.1054
-68.1015
-68.0976
-68.0938
-68.0899
-68.086
-68.0821
-68.0782
-68.0743
-68.0704
-68.0665
-68.0627
-68.0588
-68.0549
-68.051
-68.0471
-68.0432
-68.0393
-68.0354
-68.0315
-68.0276
-68.0237
-68.0198
-68.0159
-68.012
-68.0081
-68.0042
-68.0003
-67.9964
-67.9925
-67.9886
-67.9847
-67.9808
-67.9769
-67.973
-67.9691
-67.9652
-67.9613
-67.9574
-67.9534
-67.9495
-67.9456
-67.9417
-67.9378
-67.9339
-67.9299
-67.926
-67.9221
-67.9182
-67.9143
-67.9103
-67.9064
-67.9025
-67.8986
-67.8946
-67.8907
-67.8868
-67.8829
-67.8789
-67.875
-67.8711
-67.8671
-67.8632
-67.8593
-67.8553
-67.8514
-67.8474
-67.8435
-67.8396
-67.8356
-67.8317
-67.8277
-67.8238
-67.8198
-67.8159
-67.8119
-67.808
-67.804
-67.8001
-67.7961
-67.7922
-67.7882
-67.7843
-67.7803
-67.7763
-67.7724
-67.7684
-67.7644
-67.7605
-67.7565
-67.7525
-67.7486
-67.7446
-67.7406
-67.7367
-67.7327
-67.7287
-67.7247
-67.7207
-67.7168
-67.7128
-67.7088
-67.7048
-67.7008
-67.6968
-67.6928
-67.6889
-67.6849
-67.6809
-67.6769
-67.6729
-67.6689
-67.6649
-67.6609
-67.6569
-67.6529
-67.6489
-67.6448
-67.6408
-67.6368
-67.6328
-67.6288
-67.6248
-67.6208
-67.6168
-67.6127
-67.6087
-67.6047
-67.6007
-67.5966
-67.5926
-67.5886
-67.5845
-67.5805
-67.5765
-67.5724
-67.5684
-67.5643
-67.5603
-67.5563
-67.5522
-67.5482
-67.5441
-67.5401
-67.536
-67.532
-67.5279
-67.5238
-67.5198
-67.5157
-67.5117
-67.5076
-67.5035
-67.4994
-67.4954
-67.4913
-67.4872
-67.4831
-67.4791
-67.475
-67.4709
-67.4668
-67.4627
-67.4586
-67.4545
-67.4505
-67.4464
-67.4423
-67.4382
-67.4341
-67.43
-67.4258
-67.4217
-67.4176
-67.4135
-67.4094
-67.4053
-67.4012
-67.397
-67.3929
-67.3888
-67.3847
-67.3805
-67.3764
-67.3723
-67.3681
-67.364
-67.3599
-67.3557
-67.3516
-67.3474
-67.3433
-67.3391
-67.335
-67.3308
-67.3266
-67.3225
-67.3183
-67.3142
-67.31
-67.3058
-67.3016
-67.2975
-67.2933
-67.2891
-67.2849
-67.2807
-67.2766
-67.2724
-67.2682
-67.264
-67.2598
-67.2556
-67.2514
-67.2472
-67.243
-67.2388
-67.2345
-67.2303
-67.2261
-67.2219
-67.2177
-67.2134
-67.2092
-67.205
-67.2007
-67.1965
-67.1923
-67.188
-67.1838
-67.1795
-67.1753
-67.171
-67.1668
-67.1625
-67.1583
-67.154
-67.1497
-67.1455
-67.1412
-67.1369
-67.1326
-67.1284
-67.1241
-67.1198
-67.1155
-67.1112
-67.1069
-67.1026
-67.0983
-67.094
-67.0897
-67.0854
-67.0811
-67.0768
-67.0724
-67.0681
-67.0638
-67.0595
-67.0551
-67.0508
-67.0465
-67.0421
-67.0378
-67.0334
-67.0291
-67.0247
-67.0204
-67.016
-67.0116
-67.0073
-67.0029
-66.9985
-66.9942
-66.9898
-66.9854
-66.981
-66.9766
-66.9722
-66.9678
-66.9634
-66.959
-66.9546
-66.9502
-66.9458
-66.9414
-66.937
-66.9326
-66.9281
-66.9237
-66.9193
-66.9148
-66.9104
-66.9059
-66.9015
-66.8971
-66.8926
-66.8881
-66.8837
-66.8792
-66.8747
-66.8703
-66.8658
-66.8613
-66.8568
-66.8523
-66.8479
-66.8434
-66.8389
-66.8344
-66.8299
-66.8253
-66.8208
-66.8163
-66.8118
-66.8073
-66.8027
-66.7982
-66.7937
-66.7891
-66.7846
-66.78
-66.7755
-66.7709
-66.7664
-66.7618
-66.7572
-66.7527
-66.7481
-66.7435
-66.7389
-66.7343
-66.7297
-66.7251
-66.7205
-66.7159
-66.7113
-66.7067
-66.7021
-66.6975
-66.6929
-66.6882
-66.6836
-66.6789
-66.6743
-66.6697
-66.665
-66.6603
-66.6557
-66.651
-66.6463
-66.6417
-66.637
-66.6323
-66.6276
-66.6229
-66.6182
-66.6135
-66.6088
-66.6041
-66.5994
-66.5947
-66.59
-66.5852
-66.5805
-66.5758
-66.571
-66.5663
-66.5615
-66.5568
-66.552
-66.5472
-66.5425
-66.5377
-66.5329
-66.5281
-66.5233
-66.5185
-66.5137
-66.5089
-66.5041
-66.4993
-66.4945
-66.4896
-66.4848
-66.48
-66.4751
-66.4703
-66.4654
-66.4606
-66.4557
-66.4508
-66.446
-66.4411
-66.4362
-66.4313
-66.4264
-66.4215
-66.4166
-66.4117
-66.4068
-66.4019
-66.3969
-66.392
-66.3871
-66.3821
-66.3772
-66.3722
-66.3673
-66.3623
-66.3573
-66.3524
-66.3474
-66.3424
-66.3374
-66.3324
-66.3274
-66.3224
-66.3174
-66.3123
-66.3073
-66.3023
-66.2972
-66.2922
-66.2871
-66.2821
-66.277
-66.272
-66.2669
-66.2618
-66.2567
-66.2516
-66.2465
-66.2414
-66.2363
-66.2312
-66.2261
-66.2209
-66.2158
-66.2106
-66.2055
-66.2003
-66.1952
-66.19
-66.1848
-66.1797
-66.1745
-66.1693
-66.1641
-66.1589
-66.1537
-66.1484
-66.1432
-66.138
-66.1327
-66.1275
-66.1222
-66.117
-66.1117
-66.1064
-66.1011
-66.0959
-66.0906
-66.0853
-66.0799
-66.0746
-66.0693
-66.064
-66.0586
-66.0533
-66.0479
-66.0426
-66.0372
-66.0318
-66.0265
-66.0211
-66.0157
-66.0103
-66.0049
-65.9994
-65.994
-65.9886
-65.9831
-65.9777
-65.9722
-65.9668
-65.9613
-65.9558
-65.9503
-65.9449
-65.9394
-65.9338
-65.9283
-65.9228
-65.9173
-65.9117
-65.9062
-65.9006
-65.8951
-65.8895
-65.8839
-65.8783
-65.8727
-65.8671
-65.8615
-65.8559
-65.8502
-65.8446
-65.839
-65.8333
-65.8276
-65.822
-65.8163
-65.8106
-65.8049
-65.7992
-65.7935
-65.7877
-65.782
-65.7763
-65.7705
-65.7647
-65.759
-65.7532
-65.7474
-65.7416
-65.7358
-65.73
-65.7241
-65.7183
-65.7124
-65.7066
-65.7007
-65.6948
-65.6889
-65.683
-65.6771
-65.6712
-65.6652
-65.6593
-65.6533
-65.6474
-65.6414
-65.6353
-65.6293
-65.6233
-65.6172
-65.6112
-65.6051
-65.5989
-65.5928
-65.5867
-65.5805
-65.5743
-65.568
-65.5618
-65.5555
-65.5491
-65.5428
-65.5364
-65.5299
-65.5234
-65.5168
-65.5101
-65.5034
-65.4966
-65.4896
-65.4826
-65.4755
-65.4683
-65.4609
-65.4534
-65.4457
-65.4379
-65.4299
-65.4216
-65.4131
-65.4042
-65.3949
-65.3852
-65.3749
-65.364
-65.3525
-65.3402
-65.3272
-65.3133
-65.2985
-65.2827
-65.2659
-65.248
-65.229
-65.2086
-65.1868
-65.1634
-65.1381
-65.1103
-65.079
-65.0425
-64.9996
-64.9493
-64.8913
-64.8255
-64.7518
-64.6702
-64.5809
-64.4838
-64.3789
-64.2661
-64.1452
-64.0158
-63.877
-63.7278
-63.5662
-63.3891
-63.1905
-62.9587
-62.6694
-62.2662
-61.6967
-60.9633
-60.1265
-59.2311
-58.3033
-57.3577
-56.4015
-55.4373
-54.4637
-53.4757
-52.4644
-51.4163
-50.3109
-49.1172
-47.787
-46.2402
-44.3328
-41.7794
-37.9523
-31.4708
-18.9203
-0.642512
17.5629
29.4531
36.5517
40.6747
42.9324
43.9817
44.213
43.8708
43.1215
42.0892
40.8697
39.5372
38.1466
36.7371
35.3352
33.9581
32.6173
31.3229
30.0883
28.9402
27.8899
26.902
25.9239
24.9334
23.9263
22.9062
21.8786
20.8489
19.8215
18.7999
17.7867
16.7839
15.7929
14.8147
13.85
12.8993
11.9628
11.0405
10.1326
9.23895
8.35978
7.4951
6.64455
5.80756
4.98358
4.1722
3.37311
2.58612
1.8111
1.04796
0.296621
-0.442971
-1.17087
-1.88714
-2.59185
-3.28506
-3.96687
-4.63738
-5.29671
-5.94497
-6.58232
-7.20891
-7.82492
-8.43053
-9.02595
-9.61141
-10.1871
-10.7534
-11.3104
-11.8585
-12.398
-12.929
-13.452
-13.9672
-14.4749
-14.9755
-15.4692
-15.9564
-16.4375
-16.9127
-17.3825
-17.8471
-18.3069
-18.7623
-19.2136
-19.6612
-20.1055
-20.5469
-20.9857
-21.4224
-21.8573
-22.2909
-22.7237
-23.156
-23.5884
-24.0214
-24.4555
-24.8912
-25.3292
-25.77
-26.2144
-26.6631
-27.1167
-27.5759
-28.0417
-28.5146
-28.9954
-29.4849
-29.984
-30.4933
-31.0137
-31.5459
-32.0907
-32.6489
-33.2213
-33.8091
-34.4136
-35.0369
-35.6818
-36.3513
-37.0484
-37.7755
-38.534
-39.324
-40.1444
-40.9933
-41.8678
-42.7648
-43.6817
-44.6164
-45.5667
-46.5305
-47.5053
-48.4889
-49.4787
-50.4724
-51.4672
-52.4604
-53.4494
-54.4312
-55.4031
-56.3623
-57.3061
-58.2319
-59.1373
-60.0199
-60.8777
-61.7087
-62.5114
-63.2843
-64.0264
-64.7368
-65.4152
-66.0611
-66.6748
-67.2566
-67.8069
-68.3265
-68.8164
-69.2774
-69.7109
-70.1181
-70.5001
-70.8584
-71.1941
-71.5087
-71.8034
-72.0794
-72.3378
-72.5799
-72.8066
-73.0191
-73.2181
-73.4047
-73.5796
-73.7437
-73.8976
-74.042
-74.1776
-74.3049
-74.4244
-74.5367
-74.6422
-74.7413
-74.8345
-74.9221
-75.0045
-75.0819
-75.1548
-75.2233
-75.2878
-75.3484
-75.4056
-75.4593
-75.51
-75.5577
-75.6026
-75.6449
-75.6848
-75.7223
-75.7577
-75.7911
-75.8226
-75.8523
-75.8802
-75.9066
-75.9315
-75.9549
-75.977
-75.9979
-76.0175
-76.036
-76.0535
-76.0699
-76.0854
-76.1
-76.1137
-76.1266
-76.1387
-76.1502
-76.1609
-76.1709
-76.1804
-76.1892
-76.1975
-76.2053
-76.2125
-76.2193
-76.2256
-76.2314
-76.2369
-76.2419
-76.2466
-76.2509
-76.2549
-76.2585
-76.2618
-76.2648
-76.2676
-76.27
-76.2722
-76.2742
-76.2759
-76.2774
-76.2786
-76.2797
-76.2805
-76.2812
-76.2817
-76.282
-76.2821
-76.2821
-76.2819
-76.2816
-76.2812
-76.2806
-76.2798
-76.279
-76.278
-76.2769
-76.2757
-76.2744
-76.273
-76.2715
-76.2699
-76.2682
-76.2664
-76.2646
-76.2627
-76.2606
-76.2586
-76.2564
-76.2542
-76.2519
-76.2496
-76.2471
-76.2447
-76.2422
-76.2396
-76.237
-76.2343
-76.2316
-76.2288
-76.226
-76.2232
-76.2203
-76.2173
-76.2144
-76.2114
-76.2083
-76.2053
-76.2022
-76.1991
-76.1959
-76.1927
-76.1895
-76.1863
-76.183
-76.1798
-76.1765
-76.1731
-76.1698
-76.1664
-76.1631
-76.1597
-76.1563
-76.1528
-76.1494
-76.1459
-76.1424
-76.139
-76.1355
-76.1319
-76.1284
-76.1249
-76.1213
-76.1178
-76.1142
-76.1106
-76.1071
-76.1035
-76.0999
-76.0963
-76.0927
-76.089
-76.0854
-76.0818
-76.0781
-76.0745
-76.0708
-76.0672
-76.0635
-76.0599
-76.0562
-76.0525
-76.0489
-76.0452
-76.0415
-76.0378
-76.0341
-76.0305
-76.0268
-76.0231
-76.0194
-76.0157
-76.012
-76.0083
-76.0046
-76.0009
-75.9972
-75.9935
-75.9898
-75.986
-75.9823
-75.9786
-75.9749
-75.9712
-75.9675
-75.9638
-75.9601
-75.9564
-75.9526
-75.9489
-75.9452
-75.9415
-75.9378
-75.9341
-75.9304
-75.9266
-75.9229
-75.9192
-75.9155
-75.9118
-75.9081
-75.9043
-75.9006
-75.8969
-75.8932
-75.8895
-75.8858
-75.8821
-75.8783
-75.8746
-75.8709
-75.8672
-75.8635
-75.8598
-75.856
-75.8523
-75.8486
-75.8449
-75.8412
-75.8375
-75.8337
-75.83
-75.8263
-75.8226
-75.8189
-75.8151
-75.8114
-75.8077
-75.804
-75.8003
-75.7965
-75.7928
-75.7891
-75.7854
-75.7816
-75.7779
-75.7742
-75.7705
-75.7667
-75.763
-75.7593
-75.7556
-75.7518
-75.7481
-75.7444
-75.7406
-75.7369
-75.7332
-75.7294
-75.7257
-75.722
-75.7182
-75.7145
-75.7107
-75.707
-75.7032
-75.6995
-75.6957
-75.692
-75.6882
-75.6845
-75.6807
-75.677
-75.6732
-75.6695
-75.6657
-75.6619
-75.6582
-75.6544
-75.6506
-75.6469
-75.6431
-75.6393
-75.6355
-75.6318
-75.628
-75.6242
-75.6204
-75.6166
-75.6128
-75.609
-75.6052
-75.6015
-75.5977
-75.5939
-75.59
-75.5862
-75.5824
-75.5786
-75.5748
-75.571
-75.5672
-75.5634
-75.5595
-75.5557
-75.5519
-75.548
-75.5442
-75.5404
-75.5365
-75.5327
-75.5288
-75.525
-75.5211
-75.5173
-75.5134
-75.5096
-75.5057
-75.5018
-75.498
-75.4941
-75.4902
-75.4864
-75.4825
-75.4786
-75.4747
-75.4708
-75.4669
-75.463
-75.4591
-75.4552
-75.4513
-75.4474
-75.4435
-75.4396
-75.4356
-75.4317
-75.4278
-75.4239
-75.4199
-75.416
-75.4121
-75.4081
-75.4042
-75.4002
-75.3963
-75.3923
-75.3883
-75.3844
-75.3804
-75.3764
-75.3725
-75.3685
-75.3645
-75.3605
-75.3565
-75.3525
-75.3485
-75.3445
-75.3405
-75.3365
-75.3325
-75.3285
-75.3245
-75.3204
-75.3164
-75.3124
-75.3084
-75.3043
-75.3003
-75.2962
-75.2922
-75.2881
-75.2841
-75.28
-75.2759
-75.2719
-75.2678
-75.2637
-75.2596
-75.2556
-75.2515
-75.2474
-75.2433
-75.2392
-75.2351
-75.231
-75.2269
-75.2227
-75.2186
-75.2145
-75.2104
-75.2063
-75.2021
-75.198
-75.1938
-75.1897
-75.1855
-75.1814
-75.1772
-75.1731
-75.1689
-75.1647
-75.1606
-75.1564
-75.1522
-75.148
-75.1438
-75.1396
-75.1354
-75.1312
-75.127
-75.1228
-75.1186
-75.1144
-75.1102
-75.1059
-75.1017
-75.0975
-75.0932
-75.089
-75.0848
-75.0805
-75.0763
-75.072
-75.0677
-75.0635
-75.0592
-75.0549
-75.0507
-75.0464
-75.0421
-75.0378
-75.0335
-75.0292
-75.0249
-75.0206
-75.0163
-75.012
-75.0077
-75.0034
-74.9991
-74.9947
-74.9904
-74.9861
-74.9817
-74.9774
-74.973
-74.9687
-74.9643
-74.96
-74.9556
-74.9513
-74.9469
-74.9425
-74.9381
-74.9338
-74.9294
-74.925
-74.9206
-74.9162
-74.9118
-74.9074
-74.903
-74.8986
-74.8942
-74.8897
-74.8853
-74.8809
-74.8765
-74.872
-74.8676
-74.8632
-74.8587
-74.8543
-74.8498
-74.8454
-74.8409
-74.8364
-74.832
-74.8275
-74.823
-74.8186
-74.8141
-74.8096
-74.8051
-74.8006
-74.7961
-74.7916
-74.7871
-74.7826
-74.7781
-74.7736
-74.7691
-74.7645
-74.76
-74.7555
-74.751
-74.7464
-74.7419
-74.7373
-74.7328
-74.7283
-74.7237
-74.7191
-74.7146
-74.71
-74.7055
-74.7009
-74.6963
-74.6917
-74.6872
-74.6826
-74.678
-74.6734
-74.6688
-74.6642
-74.6596
-74.655
-74.6504
-74.6458
-74.6412
-74.6366
-74.6319
-74.6273
-74.6227
-74.6181
-74.6134
-74.6088
-74.6042
-74.5995
-74.5949
-74.5902
-74.5856
-74.5809
-74.5763
-74.5716
-74.5669
-74.5623
-74.5576
-74.5529
-74.5482
-74.5436
-74.5389
-74.5342
-74.5295
-74.5248
-74.5201
-74.5154
-74.5107
-74.506
-74.5013
-74.4966
-74.4919
-74.4872
-74.4824
-74.4777
-74.473
-74.4683
-74.4635
-74.4588
-74.4541
-74.4493
-74.4446
-74.4398
-74.4351
-74.4303
-74.4256
-74.4208
-74.4161
-74.4113
-74.4065
-74.4018
-74.397
-74.3922
-74.3874
-74.3827
-74.3779
-74.3731
-74.3683
-74.3635
-74.3587
-74.3539
-74.3491
-74.3443
-74.3395
-74.3347
-74.3299
-74.3251
-74.3203
-74.3155
-74.3107
-74.3058
-74.301
-74.2962
-74.2914
-74.2865
-74.2817
-74.2769
-74.272
-74.2672
-74.2623
-74.2575
-74.2527
-74.2478
-74.243
-74.2381
-74.2332
-74.2284
-74.2235
-74.2187
-74.2138
-74.2089
-74.2041
-74.1992
-74.1943
-74.1894
-74.1846
-74.1797
-74.1748
-74.1699
-74.165
-74.1601
-74.1552
-74.1503
-74.1454
-74.1406
-74.1357
-74.1307
-74.1258
-74.1209
-74.116
-74.1111
-74.1062
-74.1013
-74.0964
-74.0915
-74.0865
-74.0816
-74.0767
-74.0718
-74.0668
-74.0619
-74.057
-74.052
-74.0471
-74.0422
-74.0372
-74.0323
-74.0274
-74.0224
-74.0175
-74.0125
-74.0076
-74.0026
-73.9977
-73.9927
-73.9878
-73.9828
-73.9778
-73.9729
-73.9679
-73.963
-73.958
-73.953
-73.9481
-73.9431
-73.9381
-73.9331
-73.9282
-73.9232
-73.9182
-73.9132
-73.9082
-73.9033
-73.8983
-73.8933
-73.8883
-73.8833
-73.8783
-73.8733
-73.8683
-73.8634
-73.8584
-73.8534
-73.8484
-73.8434
-73.8384
-73.8334
-73.8284
-73.8234
-73.8184
-73.8133
-73.8083
-73.8033
-73.7983
-73.7933
-73.7883
-73.7833
-73.7783
-73.7733
-73.7682
-73.7632
-73.7582
-73.7532
-73.7482
-73.7431
-73.7381
-73.7331
-73.7281
-73.723
-73.718
-73.713
-73.708
-73.7029
-73.6979
-73.6929
-73.6878
-73.6828
-73.6778
-73.6727
-73.6677
-73.6627
-73.6576
-73.6526
-73.6475
-73.6425
-73.6375
-73.6324
-73.6274
-73.6223
-73.6173
-73.6122
-73.6072
-73.6022
-73.5971
-73.5921
-73.587
-73.582
-73.5769
-73.5719
-73.5668
-73.5618
-73.5567
-73.5517
-73.5466
-73.5416
-73.5365
-73.5315
-73.5264
-73.5213
-73.5163
-73.5112
-73.5062
-73.5011
-73.4961
-73.491
-73.4859
-73.4809
-73.4758
-73.4708
-73.4657
-73.4607
-73.4556
-73.4505
-73.4455
-73.4404
-73.4354
-73.4303
-73.4252
-73.4202
-73.4151
-73.41
-73.405
-73.3999
-73.3949
-73.3898
-73.3847
-73.3797
-73.3746
-73.3695
-73.3645
-73.3594
-73.3544
-73.3493
-73.3442
-73.3392
-73.3341
-73.329
-73.324
-73.3189
-73.3138
-73.3088
-73.3037
-73.2987
-73.2936
-73.2885
-73.2835
-73.2784
-73.2733
-73.2683
-73.2632
-73.2582
-73.2531
-73.248
-73.243
-73.2379
-73.2329
-73.2278
-73.2227
-73.2177
-73.2126
-73.2076
-73.2025
-73.1974
-73.1924
-73.1873
-73.1823
-73.1772
-73.1721
-73.1671
-73.162
-73.157
-73.1519
-73.1469
-73.1418
-73.1368
-73.1317
-73.1266
-73.1216
-73.1165
-73.1115
-73.1064
-73.1014
-73.0963
-73.0913
-73.0862
-73.0812
-73.0761
-73.0711
-73.066
-73.061
-73.0559
-73.0509
-73.0459
-73.0408
-73.0358
-73.0307
-73.0257
-73.0206
-73.0156
-73.0106
-73.0055
-73.0005
-72.9954
-72.9904
-72.9854
-72.9803
-72.9753
-72.9703
-72.9652
-72.9602
-72.9552
-72.9501
-72.9451
-72.9401
-72.9351
-72.93
-72.925
-72.92
-72.915
-72.9099
-72.9049
-72.8999
-72.8949
-72.8898
-72.8848
-72.8798
-72.8748
-72.8698
-72.8648
-72.8598
-72.8547
-72.8497
-72.8447
-72.8397
-72.8347
-72.8297
-72.8247
-72.8197
-72.8147
-72.8097
-72.8047
-72.7997
-72.7947
-72.7897
-72.7847
-72.7797
-72.7747
-72.7697
-72.7647
-72.7597
-72.7547
-72.7497
-72.7448
-72.7398
-72.7348
-72.7298
-72.7248
-72.7198
-72.7149
-72.7099
-72.7049
-72.6999
-72.695
-72.69
-72.685
-72.68
-72.6751
-72.6701
-72.6651
-72.6602
-72.6552
-72.6502
-72.6453
-72.6403
-72.6354
-72.6304
-72.6255
-72.6205
-72.6156
-72.6106
-72.6057
-72.6007
-72.5958
-72.5908
-72.5859
-72.5809
-72.576
-72.5711
-72.5661
-72.5612
-72.5563
-72.5513
-72.5464
-72.5415
-72.5366
-72.5316
-72.5267
-72.5218
-72.5169
-72.512
-72.507
-72.5021
-72.4972
-72.4923
-72.4874
-72.4825
-72.4776
-72.4727
-72.4678
-72.4629
-72.458
-72.4531
-72.4482
-72.4433
-72.4384
-72.4335
-72.4286
-72.4237
-72.4188
-72.414
-72.4091
-72.4042
-72.3993
-72.3945
-72.3896
-72.3847
-72.3798
-72.375
-72.3701
-72.3652
-72.3604
-72.3555
-72.3507
-72.3458
-72.341
-72.3361
-72.3313
-72.3264
-72.3216
-72.3167
-72.3119
-72.307
-72.3022
-72.2974
-72.2925
-72.2877
-72.2829
-72.278
-72.2732
-72.2684
-72.2636
-72.2588
-72.2539
-72.2491
-72.2443
-72.2395
-72.2347
-72.2299
-72.2251
-72.2203
-72.2155
-72.2107
-72.2059
-72.2011
-72.1963
-72.1915
-72.1867
-72.1819
-72.1771
-72.1724
-72.1676
-72.1628
-72.158
-72.1533
-72.1485
-72.1437
-72.139
-72.1342
-72.1294
-72.1247
-72.1199
-72.1152
-72.1104
-72.1057
-72.1009
-72.0962
-72.0914
-72.0867
-72.082
-72.0772
-72.0725
-72.0678
-72.063
-72.0583
-72.0536
-72.0489
-72.0441
-72.0394
-72.0347
-72.03
-72.0253
-72.0206
-72.0159
-72.0112
-72.0065
-72.0018
-71.9971
-71.9924
-71.9877
-71.983
-71.9783
-71.9736
-71.969
-71.9643
-71.9596
-71.9549
-71.9503
-71.9456
-71.9409
-71.9363
-71.9316
-71.9269
-71.9223
-71.9176
-71.913
-71.9083
-71.9037
-71.899
-71.8944
-71.8898
-71.8851
-71.8805
-71.8759
-71.8712
-71.8666
-71.862
-71.8574
-71.8527
-71.8481
-71.8435
-71.8389
-71.8343
-71.8297
-71.8251
-71.8205
-71.8159
-71.8113
-71.8067
-71.8021
-71.7975
-71.793
-71.7884
-71.7838
-71.7792
-71.7746
-71.7701
-71.7655
-71.7609
-71.7564
-71.7518
-71.7473
-71.7427
-71.7382
-71.7336
-71.7291
-71.7245
-71.72
-71.7154
-71.7109
-71.7064
-71.7018
-71.6973
-71.6928
-71.6883
-71.6837
-71.6792
-71.6747
-71.6702
-71.6657
-71.6612
-71.6567
-71.6522
-71.6477
-71.6432
-71.6387
-71.6342
-71.6297
-71.6252
-71.6208
-71.6163
-71.6118
-71.6073
-71.6029
-71.5984
-71.5939
-71.5895
-71.585
-71.5806
-71.5761
-71.5717
-71.5672
-71.5628
-71.5583
-71.5539
-71.5494
-71.545
-71.5406
-71.5362
-71.5317
-71.5273
-71.5229
-71.5185
-71.5141
-71.5097
-71.5052
-71.5008
-71.4964
-71.492
-71.4876
-71.4833
-71.4789
-71.4745
-71.4701
-71.4657
-71.4613
-71.457
-71.4526
-71.4482
-71.4438
-71.4395
-71.4351
-71.4308
-71.4264
-71.4221
-71.4177
-71.4134
-71.409
-71.4047
-71.4003
-71.396
-71.3917
-71.3873
-71.383
-71.3787
-71.3744
-71.3701
-71.3657
-71.3614
-71.3571
-71.3528
-71.3485
-71.3442
-71.3399
-71.3356
-71.3313
-71.3271
-71.3228
-71.3185
-71.3142
-71.3099
-71.3057
-71.3014
-71.2971
-71.2929
-71.2886
-71.2843
-71.2801
-71.2758
-71.2716
-71.2673
-71.2631
-71.2589
-71.2546
-71.2504
-71.2462
-71.2419
-71.2377
-71.2335
-71.2293
-71.225
-71.2208
-71.2166
-71.2124
-71.2082
-71.204
-71.1998
-71.1956
-71.1914
-71.1872
-71.1831
-71.1789
-71.1747
-71.1705
-71.1663
-71.1622
-71.158
-71.1538
-71.1497
-71.1455
-71.1414
-71.1372
-71.1331
-71.1289
-71.1248
-71.1206
-71.1165
-71.1124
-71.1082
-71.1041
-71.1
-71.0959
-71.0917
-71.0876
-71.0835
-71.0794
-71.0753
-71.0712
-71.0671
-71.063
-71.0589
-71.0548
-71.0507
-71.0466
-71.0425
-71.0385
-71.0344
-71.0303
-71.0262
-71.0222
-71.0181
-71.0141
-71.01
-71.0059
-71.0019
-70.9978
-70.9938
-70.9897
-70.9857
-70.9817
-70.9776
-70.9736
-70.9696
-70.9656
-70.9615
-70.9575
-70.9535
-70.9495
-70.9455
-70.9415
-70.9375
-70.9335
-70.9295
-70.9255
-70.9215
-70.9175
-70.9135
-70.9095
-70.9056
-70.9016
-70.8976
-70.8936
-70.8897
-70.8857
-70.8818
-70.8778
-70.8738
-70.8699
-70.8659
-70.862
-70.8581
-70.8541
-70.8502
-70.8462
-70.8423
-70.8384
-70.8345
-70.8305
-70.8266
-70.8227
-70.8188
-70.8149
-70.811
-70.8071
-70.8032
-70.7993
-70.7954
-70.7915
-70.7876
-70.7837
-70.7799
-70.776
-70.7721
-70.7682
-70.7644
-70.7605
-70.7566
-70.7528
-70.7489
-70.7451
-70.7412
-70.7374
-70.7335
-70.7297
-70.7259
-70.722
-70.7182
-70.7144
-70.7105
-70.7067
-70.7029
-70.6991
-70.6953
-70.6915
-70.6877
-70.6838
-70.68
-70.6762
-70.6725
-70.6687
-70.6649
-70.6611
-70.6573
-70.6535
-70.6497
-70.646
-70.6422
-70.6384
-70.6347
-70.6309
-70.6271
-70.6234
-70.6196
-70.6159
-70.6121
-70.6084
-70.6047
-70.6009
-70.5972
-70.5935
-70.5897
-70.586
-70.5823
-70.5786
-70.5748
-70.5711
-70.5674
-70.5637
-70.56
-70.5563
-70.5526
-70.5489
-70.5452
-70.5415
-70.5378
-70.5342
-70.5305
-70.5268
-70.5231
-70.5195
-70.5158
-70.5121
-70.5085
-70.5048
-70.5011
-70.4975
-70.4938
-70.4902
-70.4866
-70.4829
-70.4793
-70.4756
-70.472
-70.4684
-70.4647
-70.4611
-70.4575
-70.4539
-70.4503
-70.4467
-70.443
-70.4394
-70.4358
-70.4322
-70.4286
-70.425
-70.4215
-70.4179
-70.4143
-70.4107
-70.4071
-70.4035
-70.4
-70.3964
-70.3928
-70.3893
-70.3857
-70.3821
-70.3786
-70.375
-70.3715
-70.3679
-70.3644
-70.3609
-70.3573
-70.3538
-70.3503
-70.3467
-70.3432
-70.3397
-70.3362
-70.3326
-70.3291
-70.3256
-70.3221
-70.3186
-70.3151
-70.3116
-70.3081
-70.3046
-70.3011
-70.2976
-70.2941
-70.2906
-70.2872
-70.2837
-70.2802
-70.2767
-70.2733
-70.2698
-70.2663
-70.2629
-70.2594
-70.256
-70.2525
-70.2491
-70.2456
-70.2422
-70.2387
-70.2353
-70.2319
-70.2284
-70.225
-70.2216
-70.2182
-70.2147
-70.2113
-70.2079
-70.2045
-70.2011
-70.1977
-70.1943
-70.1909
-70.1875
-70.1841
-70.1807
-70.1773
-70.1739
-70.1705
-70.1671
-70.1638
-70.1604
-70.157
-70.1537
-70.1503
-70.1469
-70.1436
-70.1402
-70.1368
-70.1335
-70.1301
-70.1268
-70.1234
-70.1201
-70.1168
-70.1134
-70.1101
-70.1068
-70.1034
-70.1001
-70.0968
-70.0935
-70.0902
-70.0868
-70.0835
-70.0802
-70.0769
-70.0736
-70.0703
-70.067
-70.0637
-70.0604
-70.0571
-70.0538
-70.0506
-70.0473
-70.044
-70.0407
-70.0374
-70.0342
-70.0309
-70.0276
-70.0244
-70.0211
-70.0179
-70.0146
-70.0114
-70.0081
-70.0049
-70.0016
-69.9984
-69.9951
-69.9919
-69.9887
-69.9854
-69.9822
-69.979
-69.9758
-69.9725
-69.9693
-69.9661
-69.9629
-69.9597
-69.9565
-69.9533
-69.9501
-69.9469
-69.9437
-69.9405
-69.9373
-69.9341
-69.9309
-69.9277
-69.9246
-69.9214
-69.9182
-69.915
-69.9119
-69.9087
-69.9055
-69.9024
-69.8992
-69.896
-69.8929
-69.8897
-69.8866
-69.8834
-69.8803
-69.8772
-69.874
-69.8709
-69.8677
-69.8646
-69.8615
-69.8584
-69.8552
-69.8521
-69.849
-69.8459
-69.8428
-69.8396
-69.8365
-69.8334
-69.8303
-69.8272
-69.8241
-69.821
-69.8179
-69.8148
-69.8118
-69.8087
-69.8056
-69.8025
-69.7994
-69.7964
-69.7933
-69.7902
-69.7871
-69.7841
-69.781
-69.7779
-69.7749
-69.7718
-69.7688
-69.7657
-69.7627
-69.7596
-69.7566
-69.7535
-69.7505
-69.7475
-69.7444
-69.7414
-69.7384
-69.7353
-69.7323
-69.7293
-69.7263
-69.7233
-69.7202
-69.7172
-69.7142
-69.7112
-69.7082
-69.7052
-69.7022
-69.6992
-69.6962
-69.6932
-69.6902
-69.6872
-69.6842
-69.6813
-69.6783
-69.6753
-69.6723
-69.6694
-69.6664
-69.6634
-69.6604
-69.6575
-69.6545
-69.6516
-69.6486
-69.6456
-69.6427
-69.6397
-69.6368
-69.6338
-69.6309
-69.6279
-69.625
-69.6221
-69.6191
-69.6162
-69.6133
-69.6103
-69.6074
-69.6045
-69.6016
-69.5987
-69.5957
-69.5928
-69.5899
-69.587
-69.5841
-69.5812
-69.5783
-69.5754
-69.5725
-69.5696
-69.5667
-69.5638
-69.5609
-69.558
-69.5551
-69.5523
-69.5494
-69.5465
-69.5436
-69.5407
-69.5379
-69.535
-69.5321
-69.5293
-69.5264
-69.5235
-69.5207
-69.5178
-69.515
-69.5121
-69.5093
-69.5064
-69.5036
-69.5007
-69.4979
-69.495
-69.4922
-69.4894
-69.4865
-69.4837
-69.4809
-69.4781
-69.4752
-69.4724
-69.4696
-69.4668
-69.464
-69.4611
-69.4583
-69.4555
-69.4527
-69.4499
-69.4471
-69.4443
-69.4415
-69.4387
-69.4359
-69.4331
-69.4303
-69.4275
-69.4248
-69.422
-69.4192
-69.4164
-69.4136
-69.4108
-69.4081
-69.4053
-69.4025
-69.3998
-69.397
-69.3942
-69.3915
-69.3887
-69.386
-69.3832
-69.3804
-69.3777
-69.3749
-69.3722
-69.3694
-69.3667
-69.364
-69.3612
-69.3585
-69.3557
-69.353
-69.3503
-69.3475
-69.3448
-69.3421
-69.3394
-69.3366
-69.3339
-69.3312
-69.3285
-69.3258
-69.3231
-69.3204
-69.3176
-69.3149
-69.3122
-69.3095
-69.3068
-69.3041
-69.3014
-69.2987
-69.296
-69.2934
-69.2907
-69.288
-69.2853
-69.2826
-69.2799
-69.2772
-69.2746
-69.2719
-69.2692
-69.2665
-69.2639
-69.2612
-69.2585
-69.2559
-69.2532
-69.2505
-69.2479
-69.2452
-69.2426
-69.2399
-69.2373
-69.2346
-69.232
-69.2293
-69.2267
-69.224
-69.2214
-69.2188
-69.2161
-69.2135
-69.2108
-69.2082
-69.2056
-69.203
-69.2003
-69.1977
-69.1951
-69.1925
-69.1898
-69.1872
-69.1846
-69.182
-69.1794
-69.1768
-69.1742
-69.1715
-69.1689
-69.1663
-69.1637
-69.1611
-69.1585
-69.1559
-69.1533
-69.1507
-69.1482
-69.1456
-69.143
-69.1404
-69.1378
-69.1352
-69.1326
-69.1301
-69.1275
-69.1249
-69.1223
-69.1198
-69.1172
-69.1146
-69.112
-69.1095
-69.1069
-69.1043
-69.1018
-69.0992
-69.0967
-69.0941
-69.0916
-69.089
-69.0864
-69.0839
-69.0814
-69.0788
-69.0763
-69.0737
-69.0712
-69.0686
-69.0661
-69.0636
-69.061
-69.0585
-69.056
-69.0534
-69.0509
-69.0484
-69.0458
-69.0433
-69.0408
-69.0383
-69.0357
-69.0332
-69.0307
-69.0282
-69.0257
-69.0232
-69.0207
-69.0182
-69.0156
-69.0131
-69.0106
-69.0081
-69.0056
-69.0031
-69.0006
-68.9981
-68.9956
-68.9931
-68.9907
-68.9882
-68.9857
-68.9832
-68.9807
-68.9782
-68.9757
-68.9732
-68.9708
-68.9683
-68.9658
-68.9633
-68.9609
-68.9584
-68.9559
-68.9534
-68.951
-68.9485
-68.946
-68.9436
-68.9411
-68.9387
-68.9362
-68.9337
-68.9313
-68.9288
-68.9264
-68.9239
-68.9215
-68.919
-68.9166
-68.9141
-68.9117
-68.9092
-68.9068
-68.9043
-68.9019
-68.8995
-68.897
-68.8946
-68.8921
-68.8897
-68.8873
-68.8848
-68.8824
-68.88
-68.8776
-68.8751
-68.8727
-68.8703
-68.8679
-68.8654
-68.863
-68.8606
-68.8582
-68.8558
-68.8534
-68.851
-68.8485
-68.8461
-68.8437
-68.8413
-68.8389
-68.8365
-68.8341
-68.8317
-68.8293
-68.8269
-68.8245
-68.8221
-68.8197
-68.8173
-68.8149
-68.8125
-68.8101
-68.8078
-68.8054
-68.803
-68.8006
-68.7982
-68.7958
-68.7934
-68.7911
-68.7887
-68.7863
-68.7839
-68.7816
-68.7792
-68.7768
-68.7744
-68.7721
-68.7697
-68.7673
-68.765
-68.7626
-68.7602
-68.7579
-68.7555
-68.7531
-68.7508
-68.7484
-68.7461
-68.7437
-68.7413
-68.739
-68.7366
-68.7343
-68.7319
-68.7296
-68.7272
-68.7249
-68.7225
-68.7202
-68.7179
-68.7155
-68.7132
-68.7108
-68.7085
-68.7061
-68.7038
-68.7015
-68.6991
-68.6968
-68.6945
-68.6921
-68.6898
-68.6875
-68.6851
-68.6828
-68.6805
-68.6782
-68.6758
-68.6735
-68.6712
-68.6689
-68.6666
-68.6642
-68.6619
-68.6596
-68.6573
-68.655
-68.6527
-68.6503
-68.648
-68.6457
-68.6434
-68.6411
-68.6388
-68.6365
-68.6342
-68.6319
-68.6296
-68.6273
-68.625
-68.6227
-68.6204
-68.6181
-68.6158
-68.6135
-68.6112
-68.6089
-68.6066
-68.6043
-68.602
-68.5997
-68.5974
-68.5951
-68.5928
-68.5906
-68.5883
-68.586
-68.5837
-68.5814
-68.5791
-68.5769
-68.5746
-68.5723
-68.57
-68.5677
-68.5655
-68.5632
-68.5609
-68.5586
-68.5564
-68.5541
-68.5518
-68.5495
-68.5473
-68.545
-68.5427
-68.5405
-68.5382
-68.5359
-68.5337
-68.5314
-68.5292
-68.5269
-68.5246
-68.5224
-68.5201
-68.5179
-68.5156
-68.5133
-68.5111
-68.5088
-68.5066
-68.5043
-68.5021
-68.4998
-68.4976
-68.4953
-68.4931
-68.4908
-68.4886
-68.4863
-68.4841
-68.4818
-68.4796
-68.4773
-68.4751
-68.4729
-68.4706
-68.4684
-68.4661
-68.4639
-68.4617
-68.4594
-68.4572
-68.4549
-68.4527
-68.4505
-68.4482
-68.446
-68.4438
-68.4415
-68.4393
-68.4371
-68.4349
-68.4326
-68.4304
-68.4282
-68.4259
-68.4237
-68.4215
-68.4193
-68.4171
-68.4148
-68.4126
-68.4104
-68.4082
-68.4059
-68.4037
-68.4015
-68.3993
-68.3971
-68.3949
-68.3926
-68.3904
-68.3882
-68.386
-68.3838
-68.3816
-68.3794
-68.3772
-68.3749
-68.3727
-68.3705
-68.3683
-68.3661
-68.3639
-68.3617
-68.3595
-68.3573
-68.3551
-68.3529
-68.3507
-68.3485
-68.3463
-68.3441
-68.3419
-68.3397
-68.3375
-68.3353
-68.3331
-68.3309
-68.3287
-68.3265
-68.3243
-68.3221
-68.3199
-68.3177
-68.3155
-68.3133
-68.3111
-68.3089
-68.3067
-68.3045
-68.3023
-68.3002
-68.298
-68.2958
-68.2936
-68.2914
-68.2892
-68.287
-68.2848
-68.2827
-68.2805
-68.2783
-68.2761
-68.2739
-68.2717
-68.2696
-68.2674
-68.2652
-68.263
-68.2608
-68.2587
-68.2565
-68.2543
-68.2521
-68.2499
-68.2478
-68.2456
-68.2434
-68.2412
-68.2391
-68.2369
-68.2347
-68.2325
-68.2304
-68.2282
-68.226
-68.2238
-68.2217
-68.2195
-68.2173
-68.2152
-68.213
-68.2108
-68.2087
-68.2065
-68.2043
-68.2022
-68.2
-68.1978
-68.1957
-68.1935
-68.1913
-68.1892
-68.187
-68.1848
-68.1827
-68.1805
-68.1783
-68.1762
-68.174
-68.1719
-68.1697
-68.1675
-68.1654
-68.1632
-68.161
-68.1589
-68.1567
-68.1546
-68.1524
-68.1503
-68.1481
-68.1459
-68.1438
-68.1416
-68.1395
-68.1373
-68.1352
-68.133
-68.1309
-68.1287
-68.1265
-68.1244
-68.1222
-68.1201
-68.1179
-68.1158
-68.1136
-68.1115
-68.1093
-68.1072
-68.105
-68.1029
-68.1007
-68.0986
-68.0964
-68.0943
-68.0921
-68.09
-68.0878
-68.0857
-68.0835
-68.0814
-68.0792
-68.0771
-68.0749
-68.0728
-68.0707
-68.0685
-68.0664
-68.0642
-68.0621
-68.0599
-68.0578
-68.0556
-68.0535
-68.0514
-68.0492
-68.0471
-68.0449
-68.0428
-68.0406
-68.0385
-68.0364
-68.0342
-68.0321
-68.0299
-68.0278
-68.0256
-68.0235
-68.0214
-68.0192
-68.0171
-68.0149
-68.0128
-68.0107
-68.0085
-68.0064
-68.0042
-68.0021
-68
-67.9978
-67.9957
-67.9936
-67.9914
-67.9893
-67.9871
-67.985
-67.9829
-67.9807
-67.9786
-67.9765
-67.9743
-67.9722
-67.9701
-67.9679
-67.9658
-67.9636
-67.9615
-67.9594
-67.9572
-67.9551
-67.953
-67.9508
-67.9487
-67.9466
-67.9444
-67.9423
-67.9402
-67.938
-67.9359
-67.9338
-67.9316
-67.9295
-67.9274
-67.9252
-67.9231
-67.921
-67.9188
-67.9167
-67.9146
-67.9124
-67.9103
-67.9082
-67.906
-67.9039
-67.9018
-67.8996
-67.8975
-67.8954
-67.8932
-67.8911
-67.889
-67.8868
-67.8847
-67.8826
-67.8805
-67.8783
-67.8762
-67.8741
-67.8719
-67.8698
-67.8677
-67.8655
-67.8634
-67.8613
-67.8591
-67.857
-67.8549
-67.8527
-67.8506
-67.8485
-67.8463
-67.8442
-67.8421
-67.84
-67.8378
-67.8357
-67.8336
-67.8314
-67.8293
-67.8272
-67.825
-67.8229
-67.8208
-67.8186
-67.8165
-67.8144
-67.8122
-67.8101
-67.808
-67.8059
-67.8037
-67.8016
-67.7995
-67.7973
-67.7952
-67.7931
-67.7909
-67.7888
-67.7867
-67.7845
-67.7824
-67.7803
-67.7781
-67.776
-67.7739
-67.7717
-67.7696
-67.7675
-67.7653
-67.7632
-67.7611
-67.7589
-67.7568
-67.7547
-67.7525
-67.7504
-67.7483
-67.7461
-67.744
-67.7419
-67.7397
-67.7376
-67.7355
-67.7333
-67.7312
-67.7291
-67.7269
-67.7248
-67.7227
-67.7205
-67.7184
-67.7163
-67.7141
-67.712
-67.7099
-67.7077
-67.7056
-67.7035
-67.7013
-67.6992
-67.697
-67.6949
-67.6928
-67.6906
-67.6885
-67.6864
-67.6842
-67.6821
-67.68
-67.6778
-67.6757
-67.6735
-67.6714
-67.6693
-67.6671
-67.665
-67.6628
-67.6607
-67.6586
-67.6564
-67.6543
-67.6521
-67.65
-67.6479
-67.6457
-67.6436
-67.6414
-67.6393
-67.6372
-67.635
-67.6329
-67.6307
-67.6286
-67.6264
-67.6243
-67.6222
-67.62
-67.6179
-67.6157
-67.6136
-67.6114
-67.6093
-67.6072
-67.605
-67.6029
-67.6007
-67.5986
-67.5964
-67.5943
-67.5921
-67.59
-67.5878
-67.5857
-67.5835
-67.5814
-67.5792
-67.5771
-67.5749
-67.5728
-67.5706
-67.5685
-67.5663
-67.5642
-67.562
-67.5599
-67.5577
-67.5556
-67.5534
-67.5513
-67.5491
-67.547
-67.5448
-67.5427
-67.5405
-67.5384
-67.5362
-67.5341
-67.5319
-67.5297
-67.5276
-67.5254
-67.5233
-67.5211
-67.519
-67.5168
-67.5146
-67.5125
-67.5103
-67.5082
-67.506
-67.5039
-67.5017
-67.4995
-67.4974
-67.4952
-67.493
-67.4909
-67.4887
-67.4866
-67.4844
-67.4822
-67.4801
-67.4779
-67.4757
-67.4736
-67.4714
-67.4692
-67.4671
-67.4649
-67.4627
-67.4606
-67.4584
-67.4562
-67.4541
-67.4519
-67.4497
-67.4476
-67.4454
-67.4432
-67.4411
-67.4389
-67.4367
-67.4345
-67.4324
-67.4302
-67.428
-67.4258
-67.4237
-67.4215
-67.4193
-67.4171
-67.415
-67.4128
-67.4106
-67.4084
-67.4063
-67.4041
-67.4019
-67.3997
-67.3975
-67.3954
-67.3932
-67.391
-67.3888
-67.3866
-67.3845
-67.3823
-67.3801
-67.3779
-67.3757
-67.3735
-67.3713
-67.3692
-67.367
-67.3648
-67.3626
-67.3604
-67.3582
-67.356
-67.3538
-67.3517
-67.3495
-67.3473
-67.3451
-67.3429
-67.3407
-67.3385
-67.3363
-67.3341
-67.3319
-67.3297
-67.3275
-67.3253
-67.3231
-67.3209
-67.3187
-67.3165
-67.3143
-67.3121
-67.3099
-67.3077
-67.3055
-67.3033
-67.3011
-67.2989
-67.2967
-67.2945
-67.2923
-67.2901
-67.2879
-67.2857
-67.2835
-67.2813
-67.2791
-67.2769
-67.2747
-67.2725
-67.2702
-67.268
-67.2658
-67.2636
-67.2614
-67.2592
-67.257
-67.2548
-67.2525
-67.2503
-67.2481
-67.2459
-67.2437
-67.2415
-67.2392
-67.237
-67.2348
-67.2326
-67.2304
-67.2281
-67.2259
-67.2237
-67.2215
-67.2192
-67.217
-67.2148
-67.2126
-67.2103
-67.2081
-67.2059
-67.2037
-67.2014
-67.1992
-67.197
-67.1947
-67.1925
-67.1903
-67.188
-67.1858
-67.1836
-67.1813
-67.1791
-67.1769
-67.1746
-67.1724
-67.1702
-67.1679
-67.1657
-67.1634
-67.1612
-67.1589
-67.1567
-67.1545
-67.1522
-67.15
-67.1477
-67.1455
-67.1432
-67.141
-67.1387
-67.1365
-67.1342
-67.132
-67.1297
-67.1275
-67.1252
-67.123
-67.1207
-67.1185
-67.1162
-67.114
-67.1117
-67.1094
-67.1072
-67.1049
-67.1027
-67.1004
-67.0982
-67.0959
-67.0936
-67.0914
-67.0891
-67.0868
-67.0846
-67.0823
-67.08
-67.0778
-67.0755
-67.0732
-67.071
-67.0687
-67.0664
-67.0641
-67.0619
-67.0596
-67.0573
-67.055
-67.0528
-67.0505
-67.0482
-67.0459
-67.0437
-67.0414
-67.0391
-67.0368
-67.0345
-67.0322
-67.03
-67.0277
-67.0254
-67.0231
-67.0208
-67.0185
-67.0162
-67.014
-67.0117
-67.0094
-67.0071
-67.0048
-67.0025
-67.0002
-66.9979
-66.9956
-66.9933
-66.991
-66.9887
-66.9864
-66.9841
-66.9818
-66.9795
-66.9772
-66.9749
-66.9726
-66.9703
-66.968
-66.9657
-66.9634
-66.9611
-66.9587
-66.9564
-66.9541
-66.9518
-66.9495
-66.9472
-66.9449
-66.9425
-66.9402
-66.9379
-66.9356
-66.9333
-66.9309
-66.9286
-66.9263
-66.924
-66.9217
-66.9193
-66.917
-66.9147
-66.9124
-66.91
-66.9077
-66.9054
-66.903
-66.9007
-66.8984
-66.896
-66.8937
-66.8914
-66.889
-66.8867
-66.8843
-66.882
-66.8797
-66.8773
-66.875
-66.8726
-66.8703
-66.8679
-66.8656
-66.8632
-66.8609
-66.8585
-66.8562
-66.8538
-66.8515
-66.8491
-66.8468
-66.8444
-66.8421
-66.8397
-66.8374
-66.835
-66.8326
-66.8303
-66.8279
-66.8256
-66.8232
-66.8208
-66.8185
-66.8161
-66.8137
-66.8113
-66.809
-66.8066
-66.8042
-66.8019
-66.7995
-66.7971
-66.7947
-66.7924
-66.79
-66.7876
-66.7852
-66.7828
-66.7805
-66.7781
-66.7757
-66.7733
-66.7709
-66.7685
-66.7661
-66.7637
-66.7614
-66.759
-66.7566
-66.7542
-66.7518
-66.7494
-66.747
-66.7446
-66.7422
-66.7398
-66.7374
-66.735
-66.7326
-66.7302
-66.7278
-66.7254
-66.723
-66.7205
-66.7181
-66.7157
-66.7133
-66.7109
-66.7085
-66.7061
-66.7036
-66.7012
-66.6988
-66.6964
-66.694
-66.6915
-66.6891
-66.6867
-66.6843
-66.6818
-66.6794
-66.677
-66.6746
-66.6721
-66.6697
-66.6673
-66.6648
-66.6624
-66.6599
-66.6575
-66.6551
-66.6526
-66.6502
-66.6477
-66.6453
-66.6429
-66.6404
-66.638
-66.6355
-66.6331
-66.6306
-66.6282
-66.6257
-66.6232
-66.6208
-66.6183
-66.6159
-66.6134
-66.6109
-66.6085
-66.606
-66.6036
-66.6011
-66.5986
-66.5962
-66.5937
-66.5912
-66.5887
-66.5863
-66.5838
-66.5813
-66.5788
-66.5764
-66.5739
-66.5714
-66.5689
-66.5664
-66.564
-66.5615
-66.559
-66.5565
-66.554
-66.5515
-66.549
-66.5465
-66.544
-66.5415
-66.539
-66.5365
-66.534
-66.5315
-66.529
-66.5265
-66.524
-66.5215
-66.519
-66.5165
-66.514
-66.5115
-66.509
-66.5065
-66.504
-66.5014
-66.4989
-66.4964
-66.4939
-66.4914
-66.4888
-66.4863
-66.4838
-66.4813
-66.4787
-66.4762
-66.4737
-66.4711
-66.4686
-66.4661
-66.4635
-66.461
-66.4585
-66.4559
-66.4534
-66.4508
-66.4483
-66.4458
-66.4432
-66.4407
-66.4381
-66.4356
-66.433
-66.4305
-66.4279
-66.4253
-66.4228
-66.4202
-66.4177
-66.4151
-66.4125
-66.41
-66.4074
-66.4048
-66.4023
-66.3997
-66.3971
-66.3946
-66.392
-66.3894
-66.3868
-66.3843
-66.3817
-66.3791
-66.3765
-66.3739
-66.3713
-66.3688
-66.3662
-66.3636
-66.361
-66.3584
-66.3558
-66.3532
-66.3506
-66.348
-66.3454
-66.3428
-66.3402
-66.3376
-66.335
-66.3324
-66.3298
-66.3272
-66.3246
-66.3219
-66.3193
-66.3167
-66.3141
-66.3115
-66.3089
-66.3062
-66.3036
-66.301
-66.2984
-66.2957
-66.2931
-66.2905
-66.2878
-66.2852
-66.2826
-66.2799
-66.2773
-66.2747
-66.272
-66.2694
-66.2667
-66.2641
-66.2614
-66.2588
-66.2561
-66.2535
-66.2508
-66.2482
-66.2455
-66.2429
-66.2402
-66.2375
-66.2349
-66.2322
-66.2295
-66.2269
-66.2242
-66.2215
-66.2189
-66.2162
-66.2135
-66.2108
-66.2082
-66.2055
-66.2028
-66.2001
-66.1974
-66.1947
-66.192
-66.1894
-66.1867
-66.184
-66.1813
-66.1786
-66.1759
-66.1732
-66.1705
-66.1678
-66.1651
-66.1624
-66.1597
-66.1569
-66.1542
-66.1515
-66.1488
-66.1461
-66.1434
-66.1407
-66.1379
-66.1352
-66.1325
-66.1298
-66.127
-66.1243
-66.1216
-66.1188
-66.1161
-66.1134
-66.1106
-66.1079
-66.1051
-66.1024
-66.0997
-66.0969
-66.0942
-66.0914
-66.0887
-66.0859
-66.0832
-66.0804
-66.0776
-66.0749
-66.0721
-66.0693
-66.0666
-66.0638
-66.061
-66.0583
-66.0555
-66.0527
-66.05
-66.0472
-66.0444
-66.0416
-66.0388
-66.036
-66.0333
-66.0305
-66.0277
-66.0249
-66.0221
-66.0193
-66.0165
-66.0137
-66.0109
-66.0081
-66.0053
-66.0025
-65.9997
-65.9969
-65.994
-65.9912
-65.9884
-65.9856
-65.9828
-65.98
-65.9771
-65.9743
-65.9715
-65.9686
-65.9658
-65.963
-65.9601
-65.9573
-65.9545
-65.9516
-65.9488
-65.9459
-65.9431
-65.9403
-65.9374
-65.9345
-65.9317
-65.9288
-65.926
-65.9231
-65.9203
-65.9174
-65.9145
-65.9117
-65.9088
-65.9059
-65.903
-65.9002
-65.8973
-65.8944
-65.8915
-65.8887
-65.8858
-65.8829
-65.88
-65.8771
-65.8742
-65.8713
-65.8684
-65.8655
-65.8626
-65.8597
-65.8568
-65.8539
-65.851
-65.8481
-65.8452
-65.8423
-65.8393
-65.8364
-65.8335
-65.8306
-65.8276
-65.8247
-65.8218
-65.8189
-65.8159
-65.813
-65.81
-65.8071
-65.8042
-65.8012
-65.7983
-65.7953
-65.7924
-65.7894
-65.7865
-65.7835
-65.7806
-65.7776
-65.7746
-65.7717
-65.7687
-65.7657
-65.7628
-65.7598
-65.7568
-65.7538
-65.7508
-65.7479
-65.7449
-65.7419
-65.7389
-65.7359
-65.7329
-65.7299
-65.7269
-65.7239
-65.7209
-65.7179
-65.7149
-65.7119
-65.7089
-65.7059
-65.7029
-65.6998
-65.6968
-65.6938
-65.6908
-65.6878
-65.6847
-65.6817
-65.6787
-65.6756
-65.6726
-65.6695
-65.6665
-65.6635
-65.6604
-65.6574
-65.6543
-65.6513
-65.6482
-65.6451
-65.6421
-65.639
-65.636
-65.6329
-65.6298
-65.6267
-65.6237
-65.6206
-65.6175
-65.6144
-65.6114
-65.6083
-65.6052
-65.6021
-65.599
-65.5959
-65.5928
-65.5897
-65.5866
-65.5835
-65.5804
-65.5773
-65.5742
-65.571
-65.5679
-65.5648
-65.5617
-65.5586
-65.5554
-65.5523
-65.5492
-65.546
-65.5429
-65.5398
-65.5366
-65.5335
-65.5303
-65.5272
-65.524
-65.5209
-65.5177
-65.5146
-65.5114
-65.5082
-65.5051
-65.5019
-65.4987
-65.4956
-65.4924
-65.4892
-65.486
-65.4828
-65.4797
-65.4765
-65.4733
-65.4701
-65.4669
-65.4637
-65.4605
-65.4573
-65.4541
-65.4509
-65.4476
-65.4444
-65.4412
-65.438
-65.4348
-65.4315
-65.4283
-65.4251
-65.4219
-65.4186
-65.4154
-65.4121
-65.4089
-65.4057
-65.4024
-65.3991
-65.3959
-65.3926
-65.3894
-65.3861
-65.3828
-65.3796
-65.3763
-65.373
-65.3698
-65.3665
-65.3632
-65.3599
-65.3566
-65.3533
-65.35
-65.3468
-65.3435
-65.3402
-65.3368
-65.3335
-65.3302
-65.3269
-65.3236
-65.3203
-65.317
-65.3136
-65.3103
-65.307
-65.3037
-65.3003
-65.297
-65.2936
-65.2903
-65.287
-65.2836
-65.2803
-65.2769
-65.2735
-65.2702
-65.2668
-65.2634
-65.2601
-65.2567
-65.2533
-65.2499
-65.2466
-65.2432
-65.2398
-65.2364
-65.233
-65.2296
-65.2262
-65.2228
-65.2194
-65.216
-65.2126
-65.2092
-65.2058
-65.2023
-65.1989
-65.1955
-65.1921
-65.1886
-65.1852
-65.1818
-65.1783
-65.1749
-65.1714
-65.168
-65.1645
-65.1611
-65.1576
-65.1541
-65.1507
-65.1472
-65.1437
-65.1402
-65.1368
-65.1333
-65.1298
-65.1263
-65.1228
-65.1193
-65.1158
-65.1123
-65.1088
-65.1053
-65.1018
-65.0983
-65.0948
-65.0912
-65.0877
-65.0842
-65.0807
-65.0771
-65.0736
-65.07
-65.0665
-65.0629
-65.0594
-65.0558
-65.0523
-65.0487
-65.0452
-65.0416
-65.038
-65.0344
-65.0309
-65.0273
-65.0237
-65.0201
-65.0165
-65.0129
-65.0093
-65.0057
-65.0021
-64.9985
-64.9949
-64.9913
-64.9877
-64.984
-64.9804
-64.9768
-64.9731
-64.9695
-64.9659
-64.9622
-64.9586
-64.9549
-64.9513
-64.9476
-64.9439
-64.9403
-64.9366
-64.9329
-64.9292
-64.9256
-64.9219
-64.9182
-64.9145
-64.9108
-64.9071
-64.9034
-64.8997
-64.896
-64.8923
-64.8886
-64.8848
-64.8811
-64.8774
-64.8736
-64.8699
-64.8662
-64.8624
-64.8587
-64.8549
-64.8512
-64.8474
-64.8436
-64.8399
-64.8361
-64.8323
-64.8286
-64.8248
-64.821
-64.8172
-64.8134
-64.8096
-64.8058
-64.802
-64.7982
-64.7944
-64.7906
-64.7867
-64.7829
-64.7791
-64.7752
-64.7714
-64.7676
-64.7637
-64.7599
-64.756
-64.7521
-64.7483
-64.7444
-64.7405
-64.7367
-64.7328
-64.7289
-64.725
-64.7211
-64.7172
-64.7133
-64.7094
-64.7055
-64.7016
-64.6977
-64.6938
-64.6898
-64.6859
-64.682
-64.678
-64.6741
-64.6702
-64.6662
-64.6623
-64.6583
-64.6543
-64.6504
-64.6464
-64.6424
-64.6384
-64.6344
-64.6305
-64.6265
-64.6225
-64.6185
-64.6144
-64.6104
-64.6064
-64.6024
-64.5984
-64.5943
-64.5903
-64.5863
-64.5822
-64.5782
-64.5741
-64.5701
-64.566
-64.5619
-64.5579
-64.5538
-64.5497
-64.5456
-64.5415
-64.5374
-64.5333
-64.5292
-64.5251
-64.521
-64.5169
-64.5127
-64.5086
-64.5045
-64.5003
-64.4962
-64.4921
-64.4879
-64.4837
-64.4796
-64.4754
-64.4712
-64.4671
-64.4629
-64.4587
-64.4545
-64.4503
-64.4461
-64.4419
-64.4377
-64.4335
-64.4292
-64.425
-64.4208
-64.4165
-64.4123
-64.408
-64.4038
-64.3995
-64.3953
-64.391
-64.3867
-64.3824
-64.3782
-64.3739
-64.3696
-64.3653
-64.361
-64.3567
-64.3523
-64.348
-64.3437
-64.3394
-64.335
-64.3307
-64.3263
-64.322
-64.3176
-64.3132
-64.3089
-64.3045
-64.3001
-64.2957
-64.2913
-64.2869
-64.2825
-64.2781
-64.2737
-64.2693
-64.2648
-64.2604
-64.256
-64.2515
-64.2471
-64.2426
-64.2382
-64.2337
-64.2292
-64.2247
-64.2203
-64.2158
-64.2113
-64.2068
-64.2022
-64.1977
-64.1932
-64.1887
-64.1842
-64.1796
-64.1751
-64.1705
-64.166
-64.1614
-64.1568
-64.1522
-64.1477
-64.1431
-64.1385
-64.1339
-64.1293
-64.1247
-64.12
-64.1154
-64.1108
-64.1061
-64.1015
-64.0968
-64.0922
-64.0875
-64.0828
-64.0782
-64.0735
-64.0688
-64.0641
-64.0594
-64.0547
-64.05
-64.0452
-64.0405
-64.0358
-64.031
-64.0263
-64.0215
-64.0168
-64.012
-64.0072
-64.0024
-63.9976
-63.9928
-63.988
-63.9832
-63.9784
-63.9736
-63.9687
-63.9639
-63.959
-63.9542
-63.9493
-63.9445
-63.9396
-63.9347
-63.9298
-63.9249
-63.92
-63.9151
-63.9102
-63.9052
-63.9003
-63.8954
-63.8904
-63.8855
-63.8805
-63.8755
-63.8705
-63.8656
-63.8606
-63.8556
-63.8506
-63.8455
-63.8405
-63.8355
-63.8304
-63.8254
-63.8203
-63.8153
-63.8102
-63.8051
-63.8
-63.7949
-63.7898
-63.7847
-63.7796
-63.7745
-63.7693
-63.7642
-63.759
-63.7539
-63.7487
-63.7435
-63.7384
-63.7332
-63.728
-63.7227
-63.7175
-63.7123
-63.7071
-63.7018
-63.6966
-63.6913
-63.686
-63.6808
-63.6755
-63.6702
-63.6649
-63.6596
-63.6542
-63.6489
-63.6436
-63.6382
-63.6329
-63.6275
-63.6221
-63.6167
-63.6113
-63.6059
-63.6005
-63.5951
-63.5897
-63.5842
-63.5788
-63.5733
-63.5678
-63.5624
-63.5569
-63.5514
-63.5459
-63.5404
-63.5348
-63.5293
-63.5238
-63.5182
-63.5126
-63.5071
-63.5015
-63.4959
-63.4903
-63.4847
-63.479
-63.4734
-63.4678
-63.4621
-63.4564
-63.4508
-63.4451
-63.4394
-63.4337
-63.428
-63.4222
-63.4165
-63.4107
-63.405
-63.3992
-63.3934
-63.3876
-63.3818
-63.376
-63.3702
-63.3644
-63.3585
-63.3527
-63.3468
-63.3409
-63.335
-63.3291
-63.3232
-63.3173
-63.3113
-63.3054
-63.2994
-63.2935
-63.2875
-63.2815
-63.2755
-63.2695
-63.2634
-63.2574
-63.2513
-63.2453
-63.2392
-63.2331
-63.227
-63.2209
-63.2148
-63.2086
-63.2025
-63.1963
-63.1901
-63.184
-63.1778
-63.1715
-63.1653
-63.1591
-63.1528
-63.1466
-63.1403
-63.134
-63.1277
-63.1214
-63.115
-63.1087
-63.1023
-63.096
-63.0896
-63.0832
-63.0768
-63.0704
-63.0639
-63.0575
-63.051
-63.0445
-63.038
-63.0315
-63.025
-63.0184
-63.0119
-63.0053
-62.9988
-62.9922
-62.9855
-62.9789
-62.9723
-62.9656
-62.959
-62.9523
-62.9456
-62.9389
-62.9321
-62.9254
-62.9186
-62.9119
-62.9051
-62.8983
-62.8914
-62.8846
-62.8777
-62.8709
-62.864
-62.8571
-62.8502
-62.8432
-62.8363
-62.8293
-62.8223
-62.8153
-62.8083
-62.8013
-62.7942
-62.7872
-62.7801
-62.773
-62.7658
-62.7587
-62.7516
-62.7444
-62.7372
-62.73
-62.7228
-62.7155
-62.7083
-62.701
-62.6937
-62.6864
-62.679
-62.6717
-62.6643
-62.6569
-62.6495
-62.6421
-62.6346
-62.6271
-62.6197
-62.6121
-62.6046
-62.5971
-62.5895
-62.5819
-62.5743
-62.5667
-62.559
-62.5514
-62.5437
-62.536
-62.5282
-62.5205
-62.5127
-62.5049
-62.4971
-62.4893
-62.4814
-62.4735
-62.4656
-62.4577
-62.4498
-62.4418
-62.4338
-62.4258
-62.4178
-62.4097
-62.4016
-62.3935
-62.3854
-62.3772
-62.3691
-62.3609
-62.3526
-62.3444
-62.3361
-62.3278
-62.3195
-62.3111
-62.3028
-62.2944
-62.286
-62.2775
-62.269
-62.2605
-62.252
-62.2435
-62.2349
-62.2263
-62.2177
-62.209
-62.2003
-62.1916
-62.1829
-62.1741
-62.1653
-62.1565
-62.1477
-62.1388
-62.1299
-62.121
-62.112
-62.103
-62.094
-62.0849
-62.0758
-62.0667
-62.0576
-62.0484
-62.0392
-62.03
-62.0207
-62.0114
-62.0021
-61.9928
-61.9834
-61.9739
-61.9645
-61.955
-61.9455
-61.9359
-61.9264
-61.9167
-61.9071
-61.8974
-61.8877
-61.8779
-61.8681
-61.8583
-61.8484
-61.8385
-61.8286
-61.8186
-61.8086
-61.7986
-61.7885
-61.7784
-61.7682
-61.758
-61.7478
-61.7375
-61.7272
-61.7169
-61.7065
-61.696
-61.6856
-61.6751
-61.6645
-61.6539
-61.6433
-61.6326
-61.6219
-61.6111
-61.6003
-61.5895
-61.5786
-61.5676
-61.5566
-61.5456
-61.5345
-61.5234
-61.5123
-61.501
-61.4898
-61.4785
-61.4671
-61.4557
-61.4443
-61.4328
-61.4212
-61.4096
-61.398
-61.3863
-61.3745
-61.3627
-61.3509
-61.3389
-61.327
-61.315
-61.3029
-61.2908
-61.2786
-61.2663
-61.2541
-61.2417
-61.2293
-61.2168
-61.2043
-61.1917
-61.1791
-61.1664
-61.1536
-61.1408
-61.1279
-61.1149
-61.1019
-61.0888
-61.0757
-61.0625
-61.0492
-61.0358
-61.0224
-61.009
-60.9954
-60.9818
-60.9681
-60.9543
-60.9405
-60.9266
-60.9126
-60.8986
-60.8844
-60.8702
-60.856
-60.8416
-60.8272
-60.8126
-60.798
-60.7834
-60.7686
-60.7538
-60.7388
-60.7238
-60.7087
-60.6935
-60.6783
-60.6629
-60.6475
-60.6319
-60.6163
-60.6006
-60.5847
-60.5688
-60.5528
-60.5367
-60.5205
-60.5042
-60.4878
-60.4713
-60.4547
-60.4379
-60.4211
-60.4042
-60.3871
-60.37
-60.3527
-60.3353
-60.3178
-60.3002
-60.2825
-60.2646
-60.2466
-60.2286
-60.2103
-60.192
-60.1735
-60.1549
-60.1362
-60.1173
-60.0983
-60.0792
-60.0599
-60.0405
-60.0209
-60.0012
-59.9813
-59.9613
-59.9412
-59.9209
-59.9004
-59.8798
-59.859
-59.838
-59.8169
-59.7956
-59.7742
-59.7525
-59.7307
-59.7087
-59.6866
-59.6642
-59.6417
-59.6189
-59.596
-59.5729
-59.5496
-59.526
-59.5023
-59.4784
-59.4542
-59.4298
-59.4052
-59.3804
-59.3553
-59.33
-59.3045
-59.2787
-59.2527
-59.2264
-59.1999
-59.1731
-59.1461
-59.1187
-59.0911
-59.0633
-59.0351
-59.0066
-58.9779
-58.9488
-58.9194
-58.8897
-58.8597
-58.8294
-58.7987
-58.7677
-58.7363
-58.7045
-58.6724
-58.64
-58.6071
-58.5739
-58.5402
-58.5061
-58.4717
-58.4368
-58.4014
-58.3656
-58.3294
-58.2927
-58.2555
-58.2178
-58.1796
-58.1409
-58.1016
-58.0618
-58.0215
-57.9806
-57.9391
-57.897
-57.8542
-57.8108
-57.7668
-57.7221
-57.6767
-57.6306
-57.5838
-57.5362
-57.4878
-57.4386
-57.3886
-57.3378
-57.286
-57.2334
-57.1798
-57.1253
-57.0697
-57.0131
-56.9555
-56.8967
-56.8368
-56.7757
-56.7134
-56.6498
-56.5849
-56.5186
-56.4508
-56.3816
-56.3108
-56.2384
-56.1644
-56.0885
-56.0109
-55.9313
-55.8497
-55.7661
-55.6802
-55.5921
-55.5015
-55.4084
-55.3126
-55.2141
-55.1125
-55.0079
-54.8999
-54.7884
-54.6732
-54.5541
-54.4308
-54.303
-54.1704
-54.0327
-53.8896
-53.7405
-53.5852
-53.423
-53.2533
-53.0756
-52.8891
-52.6931
-52.4864
-52.2682
-52.037
-51.7915
-51.53
-51.2503
-50.9501
-50.6265
-50.2757
-49.8934
-49.4738
-49.0096
-48.4911
-47.9051
-47.233
-46.4482
-45.5107
-44.357
-42.8732
-40.8896
-38.1403
-34.1773
-26.9325
-16.2151
-2.01403
11.6059
21.7273
28.8498
33.8522
37.3497
39.7237
41.2145
41.9802
42.1306
41.7536
40.9323
39.7524
38.3003
36.6581
34.898
33.0785
31.2442
29.4266
27.6465
25.9166
24.2434
22.6293
21.0739
19.5753
18.1305
16.7361
15.3886
14.0845
12.8208
11.5944
10.4029
9.24378
8.11519
7.01535
5.94278
4.89621
3.87458
2.87697
1.90263
0.950887
0.0212045
-0.886896
-1.77383
-2.63997
-3.48567
-4.31125
-5.11703
-5.90335
-6.67056
-7.41901
-8.14911
-8.86126
-9.55591
-10.2336
-10.8947
-11.5399
-12.1697
-12.7847
-13.3854
-13.9727
-14.547
-15.109
-15.6594
-16.1989
-16.7281
-17.2476
-17.7582
-18.2605
-18.7552
-19.2428
-19.7241
-20.1996
-20.6701
-21.136
-21.5981
-22.0568
-22.5129
-22.967
-23.4196
-23.8713
-24.3228
-24.7746
-25.2275
-25.6818
-26.1384
-26.5977
-27.0605
-27.5273
-27.9986
-28.4752
-28.9575
-29.4461
-29.9415
-30.444
-30.9542
-31.4722
-31.9983
-32.5328
-33.0758
-33.6275
-34.1887
-34.7602
-35.3437
-35.9411
-36.5548
-37.1868
-37.8391
-38.5126
-39.2076
-39.9234
-40.6586
-41.4115
-42.1799
-42.9617
-43.7552
-44.5591
-45.3718
-46.192
-47.0185
-47.8499
-48.685
-49.5227
-50.3616
-51.2007
-52.0385
-52.8738
-53.7051
-54.5313
-55.3506
-56.1618
-56.9634
-57.7538
-58.5317
-59.2955
-60.0439
-60.7756
-61.4894
-62.184
-62.8584
-63.5118
-64.1434
-64.7525
-65.3386
-65.9014
-66.4408
-66.9566
-67.4491
-67.9184
-68.3648
-68.789
-69.1913
-69.5725
-69.9331
-70.2741
-70.596
-70.8999
-71.1863
-71.4563
-71.7105
-71.9499
-72.1751
-72.387
-72.5862
-72.7736
-72.9498
-73.1155
-73.2712
-73.4176
-73.5553
-73.6847
-73.8065
-73.9209
-74.0286
-74.1299
-74.2252
-74.3149
-74.3992
-74.4787
-74.5534
-74.6238
-74.69
-74.7524
-74.8111
-74.8664
-74.9185
-74.9675
-75.0136
-75.0571
-75.098
-75.1365
-75.1728
-75.2069
-75.239
-75.2692
-75.2976
-75.3243
-75.3494
-75.373
-75.3951
-75.4158
-75.4353
-75.4536
-75.4706
-75.4866
-75.5016
-75.5155
-75.5285
-75.5406
-75.5519
-75.5623
-75.572
-75.581
-75.5892
-75.5968
-75.6038
-75.6102
-75.6159
-75.6212
-75.6259
-75.6301
-75.6339
-75.6372
-75.64
-75.6425
-75.6446
-75.6462
-75.6476
-75.6485
-75.6492
-75.6495
-75.6496
-75.6493
-75.6488
-75.648
-75.6469
-75.6457
-75.6441
-75.6424
-75.6404
-75.6383
-75.6359
-75.6334
-75.6307
-75.6278
-75.6247
-75.6215
-75.6182
-75.6147
-75.611
-75.6073
-75.6033
-75.5993
-75.5952
-75.5909
-75.5866
-75.5821
-75.5775
-75.5729
-75.5681
-75.5633
-75.5584
-75.5534
-75.5483
-75.5432
-75.538
-75.5327
-75.5274
-75.522
-75.5165
-75.511
-75.5054
-75.4998
-75.4942
-75.4885
-75.4827
-75.4769
-75.4711
-75.4652
-75.4593
-75.4534
-75.4474
-75.4414
-75.4353
-75.4293
-75.4232
-75.4171
-75.4109
-75.4048
-75.3986
-75.3924
-75.3862
-75.3799
-75.3737
-75.3674
-75.3611
-75.3549
-75.3485
-75.3422
-75.3359
-75.3296
-75.3232
-75.3168
-75.3105
-75.3041
-75.2977
-75.2913
-75.2849
-75.2785
-75.2721
-75.2657
-75.2593
-75.2529
-75.2465
-75.2401
-75.2337
-75.2273
-75.2209
-75.2144
-75.208
-75.2016
-75.1952
-75.1888
-75.1824
-75.1759
-75.1695
-75.1631
-75.1567
-75.1503
-75.1439
-75.1375
-75.1311
-75.1247
-75.1183
-75.112
-75.1056
-75.0992
-75.0928
-75.0865
-75.0801
-75.0737
-75.0674
-75.061
-75.0547
-75.0483
-75.042
-75.0357
-75.0293
-75.023
-75.0167
-75.0104
-75.0041
-74.9978
-74.9915
-74.9852
-74.9789
-74.9726
-74.9663
-74.96
-74.9538
-74.9475
-74.9412
-74.935
-74.9287
-74.9225
-74.9162
-74.91
-74.9038
-74.8975
-74.8913
-74.8851
-74.8789
-74.8727
-74.8665
-74.8602
-74.854
-74.8479
-74.8417
-74.8355
-74.8293
-74.8231
-74.8169
-74.8108
-74.8046
-74.7984
-74.7923
-74.7861
-74.7799
-74.7738
-74.7676
-74.7615
-74.7553
-74.7492
-74.7431
-74.7369
-74.7308
-74.7247
-74.7185
-74.7124
-74.7063
-74.7002
-74.6941
-74.6879
-74.6818
-74.6757
-74.6696
-74.6635
-74.6574
-74.6513
-74.6452
-74.6391
-74.633
-74.6269
-74.6208
-74.6147
-74.6086
-74.6025
-74.5964
-74.5903
-74.5842
-74.5781
-74.572
-74.566
-74.5599
-74.5538
-74.5477
-74.5416
-74.5355
-74.5294
-74.5233
-74.5173
-74.5112
-74.5051
-74.499
-74.4929
-74.4868
-74.4807
-74.4747
-74.4686
-74.4625
-74.4564
-74.4503
-74.4442
-74.4381
-74.432
-74.4259
-74.4199
-74.4138
-74.4077
-74.4016
-74.3955
-74.3894
-74.3833
-74.3772
-74.3711
-74.365
-74.3589
-74.3528
-74.3467
-74.3406
-74.3345
-74.3283
-74.3222
-74.3161
-74.31
-74.3039
-74.2978
-74.2916
-74.2855
-74.2794
-74.2733
-74.2671
-74.261
-74.2549
-74.2487
-74.2426
-74.2365
-74.2303
-74.2242
-74.218
-74.2119
-74.2057
-74.1996
-74.1934
-74.1873
-74.1811
-74.175
-74.1688
-74.1626
-74.1565
-74.1503
-74.1441
-74.1379
-74.1318
-74.1256
-74.1194
-74.1132
-74.107
-74.1008
-74.0946
-74.0884
-74.0822
-74.076
-74.0698
-74.0636
-74.0574
-74.0512
-74.0449
-74.0387
-74.0325
-74.0263
-74.02
-74.0138
-74.0076
-74.0013
-73.9951
-73.9888
-73.9826
-73.9763
-73.9701
-73.9638
-73.9575
-73.9513
-73.945
-73.9387
-73.9325
-73.9262
-73.9199
-73.9136
-73.9073
-73.901
-73.8947
-73.8884
-73.8821
-73.8758
-73.8695
-73.8632
-73.8569
-73.8506
-73.8442
-73.8379
-73.8316
-73.8252
-73.8189
-73.8126
-73.8062
-73.7999
-73.7935
-73.7872
-73.7808
-73.7745
-73.7681
-73.7617
-73.7554
-73.749
-73.7426
-73.7362
-73.7298
-73.7235
-73.7171
-73.7107
-73.7043
-73.6979
-73.6915
-73.6851
-73.6786
-73.6722
-73.6658
-73.6594
-73.653
-73.6465
-73.6401
-73.6337
-73.6272
-73.6208
-73.6143
-73.6079
-73.6014
-73.595
-73.5885
-73.5821
-73.5756
-73.5691
-73.5627
-73.5562
-73.5497
-73.5432
-73.5367
-73.5302
-73.5238
-73.5173
-73.5108
-73.5043
-73.4977
-73.4912
-73.4847
-73.4782
-73.4717
-73.4652
-73.4586
-73.4521
-73.4456
-73.4391
-73.4325
-73.426
-73.4194
-73.4129
-73.4063
-73.3998
-73.3932
-73.3867
-73.3801
-73.3735
-73.367
-73.3604
-73.3538
-73.3472
-73.3406
-73.3341
-73.3275
-73.3209
-73.3143
-73.3077
-73.3011
-73.2945
-73.2879
-73.2813
-73.2747
-73.2681
-73.2614
-73.2548
-73.2482
-73.2416
-73.2349
-73.2283
-73.2217
-73.215
-73.2084
-73.2017
-73.1951
-73.1885
-73.1818
-73.1751
-73.1685
-73.1618
-73.1552
-73.1485
-73.1418
-73.1352
-73.1285
-73.1218
-73.1151
-73.1085
-73.1018
-73.0951
-73.0884
-73.0817
-73.075
-73.0683
-73.0616
-73.0549
-73.0482
-73.0415
-73.0348
-73.0281
-73.0214
-73.0146
-73.0079
-73.0012
-72.9945
-72.9878
-72.981
-72.9743
-72.9676
-72.9608
-72.9541
-72.9474
-72.9406
-72.9339
-72.9271
-72.9204
-72.9136
-72.9069
-72.9001
-72.8934
-72.8866
-72.8798
-72.8731
-72.8663
-72.8595
-72.8528
-72.846
-72.8392
-72.8324
-72.8257
-72.8189
-72.8121
-72.8053
-72.7985
-72.7917
-72.785
-72.7782
-72.7714
-72.7646
-72.7578
-72.751
-72.7442
-72.7374
-72.7306
-72.7238
-72.717
-72.7101
-72.7033
-72.6965
-72.6897
-72.6829
-72.6761
-72.6693
-72.6624
-72.6556
-72.6488
-72.642
-72.6351
-72.6283
-72.6215
-72.6146
-72.6078
-72.601
-72.5941
-72.5873
-72.5805
-72.5736
-72.5668
-72.5599
-72.5531
-72.5463
-72.5394
-72.5326
-72.5257
-72.5189
-72.512
-72.5052
-72.4983
-72.4914
-72.4846
-72.4777
-72.4709
-72.464
-72.4572
-72.4503
-72.4434
-72.4366
-72.4297
-72.4228
-72.416
-72.4091
-72.4022
-72.3954
-72.3885
-72.3816
-72.3748
-72.3679
-72.361
-72.3541
-72.3473
-72.3404
-72.3335
-72.3266
-72.3198
-72.3129
-72.306
-72.2991
-72.2922
-72.2854
-72.2785
-72.2716
-72.2647
-72.2578
-72.2509
-72.2441
-72.2372
-72.2303
-72.2234
-72.2165
-72.2096
-72.2027
-72.1958
-72.189
-72.1821
-72.1752
-72.1683
-72.1614
-72.1545
-72.1476
-72.1407
-72.1338
-72.1269
-72.12
-72.1132
-72.1063
-72.0994
-72.0925
-72.0856
-72.0787
-72.0718
-72.0649
-72.058
-72.0511
-72.0442
-72.0373
-72.0304
-72.0235
-72.0167
-72.0098
-72.0029
-71.996
-71.9891
-71.9822
-71.9753
-71.9684
-71.9615
-71.9546
-71.9477
-71.9408
-71.9339
-71.927
-71.9202
-71.9133
-71.9064
-71.8995
-71.8926
-71.8857
-71.8788
-71.8719
-71.865
-71.8581
-71.8513
-71.8444
-71.8375
-71.8306
-71.8237
-71.8168
-71.8099
-71.8031
-71.7962
-71.7893
-71.7824
-71.7755
-71.7686
-71.7618
-71.7549
-71.748
-71.7411
-71.7342
-71.7274
-71.7205
-71.7136
-71.7067
-71.6999
-71.693
-71.6861
-71.6792
-71.6724
-71.6655
-71.6586
-71.6518
-71.6449
-71.638
-71.6312
-71.6243
-71.6174
-71.6106
-71.6037
-71.5968
-71.59
-71.5831
-71.5763
-71.5694
-71.5625
-71.5557
-71.5488
-71.542
-71.5351
-71.5283
-71.5214
-71.5146
-71.5077
-71.5009
-71.494
-71.4872
-71.4804
-71.4735
-71.4667
-71.4598
-71.453
-71.4462
-71.4393
-71.4325
-71.4257
-71.4188
-71.412
-71.4052
-71.3984
-71.3915
-71.3847
-71.3779
-71.3711
-71.3642
-71.3574
-71.3506
-71.3438
-71.337
-71.3302
-71.3234
-71.3166
-71.3097
-71.3029
-71.2961
-71.2893
-71.2825
-71.2757
-71.2689
-71.2621
-71.2554
-71.2486
-71.2418
-71.235
-71.2282
-71.2214
-71.2146
-71.2079
-71.2011
-71.1943
-71.1875
-71.1807
-71.174
-71.1672
-71.1604
-71.1537
-71.1469
-71.1401
-71.1334
-71.1266
-71.1199
-71.1131
-71.1064
-71.0996
-71.0929
-71.0861
-71.0794
-71.0726
-71.0659
-71.0592
-71.0524
-71.0457
-71.039
-71.0322
-71.0255
-71.0188
-71.0121
-71.0053
-70.9986
-70.9919
-70.9852
-70.9785
-70.9718
-70.9651
-70.9584
-70.9517
-70.945
-70.9383
-70.9316
-70.9249
-70.9182
-70.9115
-70.9048
-70.8981
-70.8914
-70.8848
-70.8781
-70.8714
-70.8647
-70.8581
-70.8514
-70.8447
-70.8381
-70.8314
-70.8248
-70.8181
-70.8115
-70.8048
-70.7982
-70.7915
-70.7849
-70.7782
-70.7716
-70.765
-70.7583
-70.7517
-70.7451
-70.7385
-70.7318
-70.7252
-70.7186
-70.712
-70.7054
-70.6988
-70.6922
-70.6856
-70.679
-70.6724
-70.6658
-70.6592
-70.6526
-70.646
-70.6394
-70.6329
-70.6263
-70.6197
-70.6131
-70.6066
-70.6
-70.5934
-70.5869
-70.5803
-70.5738
-70.5672
-70.5607
-70.5541
-70.5476
-70.5411
-70.5345
-70.528
-70.5215
-70.5149
-70.5084
-70.5019
-70.4954
-70.4889
-70.4823
-70.4758
-70.4693
-70.4628
-70.4563
-70.4498
-70.4433
-70.4368
-70.4304
-70.4239
-70.4174
-70.4109
-70.4044
-70.398
-70.3915
-70.385
-70.3786
-70.3721
-70.3657
-70.3592
-70.3528
-70.3463
-70.3399
-70.3334
-70.327
-70.3206
-70.3141
-70.3077
-70.3013
-70.2949
-70.2885
-70.282
-70.2756
-70.2692
-70.2628
-70.2564
-70.25
-70.2436
-70.2373
-70.2309
-70.2245
-70.2181
-70.2117
-70.2054
-70.199
-70.1926
-70.1863
-70.1799
-70.1735
-70.1672
-70.1608
-70.1545
-70.1482
-70.1418
-70.1355
-70.1292
-70.1228
-70.1165
-70.1102
-70.1039
-70.0976
-70.0912
-70.0849
-70.0786
-70.0723
-70.066
-70.0597
-70.0535
-70.0472
-70.0409
-70.0346
-70.0283
-70.0221
-70.0158
-70.0095
-70.0033
-69.997
-69.9908
-69.9845
-69.9783
-69.972
-69.9658
-69.9596
-69.9533
-69.9471
-69.9409
-69.9347
-69.9284
-69.9222
-69.916
-69.9098
-69.9036
-69.8974
-69.8912
-69.885
-69.8789
-69.8727
-69.8665
-69.8603
-69.8541
-69.848
-69.8418
-69.8357
-69.8295
-69.8233
-69.8172
-69.8111
-69.8049
-69.7988
-69.7926
-69.7865
-69.7804
-69.7743
-69.7681
-69.762
-69.7559
-69.7498
-69.7437
-69.7376
-69.7315
-69.7254
-69.7193
-69.7133
-69.7072
-69.7011
-69.695
-69.689
-69.6829
-69.6768
-69.6708
-69.6647
-69.6587
-69.6526
-69.6466
-69.6406
-69.6345
-69.6285
-69.6225
-69.6165
-69.6104
-69.6044
-69.5984
-69.5924
-69.5864
-69.5804
-69.5744
-69.5684
-69.5625
-69.5565
-69.5505
-69.5445
-69.5386
-69.5326
-69.5266
-69.5207
-69.5147
-69.5088
-69.5028
-69.4969
-69.491
-69.485
-69.4791
-69.4732
-69.4672
-69.4613
-69.4554
-69.4495
-69.4436
-69.4377
-69.4318
-69.4259
-69.42
-69.4141
-69.4083
-69.4024
-69.3965
-69.3906
-69.3848
-69.3789
-69.3731
-69.3672
-69.3614
-69.3555
-69.3497
-69.3439
-69.338
-69.3322
-69.3264
-69.3206
-69.3147
-69.3089
-69.3031
-69.2973
-69.2915
-69.2857
-69.2799
-69.2741
-69.2684
-69.2626
-69.2568
-69.251
-69.2453
-69.2395
-69.2338
-69.228
-69.2223
-69.2165
-69.2108
-69.205
-69.1993
-69.1936
-69.1879
-69.1821
-69.1764
-69.1707
-69.165
-69.1593
-69.1536
-69.1479
-69.1422
-69.1365
-69.1308
-69.1252
-69.1195
-69.1138
-69.1082
-69.1025
-69.0968
-69.0912
-69.0855
-69.0799
-69.0742
-69.0686
-69.063
-69.0573
-69.0517
-69.0461
-69.0405
-69.0349
-69.0293
-69.0237
-69.0181
-69.0125
-69.0069
-69.0013
-68.9957
-68.9901
-68.9846
-68.979
-68.9734
-68.9679
-68.9623
-68.9568
-68.9512
-68.9457
-68.9401
-68.9346
-68.9291
-68.9235
-68.918
-68.9125
-68.907
-68.9015
-68.8959
-68.8904
-68.8849
-68.8795
-68.874
-68.8685
-68.863
-68.8575
-68.852
-68.8466
-68.8411
-68.8356
-68.8302
-68.8247
-68.8193
-68.8138
-68.8084
-68.803
-68.7975
-68.7921
-68.7867
-68.7813
-68.7759
-68.7704
-68.765
-68.7596
-68.7542
-68.7488
-68.7435
-68.7381
-68.7327
-68.7273
-68.7219
-68.7166
-68.7112
-68.7058
-68.7005
-68.6951
-68.6898
-68.6844
-68.6791
-68.6738
-68.6684
-68.6631
-68.6578
-68.6525
-68.6472
-68.6418
-68.6365
-68.6312
-68.6259
-68.6206
-68.6154
-68.6101
-68.6048
-68.5995
-68.5942
-68.589
-68.5837
-68.5784
-68.5732
-68.5679
-68.5627
-68.5574
-68.5522
-68.547
-68.5417
-68.5365
-68.5313
-68.5261
-68.5208
-68.5156
-68.5104
-68.5052
-68.5
-68.4948
-68.4896
-68.4845
-68.4793
-68.4741
-68.4689
-68.4638
-68.4586
-68.4534
-68.4483
-68.4431
-68.438
-68.4328
-68.4277
-68.4225
-68.4174
-68.4123
-68.4072
-68.402
-68.3969
-68.3918
-68.3867
-68.3816
-68.3765
-68.3714
-68.3663
-68.3612
-68.3561
-68.3511
-68.346
-68.3409
-68.3358
-68.3308
-68.3257
-68.3207
-68.3156
-68.3106
-68.3055
-68.3005
-68.2954
-68.2904
-68.2854
-68.2804
-68.2753
-68.2703
-68.2653
-68.2603
-68.2553
-68.2503
-68.2453
-68.2403
-68.2353
-68.2304
-68.2254
-68.2204
-68.2154
-68.2105
-68.2055
-68.2005
-68.1956
-68.1906
-68.1857
-68.1807
-68.1758
-68.1709
-68.1659
-68.161
-68.1561
-68.1512
-68.1463
-68.1413
-68.1364
-68.1315
-68.1266
-68.1217
-68.1169
-68.112
-68.1071
-68.1022
-68.0973
-68.0925
-68.0876
-68.0827
-68.0779
-68.073
-68.0682
-68.0633
-68.0585
-68.0536
-68.0488
-68.044
-68.0391
-68.0343
-68.0295
-68.0247
-68.0198
-68.015
-68.0102
-68.0054
-68.0006
-67.9958
-67.991
-67.9863
-67.9815
-67.9767
-67.9719
-67.9672
-67.9624
-67.9576
-67.9529
-67.9481
-67.9434
-67.9386
-67.9339
-67.9291
-67.9244
-67.9197
-67.9149
-67.9102
-67.9055
-67.9008
-67.8961
-67.8913
-67.8866
-67.8819
-67.8772
-67.8725
-67.8678
-67.8632
-67.8585
-67.8538
-67.8491
-67.8444
-67.8398
-67.8351
-67.8305
-67.8258
-67.8211
-67.8165
-67.8118
-67.8072
-67.8026
-67.7979
-67.7933
-67.7887
-67.784
-67.7794
-67.7748
-67.7702
-67.7656
-67.761
-67.7564
-67.7518
-67.7472
-67.7426
-67.738
-67.7334
-67.7288
-67.7243
-67.7197
-67.7151
-67.7106
-67.706
-67.7014
-67.6969
-67.6923
-67.6878
-67.6832
-67.6787
-67.6742
-67.6696
-67.6651
-67.6606
-67.6561
-67.6515
-67.647
-67.6425
-67.638
-67.6335
-67.629
-67.6245
-67.62
-67.6155
-67.611
-67.6065
-67.6021
-67.5976
-67.5931
-67.5886
-67.5842
-67.5797
-67.5753
-67.5708
-67.5663
-67.5619
-67.5575
-67.553
-67.5486
-67.5441
-67.5397
-67.5353
-67.5309
-67.5264
-67.522
-67.5176
-67.5132
-67.5088
-67.5044
-67.5
-67.4956
-67.4912
-67.4868
-67.4824
-67.478
-67.4736
-67.4693
-67.4649
-67.4605
-67.4562
-67.4518
-67.4474
-67.4431
-67.4387
-67.4344
-67.43
-67.4257
-67.4213
-67.417
-67.4127
-67.4083
-67.404
-67.3997
-67.3954
-67.3911
-67.3867
-67.3824
-67.3781
-67.3738
-67.3695
-67.3652
-67.3609
-67.3566
-67.3524
-67.3481
-67.3438
-67.3395
-67.3352
-67.331
-67.3267
-67.3224
-67.3182
-67.3139
-67.3097
-67.3054
-67.3011
-67.2969
-67.2927
-67.2884
-67.2842
-67.28
-67.2757
-67.2715
-67.2673
-67.263
-67.2588
-67.2546
-67.2504
-67.2462
-67.242
-67.2378
-67.2336
-67.2294
-67.2252
-67.221
-67.2168
-67.2126
-67.2085
-67.2043
-67.2001
-67.1959
-67.1918
-67.1876
-67.1834
-67.1793
-67.1751
-67.171
-67.1668
-67.1627
-67.1585
-67.1544
-67.1503
-67.1461
-67.142
-67.1379
-67.1337
-67.1296
-67.1255
-67.1214
-67.1173
-67.1131
-67.109
-67.1049
-67.1008
-67.0967
-67.0926
-67.0885
-67.0844
-67.0804
-67.0763
-67.0722
-67.0681
-67.064
-67.06
-67.0559
-67.0518
-67.0478
-67.0437
-67.0396
-67.0356
-67.0315
-67.0275
-67.0234
-67.0194
-67.0153
-67.0113
-67.0073
-67.0032
-66.9992
-66.9952
-66.9912
-66.9871
-66.9831
-66.9791
-66.9751
-66.9711
-66.9671
-66.9631
-66.959
-66.955
-66.951
-66.9471
-66.9431
-66.9391
-66.9351
-66.9311
-66.9271
-66.9231
-66.9192
-66.9152
-66.9112
-66.9073
-66.9033
-66.8993
-66.8954
-66.8914
-66.8875
-66.8835
-66.8796
-66.8756
-66.8717
-66.8677
-66.8638
-66.8598
-66.8559
-66.852
-66.848
-66.8441
-66.8402
-66.8363
-66.8324
-66.8284
-66.8245
-66.8206
-66.8167
-66.8128
-66.8089
-66.805
-66.8011
-66.7972
-66.7933
-66.7894
-66.7855
-66.7816
-66.7778
-66.7739
-66.77
-66.7661
-66.7623
-66.7584
-66.7545
-66.7507
-66.7468
-66.7429
-66.7391
-66.7352
-66.7314
-66.7275
-66.7237
-66.7198
-66.716
-66.7121
-66.7083
-66.7044
-66.7006
-66.6968
-66.6929
-66.6891
-66.6853
-66.6815
-66.6777
-66.6738
-66.67
-66.6662
-66.6624
-66.6586
-66.6548
-66.651
-66.6472
-66.6434
-66.6396
-66.6358
-66.632
-66.6282
-66.6244
-66.6206
-66.6168
-66.613
-66.6093
-66.6055
-66.6017
-66.5979
-66.5942
-66.5904
-66.5866
-66.5829
-66.5791
-66.5753
-66.5716
-66.5678
-66.5641
-66.5603
-66.5566
-66.5528
-66.5491
-66.5453
-66.5416
-66.5379
-66.5341
-66.5304
-66.5267
-66.5229
-66.5192
-66.5155
-66.5118
-66.508
-66.5043
-66.5006
-66.4969
-66.4932
-66.4894
-66.4857
-66.482
-66.4783
-66.4746
-66.4709
-66.4672
-66.4635
-66.4598
-66.4561
-66.4524
-66.4488
-66.4451
-66.4414
-66.4377
-66.434
-66.4303
-66.4267
-66.423
-66.4193
-66.4156
-66.412
-66.4083
-66.4046
-66.401
-66.3973
-66.3936
-66.39
-66.3863
-66.3827
-66.379
-66.3754
-66.3717
-66.3681
-66.3644
-66.3608
-66.3571
-66.3535
-66.3499
-66.3462
-66.3426
-66.339
-66.3353
-66.3317
-66.3281
-66.3245
-66.3208
-66.3172
-66.3136
-66.31
-66.3064
-66.3027
-66.2991
-66.2955
-66.2919
-66.2883
-66.2847
-66.2811
-66.2775
-66.2739
-66.2703
-66.2667
-66.2631
-66.2595
-66.2559
-66.2523
-66.2487
-66.2451
-66.2415
-66.238
-66.2344
-66.2308
-66.2272
-66.2236
-66.2201
-66.2165
-66.2129
-66.2093
-66.2058
-66.2022
-66.1986
-66.1951
-66.1915
-66.188
-66.1844
-66.1808
-66.1773
-66.1737
-66.1702
-66.1666
-66.1631
-66.1595
-66.156
-66.1524
-66.1489
-66.1453
-66.1418
-66.1383
-66.1347
-66.1312
-66.1276
-66.1241
-66.1206
-66.117
-66.1135
-66.11
-66.1065
-66.1029
-66.0994
-66.0959
-66.0924
-66.0888
-66.0853
-66.0818
-66.0783
-66.0748
-66.0713
-66.0678
-66.0642
-66.0607
-66.0572
-66.0537
-66.0502
-66.0467
-66.0432
-66.0397
-66.0362
-66.0327
-66.0292
-66.0257
-66.0222
-66.0187
-66.0152
-66.0117
-66.0083
-66.0048
-66.0013
-65.9978
-65.9943
-65.9908
-65.9874
-65.9839
-65.9804
-65.9769
-65.9734
-65.97
-65.9665
-65.963
-65.9595
-65.9561
-65.9526
-65.9491
-65.9457
-65.9422
-65.9387
-65.9353
-65.9318
-65.9283
-65.9249
-65.9214
-65.918
-65.9145
-65.9111
-65.9076
-65.9041
-65.9007
-65.8972
-65.8938
-65.8903
-65.8869
-65.8834
-65.88
-65.8766
-65.8731
-65.8697
-65.8662
-65.8628
-65.8593
-65.8559
-65.8525
-65.849
-65.8456
-65.8422
-65.8387
-65.8353
-65.8319
-65.8284
-65.825
-65.8216
-65.8181
-65.8147
-65.8113
-65.8079
-65.8044
-65.801
-65.7976
-65.7942
-65.7907
-65.7873
-65.7839
-65.7805
-65.7771
-65.7736
-65.7702
-65.7668
-65.7634
-65.76
-65.7566
-65.7532
-65.7497
-65.7463
-65.7429
-65.7395
-65.7361
-65.7327
-65.7293
-65.7259
-65.7225
-65.7191
-65.7157
-65.7123
-65.7089
-65.7055
-65.7021
-65.6987
-65.6953
-65.6919
-65.6885
-65.6851
-65.6817
-65.6783
-65.6749
-65.6715
-65.6681
-65.6647
-65.6613
-65.6579
-65.6546
-65.6512
-65.6478
-65.6444
-65.641
-65.6376
-65.6342
-65.6308
-65.6275
-65.6241
-65.6207
-65.6173
-65.6139
-65.6105
-65.6072
-65.6038
-65.6004
-65.597
-65.5936
-65.5903
-65.5869
-65.5835
-65.5801
-65.5768
-65.5734
-65.57
-65.5666
-65.5633
-65.5599
-65.5565
-65.5531
-65.5498
-65.5464
-65.543
-65.5397
-65.5363
-65.5329
-65.5296
-65.5262
-65.5228
-65.5195
-65.5161
-65.5127
-65.5094
-65.506
-65.5026
-65.4993
-65.4959
-65.4925
-65.4892
-65.4858
-65.4824
-65.4791
-65.4757
-65.4724
-65.469
-65.4656
-65.4623
-65.4589
-65.4555
-65.4522
-65.4488
-65.4455
-65.4421
-65.4388
-65.4354
-65.432
-65.4287
-65.4253
-65.422
-65.4186
-65.4153
-65.4119
-65.4085
-65.4052
-65.4018
-65.3985
-65.3951
-65.3918
-65.3884
-65.3851
-65.3817
-65.3783
-65.375
-65.3716
-65.3683
-65.3649
-65.3616
-65.3582
-65.3549
-65.3515
-65.3482
-65.3448
-65.3415
-65.3381
-65.3348
-65.3314
-65.3281
-65.3247
-65.3214
-65.318
-65.3147
-65.3113
-65.308
-65.3046
-65.3013
-65.2979
-65.2946
-65.2912
-65.2878
-65.2845
-65.2811
-65.2778
-65.2744
-65.2711
-65.2677
-65.2644
-65.261
-65.2577
-65.2543
-65.251
-65.2476
-65.2443
-65.2409
-65.2376
-65.2342
-65.2309
-65.2275
-65.2242
-65.2208
-65.2175
-65.2141
-65.2108
-65.2074
-65.2041
-65.2007
-65.1974
-65.194
-65.1907
-65.1873
-65.184
-65.1806
-65.1773
-65.1739
-65.1706
-65.1672
-65.1639
-65.1605
-65.1572
-65.1538
-65.1504
-65.1471
-65.1437
-65.1404
-65.137
-65.1337
-65.1303
-65.127
-65.1236
-65.1203
-65.1169
-65.1135
-65.1102
-65.1068
-65.1035
-65.1001
-65.0968
-65.0934
-65.09
-65.0867
-65.0833
-65.08
-65.0766
-65.0732
-65.0699
-65.0665
-65.0632
-65.0598
-65.0564
-65.0531
-65.0497
-65.0463
-65.043
-65.0396
-65.0363
-65.0329
-65.0295
-65.0262
-65.0228
-65.0194
-65.0161
-65.0127
-65.0093
-65.006
-65.0026
-64.9992
-64.9958
-64.9925
-64.9891
-64.9857
-64.9824
-64.979
-64.9756
-64.9722
-64.9689
-64.9655
-64.9621
-64.9587
-64.9554
-64.952
-64.9486
-64.9452
-64.9419
-64.9385
-64.9351
-64.9317
-64.9283
-64.925
-64.9216
-64.9182
-64.9148
-64.9114
-64.908
-64.9047
-64.9013
-64.8979
-64.8945
-64.8911
-64.8877
-64.8843
-64.8809
-64.8775
-64.8742
-64.8708
-64.8674
-64.864
-64.8606
-64.8572
-64.8538
-64.8504
-64.847
-64.8436
-64.8402
-64.8368
-64.8334
-64.83
-64.8266
-64.8232
-64.8198
-64.8164
-64.813
-64.8096
-64.8062
-64.8028
-64.7994
-64.7959
-64.7925
-64.7891
-64.7857
-64.7823
-64.7789
-64.7755
-64.7721
-64.7686
-64.7652
-64.7618
-64.7584
-64.755
-64.7515
-64.7481
-64.7447
-64.7413
-64.7379
-64.7344
-64.731
-64.7276
-64.7241
-64.7207
-64.7173
-64.7139
-64.7104
-64.707
-64.7036
-64.7001
-64.6967
-64.6932
-64.6898
-64.6864
-64.6829
-64.6795
-64.676
-64.6726
-64.6691
-64.6657
-64.6623
-64.6588
-64.6554
-64.6519
-64.6485
-64.645
-64.6415
-64.6381
-64.6346
-64.6312
-64.6277
-64.6243
-64.6208
-64.6173
-64.6139
-64.6104
-64.6069
-64.6035
-64.6
-64.5965
-64.5931
-64.5896
-64.5861
-64.5827
-64.5792
-64.5757
-64.5722
-64.5687
-64.5653
-64.5618
-64.5583
-64.5548
-64.5513
-64.5478
-64.5443
-64.5409
-64.5374
-64.5339
-64.5304
-64.5269
-64.5234
-64.5199
-64.5164
-64.5129
-64.5094
-64.5059
-64.5024
-64.4989
-64.4954
-64.4919
-64.4883
-64.4848
-64.4813
-64.4778
-64.4743
-64.4708
-64.4672
-64.4637
-64.4602
-64.4567
-64.4532
-64.4496
-64.4461
-64.4426
-64.439
-64.4355
-64.432
-64.4284
-64.4249
-64.4213
-64.4178
-64.4143
-64.4107
-64.4072
-64.4036
-64.4001
-64.3965
-64.393
-64.3894
-64.3859
-64.3823
-64.3787
-64.3752
-64.3716
-64.3681
-64.3645
-64.3609
-64.3574
-64.3538
-64.3502
-64.3466
-64.3431
-64.3395
-64.3359
-64.3323
-64.3287
-64.3251
-64.3216
-64.318
-64.3144
-64.3108
-64.3072
-64.3036
-64.3
-64.2964
-64.2928
-64.2892
-64.2856
-64.282
-64.2784
-64.2748
-64.2711
-64.2675
-64.2639
-64.2603
-64.2567
-64.253
-64.2494
-64.2458
-64.2422
-64.2385
-64.2349
-64.2313
-64.2276
-64.224
-64.2203
-64.2167
-64.2131
-64.2094
-64.2058
-64.2021
-64.1984
-64.1948
-64.1911
-64.1875
-64.1838
-64.1801
-64.1765
-64.1728
-64.1691
-64.1655
-64.1618
-64.1581
-64.1544
-64.1508
-64.1471
-64.1434
-64.1397
-64.136
-64.1323
-64.1286
-64.1249
-64.1212
-64.1175
-64.1138
-64.1101
-64.1064
-64.1027
-64.099
-64.0953
-64.0915
-64.0878
-64.0841
-64.0804
-64.0766
-64.0729
-64.0692
-64.0654
-64.0617
-64.058
-64.0542
-64.0505
-64.0467
-64.043
-64.0392
-64.0355
-64.0317
-64.028
-64.0242
-64.0204
-64.0167
-64.0129
-64.0091
-64.0053
-64.0016
-63.9978
-63.994
-63.9902
-63.9864
-63.9826
-63.9788
-63.975
-63.9712
-63.9674
-63.9636
-63.9598
-63.956
-63.9522
-63.9484
-63.9446
-63.9408
-63.9369
-63.9331
-63.9293
-63.9255
-63.9216
-63.9178
-63.9139
-63.9101
-63.9063
-63.9024
-63.8986
-63.8947
-63.8909
-63.887
-63.8831
-63.8793
-63.8754
-63.8715
-63.8677
-63.8638
-63.8599
-63.856
-63.8521
-63.8482
-63.8444
-63.8405
-63.8366
-63.8327
-63.8288
-63.8249
-63.8209
-63.817
-63.8131
-63.8092
-63.8053
-63.8014
-63.7974
-63.7935
-63.7896
-63.7856
-63.7817
-63.7777
-63.7738
-63.7698
-63.7659
-63.7619
-63.758
-63.754
-63.75
-63.7461
-63.7421
-63.7381
-63.7341
-63.7302
-63.7262
-63.7222
-63.7182
-63.7142
-63.7102
-63.7062
-63.7022
-63.6982
-63.6942
-63.6901
-63.6861
-63.6821
-63.6781
-63.674
-63.67
-63.666
-63.6619
-63.6579
-63.6538
-63.6498
-63.6457
-63.6417
-63.6376
-63.6336
-63.6295
-63.6254
-63.6213
-63.6173
-63.6132
-63.6091
-63.605
-63.6009
-63.5968
-63.5927
-63.5886
-63.5845
-63.5804
-63.5762
-63.5721
-63.568
-63.5639
-63.5597
-63.5556
-63.5515
-63.5473
-63.5432
-63.539
-63.5349
-63.5307
-63.5265
-63.5224
-63.5182
-63.514
-63.5098
-63.5056
-63.5015
-63.4973
-63.4931
-63.4889
-63.4847
-63.4804
-63.4762
-63.472
-63.4678
-63.4636
-63.4593
-63.4551
-63.4509
-63.4466
-63.4424
-63.4381
-63.4339
-63.4296
-63.4253
-63.4211
-63.4168
-63.4125
-63.4082
-63.404
-63.3997
-63.3954
-63.3911
-63.3868
-63.3825
-63.3781
-63.3738
-63.3695
-63.3652
-63.3608
-63.3565
-63.3522
-63.3478
-63.3435
-63.3391
-63.3348
-63.3304
-63.326
-63.3216
-63.3173
-63.3129
-63.3085
-63.3041
-63.2997
-63.2953
-63.2909
-63.2865
-63.2821
-63.2776
-63.2732
-63.2688
-63.2643
-63.2599
-63.2555
-63.251
-63.2465
-63.2421
-63.2376
-63.2331
-63.2287
-63.2242
-63.2197
-63.2152
-63.2107
-63.2062
-63.2017
-63.1972
-63.1927
-63.1881
-63.1836
-63.1791
-63.1745
-63.17
-63.1654
-63.1609
-63.1563
-63.1517
-63.1472
-63.1426
-63.138
-63.1334
-63.1288
-63.1242
-63.1196
-63.115
-63.1104
-63.1057
-63.1011
-63.0965
-63.0918
-63.0872
-63.0825
-63.0779
-63.0732
-63.0685
-63.0639
-63.0592
-63.0545
-63.0498
-63.0451
-63.0404
-63.0357
-63.031
-63.0262
-63.0215
-63.0168
-63.012
-63.0073
-63.0025
-62.9978
-62.993
-62.9882
-62.9834
-62.9787
-62.9739
-62.9691
-62.9643
-62.9595
-62.9546
-62.9498
-62.945
-62.9401
-62.9353
-62.9304
-62.9256
-62.9207
-62.9159
-62.911
-62.9061
-62.9012
-62.8963
-62.8914
-62.8865
-62.8816
-62.8767
-62.8717
-62.8668
-62.8618
-62.8569
-62.8519
-62.847
-62.842
-62.837
-62.832
-62.827
-62.822
-62.817
-62.812
-62.807
-62.8019
-62.7969
-62.7919
-62.7868
-62.7817
-62.7767
-62.7716
-62.7665
-62.7614
-62.7563
-62.7512
-62.7461
-62.741
-62.7359
-62.7307
-62.7256
-62.7204
-62.7153
-62.7101
-62.7049
-62.6997
-62.6945
-62.6893
-62.6841
-62.6789
-62.6737
-62.6685
-62.6632
-62.658
-62.6527
-62.6474
-62.6422
-62.6369
-62.6316
-62.6263
-62.621
-62.6157
-62.6104
-62.605
-62.5997
-62.5943
-62.589
-62.5836
-62.5782
-62.5728
-62.5674
-62.562
-62.5566
-62.5512
-62.5458
-62.5403
-62.5349
-62.5294
-62.524
-62.5185
-62.513
-62.5075
-62.502
-62.4965
-62.491
-62.4854
-62.4799
-62.4743
-62.4688
-62.4632
-62.4576
-62.452
-62.4464
-62.4408
-62.4352
-62.4296
-62.4239
-62.4183
-62.4126
-62.4069
-62.4013
-62.3956
-62.3899
-62.3842
-62.3784
-62.3727
-62.367
-62.3612
-62.3554
-62.3497
-62.3439
-62.3381
-62.3323
-62.3265
-62.3206
-62.3148
-62.3089
-62.3031
-62.2972
-62.2913
-62.2854
-62.2795
-62.2736
-62.2677
-62.2617
-62.2558
-62.2498
-62.2438
-62.2378
-62.2318
-62.2258
-62.2198
-62.2138
-62.2077
-62.2017
-62.1956
-62.1895
-62.1834
-62.1773
-62.1712
-62.1651
-62.1589
-62.1528
-62.1466
-62.1404
-62.1342
-62.128
-62.1218
-62.1155
-62.1093
-62.103
-62.0968
-62.0905
-62.0842
-62.0779
-62.0715
-62.0652
-62.0589
-62.0525
-62.0461
-62.0397
-62.0333
-62.0269
-62.0204
-62.014
-62.0075
-62.0011
-61.9946
-61.9881
-61.9815
-61.975
-61.9684
-61.9619
-61.9553
-61.9487
-61.9421
-61.9355
-61.9288
-61.9222
-61.9155
-61.9088
-61.9021
-61.8954
-61.8887
-61.8819
-61.8752
-61.8684
-61.8616
-61.8548
-61.8479
-61.8411
-61.8342
-61.8274
-61.8205
-61.8136
-61.8066
-61.7997
-61.7927
-61.7858
-61.7788
-61.7717
-61.7647
-61.7577
-61.7506
-61.7435
-61.7364
-61.7293
-61.7222
-61.715
-61.7078
-61.7007
-61.6934
-61.6862
-61.679
-61.6717
-61.6644
-61.6571
-61.6498
-61.6425
-61.6351
-61.6277
-61.6203
-61.6129
-61.6055
-61.598
-61.5905
-61.583
-61.5755
-61.568
-61.5604
-61.5528
-61.5452
-61.5376
-61.53
-61.5223
-61.5146
-61.5069
-61.4992
-61.4914
-61.4837
-61.4759
-61.468
-61.4602
-61.4523
-61.4445
-61.4365
-61.4286
-61.4207
-61.4127
-61.4047
-61.3967
-61.3886
-61.3805
-61.3724
-61.3643
-61.3562
-61.348
-61.3398
-61.3316
-61.3234
-61.3151
-61.3068
-61.2985
-61.2901
-61.2818
-61.2734
-61.2649
-61.2565
-61.248
-61.2395
-61.231
-61.2224
-61.2138
-61.2052
-61.1966
-61.1879
-61.1792
-61.1705
-61.1617
-61.1529
-61.1441
-61.1353
-61.1264
-61.1175
-61.1086
-61.0996
-61.0906
-61.0816
-61.0725
-61.0634
-61.0543
-61.0452
-61.036
-61.0268
-61.0175
-61.0083
-60.9989
-60.9896
-60.9802
-60.9708
-60.9614
-60.9519
-60.9424
-60.9328
-60.9232
-60.9136
-60.904
-60.8943
-60.8845
-60.8748
-60.865
-60.8551
-60.8453
-60.8354
-60.8254
-60.8154
-60.8054
-60.7953
-60.7852
-60.7751
-60.7649
-60.7547
-60.7444
-60.7341
-60.7237
-60.7133
-60.7029
-60.6924
-60.6819
-60.6713
-60.6607
-60.6501
-60.6394
-60.6287
-60.6179
-60.6071
-60.5962
-60.5853
-60.5743
-60.5633
-60.5522
-60.5411
-60.5299
-60.5187
-60.5075
-60.4962
-60.4848
-60.4734
-60.4619
-60.4504
-60.4389
-60.4272
-60.4156
-60.4038
-60.3921
-60.3802
-60.3683
-60.3564
-60.3444
-60.3323
-60.3202
-60.308
-60.2958
-60.2835
-60.2712
-60.2587
-60.2463
-60.2337
-60.2211
-60.2085
-60.1957
-60.183
-60.1701
-60.1572
-60.1442
-60.1311
-60.118
-60.1048
-60.0916
-60.0782
-60.0648
-60.0514
-60.0378
-60.0242
-60.0105
-59.9967
-59.9829
-59.969
-59.955
-59.9409
-59.9267
-59.9125
-59.8982
-59.8838
-59.8693
-59.8547
-59.8401
-59.8254
-59.8105
-59.7956
-59.7806
-59.7655
-59.7504
-59.7351
-59.7197
-59.7043
-59.6887
-59.673
-59.6573
-59.6414
-59.6255
-59.6094
-59.5933
-59.577
-59.5607
-59.5442
-59.5276
-59.5109
-59.4941
-59.4772
-59.4602
-59.443
-59.4258
-59.4084
-59.3909
-59.3733
-59.3555
-59.3377
-59.3197
-59.3015
-59.2833
-59.2649
-59.2463
-59.2277
-59.2089
-59.1899
-59.1709
-59.1516
-59.1322
-59.1127
-59.093
-59.0732
-59.0532
-59.0331
-59.0128
-58.9923
-58.9717
-58.9509
-58.9299
-58.9088
-58.8874
-58.8659
-58.8442
-58.8224
-58.8003
-58.7781
-58.7556
-58.733
-58.7101
-58.6871
-58.6638
-58.6404
-58.6167
-58.5928
-58.5687
-58.5443
-58.5197
-58.4949
-58.4699
-58.4446
-58.419
-58.3932
-58.3672
-58.3409
-58.3143
-58.2874
-58.2603
-58.2329
-58.2051
-58.1771
-58.1488
-58.1202
-58.0913
-58.0621
-58.0325
-58.0026
-57.9724
-57.9418
-57.9108
-57.8795
-57.8479
-57.8158
-57.7834
-57.7506
-57.7173
-57.6837
-57.6496
-57.6151
-57.5801
-57.5447
-57.5089
-57.4725
-57.4357
-57.3984
-57.3605
-57.3222
-57.2833
-57.2438
-57.2038
-57.1632
-57.122
-57.0801
-57.0377
-56.9946
-56.9508
-56.9063
-56.8612
-56.8153
-56.7686
-56.7212
-56.673
-56.624
-56.5741
-56.5234
-56.4717
-56.4192
-56.3656
-56.3111
-56.2555
-56.1989
-56.1412
-56.0824
-56.0223
-55.9611
-55.8985
-55.8347
-55.7695
-55.7029
-55.6347
-55.5651
-55.4938
-55.4209
-55.3462
-55.2697
-55.1913
-55.111
-55.0285
-54.9439
-54.8569
-54.7676
-54.6757
-54.5812
-54.4839
-54.3836
-54.2803
-54.1736
-54.0634
-53.9495
-53.8318
-53.7098
-53.5833
-53.4521
-53.3158
-53.174
-53.0264
-52.8724
-52.7116
-52.5433
-52.367
-52.1819
-51.9871
-51.7818
-51.5648
-51.3349
-51.0905
-50.83
-50.5513
-50.2519
-49.9287
-49.5782
-49.1957
-48.7754
-48.3096
-47.7883
-47.1977
-46.5184
-45.7228
-44.7693
-43.5819
-42.0535
-40.0161
-37.2175
-33.2252
-25.9808
-15.8056
-2.72576
9.77146
19.2872
26.1778
31.1662
34.7785
37.3499
39.0937
40.151
40.6177
40.5648
40.0548
39.1518
37.9245
36.444
34.7794
32.9927
31.136
29.2508
27.3679
25.5093
23.6897
21.918
20.1993
18.5355
16.9267
15.3718
13.8687
12.415
11.0084
9.64623
8.32617
7.046
5.80371
4.59752
3.42587
2.28739
1.18089
0.105344
-0.940134
-1.95632
-2.94392
-3.90356
-4.83584
-5.74133
-6.62062
-7.4743
-8.303
-9.10738
-9.88815
-10.6461
-11.3819
-12.0966
-12.791
-13.466
-14.1226
-14.7619
-15.3847
-15.9923
-16.5855
-17.1655
-17.7333
-18.29
-18.8365
-19.3739
-19.9033
-20.4256
-20.9418
-21.4528
-21.9598
-22.4635
-22.9651
-23.4653
-23.9652
-24.4658
-24.9678
-25.4724
-25.9805
-26.4929
-27.0106
-27.5346
-28.0658
-28.605
-29.153
-29.7105
-30.2783
-30.8568
-31.4464
-32.0474
-32.6598
-33.2836
-33.9189
-34.5661
-35.2264
-35.901
-36.5917
-37.2998
-38.026
-38.7702
-39.5309
-40.3063
-41.0938
-41.8908
-42.6945
-43.5029
-44.3144
-45.1277
-45.9417
-46.7554
-47.5681
-48.3792
-49.188
-49.9939
-50.7964
-51.5947
-52.3883
-53.1764
-53.9581
-54.7327
-55.4992
-56.2568
-57.0043
-57.7408
-58.4653
-59.1768
-59.8742
-60.5565
-61.2229
-61.8724
-62.5041
-63.1175
-63.7118
-64.2865
-64.8412
-65.3755
-65.8893
-66.3825
-66.8552
-67.3073
-67.7393
-68.1513
-68.5439
-68.9174
-69.2724
-69.6094
-69.9292
-70.2323
-70.5194
-70.7912
-71.0483
-71.2914
-71.5212
-71.7384
-71.9436
-72.1374
-72.3205
-72.4933
-72.6565
-72.8106
-72.956
-73.0934
-73.2231
-73.3455
-73.4611
-73.5704
-73.6735
-73.771
-73.863
-73.95
-74.0322
-74.1099
-74.1833
-74.2527
-74.3183
-74.3803
-74.4389
-74.4943
-74.5466
-74.5961
-74.6429
-74.6871
-74.7289
-74.7684
-74.8057
-74.8409
-74.8742
-74.9056
-74.9353
-74.9633
-74.9897
-75.0146
-75.038
-75.0601
-75.0809
-75.1004
-75.1188
-75.136
-75.1522
-75.1674
-75.1816
-75.1949
-75.2073
-75.2189
-75.2297
-75.2397
-75.2489
-75.2575
-75.2654
-75.2727
-75.2794
-75.2855
-75.291
-75.296
-75.3005
-75.3045
-75.308
-75.3111
-75.3138
-75.3161
-75.3179
-75.3194
-75.3205
-75.3213
-75.3218
-75.3219
-75.3217
-75.3212
-75.3205
-75.3195
-75.3182
-75.3167
-75.3149
-75.3129
-75.3107
-75.3083
-75.3056
-75.3028
-75.2998
-75.2966
-75.2933
-75.2897
-75.2861
-75.2822
-75.2782
-75.2741
-75.2699
-75.2655
-75.261
-75.2563
-75.2516
-75.2467
-75.2418
-75.2367
-75.2315
-75.2263
-75.221
-75.2155
-75.21
-75.2044
-75.1988
-75.193
-75.1872
-75.1813
-75.1754
-75.1694
-75.1633
-75.1572
-75.1511
-75.1448
-75.1386
-75.1323
-75.1259
-75.1195
-75.1131
-75.1066
-75.1001
-75.0935
-75.0869
-75.0803
-75.0736
-75.067
-75.0603
-75.0535
-75.0468
-75.04
-75.0332
-75.0264
-75.0195
-75.0127
-75.0058
-74.9989
-74.992
-74.985
-74.9781
-74.9711
-74.9642
-74.9572
-74.9502
-74.9432
-74.9362
-74.9292
-74.9222
-74.9151
-74.9081
-74.901
-74.894
-74.8869
-74.8799
-74.8728
-74.8658
-74.8587
-74.8516
-74.8445
-74.8375
-74.8304
-74.8233
-74.8162
-74.8092
-74.8021
-74.795
-74.7879
-74.7809
-74.7738
-74.7667
-74.7596
-74.7526
-74.7455
-74.7384
-74.7314
-74.7243
-74.7172
-74.7102
-74.7031
-74.6961
-74.689
-74.682
-74.675
-74.6679
-74.6609
-74.6539
-74.6468
-74.6398
-74.6328
-74.6258
-74.6188
-74.6118
-74.6048
-74.5978
-74.5908
-74.5838
-74.5768
-74.5698
-74.5628
-74.5559
-74.5489
-74.5419
-74.535
-74.528
-74.5211
-74.5141
-74.5072
-74.5002
-74.4933
-74.4864
-74.4794
-74.4725
-74.4656
-74.4587
-74.4518
-74.4449
-74.4379
-74.431
-74.4241
-74.4173
-74.4104
-74.4035
-74.3966
-74.3897
-74.3828
-74.376
-74.3691
-74.3622
-74.3554
-74.3485
-74.3416
-74.3348
-74.3279
-74.3211
-74.3142
-74.3074
-74.3005
-74.2937
-74.2869
-74.28
-74.2732
-74.2664
-74.2595
-74.2527
-74.2459
-74.2391
-74.2322
-74.2254
-74.2186
-74.2118
-74.205
-74.1981
-74.1913
-74.1845
-74.1777
-74.1709
-74.1641
-74.1573
-74.1505
-74.1437
-74.1369
-74.1301
-74.1233
-74.1165
-74.1097
-74.1029
-74.0961
-74.0893
-74.0825
-74.0757
-74.0689
-74.0621
-74.0553
-74.0485
-74.0417
-74.0349
-74.0281
-74.0213
-74.0145
-74.0077
-74.0009
-73.9941
-73.9873
-73.9805
-73.9737
-73.9669
-73.9601
-73.9533
-73.9465
-73.9397
-73.9329
-73.9261
-73.9193
-73.9125
-73.9057
-73.8989
-73.8921
-73.8853
-73.8785
-73.8717
-73.8648
-73.858
-73.8512
-73.8444
-73.8376
-73.8308
-73.8239
-73.8171
-73.8103
-73.8035
-73.7966
-73.7898
-73.783
-73.7761
-73.7693
-73.7625
-73.7556
-73.7488
-73.7419
-73.7351
-73.7282
-73.7214
-73.7145
-73.7077
-73.7008
-73.694
-73.6871
-73.6803
-73.6734
-73.6665
-73.6597
-73.6528
-73.6459
-73.639
-73.6322
-73.6253
-73.6184
-73.6115
-73.6046
-73.5977
-73.5908
-73.5839
-73.577
-73.5701
-73.5632
-73.5563
-73.5494
-73.5425
-73.5356
-73.5287
-73.5218
-73.5148
-73.5079
-73.501
-73.4941
-73.4871
-73.4802
-73.4733
-73.4663
-73.4594
-73.4524
-73.4455
-73.4385
-73.4316
-73.4246
-73.4177
-73.4107

