-72
-71.9938
-71.9885
-71.9832
-71.9779
-71.9726
-71.9673
-71.9619
-71.9566
-71.9513
-71.946
-71.9407
-71.9354
-71.9301
-71.9248
-71.9196
-71.9143
-71.909
-71.9037
-71.8984
-71.8931
-71.8878
-71.8825
-71.8773
-71.872
-71.8667
-71.8614
-71.8562
-71.8509
-71.8456
-71.8403
-71.8351
-71.8298
-71.8245
-71.8193
-71.814
-71.8088
-71.8035
-71.7983
-71.793
-71.7877
-71.7825
-71.7773
-71.772
-71.7668
-71.7615
-71.7563
-71.7511
-71.7458
-71.7406
-71.7354
-71.7301
-71.7249
-71.7197
-71.7145
-71.7092
-71.704
-71.6988
-71.6936
-71.6884
-71.6832
-71.678
-71.6728
-71.6676
-71.6624
-71.6572
-71.652
-71.6468
-71.6416
-71.6364
-71.6312
-71.6261
-71.6209
-71.6157
-71.6105
-71.6054
-71.6002
-71.595
-71.5899
-71.5847
-71.5795
-71.5744
-71.5692
-71.5641
-71.5589
-71.5538
-71.5486
-71.5435
-71.5384
-71.5332
-71.5281
-71.523
-71.5178
-71.5127
-71.5076
-71.5025
-71.4974
-71.4922
-71.4871
-71.482
-71.4769
-71.4718
-71.4667
-71.4616
-71.4565
-71.4514
-71.4463
-71.4412
-71.4362
-71.4311
-71.426
-71.4209
-71.4158
-71.4108
-71.4057
-71.4006
-71.3956
-71.3905
-71.3855
-71.3804
-71.3754
-71.3703
-71.3653
-71.3602
-71.3552
-71.3501
-71.3451
-71.3401
-71.335
-71.33
-71.325
-71.32
-71.3149
-71.3099
-71.3049
-71.2999
-71.2949
-71.2899
-71.2849
-71.2799
-71.2749
-71.2699
-71.2649
-71.2599
-71.2549
-71.25
-71.245
-71.24
-71.235
-71.2301
-71.2251
-71.2201
-71.2152
-71.2102
-71.2052
-71.2003
-71.1953
-71.1904
-71.1854
-71.1805
-71.1756
-71.1706
-71.1657
-71.1608
-71.1558
-71.1509
-71.146
-71.1411
-71.1361
-71.1312
-71.1263
-71.1214
-71.1165
-71.1116
-71.1067
-71.1018
-71.0969
-71.092
-71.0871
-71.0822
-71.0773
-71.0725
-71.0676
-71.0627
-71.0578
-71.053
-71.0481
-71.0432
-71.0384
-71.0335
-71.0287
-71.0238
-71.019
-71.0141
-71.0093
-71.0044
-70.9996
-70.9947
-70.9899
-70.9851
-70.9803
-70.9754
-70.9706
-70.9658
-70.961
-70.9562
-70.9513
-70.9465
-70.9417
-70.9369
-70.9321
-70.9273
-70.9225
-70.9177
-70.913
-70.9082
-70.9034
-70.8986
-70.8938
-70.889
-70.8843
-70.8795
-70.8747
-70.87
-70.8652
-70.8605
-70.8557
-70.8509
-70.8462
-70.8414
-70.8367
-70.832
-70.8272
-70.8225
-70.8177
-70.813
-70.8083
-70.8036
-70.7988
-70.7941
-70.7894
-70.7847
-70.78
-70.7753
-70.7705
-70.7658
-70.7611
-70.7564
-70.7517
-70.7471
-70.7424
-70.7377
-70.733
-70.7283
-70.7236
-70.7189
-70.7143
-70.7096
-70.7049
-70.7003
-70.6956
-70.6909
-70.6863
-70.6816
-70.677
-70.6723
-70.6677
-70.663
-70.6584
-70.6537
-70.6491
-70.6445
-70.6398
-70.6352
-70.6306
-70.626
-70.6213
-70.6167
-70.6121
-70.6075
-70.6029
-70.5983
-70.5936
-70.589
-70.5844
-70.5798
-70.5752
-70.5707
-70.5661
-70.5615
-70.5569
-70.5523
-70.5477
-70.5431
-70.5386
-70.534
-70.5294
-70.5249
-70.5203
-70.5157
-70.5112
-70.5066
-70.5021
-70.4975
-70.493
-70.4884
-70.4839
-70.4793
-70.4748
-70.4702
-70.4657
-70.4612
-70.4566
-70.4521
-70.4476
-70.4431
-70.4386
-70.434
-70.4295
-70.425
-70.4205
-70.416
-70.4115
-70.407
-70.4025
-70.398
-70.3935
-70.389
-70.3845
-70.38
-70.3755
-70.3711
-70.3666
-70.3621
-70.3576
-70.3531
-70.3487
-70.3442
-70.3397
-70.3353
-70.3308
-70.3264
-70.3219
-70.3174
-70.313
-70.3085
-70.3041
-70.2997
-70.2952
-70.2908
-70.2863
-70.2819
-70.2775
-70.273
-70.2686
-70.2642
-70.2598
-70.2553
-70.2509
-70.2465
-70.2421
-70.2377
-70.2333
-70.2289
-70.2245
-70.2201
-70.2157
-70.2113
-70.2069
-70.2025
-70.1981
-70.1937
-70.1893
-70.1849
-70.1805
-70.1762
-70.1718
-70.1674
-70.163
-70.1587
-70.1543
-70.1499
-70.1456
-70.1412
-70.1369
-70.1325
-70.1281
-70.1238
-70.1194
-70.1151
-70.1108
-70.1064
-70.1021
-70.0977
-70.0934
-70.0891
-70.0847
-70.0804
-70.0761
-70.0717
-70.0674
-70.0631
-70.0588
-70.0545
-70.0501
-70.0458
-70.0415
-70.0372
-70.0329
-70.0286
-70.0243
-70.02
-70.0157
-70.0114
-70.0071
-70.0028
-69.9985
-69.9943
-69.99
-69.9857
-69.9814
-69.9771
-69.9729
-69.9686
-69.9643
-69.96
-69.9558
-69.9515
-69.9472
-69.943
-69.9387
-69.9345
-69.9302
-69.9259
-69.9217
-69.9174
-69.9132
-69.909
-69.9047
-69.9005
-69.8962
-69.892
-69.8878
-69.8835
-69.8793
-69.8751
-69.8708
-69.8666
-69.8624
-69.8582
-69.8539
-69.8497
-69.8455
-69.8413
-69.8371
-69.8329
-69.8287
-69.8245
-69.8202
-69.816
-69.8118
-69.8076
-69.8034
-69.7993
-69.7951
-69.7909
-69.7867
-69.7825
-69.7783
-69.7741
-69.7699
-69.7658
-69.7616
-69.7574
-69.7532
-69.7491
-69.7449
-69.7407
-69.7366
-69.7324
-69.7282
-69.7241
-69.7199
-69.7157
-69.7116
-69.7074
-69.7033
-69.6991
-69.695
-69.6908
-69.6867
-69.6826
-69.6784
-69.6743
-69.6701
-69.666
-69.6619
-69.6577
-69.6536
-69.6495
-69.6453
-69.6412
-69.6371
-69.633
-69.6288
-69.6247
-69.6206
-69.6165
-69.6124
-69.6083
-69.6042
-69.6
-69.5959
-69.5918
-69.5877
-69.5836
-69.5795
-69.5754
-69.5713
-69.5672
-69.5631
-69.559
-69.555
-69.5509
-69.5468
-69.5427
-69.5386
-69.5345
-69.5304
-69.5264
-69.5223
-69.5182
-69.5141
-69.5101
-69.506
-69.5019
-69.4978
-69.4938
-69.4897
-69.4856
-69.4816
-69.4775
-69.4735
-69.4694
-69.4653
-69.4613
-69.4572
-69.4532
-69.4491
-69.4451
-69.441
-69.437
-69.4329
-69.4289
-69.4249
-69.4208
-69.4168
-69.4127
-69.4087
-69.4047
-69.4006
-69.3966
-69.3926
-69.3885
-69.3845
-69.3805
-69.3765
-69.3724
-69.3684
-69.3644
-69.3604
-69.3564
-69.3523
-69.3483
-69.3443
-69.3403
-69.3363
-69.3323
-69.3283
-69.3243
-69.3203
-69.3163
-69.3123
-69.3083
-69.3043
-69.3003
-69.2963
-69.2923
-69.2883
-69.2843
-69.2803
-69.2763
-69.2723
-69.2683
-69.2643
-69.2603
-69.2563
-69.2524
-69.2484
-69.2444
-69.2404
-69.2364
-69.2325
-69.2285
-69.2245
-69.2205
-69.2165
-69.2126
-69.2086
-69.2046
-69.2007
-69.1967
-69.1927
-69.1888
-69.1848
-69.1808
-69.1769
-69.1729
-69.169
-69.165
-69.161
-69.1571
-69.1531
-69.1492
-69.1452
-69.1413
-69.1373
-69.1334
-69.1294
-69.1255
-69.1215
-69.1176
-69.1136
-69.1097
-69.1057
-69.1018
-69.0979
-69.0939
-69.09
-69.086
-69.0821
-69.0782
-69.0742
-69.0703
-69.0664
-69.0624
-69.0585
-69.0546
-69.0506
-69.0467
-69.0428
-69.0389
-69.0349
-69.031
-69.0271
-69.0232
-69.0192
-69.0153
-69.0114
-69.0075
-69.0036
-68.9996
-68.9957
-68.9918
-68.9879
-68.984
-68.9801
-68.9762
-68.9722
-68.9683
-68.9644
-68.9605
-68.9566
-68.9527
-68.9488
-68.9449
-68.941
-68.9371
-68.9332
-68.9293
-68.9254
-68.9215
-68.9176
-68.9137
-68.9098
-68.9059
-68.902
-68.8981
-68.8942
-68.8903
-68.8864
-68.8825
-68.8786
-68.8747
-68.8708
-68.8669
-68.863
-68.8591
-68.8553
-68.8514
-68.8475
-68.8436
-68.8397
-68.8358
-68.8319
-68.828
-68.8242
-68.8203
-68.8164
-68.8125
-68.8086
-68.8047
-68.8009
-68.797
-68.7931
-68.7892
-68.7853
-68.7815
-68.7776
-68.7737
-68.7698
-68.766
-68.7621
-68.7582
-68.7543
-68.7505
-68.7466
-68.7427
-68.7388
-68.735
-68.7311
-68.7272
-68.7234
-68.7195
-68.7156
-68.7117
-68.7079
-68.704
-68.7001
-68.6963
-68.6924
-68.6885
-68.6847
-68.6808
-68.6769
-68.6731
-68.6692
-68.6653
-68.6615
-68.6576
-68.6538
-68.6499
-68.646
-68.6422
-68.6383
-68.6344
-68.6306
-68.6267
-68.6229
-68.619
-68.6151
-68.6113
-68.6074
-68.6036
-68.5997
-68.5958
-68.592
-68.5881
-68.5843
-68.5804
-68.5765
-68.5727
-68.5688
-68.565
-68.5611
-68.5573
-68.5534
-68.5495
-68.5457
-68.5418
-68.538
-68.5341
-68.5303
-68.5264
-68.5225
-68.5187
-68.5148
-68.511
-68.5071
-68.5033
-68.4994
-68.4956
-68.4917
-68.4878
-68.484
-68.4801
-68.4763
-68.4724
-68.4686
-68.4647
-68.4609
-68.457
-68.4532
-68.4493
-68.4454
-68.4416
-68.4377
-68.4339
-68.43
-68.4262
-68.4223
-68.4185
-68.4146
-68.4108
-68.4069
-68.403
-68.3992
-68.3953
-68.3915
-68.3876
-68.3838
-68.3799
-68.3761
-68.3722
-68.3683
-68.3645
-68.3606
-68.3568
-68.3529
-68.3491
-68.3452
-68.3413
-68.3375
-68.3336
-68.3298
-68.3259
-68.322
-68.3182
-68.3143
-68.3105
-68.3066
-68.3028
-68.2989
-68.295
-68.2912
-68.2873
-68.2834
-68.2796
-68.2757
-68.2719
-68.268
-68.2641
-68.2603
-68.2564
-68.2525
-68.2487
-68.2448
-68.241
-68.2371
-68.2332
-68.2294
-68.2255
-68.2216
-68.2178
-68.2139
-68.21
-68.2062
-68.2023
-68.1984
-68.1945
-68.1907
-68.1868
-68.1829
-68.1791
-68.1752
-68.1713
-68.1674
-68.1636
-68.1597
-68.1558
-68.1519
-68.1481
-68.1442
-68.1403
-68.1364
-68.1326
-68.1287
-68.1248
-68.1209
-68.117
-68.1132
-68.1093
-68.1054
-68.1015
-68.0976
-68.0938
-68.0899
-68.086
-68.0821
-68.0782
-68.0743
-68.0704
-68.0665
-68.0627
-68.0588
-68.0549
-68.051
-68.0471
-68.0432
-68.0393
-68.0354
-68.0315
-68.0276
-68.0237
-68.0198
-68.0159
-68.012
-68.0081
-68.0042
-68.0003
-67.9964
-67.9925
-67.9886
-67.9847
-67.9808
-67.9769
-67.973
-67.9691
-67.9652
-67.9613
-67.9574
-67.9534
-67.9495
-67.9456
-67.9417
-67.9378
-67.9339
-67.9299
-67.926
-67.9221
-67.9182
-67.9143
-67.9103
-67.9064
-67.9025
-67.8986
-67.8946
-67.8907
-67.8868
-67.8829
-67.8789
-67.875
-67.8711
-67.8671
-67.8632
-67.8593
-67.8553
-67.8514
-67.8474
-67.8435
-67.8396
-67.8356
-67.8317
-67.8277
-67.8238
-67.8198
-67.8159
-67.8119
-67.808
-67.804
-67.8001
-67.7961
-67.7922
-67.7882
-67.7843
-67.7803
-67.7763
-67.7724
-67.7684
-67.7644
-67.7605
-67.7565
-67.7525
-67.7486
-67.7446
-67.7406
-67.7367
-67.7327
-67.7287
-67.7247
-67.7207
-67.7168
-67.7128
-67.7088
-67.7048
-67.7008
-67.6968
-67.6928
-67.6889
-67.6849
-67.6809
-67.6769
-67.6729
-67.6689
-67.6649
-67.6609
-67.6569
-67.6529
-67.6489
-67.6448
-67.6408
-67.6368
-67.6328
-67.6288
-67.6248
-67.6208
-67.6168
-67.6127
-67.6087
-67.6047
-67.6007
-67.5966
-67.5926
-67.5886
-67.5845
-67.5805
-67.5765
-67.5724
-67.5684
-67.5643
-67.5603
-67.5563
-67.5522
-67.5482
-67.5441
-67.5401
-67.536
-67.532
-67.5279
-67.5238
-67.5198
-67.5157
-67.5117
-67.5076
-67.5035
-67.4994
-67.4954
-67.4913
-67.4872
-67.4831
-67.4791
-67.475
-67.4709
-67.4668
-67.4627
-67.4586
-67.4545
-67.4505
-67.4464
-67.4423
-67.4382
-67.4341
-67.43
-67.4258
-67.4217
-67.4176
-67.4135
-67.4094
-67.4053
-67.4012
-67.397
-67.3929
-67.3888
-67.3847
-67.3805
-67.3764
-67.3723
-67.3681
-67.364
-67.3599
-67.3557
-67.3516
-67.3474
-67.3433
-67.3391
-67.335
-67.3308
-67.3266
-67.3225
-67.3183
-67.3142
-67.31
-67.3058
-67.3016
-67.2975
-67.2933
-67.2891
-67.2849
-67.2807
-67.2766
-67.2724
-67.2682
-67.264
-67.2598
-67.2556
-67.2514
-67.2472
-67.243
-67.2388
-67.2345
-67.2303
-67.2261
-67.2219
-67.2177
-67.2134
-67.2092
-67.205
-67.2007
-67.1965
-67.1923
-67.188
-67.1838
-67.1795
-67.1753
-67.171
-67.1668
-67.1625
-67.1583
-67.154
-67.1497
-67.1455
-67.1412
-67.1369
-67.1326
-67.1284
-67.1241
-67.1198
-67.1155
-67.1112
-67.1069
-67.1026
-67.0983
-67.094
-67.0897
-67.0854
-67.0811
-67.0768
-67.0724
-67.0681
-67.0638
-67.0595
-67.0551
-67.0508
-67.0465
-67.0421
-67.0378
-67.0334
-67.0291
-67.0247
-67.0204
-67.016
-67.0116
-67.0073
-67.0029
-66.9985
-66.9942
-66.9898
-66.9854
-66.981
-66.9766
-66.9722
-66.9678
-66.9634
-66.959
-66.9546
-66.9502
-66.9458
-66.9414
-66.937
-66.9326
-66.9281
-66.9237
-66.9193
-66.9148
-66.9104
-66.9059
-66.9015
-66.8971
-66.8926
-66.8881
-66.8837
-66.8792
-66.8747
-66.8703
-66.8658
-66.8613
-66.8568
-66.8523
-66.8479
-66.8434
-66.8389
-66.8344
-66.8299
-66.8253
-66.8208
-66.8163
-66.8118
-66.8073
-66.8027
-66.7982
-66.7937
-66.7891
-66.7846
-66.78
-66.7755
-66.7709
-66.7664
-66.7618
-66.7572
-66.7527
-66.7481
-66.7435
-66.7389
-66.7343
-66.7297
-66.7251
-66.7205
-66.7159
-66.7113
-66.7067
-66.7021
-66.6975
-66.6929
-66.6882
-66.6836
-66.6789
-66.6743
-66.6697
-66.665
-66.6603
-66.6557
-66.651
-66.6463
-66.6417
-66.637
-66.6323
-66.6276
-66.6229
-66.6182
-66.6135
-66.6088
-66.6041
-66.5994
-66.5947
-66.59
-66.5852
-66.5805
-66.5758
-66.571
-66.5663
-66.5615
-66.5568
-66.552
-66.5472
-66.5425
-66.5377
-66.5329
-66.5281
-66.5233
-66.5185
-66.5137
-66.5089
-66.5041
-66.4993
-66.4945
-66.4896
-66.4848
-66.48
-66.4751
-66.4703
-66.4654
-66.4606
-66.4557
-66.4508
-66.446
-66.4411
-66.4362
-66.4313
-66.4264
-66.4215
-66.4166
-66.4117
-66.4068
-66.4019
-66.3969
-66.392
-66.3871
-66.3821
-66.3772
-66.3722
-66.3673
-66.3623
-66.3573
-66.3524
-66.3474
-66.3424
-66.3374
-66.3324
-66.3274
-66.3224
-66.3174
-66.3123
-66.3073
-66.3023
-66.2972
-66.2922
-66.2871
-66.2821
-66.277
-66.272
-66.2669
-66.2618
-66.2567
-66.2516
-66.2465
-66.2414
-66.2363
-66.2312
-66.2261
-66.2209
-66.2158
-66.2106
-66.2055
-66.2003
-66.1952
-66.19
-66.1848
-66.1797
-66.1745
-66.1693
-66.1641
-66.1589
-66.1537
-66.1484
-66.1432
-66.138
-66.1327
-66.1275
-66.1222
-66.117
-66.1117
-66.1064
-66.1011
-66.0959
-66.0906
-66.0853
-66.0799
-66.0746
-66.0693
-66.064
-66.0586
-66.0533
-66.0479
-66.0426
-66.0372
-66.0318
-66.0265
-66.0211
-66.0157
-66.0103
-66.0049
-65.9994
-65.994
-65.9886
-65.9831
-65.9777
-65.9722
-65.9668
-65.9613
-65.9558
-65.9503
-65.9449
-65.9394
-65.9338
-65.9283
-65.9228
-65.9173
-65.9117
-65.9062
-65.9006
-65.8951
-65.8895
-65.8839
-65.8783
-65.8727
-65.8671
-65.8615
-65.8559
-65.8502
-65.8446
-65.839
-65.8333
-65.8276
-65.822
-65.8163
-65.8106
-65.8049
-65.7992
-65.7935
-65.7878
-65.782
-65.7763
-65.7705
-65.7648
-65.759
-65.7532
-65.7474
-65.7416
-65.7358
-65.73
-65.7242
-65.7184
-65.7125
-65.7067
-65.7008
-65.6949
-65.6891
-65.6832
-65.6773
-65.6714
-65.6655
-65.6595
-65.6536
-65.6476
-65.6417
-65.6357
-65.6297
-65.6238
-65.6178
-65.6118
-65.6057
-65.5997
-65.5937
-65.5876
-65.5816
-65.5755
-65.5694
-65.5634
-65.5573
-65.5512
-65.545
-65.5389
-65.5328
-65.5266
-65.5205
-65.5143
-65.5081
-65.5019
-65.4957
-65.4895
-65.4833
-65.477
-65.4708
-65.4645
-65.4583
-65.452
-65.4457
-65.4394
-65.4331
-65.4267
-65.4204
-65.4141
-65.4077
-65.4013
-65.3949
-65.3885
-65.3821
-65.3757
-65.3693
-65.3628
-65.3564
-65.3499
-65.3434
-65.337
-65.3304
-65.3239
-65.3174
-65.3109
-65.3043
-65.2977
-65.2912
-65.2846
-65.278
-65.2713
-65.2647
-65.2581
-65.2514
-65.2447
-65.2381
-65.2314
-65.2247
-65.2179
-65.2112
-65.2044
-65.1977
-65.1909
-65.1841
-65.1773
-65.1705
-65.1637
-65.1568
-65.1499
-65.1431
-65.1362
-65.1293
-65.1224
-65.1154
-65.1085
-65.1015
-65.0945
-65.0876
-65.0806
-65.0735
-65.0665
-65.0594
-65.0524
-65.0453
-65.0382
-65.0311
-65.024
-65.0168
-65.0097
-65.0025
-64.9953
-64.9881
-64.9809
-64.9736
-64.9664
-64.9591
-64.9518
-64.9445
-64.9372
-64.9299
-64.9225
-64.9151
-64.9078
-64.9004
-64.8929
-64.8855
-64.878
-64.8706
-64.8631
-64.8556
-64.848
-64.8405
-64.8329
-64.8254
-64.8178
-64.8102
-64.8025
-64.7949
-64.7872
-64.7795
-64.7718
-64.7641
-64.7563
-64.7486
-64.7408
-64.733
-64.7251
-64.7173
-64.7094
-64.7015
-64.6936
-64.6857
-64.6777
-64.6698
-64.6618
-64.6538
-64.6457
-64.6376
-64.6296
-64.6214
-64.6133
-64.6051
-64.5969
-64.5887
-64.5805
-64.5722
-64.5639
-64.5555
-64.5471
-64.5387
-64.5303
-64.5218
-64.5132
-64.5046
-64.496
-64.4873
-64.4785
-64.4697
-64.4608
-64.4518
-64.4427
-64.4336
-64.4243
-64.4149
-64.4054
-64.3958
-64.386
-64.376
-64.3659
-64.3555
-64.3449
-64.3341
-64.3229
-64.3112
-64.2991
-64.2865
-64.2732
-64.2593
-64.2446
-64.2291
-64.2127
-64.1953
-64.177
-64.1575
-64.1369
-64.115
-64.0916
-64.0666
-64.0397
-64.0101
-63.9769
-63.9383
-63.8931
-63.8404
-63.78
-63.7116
-63.6351
-63.5506
-63.458
-63.3572
-63.2481
-63.1304
-63.0036
-62.8669
-62.719
-62.5578
-62.3796
-62.1778
-61.9387
-61.6345
-61.2069
-60.6066
-59.8517
-59.0015
-58.0956
-57.1571
-56.1979
-55.223
-54.2326
-53.2222
-52.1828
-51.0996
-49.9499
-48.6984
-47.2886
-45.624
-43.5256
-40.6265
-36.1064
-28.2314
-13.9862
5.28218
21.6252
31.8278
37.9038
41.4095
43.2847
44.0863
44.1496
43.6899
42.8586
41.7706
40.5159
39.1637
37.7652
36.3567
34.9632
33.6025
32.2909
31.0561
29.9159
28.862
27.8399
26.8147
25.7764
24.726
23.6683
22.6087
21.5519
20.5014
19.4602
18.4302
17.4128
16.4091
15.4198
14.4452
13.4856
12.541
11.6115
10.6972
9.79799
8.91366
8.04356
7.18708
6.34373
5.51315
4.69508
3.88933
3.09578
2.31432
1.54489
0.787396
0.0417827
-0.692019
-1.41408
-2.12447
-2.82328
-3.51061
-4.18654
-4.8512
-5.5047
-6.1472
-6.77885
-7.39982
-8.0103
-8.61048
-9.20058
-9.78083
-10.3515
-10.9127
-11.4648
-12.0081
-12.5428
-13.0692
-13.5876
-14.0984
-14.6017
-15.0979
-15.5874
-16.0704
-16.5473
-17.0184
-17.4841
-17.9446
-18.4004
-18.8518
-19.299
-19.7426
-20.1829
-20.6201
-21.0548
-21.4873
-21.918
-22.3473
-22.7757
-23.2035
-23.6313
-24.0595
-24.4886
-24.9192
-25.3518
-25.7869
-26.2254
-26.6677
-27.1146
-27.5669
-28.0252
-28.4903
-28.9631
-29.4441
-29.9343
-30.4344
-30.945
-31.4671
-32.0014
-32.5486
-33.1095
-33.6853
-34.2771
-34.8869
-35.5174
-36.1714
-36.8521
-37.5621
-38.3032
-39.0759
-39.8797
-40.7127
-41.5727
-42.4565
-43.3613
-44.2849
-45.2253
-46.1803
-47.1475
-48.1245
-49.1091
-50.0986
-51.0906
-52.0823
-53.071
-54.0539
-55.0284
-55.9915
-56.9407
-57.8732
-58.7866
-59.6784
-60.5465
-61.3889
-62.2037
-62.9896
-63.7452
-64.4696
-65.1623
-65.8228
-66.4511
-67.0474
-67.6121
-68.1458
-68.6494
-69.1238
-69.5701
-69.9894
-70.3831
-70.7524
-71.0985
-71.4228
-71.7265
-72.0109
-72.2772
-72.5264
-72.7598
-72.9782
-73.1827
-73.3742
-73.5536
-73.7217
-73.8792
-74.0268
-74.1652
-74.295
-74.4168
-74.531
-74.6382
-74.7388
-74.8333
-74.9219
-75.0052
-75.0834
-75.1569
-75.2259
-75.2907
-75.3517
-75.409
-75.4629
-75.5136
-75.5612
-75.6061
-75.6482
-75.6879
-75.7253
-75.7604
-75.7935
-75.8246
-75.8539
-75.8815
-75.9075
-75.9319
-75.9549
-75.9766
-75.997
-76.0161
-76.0341
-76.0511
-76.067
-76.082
-76.0961
-76.1093
-76.1216
-76.1333
-76.1441
-76.1543
-76.1639
-76.1728
-76.1811
-76.1888
-76.1961
-76.2028
-76.209
-76.2148
-76.2201
-76.2251
-76.2296
-76.2337
-76.2375
-76.241
-76.2441
-76.2469
-76.2495
-76.2517
-76.2537
-76.2554
-76.2568
-76.2581
-76.2591
-76.2599
-76.2604
-76.2608
-76.261
-76.261
-76.2609
-76.2606
-76.2601
-76.2595
-76.2587
-76.2578
-76.2567
-76.2556
-76.2543
-76.2529
-76.2513
-76.2497
-76.248
-76.2461
-76.2442
-76.2422
-76.2401
-76.2379
-76.2356
-76.2333
-76.2309
-76.2284
-76.2258
-76.2232
-76.2205
-76.2178
-76.215
-76.2122
-76.2092
-76.2063
-76.2033
-76.2002
-76.1971
-76.194
-76.1908
-76.1876
-76.1843
-76.1811
-76.1777
-76.1744
-76.171
-76.1676
-76.1641
-76.1606
-76.1571
-76.1536
-76.15
-76.1465
-76.1429
-76.1393
-76.1356
-76.132
-76.1283
-76.1246
-76.1209
-76.1172
-76.1134
-76.1097
-76.1059
-76.1021
-76.0983
-76.0945
-76.0907
-76.0869
-76.083
-76.0792
-76.0753
-76.0715
-76.0676
-76.0637
-76.0599
-76.056
-76.0521
-76.0482
-76.0443
-76.0403
-76.0364
-76.0325
-76.0286
-76.0246
-76.0207
-76.0168
-76.0128
-76.0089
-76.0049
-76.001
-75.997
-75.9931
-75.9891
-75.9852
-75.9812
-75.9772
-75.9733
-75.9693
-75.9654
-75.9614
-75.9574
-75.9535
-75.9495
-75.9455
-75.9416
-75.9376
-75.9337
-75.9297
-75.9257
-75.9218
-75.9178
-75.9138
-75.9099
-75.9059
-75.902
-75.898
-75.894
-75.8901
-75.8861
-75.8822
-75.8782
-75.8742
-75.8703
-75.8663
-75.8624
-75.8584
-75.8545
-75.8505
-75.8466
-75.8426
-75.8387
-75.8347
-75.8308
-75.8268
-75.8229
-75.8189
-75.815
-75.8111
-75.8071
-75.8032
-75.7992
-75.7953
-75.7914
-75.7874
-75.7835
-75.7795
-75.7756
-75.7717
-75.7677
-75.7638
-75.7598
-75.7559
-75.752
-75.748
-75.7441
-75.7402
-75.7362
-75.7323
-75.7284
-75.7244
-75.7205
-75.7166
-75.7126
-75.7087
-75.7048
-75.7008
-75.6969
-75.6929
-75.689
-75.6851
-75.6811
-75.6772
-75.6733
-75.6693
-75.6654
-75.6614
-75.6575
-75.6536
-75.6496
-75.6457
-75.6417
-75.6378
-75.6338
-75.6299
-75.6259
-75.622
-75.618
-75.6141
-75.6101
-75.6062
-75.6022
-75.5983
-75.5943
-75.5903
-75.5864
-75.5824
-75.5784
-75.5745
-75.5705
-75.5665
-75.5626
-75.5586
-75.5546
-75.5506
-75.5467
-75.5427
-75.5387
-75.5347
-75.5307
-75.5267
-75.5228
-75.5188
-75.5148
-75.5108
-75.5068
-75.5028
-75.4988
-75.4948
-75.4907
-75.4867
-75.4827
-75.4787
-75.4747
-75.4707
-75.4666
-75.4626
-75.4586
-75.4546
-75.4505
-75.4465
-75.4424
-75.4384
-75.4344
-75.4303
-75.4263
-75.4222
-75.4181
-75.4141
-75.41
-75.406
-75.4019
-75.3978
-75.3937
-75.3897
-75.3856
-75.3815
-75.3774
-75.3733
-75.3692
-75.3651
-75.361
-75.3569
-75.3528
-75.3487
-75.3446
-75.3405
-75.3364
-75.3323
-75.3281
-75.324
-75.3199
-75.3157
-75.3116
-75.3074
-75.3033
-75.2991
-75.295
-75.2908
-75.2867
-75.2825
-75.2783
-75.2742
-75.27
-75.2658
-75.2616
-75.2575
-75.2533
-75.2491
-75.2449
-75.2407
-75.2365
-75.2323
-75.2281
-75.2238
-75.2196
-75.2154
-75.2112
-75.2069
-75.2027
-75.1985
-75.1942
-75.19
-75.1857
-75.1815
-75.1772
-75.173
-75.1687
-75.1644
-75.1602
-75.1559
-75.1516
-75.1473
-75.143
-75.1387
-75.1344
-75.1301
-75.1258
-75.1215
-75.1172
-75.1129
-75.1086
-75.1043
-75.0999
-75.0956
-75.0913
-75.0869
-75.0826
-75.0783
-75.0739
-75.0695
-75.0652
-75.0608
-75.0565
-75.0521
-75.0477
-75.0433
-75.039
-75.0346
-75.0302
-75.0258
-75.0214
-75.017
-75.0126
-75.0082
-75.0038
-74.9993
-74.9949
-74.9905
-74.9861
-74.9816
-74.9772
-74.9728
-74.9683
-74.9639
-74.9594
-74.955
-74.9505
-74.946
-74.9416
-74.9371
-74.9326
-74.9281
-74.9236
-74.9192
-74.9147
-74.9102
-74.9057
-74.9012
-74.8967
-74.8921
-74.8876
-74.8831
-74.8786
-74.8741
-74.8695
-74.865
-74.8605
-74.8559
-74.8514
-74.8468
-74.8423
-74.8377
-74.8331
-74.8286
-74.824
-74.8194
-74.8148
-74.8103
-74.8057
-74.8011
-74.7965
-74.7919
-74.7873
-74.7827
-74.7781
-74.7735
-74.7689
-74.7642
-74.7596
-74.755
-74.7504
-74.7457
-74.7411
-74.7364
-74.7318
-74.7271
-74.7225
-74.7178
-74.7132
-74.7085
-74.7038
-74.6992
-74.6945
-74.6898
-74.6851
-74.6804
-74.6757
-74.6711
-74.6664
-74.6617
-74.6569
-74.6522
-74.6475
-74.6428
-74.6381
-74.6334
-74.6286
-74.6239
-74.6192
-74.6144
-74.6097
-74.605
-74.6002
-74.5955
-74.5907
-74.5859
-74.5812
-74.5764
-74.5717
-74.5669
-74.5621
-74.5573
-74.5525
-74.5478
-74.543
-74.5382
-74.5334
-74.5286
-74.5238
-74.519
-74.5142
-74.5094
-74.5045
-74.4997
-74.4949
-74.4901
-74.4852
-74.4804
-74.4756
-74.4707
-74.4659
-74.4611
-74.4562
-74.4514
-74.4465
-74.4416
-74.4368
-74.4319
-74.4271
-74.4222
-74.4173
-74.4124
-74.4076
-74.4027
-74.3978
-74.3929
-74.388
-74.3831
-74.3782
-74.3733
-74.3684
-74.3635
-74.3586
-74.3537
-74.3488
-74.3439
-74.3389
-74.334
-74.3291
-74.3242
-74.3192
-74.3143
-74.3093
-74.3044
-74.2995
-74.2945
-74.2896
-74.2846
-74.2797
-74.2747
-74.2697
-74.2648
-74.2598
-74.2548
-74.2499
-74.2449
-74.2399
-74.2349
-74.23
-74.225
-74.22
-74.215
-74.21
-74.205
-74.2
-74.195
-74.19
-74.185
-74.18
-74.175
-74.17
-74.165
-74.1599
-74.1549
-74.1499
-74.1449
-74.1398
-74.1348
-74.1298
-74.1247
-74.1197
-74.1147
-74.1096
-74.1046
-74.0995
-74.0945
-74.0894
-74.0844
-74.0793
-74.0743
-74.0692
-74.0642
-74.0591
-74.054
-74.049
-74.0439
-74.0388
-74.0337
-74.0287
-74.0236
-74.0185
-74.0134
-74.0083
-74.0032
-73.9982
-73.9931
-73.988
-73.9829
-73.9778
-73.9727
-73.9676
-73.9625
-73.9574
-73.9523
-73.9472
-73.942
-73.9369
-73.9318
-73.9267
-73.9216
-73.9165
-73.9113
-73.9062
-73.9011
-73.896
-73.8908
-73.8857
-73.8806
-73.8754
-73.8703
-73.8652
-73.86
-73.8549
-73.8497
-73.8446
-73.8394
-73.8343
-73.8291
-73.824
-73.8188
-73.8137
-73.8085
-73.8034
-73.7982
-73.7931
-73.7879
-73.7827
-73.7776
-73.7724
-73.7672
-73.7621
-73.7569
-73.7517
-73.7465
-73.7414
-73.7362
-73.731
-73.7258
-73.7207
-73.7155
-73.7103
-73.7051
-73.6999
-73.6947
-73.6895
-73.6844
-73.6792
-73.674
-73.6688
-73.6636
-73.6584
-73.6532
-73.648
-73.6428
-73.6376
-73.6324
-73.6272
-73.622
-73.6168
-73.6116
-73.6064
-73.6012
-73.596
-73.5908
-73.5855
-73.5803
-73.5751
-73.5699
-73.5647
-73.5595
-73.5543
-73.5491
-73.5438
-73.5386
-73.5334
-73.5282
-73.523
-73.5177
-73.5125
-73.5073
-73.5021
-73.4968
-73.4916
-73.4864
-73.4812
-73.4759
-73.4707
-73.4655
-73.4603
-73.455
-73.4498
-73.4446
-73.4393
-73.4341
-73.4289
-73.4236
-73.4184
-73.4132
-73.4079
-73.4027
-73.3975
-73.3922
-73.387
-73.3817
-73.3765
-73.3713
-73.366
-73.3608
-73.3556
-73.3503
-73.3451
-73.3398
-73.3346
-73.3294
-73.3241
-73.3189
-73.3136
-73.3084
-73.3031
-73.2979
-73.2927
-73.2874
-73.2822
-73.2769
-73.2717
-73.2664
-73.2612
-73.256
-73.2507
-73.2455
-73.2402
-73.235
-73.2297
-73.2245
-73.2192
-73.214
-73.2088
-73.2035
-73.1983
-73.193
-73.1878
-73.1825
-73.1773
-73.172
-73.1668
-73.1616
-73.1563
-73.1511
-73.1458
-73.1406
-73.1353
-73.1301
-73.1248
-73.1196
-73.1144
-73.1091
-73.1039
-73.0986
-73.0934
-73.0881
-73.0829
-73.0777
-73.0724
-73.0672
-73.0619
-73.0567
-73.0515
-73.0462
-73.041
-73.0357
-73.0305
-73.0253
-73.02
-73.0148
-73.0096
-73.0043
-72.9991
-72.9938
-72.9886
-72.9834
-72.9781
-72.9729
-72.9677
-72.9624
-72.9572
-72.952
-72.9467
-72.9415
-72.9363
-72.9311
-72.9258
-72.9206
-72.9154
-72.9101
-72.9049
-72.8997
-72.8945
-72.8892
-72.884
-72.8788
-72.8736
-72.8684
-72.8631
-72.8579
-72.8527
-72.8475
-72.8423
-72.8371
-72.8318
-72.8266
-72.8214
-72.8162
-72.811
-72.8058
-72.8006
-72.7954
-72.7901
-72.7849
-72.7797
-72.7745
-72.7693
-72.7641
-72.7589
-72.7537
-72.7485
-72.7433
-72.7381
-72.7329
-72.7277
-72.7225
-72.7173
-72.7121
-72.7069
-72.7017
-72.6966
-72.6914
-72.6862
-72.681
-72.6758
-72.6706
-72.6654
-72.6603
-72.6551
-72.6499
-72.6447
-72.6395
-72.6344
-72.6292
-72.624
-72.6188
-72.6137
-72.6085
-72.6033
-72.5982
-72.593
-72.5878
-72.5827
-72.5775
-72.5723
-72.5672
-72.562
-72.5569
-72.5517
-72.5466
-72.5414
-72.5363
-72.5311
-72.526
-72.5208
-72.5157
-72.5105
-72.5054
-72.5002
-72.4951
-72.49
-72.4848
-72.4797
-72.4746
-72.4694
-72.4643
-72.4592
-72.454
-72.4489
-72.4438
-72.4387
-72.4335
-72.4284
-72.4233
-72.4182
-72.4131
-72.408
-72.4029
-72.3977
-72.3926
-72.3875
-72.3824
-72.3773
-72.3722
-72.3671
-72.362
-72.3569
-72.3518
-72.3467
-72.3417
-72.3366
-72.3315
-72.3264
-72.3213
-72.3162
-72.3111
-72.3061
-72.301
-72.2959
-72.2908
-72.2858
-72.2807
-72.2756
-72.2706
-72.2655
-72.2604
-72.2554
-72.2503
-72.2453
-72.2402
-72.2352
-72.2301
-72.2251
-72.22
-72.215
-72.2099
-72.2049
-72.1999
-72.1948
-72.1898
-72.1848
-72.1797
-72.1747
-72.1697
-72.1647
-72.1596
-72.1546
-72.1496
-72.1446
-72.1396
-72.1345
-72.1295
-72.1245
-72.1195
-72.1145
-72.1095
-72.1045
-72.0995
-72.0945
-72.0895
-72.0845
-72.0796
-72.0746
-72.0696
-72.0646
-72.0596
-72.0546
-72.0497
-72.0447
-72.0397
-72.0348
-72.0298
-72.0248
-72.0199
-72.0149
-72.01
-72.005
-72
-71.9951
-71.9901
-71.9852
-71.9803
-71.9753
-71.9704
-71.9654
-71.9605
-71.9556
-71.9506
-71.9457
-71.9408
-71.9359
-71.9309
-71.926
-71.9211
-71.9162
-71.9113
-71.9064
-71.9015
-71.8966
-71.8917
-71.8868
-71.8819
-71.877
-71.8721
-71.8672
-71.8623
-71.8574
-71.8525
-71.8477
-71.8428
-71.8379
-71.833
-71.8282
-71.8233
-71.8184
-71.8136
-71.8087
-71.8039
-71.799
-71.7942
-71.7893
-71.7845
-71.7796
-71.7748
-71.7699
-71.7651
-71.7603
-71.7554
-71.7506
-71.7458
-71.741
-71.7361
-71.7313
-71.7265
-71.7217
-71.7169
-71.7121
-71.7073
-71.7025
-71.6977
-71.6929
-71.6881
-71.6833
-71.6785
-71.6737
-71.6689
-71.6641
-71.6594
-71.6546
-71.6498
-71.645
-71.6403
-71.6355
-71.6307
-71.626
-71.6212
-71.6165
-71.6117
-71.607
-71.6022
-71.5975
-71.5927
-71.588
-71.5833
-71.5785
-71.5738
-71.5691
-71.5644
-71.5596
-71.5549
-71.5502
-71.5455
-71.5408
-71.5361
-71.5314
-71.5267
-71.522
-71.5173
-71.5126
-71.5079
-71.5032
-71.4985
-71.4938
-71.4892
-71.4845
-71.4798
-71.4751
-71.4705
-71.4658
-71.4611
-71.4565
-71.4518
-71.4472
-71.4425
-71.4379
-71.4332
-71.4286
-71.4239
-71.4193
-71.4147
-71.41
-71.4054
-71.4008
-71.3962
-71.3915
-71.3869
-71.3823
-71.3777
-71.3731
-71.3685
-71.3639
-71.3593
-71.3547
-71.3501
-71.3455
-71.3409
-71.3363
-71.3318
-71.3272
-71.3226
-71.318
-71.3135
-71.3089
-71.3043
-71.2998
-71.2952
-71.2907
-71.2861
-71.2816
-71.277
-71.2725
-71.2679
-71.2634
-71.2589
-71.2543
-71.2498
-71.2453
-71.2408
-71.2363
-71.2317
-71.2272
-71.2227
-71.2182
-71.2137
-71.2092
-71.2047
-71.2002
-71.1957
-71.1912
-71.1867
-71.1823
-71.1778
-71.1733
-71.1688
-71.1644
-71.1599
-71.1554
-71.151
-71.1465
-71.1421
-71.1376
-71.1332
-71.1287
-71.1243
-71.1198
-71.1154
-71.111
-71.1065
-71.1021
-71.0977
-71.0933
-71.0888
-71.0844
-71.08
-71.0756
-71.0712
-71.0668
-71.0624
-71.058
-71.0536
-71.0492
-71.0448
-71.0405
-71.0361
-71.0317
-71.0273
-71.0229
-71.0186
-71.0142
-71.0099
-71.0055
-71.0011
-70.9968
-70.9924
-70.9881
-70.9837
-70.9794
-70.9751
-70.9707
-70.9664
-70.9621
-70.9577
-70.9534
-70.9491
-70.9448
-70.9405
-70.9362
-70.9319
-70.9276
-70.9233
-70.919
-70.9147
-70.9104
-70.9061
-70.9018
-70.8975
-70.8933
-70.889
-70.8847
-70.8804
-70.8762
-70.8719
-70.8677
-70.8634
-70.8591
-70.8549
-70.8506
-70.8464
-70.8422
-70.8379
-70.8337
-70.8295
-70.8252
-70.821
-70.8168
-70.8126
-70.8084
-70.8041
-70.7999
-70.7957
-70.7915
-70.7873
-70.7831
-70.7789
-70.7748
-70.7706
-70.7664
-70.7622
-70.758
-70.7539
-70.7497
-70.7455
-70.7413
-70.7372
-70.733
-70.7289
-70.7247
-70.7206
-70.7164
-70.7123
-70.7081
-70.704
-70.6999
-70.6957
-70.6916
-70.6875
-70.6834
-70.6793
-70.6751
-70.671
-70.6669
-70.6628
-70.6587
-70.6546
-70.6505
-70.6464
-70.6424
-70.6383
-70.6342
-70.6301
-70.626
-70.622
-70.6179
-70.6138
-70.6098
-70.6057
-70.6016
-70.5976
-70.5935
-70.5895
-70.5854
-70.5814
-70.5774
-70.5733
-70.5693
-70.5653
-70.5612
-70.5572
-70.5532
-70.5492
-70.5452
-70.5412
-70.5372
-70.5332
-70.5292
-70.5252
-70.5212
-70.5172
-70.5132
-70.5092
-70.5052
-70.5012
-70.4973
-70.4933
-70.4893
-70.4854
-70.4814
-70.4774
-70.4735
-70.4695
-70.4656
-70.4616
-70.4577
-70.4537
-70.4498
-70.4459
-70.4419
-70.438
-70.4341
-70.4302
-70.4262
-70.4223
-70.4184
-70.4145
-70.4106
-70.4067
-70.4028
-70.3989
-70.395
-70.3911
-70.3872
-70.3833
-70.3795
-70.3756
-70.3717
-70.3678
-70.364
-70.3601
-70.3562
-70.3524
-70.3485
-70.3447
-70.3408
-70.337
-70.3331
-70.3293
-70.3255
-70.3216
-70.3178
-70.314
-70.3101
-70.3063
-70.3025
-70.2987
-70.2949
-70.2911
-70.2872
-70.2834
-70.2796
-70.2758
-70.272
-70.2683
-70.2645
-70.2607
-70.2569
-70.2531
-70.2493
-70.2456
-70.2418
-70.238
-70.2343
-70.2305
-70.2268
-70.223
-70.2192
-70.2155
-70.2117
-70.208
-70.2043
-70.2005
-70.1968
-70.1931
-70.1893
-70.1856
-70.1819
-70.1782
-70.1745
-70.1707
-70.167
-70.1633
-70.1596
-70.1559
-70.1522
-70.1485
-70.1448
-70.1412
-70.1375
-70.1338
-70.1301
-70.1264
-70.1228
-70.1191
-70.1154
-70.1118
-70.1081
-70.1044
-70.1008
-70.0971
-70.0935
-70.0898
-70.0862
-70.0825
-70.0789
-70.0753
-70.0716
-70.068
-70.0644
-70.0608
-70.0571
-70.0535
-70.0499
-70.0463
-70.0427
-70.0391
-70.0355
-70.0319
-70.0283
-70.0247
-70.0211
-70.0175
-70.0139
-70.0104
-70.0068
-70.0032
-69.9996
-69.9961
-69.9925
-69.9889
-69.9854
-69.9818
-69.9783
-69.9747
-69.9712
-69.9676
-69.9641
-69.9605
-69.957
-69.9535
-69.9499
-69.9464
-69.9429
-69.9393
-69.9358
-69.9323
-69.9288
-69.9253
-69.9218
-69.9183
-69.9148
-69.9113
-69.9078
-69.9043
-69.9008
-69.8973
-69.8938
-69.8903
-69.8868
-69.8834
-69.8799
-69.8764
-69.873
-69.8695
-69.866
-69.8626
-69.8591
-69.8557
-69.8522
-69.8488
-69.8453
-69.8419
-69.8384
-69.835
-69.8316
-69.8281
-69.8247
-69.8213
-69.8178
-69.8144
-69.811
-69.8076
-69.8042
-69.8008
-69.7974
-69.794
-69.7905
-69.7872
-69.7838
-69.7804
-69.777
-69.7736
-69.7702
-69.7668
-69.7634
-69.7601
-69.7567
-69.7533
-69.7499
-69.7466
-69.7432
-69.7399
-69.7365
-69.7331
-69.7298
-69.7264
-69.7231
-69.7198
-69.7164
-69.7131
-69.7097
-69.7064
-69.7031
-69.6997
-69.6964
-69.6931
-69.6898
-69.6865
-69.6831
-69.6798
-69.6765
-69.6732
-69.6699
-69.6666
-69.6633
-69.66
-69.6567
-69.6534
-69.6502
-69.6469
-69.6436
-69.6403
-69.637
-69.6338
-69.6305
-69.6272
-69.6239
-69.6207
-69.6174
-69.6142
-69.6109
-69.6076
-69.6044
-69.6012
-69.5979
-69.5947
-69.5914
-69.5882
-69.5849
-69.5817
-69.5785
-69.5753
-69.572
-69.5688
-69.5656
-69.5624
-69.5592
-69.5559
-69.5527
-69.5495
-69.5463
-69.5431
-69.5399
-69.5367
-69.5335
-69.5303
-69.5271
-69.524
-69.5208
-69.5176
-69.5144
-69.5112
-69.5081
-69.5049
-69.5017
-69.4986
-69.4954
-69.4922
-69.4891
-69.4859
-69.4828
-69.4796
-69.4765
-69.4733
-69.4702
-69.467
-69.4639
-69.4607
-69.4576
-69.4545
-69.4513
-69.4482
-69.4451
-69.442
-69.4389
-69.4357
-69.4326
-69.4295
-69.4264
-69.4233
-69.4202
-69.4171
-69.414
-69.4109
-69.4078
-69.4047
-69.4016
-69.3985
-69.3954
-69.3923
-69.3893
-69.3862
-69.3831
-69.38
-69.377
-69.3739
-69.3708
-69.3678
-69.3647
-69.3616
-69.3586
-69.3555
-69.3525
-69.3494
-69.3464
-69.3433
-69.3403
-69.3372
-69.3342
-69.3312
-69.3281
-69.3251
-69.3221
-69.319
-69.316
-69.313
-69.31
-69.3069
-69.3039
-69.3009
-69.2979
-69.2949
-69.2919
-69.2889
-69.2859
-69.2829
-69.2799
-69.2769
-69.2739
-69.2709
-69.2679
-69.2649
-69.2619
-69.259
-69.256
-69.253
-69.25
-69.247
-69.2441
-69.2411
-69.2381
-69.2352
-69.2322
-69.2292
-69.2263
-69.2233
-69.2204
-69.2174
-69.2145
-69.2115
-69.2086
-69.2056
-69.2027
-69.1998
-69.1968
-69.1939
-69.191
-69.188
-69.1851
-69.1822
-69.1792
-69.1763
-69.1734
-69.1705
-69.1676
-69.1647
-69.1617
-69.1588
-69.1559
-69.153
-69.1501
-69.1472
-69.1443
-69.1414
-69.1385
-69.1356
-69.1327
-69.1299
-69.127
-69.1241
-69.1212
-69.1183
-69.1155
-69.1126
-69.1097
-69.1068
-69.104
-69.1011
-69.0982
-69.0954
-69.0925
-69.0896
-69.0868
-69.0839
-69.0811
-69.0782
-69.0754
-69.0725
-69.0697
-69.0668
-69.064
-69.0612
-69.0583
-69.0555
-69.0526
-69.0498
-69.047
-69.0442
-69.0413
-69.0385
-69.0357
-69.0329
-69.03
-69.0272
-69.0244
-69.0216
-69.0188
-69.016
-69.0132
-69.0104
-69.0076
-69.0048
-69.002
-68.9992
-68.9964
-68.9936
-68.9908
-68.988
-68.9852
-68.9824
-68.9796
-68.9769
-68.9741
-68.9713
-68.9685
-68.9658
-68.963
-68.9602
-68.9574
-68.9547
-68.9519
-68.9491
-68.9464
-68.9436
-68.9409
-68.9381
-68.9354
-68.9326
-68.9299
-68.9271
-68.9244
-68.9216
-68.9189
-68.9161
-68.9134
-68.9107
-68.9079
-68.9052
-68.9024
-68.8997
-68.897
-68.8943
-68.8915
-68.8888
-68.8861
-68.8834
-68.8806
-68.8779
-68.8752
-68.8725
-68.8698
-68.8671
-68.8644
-68.8617
-68.859
-68.8563
-68.8536
-68.8509
-68.8482
-68.8455
-68.8428
-68.8401
-68.8374
-68.8347
-68.832
-68.8293
-68.8266
-68.824
-68.8213
-68.8186
-68.8159
-68.8132
-68.8106
-68.8079
-68.8052
-68.8026
-68.7999
-68.7972
-68.7946
-68.7919
-68.7892
-68.7866
-68.7839
-68.7813
-68.7786
-68.7759
-68.7733
-68.7706
-68.768
-68.7653
-68.7627
-68.7601
-68.7574
-68.7548
-68.7521
-68.7495
-68.7469
-68.7442
-68.7416
-68.739
-68.7363
-68.7337
-68.7311
-68.7285
-68.7258
-68.7232
-68.7206
-68.718
-68.7154
-68.7127
-68.7101
-68.7075
-68.7049
-68.7023
-68.6997
-68.6971
-68.6945
-68.6919
-68.6893
-68.6867
-68.6841
-68.6815
-68.6789
-68.6763
-68.6737
-68.6711
-68.6685
-68.6659
-68.6633
-68.6607
-68.6581
-68.6556
-68.653
-68.6504
-68.6478
-68.6452
-68.6427
-68.6401
-68.6375
-68.6349
-68.6324
-68.6298
-68.6272
-68.6247
-68.6221
-68.6195
-68.617
-68.6144
-68.6119
-68.6093
-68.6067
-68.6042
-68.6016
-68.5991
-68.5965
-68.594
-68.5914
-68.5889
-68.5863
-68.5838
-68.5812
-68.5787
-68.5762
-68.5736
-68.5711
-68.5685
-68.566
-68.5635
-68.5609
-68.5584
-68.5559
-68.5534
-68.5508
-68.5483
-68.5458
-68.5433
-68.5407
-68.5382
-68.5357
-68.5332
-68.5307
-68.5281
-68.5256
-68.5231
-68.5206
-68.5181
-68.5156
-68.5131
-68.5106
-68.508
-68.5055
-68.503
-68.5005
-68.498
-68.4955
-68.493
-68.4905
-68.488
-68.4855
-68.4831
-68.4806
-68.4781
-68.4756
-68.4731
-68.4706
-68.4681
-68.4656
-68.4631
-68.4607
-68.4582
-68.4557
-68.4532
-68.4507
-68.4483
-68.4458
-68.4433
-68.4408
-68.4384
-68.4359
-68.4334
-68.4309
-68.4285
-68.426
-68.4235
-68.4211
-68.4186
-68.4161
-68.4137
-68.4112
-68.4088
-68.4063
-68.4038
-68.4014
-68.3989
-68.3965
-68.394
-68.3916
-68.3891
-68.3867
-68.3842
-68.3818
-68.3793
-68.3769
-68.3744
-68.372
-68.3695
-68.3671
-68.3647
-68.3622
-68.3598
-68.3573
-68.3549
-68.3525
-68.35
-68.3476
-68.3452
-68.3427
-68.3403
-68.3379
-68.3354
-68.333
-68.3306
-68.3282
-68.3257
-68.3233
-68.3209
-68.3185
-68.3161
-68.3136
-68.3112
-68.3088
-68.3064
-68.304
-68.3015
-68.2991
-68.2967
-68.2943
-68.2919
-68.2895
-68.2871
-68.2847
-68.2823
-68.2798
-68.2774
-68.275
-68.2726
-68.2702
-68.2678
-68.2654
-68.263
-68.2606
-68.2582
-68.2558
-68.2534
-68.251
-68.2486
-68.2462
-68.2438
-68.2414
-68.2391
-68.2367
-68.2343
-68.2319
-68.2295
-68.2271
-68.2247
-68.2223
-68.2199
-68.2176
-68.2152
-68.2128
-68.2104
-68.208
-68.2056
-68.2033
-68.2009
-68.1985
-68.1961
-68.1938
-68.1914
-68.189
-68.1866
-68.1843
-68.1819
-68.1795
-68.1771
-68.1748
-68.1724
-68.17
-68.1677
-68.1653
-68.1629
-68.1606
-68.1582
-68.1558
-68.1535
-68.1511
-68.1487
-68.1464
-68.144
-68.1417
-68.1393
-68.1369
-68.1346
-68.1322
-68.1299
-68.1275
-68.1252
-68.1228
-68.1205
-68.1181
-68.1157
-68.1134
-68.111
-68.1087
-68.1063
-68.104
-68.1016
-68.0993
-68.097
-68.0946
-68.0923
-68.0899
-68.0876
-68.0852
-68.0829
-68.0805
-68.0782
-68.0759
-68.0735
-68.0712
-68.0688
-68.0665
-68.0642
-68.0618
-68.0595
-68.0571
-68.0548
-68.0525
-68.0501
-68.0478
-68.0455
-68.0431
-68.0408
-68.0385
-68.0361
-68.0338
-68.0315
-68.0292
-68.0268
-68.0245
-68.0222
-68.0198
-68.0175
-68.0152
-68.0129
-68.0105
-68.0082
-68.0059
-68.0036
-68.0013
-67.9989
-67.9966
-67.9943
-67.992
-67.9896
-67.9873
-67.985
-67.9827
-67.9804
-67.9781
-67.9757
-67.9734
-67.9711
-67.9688
-67.9665
-67.9642
-67.9618
-67.9595
-67.9572
-67.9549
-67.9526
-67.9503
-67.948
-67.9457
-67.9434
-67.941
-67.9387
-67.9364
-67.9341
-67.9318
-67.9295
-67.9272
-67.9249
-67.9226
-67.9203
-67.918
-67.9157
-67.9134
-67.9111
-67.9088
-67.9064
-67.9041
-67.9018
-67.8995
-67.8972
-67.8949
-67.8926
-67.8903
-67.888
-67.8857
-67.8834
-67.8811
-67.8788
-67.8765
-67.8742
-67.8719
-67.8696
-67.8674
-67.8651
-67.8628
-67.8605
-67.8582
-67.8559
-67.8536
-67.8513
-67.849
-67.8467
-67.8444
-67.8421
-67.8398
-67.8375
-67.8352
-67.8329
-67.8306
-67.8284
-67.8261
-67.8238
-67.8215
-67.8192
-67.8169
-67.8146
-67.8123
-67.81
-67.8078
-67.8055
-67.8032
-67.8009
-67.7986
-67.7963
-67.794
-67.7917
-67.7895
-67.7872
-67.7849
-67.7826
-67.7803
-67.778
-67.7757
-67.7735
-67.7712
-67.7689
-67.7666
-67.7643
-67.762
-67.7598
-67.7575
-67.7552
-67.7529
-67.7506
-67.7483
-67.7461
-67.7438
-67.7415
-67.7392
-67.7369
-67.7347
-67.7324
-67.7301
-67.7278
-67.7255
-67.7232
-67.721
-67.7187
-67.7164
-67.7141
-67.7119
-67.7096
-67.7073
-67.705
-67.7027
-67.7005
-67.6982
-67.6959
-67.6936
-67.6913
-67.6891
-67.6868
-67.6845
-67.6822
-67.68
-67.6777
-67.6754
-67.6731
-67.6708
-67.6686
-67.6663
-67.664
-67.6617
-67.6595
-67.6572
-67.6549
-67.6526
-67.6504
-67.6481
-67.6458
-67.6435
-67.6413
-67.639
-67.6367
-67.6344
-67.6322
-67.6299
-67.6276
-67.6253
-67.6231
-67.6208
-67.6185
-67.6162
-67.614
-67.6117
-67.6094
-67.6071
-67.6049
-67.6026
-67.6003
-67.598
-67.5958
-67.5935
-67.5912
-67.5889
-67.5867
-67.5844
-67.5821
-67.5798
-67.5776
-67.5753
-67.573
-67.5707
-67.5685
-67.5662
-67.5639
-67.5616
-67.5594
-67.5571
-67.5548
-67.5525
-67.5503
-67.548
-67.5457
-67.5434
-67.5412
-67.5389
-67.5366
-67.5343
-67.5321
-67.5298
-67.5275
-67.5252
-67.523
-67.5207
-67.5184
-67.5161
-67.5138
-67.5116
-67.5093
-67.507
-67.5047
-67.5025
-67.5002
-67.4979
-67.4956
-67.4934
-67.4911
-67.4888
-67.4865
-67.4843
-67.482
-67.4797
-67.4774
-67.4751
-67.4729
-67.4706
-67.4683
-67.466
-67.4637
-67.4615
-67.4592
-67.4569
-67.4546
-67.4524
-67.4501
-67.4478
-67.4455
-67.4432
-67.441
-67.4387
-67.4364
-67.4341
-67.4318
-67.4296
-67.4273
-67.425
-67.4227
-67.4204
-67.4181
-67.4159
-67.4136
-67.4113
-67.409
-67.4067
-67.4044
-67.4022
-67.3999
-67.3976
-67.3953
-67.393
-67.3907
-67.3885
-67.3862
-67.3839
-67.3816
-67.3793
-67.377
-67.3747
-67.3725
-67.3702
-67.3679
-67.3656
-67.3633
-67.361
-67.3587
-67.3564
-67.3542
-67.3519
-67.3496
-67.3473
-67.345
-67.3427
-67.3404
-67.3381
-67.3358
-67.3336
-67.3313
-67.329
-67.3267
-67.3244
-67.3221
-67.3198
-67.3175
-67.3152
-67.3129
-67.3106
-67.3083
-67.306
-67.3037
-67.3015
-67.2992
-67.2969
-67.2946
-67.2923
-67.29
-67.2877
-67.2854
-67.2831
-67.2808
-67.2785
-67.2762
-67.2739
-67.2716
-67.2693
-67.267
-67.2647
-67.2624
-67.2601
-67.2578
-67.2555
-67.2532
-67.2509
-67.2486
-67.2463
-67.244
-67.2417
-67.2394
-67.2371
-67.2347
-67.2324
-67.2301
-67.2278
-67.2255
-67.2232
-67.2209
-67.2186
-67.2163
-67.214
-67.2117
-67.2094
-67.2071
-67.2047
-67.2024
-67.2001
-67.1978
-67.1955
-67.1932
-67.1909
-67.1886
-67.1862
-67.1839
-67.1816
-67.1793
-67.177
-67.1747
-67.1723
-67.17
-67.1677
-67.1654
-67.1631
-67.1608
-67.1584
-67.1561
-67.1538
-67.1515
-67.1492
-67.1468
-67.1445
-67.1422
-67.1399
-67.1375
-67.1352
-67.1329
-67.1306
-67.1282
-67.1259
-67.1236
-67.1213
-67.1189
-67.1166
-67.1143
-67.1119
-67.1096
-67.1073
-67.1049
-67.1026
-67.1003
-67.098
-67.0956
-67.0933
-67.091
-67.0886
-67.0863
-67.0839
-67.0816
-67.0793
-67.0769
-67.0746
-67.0723
-67.0699
-67.0676
-67.0652
-67.0629
-67.0606
-67.0582
-67.0559
-67.0535
-67.0512
-67.0488
-67.0465
-67.0441
-67.0418
-67.0395
-67.0371
-67.0348
-67.0324
-67.0301
-67.0277
-67.0254
-67.023
-67.0207
-67.0183
-67.016
-67.0136
-67.0112
-67.0089
-67.0065
-67.0042
-67.0018
-66.9995
-66.9971
-66.9947
-66.9924
-66.99
-66.9877
-66.9853
-66.9829
-66.9806
-66.9782
-66.9759
-66.9735
-66.9711
-66.9688
-66.9664
-66.964
-66.9617
-66.9593
-66.9569
-66.9545
-66.9522
-66.9498
-66.9474
-66.9451
-66.9427
-66.9403
-66.9379
-66.9356
-66.9332
-66.9308
-66.9284
-66.926
-66.9237
-66.9213
-66.9189
-66.9165
-66.9141
-66.9118
-66.9094
-66.907
-66.9046
-66.9022
-66.8998
-66.8974
-66.8951
-66.8927
-66.8903
-66.8879
-66.8855
-66.8831
-66.8807
-66.8783
-66.8759
-66.8735
-66.8711
-66.8687
-66.8663
-66.8639
-66.8615
-66.8591
-66.8567
-66.8543
-66.8519
-66.8495
-66.8471
-66.8447
-66.8423
-66.8399
-66.8375
-66.8351
-66.8327
-66.8303
-66.8279
-66.8255
-66.8231
-66.8206
-66.8182
-66.8158
-66.8134
-66.811
-66.8086
-66.8061
-66.8037
-66.8013
-66.7989
-66.7965
-66.794
-66.7916
-66.7892
-66.7868
-66.7843
-66.7819
-66.7795
-66.7771
-66.7746
-66.7722
-66.7698
-66.7673
-66.7649
-66.7625
-66.76
-66.7576
-66.7552
-66.7527
-66.7503
-66.7479
-66.7454
-66.743
-66.7405
-66.7381
-66.7356
-66.7332
-66.7308
-66.7283
-66.7259
-66.7234
-66.721
-66.7185
-66.7161
-66.7136
-66.7112
-66.7087
-66.7063
-66.7038
-66.7013
-66.6989
-66.6964
-66.694
-66.6915
-66.689
-66.6866
-66.6841
-66.6817
-66.6792
-66.6767
-66.6743
-66.6718
-66.6693
-66.6668
-66.6644
-66.6619
-66.6594
-66.657
-66.6545
-66.652
-66.6495
-66.647
-66.6446
-66.6421
-66.6396
-66.6371
-66.6346
-66.6322
-66.6297
-66.6272
-66.6247
-66.6222
-66.6197
-66.6172
-66.6147
-66.6122
-66.6097
-66.6073
-66.6048
-66.6023
-66.5998
-66.5973
-66.5948
-66.5923
-66.5898
-66.5873
-66.5847
-66.5822
-66.5797
-66.5772
-66.5747
-66.5722
-66.5697
-66.5672
-66.5647
-66.5622
-66.5596
-66.5571
-66.5546
-66.5521
-66.5496
-66.547
-66.5445
-66.542
-66.5395
-66.5369
-66.5344
-66.5319
-66.5294
-66.5268
-66.5243
-66.5218
-66.5192
-66.5167
-66.5142
-66.5116
-66.5091
-66.5066
-66.504
-66.5015
-66.4989
-66.4964
-66.4938
-66.4913
-66.4887
-66.4862
-66.4836
-66.4811
-66.4785
-66.476
-66.4734
-66.4709
-66.4683
-66.4658
-66.4632
-66.4606
-66.4581
-66.4555
-66.453
-66.4504
-66.4478
-66.4453
-66.4427
-66.4401
-66.4375
-66.435
-66.4324
-66.4298
-66.4272
-66.4247
-66.4221
-66.4195
-66.4169
-66.4143
-66.4118
-66.4092
-66.4066
-66.404
-66.4014
-66.3988
-66.3962
-66.3936
-66.391
-66.3884
-66.3859
-66.3833
-66.3807
-66.3781
-66.3755
-66.3729
-66.3702
-66.3676
-66.365
-66.3624
-66.3598
-66.3572
-66.3546
-66.352
-66.3494
-66.3467
-66.3441
-66.3415
-66.3389
-66.3363
-66.3336
-66.331
-66.3284
-66.3258
-66.3231
-66.3205
-66.3179
-66.3153
-66.3126
-66.31
-66.3073
-66.3047
-66.3021
-66.2994
-66.2968
-66.2941
-66.2915
-66.2889
-66.2862
-66.2836
-66.2809
-66.2783
-66.2756
-66.2729
-66.2703
-66.2676
-66.265
-66.2623
-66.2597
-66.257
-66.2543
-66.2517
-66.249
-66.2463
-66.2437
-66.241
-66.2383
-66.2356
-66.233
-66.2303
-66.2276
-66.2249
-66.2222
-66.2196
-66.2169
-66.2142
-66.2115
-66.2088
-66.2061
-66.2034
-66.2007
-66.198
-66.1953
-66.1926
-66.19
-66.1872
-66.1845
-66.1818
-66.1791
-66.1764
-66.1737
-66.171
-66.1683
-66.1656
-66.1629
-66.1602
-66.1574
-66.1547
-66.152
-66.1493
-66.1466
-66.1438
-66.1411
-66.1384
-66.1356
-66.1329
-66.1302
-66.1274
-66.1247
-66.122
-66.1192
-66.1165
-66.1137
-66.111
-66.1083
-66.1055
-66.1028
-66.1
-66.0973
-66.0945
-66.0918
-66.089
-66.0862
-66.0835
-66.0807
-66.078
-66.0752
-66.0724
-66.0697
-66.0669
-66.0641
-66.0613
-66.0586
-66.0558
-66.053
-66.0502
-66.0474
-66.0447
-66.0419
-66.0391
-66.0363
-66.0335
-66.0307
-66.0279
-66.0251
-66.0223
-66.0195
-66.0167
-66.0139
-66.0111
-66.0083
-66.0055
-66.0027
-65.9999
-65.9971
-65.9943
-65.9915
-65.9886
-65.9858
-65.983
-65.9802
-65.9774
-65.9745
-65.9717
-65.9689
-65.966
-65.9632
-65.9604
-65.9575
-65.9547
-65.9519
-65.949
-65.9462
-65.9433
-65.9405
-65.9376
-65.9348
-65.9319
-65.9291
-65.9262
-65.9234
-65.9205
-65.9176
-65.9148
-65.9119
-65.909
-65.9062
-65.9033
-65.9004
-65.8975
-65.8947
-65.8918
-65.8889
-65.886
-65.8831
-65.8803
-65.8774
-65.8745
-65.8716
-65.8687
-65.8658
-65.8629
-65.86
-65.8571
-65.8542
-65.8513
-65.8484
-65.8455
-65.8426
-65.8396
-65.8367
-65.8338
-65.8309
-65.828
-65.8251
-65.8221
-65.8192
-65.8163
-65.8133
-65.8104
-65.8075
-65.8045
-65.8016
-65.7987
-65.7957
-65.7928
-65.7898
-65.7869
-65.7839
-65.781
-65.778
-65.7751
-65.7721
-65.7691
-65.7662
-65.7632
-65.7602
-65.7573
-65.7543
-65.7513
-65.7484
-65.7454
-65.7424
-65.7394
-65.7364
-65.7335
-65.7305
-65.7275
-65.7245
-65.7215
-65.7185
-65.7155
-65.7125
-65.7095
-65.7065
-65.7035
-65.7005
-65.6975
-65.6945
-65.6914
-65.6884
-65.6854
-65.6824
-65.6794
-65.6763
-65.6733
-65.6703
-65.6672
-65.6642
-65.6612
-65.6581
-65.6551
-65.652
-65.649
-65.646
-65.6429
-65.6399
-65.6368
-65.6337
-65.6307
-65.6276
-65.6246
-65.6215
-65.6184
-65.6154
-65.6123
-65.6092
-65.6061
-65.6031
-65.6
-65.5969
-65.5938
-65.5907
-65.5876
-65.5845
-65.5814
-65.5783
-65.5752
-65.5721
-65.569
-65.5659
-65.5628
-65.5597
-65.5566
-65.5535
-65.5504
-65.5472
-65.5441
-65.541
-65.5379
-65.5347
-65.5316
-65.5285
-65.5253
-65.5222
-65.5191
-65.5159
-65.5128
-65.5096
-65.5065
-65.5033
-65.5002
-65.497
-65.4938
-65.4907
-65.4875
-65.4843
-65.4812
-65.478
-65.4748
-65.4716
-65.4685
-65.4653
-65.4621
-65.4589
-65.4557
-65.4525
-65.4493
-65.4461
-65.4429
-65.4397
-65.4365
-65.4333
-65.4301
-65.4269
-65.4237
-65.4205
-65.4172
-65.414
-65.4108
-65.4076
-65.4043
-65.4011
-65.3979
-65.3946
-65.3914
-65.3881
-65.3849
-65.3816
-65.3784
-65.3751
-65.3719
-65.3686
-65.3654
-65.3621
-65.3588
-65.3556
-65.3523
-65.349
-65.3457
-65.3425
-65.3392
-65.3359
-65.3326
-65.3293
-65.326
-65.3227
-65.3194
-65.3161
-65.3128
-65.3095
-65.3062
-65.3029
-65.2996
-65.2962
-65.2929
-65.2896
-65.2863
-65.2829
-65.2796
-65.2763
-65.2729
-65.2696
-65.2662
-65.2629
-65.2595
-65.2562
-65.2528
-65.2495
-65.2461
-65.2428
-65.2394
-65.236
-65.2326
-65.2293
-65.2259
-65.2225
-65.2191
-65.2157
-65.2124
-65.209
-65.2056
-65.2022
-65.1988
-65.1954
-65.1919
-65.1885
-65.1851
-65.1817
-65.1783
-65.1749
-65.1714
-65.168
-65.1646
-65.1611
-65.1577
-65.1543
-65.1508
-65.1474
-65.1439
-65.1405
-65.137
-65.1336
-65.1301
-65.1266
-65.1232
-65.1197
-65.1162
-65.1127
-65.1093
-65.1058
-65.1023
-65.0988
-65.0953
-65.0918
-65.0883
-65.0848
-65.0813
-65.0778
-65.0743
-65.0708
-65.0672
-65.0637
-65.0602
-65.0567
-65.0531
-65.0496
-65.0461
-65.0425
-65.039
-65.0354
-65.0319
-65.0283
-65.0247
-65.0212
-65.0176
-65.0141
-65.0105
-65.0069
-65.0033
-64.9997
-64.9962
-64.9926
-64.989
-64.9854
-64.9818
-64.9782
-64.9746
-64.971
-64.9674
-64.9637
-64.9601
-64.9565
-64.9529
-64.9492
-64.9456
-64.942
-64.9383
-64.9347
-64.931
-64.9274
-64.9237
-64.9201
-64.9164
-64.9127
-64.9091
-64.9054
-64.9017
-64.898
-64.8944
-64.8907
-64.887
-64.8833
-64.8796
-64.8759
-64.8722
-64.8685
-64.8648
-64.861
-64.8573
-64.8536
-64.8499
-64.8461
-64.8424
-64.8387
-64.8349
-64.8312
-64.8274
-64.8237
-64.8199
-64.8162
-64.8124
-64.8086
-64.8048
-64.8011
-64.7973
-64.7935
-64.7897
-64.7859
-64.7821
-64.7783
-64.7745
-64.7707
-64.7669
-64.7631
-64.7593
-64.7554
-64.7516
-64.7478
-64.7439
-64.7401
-64.7363
-64.7324
-64.7286
-64.7247
-64.7209
-64.717
-64.7131
-64.7092
-64.7054
-64.7015
-64.6976
-64.6937
-64.6898
-64.6859
-64.682
-64.6781
-64.6742
-64.6703
-64.6664
-64.6625
-64.6585
-64.6546
-64.6507
-64.6467
-64.6428
-64.6388
-64.6349
-64.6309
-64.627
-64.623
-64.619
-64.6151
-64.6111
-64.6071
-64.6031
-64.5991
-64.5951
-64.5911
-64.5871
-64.5831
-64.5791
-64.5751
-64.5711
-64.567
-64.563
-64.559
-64.5549
-64.5509
-64.5468
-64.5428
-64.5387
-64.5347
-64.5306
-64.5265
-64.5224
-64.5184
-64.5143
-64.5102
-64.5061
-64.502
-64.4979
-64.4938
-64.4897
-64.4855
-64.4814
-64.4773
-64.4732
-64.469
-64.4649
-64.4607
-64.4566
-64.4524
-64.4483
-64.4441
-64.4399
-64.4357
-64.4316
-64.4274
-64.4232
-64.419
-64.4148
-64.4106
-64.4064
-64.4021
-64.3979
-64.3937
-64.3895
-64.3852
-64.381
-64.3767
-64.3725
-64.3682
-64.3639
-64.3597
-64.3554
-64.3511
-64.3468
-64.3426
-64.3383
-64.334
-64.3297
-64.3253
-64.321
-64.3167
-64.3124
-64.308
-64.3037
-64.2994
-64.295
-64.2907
-64.2863
-64.2819
-64.2776
-64.2732
-64.2688
-64.2644
-64.26
-64.2556
-64.2512
-64.2468
-64.2424
-64.238
-64.2336
-64.2291
-64.2247
-64.2202
-64.2158
-64.2113
-64.2069
-64.2024
-64.1979
-64.1935
-64.189
-64.1845
-64.18
-64.1755
-64.171
-64.1665
-64.1619
-64.1574
-64.1529
-64.1483
-64.1438
-64.1392
-64.1347
-64.1301
-64.1256
-64.121
-64.1164
-64.1118
-64.1072
-64.1026
-64.098
-64.0934
-64.0888
-64.0842
-64.0795
-64.0749
-64.0702
-64.0656
-64.0609
-64.0563
-64.0516
-64.0469
-64.0423
-64.0376
-64.0329
-64.0282
-64.0235
-64.0187
-64.014
-64.0093
-64.0046
-63.9998
-63.9951
-63.9903
-63.9855
-63.9808
-63.976
-63.9712
-63.9664
-63.9616
-63.9568
-63.952
-63.9472
-63.9424
-63.9375
-63.9327
-63.9279
-63.923
-63.9181
-63.9133
-63.9084
-63.9035
-63.8986
-63.8937
-63.8888
-63.8839
-63.879
-63.8741
-63.8691
-63.8642
-63.8593
-63.8543
-63.8493
-63.8444
-63.8394
-63.8344
-63.8294
-63.8244
-63.8194
-63.8144
-63.8094
-63.8043
-63.7993
-63.7943
-63.7892
-63.7841
-63.7791
-63.774
-63.7689
-63.7638
-63.7587
-63.7536
-63.7485
-63.7434
-63.7382
-63.7331
-63.7279
-63.7228
-63.7176
-63.7124
-63.7073
-63.7021
-63.6969
-63.6917
-63.6864
-63.6812
-63.676
-63.6707
-63.6655
-63.6602
-63.655
-63.6497
-63.6444
-63.6391
-63.6338
-63.6285
-63.6232
-63.6179
-63.6125
-63.6072
-63.6018
-63.5964
-63.5911
-63.5857
-63.5803
-63.5749
-63.5695
-63.5641
-63.5586
-63.5532
-63.5478
-63.5423
-63.5368
-63.5314
-63.5259
-63.5204
-63.5149
-63.5094
-63.5038
-63.4983
-63.4928
-63.4872
-63.4816
-63.4761
-63.4705
-63.4649
-63.4593
-63.4537
-63.4481
-63.4424
-63.4368
-63.4311
-63.4255
-63.4198
-63.4141
-63.4084
-63.4027
-63.397
-63.3913
-63.3855
-63.3798
-63.374
-63.3683
-63.3625
-63.3567
-63.3509
-63.3451
-63.3393
-63.3334
-63.3276
-63.3217
-63.3159
-63.31
-63.3041
-63.2982
-63.2923
-63.2864
-63.2804
-63.2745
-63.2685
-63.2626
-63.2566
-63.2506
-63.2446
-63.2386
-63.2325
-63.2265
-63.2205
-63.2144
-63.2083
-63.2022
-63.1961
-63.19
-63.1839
-63.1778
-63.1716
-63.1654
-63.1593
-63.1531
-63.1469
-63.1407
-63.1344
-63.1282
-63.122
-63.1157
-63.1094
-63.1031
-63.0968
-63.0905
-63.0842
-63.0778
-63.0715
-63.0651
-63.0587
-63.0523
-63.0459
-63.0395
-63.0331
-63.0266
-63.0202
-63.0137
-63.0072
-63.0007
-62.9941
-62.9876
-62.9811
-62.9745
-62.9679
-62.9613
-62.9547
-62.9481
-62.9415
-62.9348
-62.9281
-62.9215
-62.9148
-62.908
-62.9013
-62.8946
-62.8878
-62.881
-62.8742
-62.8674
-62.8606
-62.8538
-62.8469
-62.8401
-62.8332
-62.8263
-62.8194
-62.8124
-62.8055
-62.7985
-62.7915
-62.7845
-62.7775
-62.7705
-62.7634
-62.7563
-62.7493
-62.7422
-62.735
-62.7279
-62.7207
-62.7136
-62.7064
-62.6992
-62.6919
-62.6847
-62.6774
-62.6702
-62.6629
-62.6555
-62.6482
-62.6408
-62.6335
-62.6261
-62.6187
-62.6112
-62.6038
-62.5963
-62.5888
-62.5813
-62.5738
-62.5662
-62.5587
-62.5511
-62.5435
-62.5358
-62.5282
-62.5205
-62.5128
-62.5051
-62.4974
-62.4896
-62.4819
-62.4741
-62.4663
-62.4584
-62.4506
-62.4427
-62.4348
-62.4268
-62.4189
-62.4109
-62.4029
-62.3949
-62.3869
-62.3788
-62.3707
-62.3626
-62.3545
-62.3463
-62.3381
-62.3299
-62.3217
-62.3135
-62.3052
-62.2969
-62.2886
-62.2802
-62.2718
-62.2634
-62.255
-62.2466
-62.2381
-62.2296
-62.2211
-62.2125
-62.2039
-62.1953
-62.1867
-62.178
-62.1693
-62.1606
-62.1519
-62.1431
-62.1343
-62.1255
-62.1166
-62.1077
-62.0988
-62.0899
-62.0809
-62.0719
-62.0629
-62.0538
-62.0448
-62.0356
-62.0265
-62.0173
-62.0081
-61.9989
-61.9896
-61.9803
-61.971
-61.9616
-61.9522
-61.9428
-61.9333
-61.9238
-61.9143
-61.9047
-61.8951
-61.8855
-61.8758
-61.8661
-61.8564
-61.8466
-61.8368
-61.827
-61.8171
-61.8072
-61.7973
-61.7873
-61.7772
-61.7672
-61.7571
-61.747
-61.7368
-61.7266
-61.7163
-61.7061
-61.6957
-61.6854
-61.675
-61.6645
-61.654
-61.6435
-61.6329
-61.6223
-61.6117
-61.601
-61.5902
-61.5795
-61.5686
-61.5578
-61.5468
-61.5359
-61.5249
-61.5138
-61.5028
-61.4916
-61.4804
-61.4692
-61.4579
-61.4466
-61.4352
-61.4238
-61.4123
-61.4008
-61.3892
-61.3776
-61.3659
-61.3542
-61.3424
-61.3306
-61.3187
-61.3068
-61.2948
-61.2827
-61.2706
-61.2585
-61.2463
-61.234
-61.2217
-61.2093
-61.1969
-61.1844
-61.1718
-61.1592
-61.1465
-61.1338
-61.121
-61.1081
-61.0952
-61.0822
-61.0692
-61.056
-61.0429
-61.0296
-61.0163
-61.0029
-60.9895
-60.976
-60.9624
-60.9487
-60.935
-60.9212
-60.9073
-60.8934
-60.8793
-60.8652
-60.8511
-60.8368
-60.8225
-60.8081
-60.7936
-60.779
-60.7644
-60.7497
-60.7348
-60.72
-60.705
-60.6899
-60.6748
-60.6595
-60.6442
-60.6288
-60.6133
-60.5977
-60.582
-60.5662
-60.5503
-60.5343
-60.5182
-60.5021
-60.4858
-60.4694
-60.4529
-60.4364
-60.4197
-60.4029
-60.386
-60.369
-60.3518
-60.3346
-60.3173
-60.2998
-60.2822
-60.2645
-60.2467
-60.2288
-60.2107
-60.1925
-60.1742
-60.1558
-60.1372
-60.1185
-60.0997
-60.0807
-60.0616
-60.0423
-60.023
-60.0034
-59.9838
-59.9639
-59.944
-59.9238
-59.9036
-59.8831
-59.8625
-59.8418
-59.8209
-59.7998
-59.7785
-59.7571
-59.7355
-59.7138
-59.6918
-59.6697
-59.6474
-59.6249
-59.6022
-59.5793
-59.5562
-59.5329
-59.5094
-59.4857
-59.4618
-59.4377
-59.4133
-59.3887
-59.3639
-59.3389
-59.3137
-59.2882
-59.2624
-59.2364
-59.2102
-59.1837
-59.1569
-59.1299
-59.1026
-59.0751
-59.0472
-59.0191
-58.9906
-58.9619
-58.9329
-58.9035
-58.8739
-58.8439
-58.8135
-58.7829
-58.7519
-58.7205
-58.6888
-58.6568
-58.6243
-58.5915
-58.5582
-58.5246
-58.4906
-58.4561
-58.4212
-58.3859
-58.3501
-58.3139
-58.2772
-58.24
-58.2023
-58.1641
-58.1254
-58.0862
-58.0464
-58.0061
-57.9651
-57.9236
-57.8815
-57.8388
-57.7954
-57.7513
-57.7066
-57.6612
-57.6151
-57.5682
-57.5206
-57.4722
-57.423
-57.3729
-57.322
-57.2702
-57.2175
-57.1639
-57.1093
-57.0536
-56.997
-56.9392
-56.8804
-56.8203
-56.7591
-56.6967
-56.6329
-56.5679
-56.5014
-56.4335
-56.364
-56.2931
-56.2204
-56.1461
-56.07
-55.9921
-55.9122
-55.8303
-55.7463
-55.6601
-55.5715
-55.4805
-55.3869
-55.2906
-55.1914
-55.0892
-54.9839
-54.8752
-54.7629
-54.6468
-54.5267
-54.4023
-54.2733
-54.1394
-54.0003
-53.8555
-53.7047
-53.5473
-53.3829
-53.2107
-53.0302
-52.8405
-52.6408
-52.43
-52.2069
-51.9701
-51.718
-51.4484
-51.1592
-50.8471
-50.5086
-50.1386
-49.7308
-49.2763
-48.7639
-48.178
-47.4955
-46.6796
-45.662
-44.3555
-42.6522
-40.412
-37.3651
-32.9783
-24.906
-13.338
1.21627
14.1442
23.4879
30.0008
34.5256
37.6467
39.7543
41.0729
41.7298
41.8142
41.4026
40.5711
39.3999
37.9704
36.3597
34.6353
32.8522
31.0522
29.2652
27.5111
25.8023
24.1454
22.5433
20.9962
19.5026
18.0603
16.6663
15.3177
14.0113
12.7444
11.5142
10.3185
9.15509
8.02205
6.91779
5.84089
4.79015
3.76452
2.76314
1.78524
0.830207
-0.102522
-1.01341
-1.90289
-2.77133
-3.61908
-4.44648
-5.25388
-6.04161
-6.81004
-7.55955
-8.29054
-9.00345
-9.69876
-10.3769
-11.0386
-11.6841
-12.3143
-12.9296
-13.5307
-14.1183
-14.6929
-15.2553
-15.8062
-16.3462
-16.876
-17.3962
-17.9076
-18.4109
-18.9066
-19.3954
-19.8781
-20.3552
-20.8274
-21.2953
-21.7595
-22.2207
-22.6795
-23.1365
-23.5924
-24.0477
-24.5031
-24.9593
-25.4168
-25.8762
-26.3383
-26.8036
-27.2728
-27.7465
-28.2253
-28.7099
-29.2007
-29.6982
-30.2031
-30.7157
-31.2363
-31.7653
-32.3029
-32.8493
-33.4048
-33.9697
-34.5451
-35.1321
-35.7327
-36.3489
-36.9831
-37.6371
-38.3121
-39.0084
-39.7255
-40.462
-41.2162
-41.986
-42.7692
-43.5638
-44.3686
-45.1819
-46.0026
-46.8293
-47.6608
-48.4958
-49.3333
-50.172
-51.0107
-51.8482
-52.6832
-53.5143
-54.3402
-55.1596
-55.9708
-56.7726
-57.5634
-58.3418
-59.1064
-59.8559
-60.5888
-61.304
-62.0004
-62.6768
-63.3324
-63.9663
-64.5781
-65.167
-65.7329
-66.2755
-66.7947
-67.2907
-67.7636
-68.2137
-68.6417
-69.0478
-69.4328
-69.7974
-70.1422
-70.468
-70.7756
-71.0659
-71.3395
-71.5974
-71.8404
-72.0691
-72.2844
-72.4871
-72.6777
-72.8571
-73.0258
-73.1845
-73.3338
-73.4742
-73.6064
-73.7307
-73.8477
-73.9578
-74.0614
-74.1589
-74.2507
-74.3372
-74.4186
-74.4953
-74.5675
-74.6355
-74.6996
-74.76
-74.8168
-74.8704
-74.9209
-74.9685
-75.0133
-75.0555
-75.0953
-75.1327
-75.168
-75.2012
-75.2325
-75.2619
-75.2896
-75.3157
-75.3401
-75.3632
-75.3848
-75.4051
-75.4241
-75.4419
-75.4587
-75.4743
-75.4889
-75.5026
-75.5153
-75.5272
-75.5382
-75.5485
-75.558
-75.5668
-75.5749
-75.5823
-75.5892
-75.5954
-75.6011
-75.6063
-75.6109
-75.6151
-75.6188
-75.622
-75.6248
-75.6272
-75.6292
-75.6309
-75.6322
-75.6332
-75.6338
-75.6341
-75.6341
-75.6339
-75.6333
-75.6326
-75.6315
-75.6302
-75.6287
-75.627
-75.6251
-75.6229
-75.6206
-75.6181
-75.6154
-75.6125
-75.6095
-75.6063
-75.603
-75.5995
-75.5959
-75.5921
-75.5883
-75.5843
-75.5802
-75.576
-75.5716
-75.5672
-75.5627
-75.5581
-75.5534
-75.5486
-75.5437
-75.5387
-75.5337
-75.5286
-75.5234
-75.5182
-75.5129
-75.5075
-75.5021
-75.4966
-75.4911
-75.4855
-75.4799
-75.4742
-75.4685
-75.4628
-75.457
-75.4511
-75.4453
-75.4394
-75.4334
-75.4275
-75.4215
-75.4154
-75.4094
-75.4033
-75.3972
-75.3911
-75.3849
-75.3788
-75.3726
-75.3664
-75.3602
-75.3539
-75.3477
-75.3414
-75.3351
-75.3289
-75.3226
-75.3163
-75.3099
-75.3036
-75.2973
-75.2909
-75.2846
-75.2782
-75.2719
-75.2655
-75.2591
-75.2527
-75.2464
-75.24
-75.2336
-75.2272
-75.2208
-75.2144
-75.208
-75.2017
-75.1953
-75.1889
-75.1825
-75.1761
-75.1697
-75.1633
-75.1569
-75.1505
-75.1442
-75.1378
-75.1314
-75.125
-75.1186
-75.1123
-75.1059
-75.0995
-75.0932
-75.0868
-75.0805
-75.0741
-75.0678
-75.0614
-75.0551
-75.0488
-75.0424
-75.0361
-75.0298
-75.0235
-75.0172
-75.0108
-75.0045
-74.9982
-74.9919
-74.9857
-74.9794
-74.9731
-74.9668
-74.9605
-74.9543
-74.948
-74.9417
-74.9355
-74.9292
-74.923
-74.9167
-74.9105
-74.9043
-74.898
-74.8918
-74.8856
-74.8794
-74.8732
-74.867
-74.8608
-74.8546
-74.8484
-74.8422
-74.836
-74.8298
-74.8236
-74.8174
-74.8112
-74.8051
-74.7989
-74.7927
-74.7866
-74.7804
-74.7743
-74.7681
-74.762
-74.7558
-74.7497
-74.7435
-74.7374
-74.7313
-74.7251
-74.719
-74.7129
-74.7067
-74.7006
-74.6945
-74.6884
-74.6823
-74.6761
-74.67
-74.6639
-74.6578
-74.6517
-74.6456
-74.6395
-74.6334
-74.6273
-74.6212
-74.6151
-74.609
-74.6029
-74.5968
-74.5907
-74.5846
-74.5785
-74.5724
-74.5663
-74.5602
-74.5541
-74.548
-74.5419
-74.5359
-74.5298
-74.5237
-74.5176
-74.5115
-74.5054
-74.4993
-74.4932
-74.4871
-74.481
-74.4749
-74.4689
-74.4628
-74.4567
-74.4506
-74.4445
-74.4384
-74.4323
-74.4262
-74.4201
-74.414
-74.4079
-74.4018
-74.3957
-74.3896
-74.3835
-74.3774
-74.3713
-74.3652
-74.3591
-74.353
-74.3469
-74.3407
-74.3346
-74.3285
-74.3224
-74.3163
-74.3102
-74.304
-74.2979
-74.2918
-74.2857
-74.2795
-74.2734
-74.2673
-74.2611
-74.255
-74.2489
-74.2427
-74.2366
-74.2304
-74.2243
-74.2181
-74.212
-74.2058
-74.1997
-74.1935
-74.1873
-74.1812
-74.175
-74.1688
-74.1627
-74.1565
-74.1503
-74.1441
-74.138
-74.1318
-74.1256
-74.1194
-74.1132
-74.107
-74.1008
-74.0946
-74.0884
-74.0822
-74.076
-74.0698
-74.0635
-74.0573
-74.0511
-74.0449
-74.0387
-74.0324
-74.0262
-74.0199
-74.0137
-74.0075
-74.0012
-73.995
-73.9887
-73.9825
-73.9762
-73.9699
-73.9637
-73.9574
-73.9511
-73.9449
-73.9386
-73.9323
-73.926
-73.9197
-73.9134
-73.9071
-73.9008
-73.8945
-73.8882
-73.8819
-73.8756
-73.8693
-73.863
-73.8567
-73.8503
-73.844
-73.8377
-73.8313
-73.825
-73.8187
-73.8123
-73.806
-73.7996
-73.7932
-73.7869
-73.7805
-73.7742
-73.7678
-73.7614
-73.755
-73.7487
-73.7423
-73.7359
-73.7295
-73.7231
-73.7167
-73.7103
-73.7039
-73.6975
-73.6911
-73.6847
-73.6783
-73.6718
-73.6654
-73.659
-73.6526
-73.6461
-73.6397
-73.6332
-73.6268
-73.6203
-73.6139
-73.6074
-73.601
-73.5945
-73.5881
-73.5816
-73.5751
-73.5686
-73.5622
-73.5557
-73.5492
-73.5427
-73.5362
-73.5297
-73.5232
-73.5167
-73.5102
-73.5037
-73.4972
-73.4907
-73.4841
-73.4776
-73.4711
-73.4646
-73.458
-73.4515
-73.445
-73.4384
-73.4319
-73.4253
-73.4188
-73.4122
-73.4057
-73.3991
-73.3925
-73.386
-73.3794
-73.3728
-73.3663
-73.3597
-73.3531
-73.3465
-73.3399
-73.3333
-73.3267
-73.3201
-73.3135
-73.3069
-73.3003
-73.2937
-73.2871
-73.2805
-73.2739
-73.2672
-73.2606
-73.254
-73.2474
-73.2407
-73.2341
-73.2275
-73.2208
-73.2142
-73.2075
-73.2009
-73.1942
-73.1876
-73.1809
-73.1742
-73.1676
-73.1609
-73.1542
-73.1476
-73.1409
-73.1342
-73.1275
-73.1209
-73.1142
-73.1075
-73.1008
-73.0941
-73.0874
-73.0807
-73.074
-73.0673
-73.0606
-73.0539
-73.0472
-73.0404
-73.0337
-73.027
-73.0203
-73.0136
-73.0068
-73.0001
-72.9934
-72.9866
-72.9799
-72.9732
-72.9664
-72.9597
-72.9529
-72.9462
-72.9394
-72.9327
-72.9259
-72.9192
-72.9124
-72.9057
-72.8989
-72.8921
-72.8854
-72.8786
-72.8718
-72.865
-72.8583
-72.8515
-72.8447
-72.8379
-72.8311
-72.8244
-72.8176
-72.8108
-72.804
-72.7972
-72.7904
-72.7836
-72.7768
-72.77
-72.7632
-72.7564
-72.7496
-72.7428
-72.736
-72.7291
-72.7223
-72.7155
-72.7087
-72.7019
-72.6951
-72.6882
-72.6814
-72.6746
-72.6678
-72.6609
-72.6541
-72.6473
-72.6404
-72.6336
-72.6268
-72.6199
-72.6131
-72.6062
-72.5994
-72.5926
-72.5857
-72.5789
-72.572
-72.5652
-72.5583
-72.5515
-72.5446
-72.5377
-72.5309
-72.524
-72.5172
-72.5103
-72.5035
-72.4966
-72.4897
-72.4829
-72.476
-72.4691
-72.4623
-72.4554
-72.4485
-72.4417
-72.4348
-72.4279
-72.421
-72.4142
-72.4073
-72.4004
-72.3935
-72.3866
-72.3798
-72.3729
-72.366
-72.3591
-72.3522
-72.3454
-72.3385
-72.3316
-72.3247
-72.3178
-72.3109
-72.304
-72.2971
-72.2903
-72.2834
-72.2765
-72.2696
-72.2627
-72.2558
-72.2489
-72.242
-72.2351
-72.2282
-72.2213
-72.2144
-72.2075
-72.2006
-72.1937
-72.1868
-72.1799
-72.173
-72.1661
-72.1592
-72.1523
-72.1454
-72.1385
-72.1316
-72.1247
-72.1178
-72.1109
-72.104
-72.0971
-72.0902
-72.0833
-72.0764
-72.0695
-72.0626
-72.0557
-72.0488
-72.0419
-72.035
-72.0281
-72.0212
-72.0143
-72.0074
-72.0005
-71.9936
-71.9867
-71.9798
-71.9729
-71.966
-71.9591
-71.9522
-71.9453
-71.9384
-71.9315
-71.9246
-71.9177
-71.9108
-71.9039
-71.897
-71.8901
-71.8832
-71.8763
-71.8694
-71.8625
-71.8556
-71.8487
-71.8418
-71.8349
-71.828
-71.8211
-71.8142
-71.8073
-71.8004
-71.7935
-71.7866
-71.7797
-71.7728
-71.766
-71.7591
-71.7522
-71.7453
-71.7384
-71.7315
-71.7246
-71.7177
-71.7108
-71.704
-71.6971
-71.6902
-71.6833
-71.6764
-71.6695
-71.6627
-71.6558
-71.6489
-71.642
-71.6351
-71.6283
-71.6214
-71.6145
-71.6076
-71.6008
-71.5939
-71.587
-71.5802
-71.5733
-71.5664
-71.5596
-71.5527
-71.5458
-71.539
-71.5321
-71.5253
-71.5184
-71.5115
-71.5047
-71.4978
-71.491
-71.4841
-71.4773
-71.4704
-71.4636
-71.4567
-71.4499
-71.443
-71.4362
-71.4293
-71.4225
-71.4157
-71.4088
-71.402
-71.3951
-71.3883
-71.3815
-71.3746
-71.3678
-71.361
-71.3542
-71.3473
-71.3405
-71.3337
-71.3269
-71.32
-71.3132
-71.3064
-71.2996
-71.2928
-71.286
-71.2792
-71.2723
-71.2655
-71.2587
-71.2519
-71.2451
-71.2383
-71.2315
-71.2247
-71.2179
-71.2112
-71.2044
-71.1976
-71.1908
-71.184
-71.1772
-71.1704
-71.1637
-71.1569
-71.1501
-71.1433
-71.1366
-71.1298
-71.123
-71.1163
-71.1095
-71.1027
-71.096
-71.0892
-71.0825
-71.0757
-71.069
-71.0622
-71.0555
-71.0487
-71.042
-71.0352
-71.0285
-71.0217
-71.015
-71.0083
-71.0016
-70.9948
-70.9881
-70.9814
-70.9747
-70.9679
-70.9612
-70.9545
-70.9478
-70.9411
-70.9344
-70.9277
-70.921
-70.9143
-70.9076
-70.9009
-70.8942
-70.8875
-70.8808
-70.8741
-70.8674
-70.8607
-70.8541
-70.8474
-70.8407
-70.834
-70.8274
-70.8207
-70.814
-70.8074
-70.8007
-70.7941
-70.7874
-70.7808
-70.7741
-70.7675
-70.7608
-70.7542
-70.7475
-70.7409
-70.7343
-70.7277
-70.721
-70.7144
-70.7078
-70.7012
-70.6945
-70.6879
-70.6813
-70.6747
-70.6681
-70.6615
-70.6549
-70.6483
-70.6417
-70.6351
-70.6285
-70.6219
-70.6154
-70.6088
-70.6022
-70.5956
-70.5891
-70.5825
-70.5759
-70.5694
-70.5628
-70.5562
-70.5497
-70.5431
-70.5366
-70.53
-70.5235
-70.517
-70.5104
-70.5039
-70.4974
-70.4908
-70.4843
-70.4778
-70.4713
-70.4648
-70.4583
-70.4517
-70.4452
-70.4387
-70.4322
-70.4257
-70.4192
-70.4128
-70.4063
-70.3998
-70.3933
-70.3868
-70.3804
-70.3739
-70.3674
-70.361
-70.3545
-70.348
-70.3416
-70.3351
-70.3287
-70.3222
-70.3158
-70.3094
-70.3029
-70.2965
-70.2901
-70.2836
-70.2772
-70.2708
-70.2644
-70.258
-70.2516
-70.2451
-70.2387
-70.2323
-70.226
-70.2196
-70.2132
-70.2068
-70.2004
-70.194
-70.1877
-70.1813
-70.1749
-70.1685
-70.1622
-70.1558
-70.1495
-70.1431
-70.1368
-70.1304
-70.1241
-70.1178
-70.1114
-70.1051
-70.0988
-70.0924
-70.0861
-70.0798
-70.0735
-70.0672
-70.0609
-70.0546
-70.0483
-70.042
-70.0357
-70.0294
-70.0231
-70.0169
-70.0106
-70.0043
-69.998
-69.9918
-69.9855
-69.9793
-69.973
-69.9668
-69.9605
-69.9543
-69.948
-69.9418
-69.9356
-69.9293
-69.9231
-69.9169
-69.9107
-69.9044
-69.8982
-69.892
-69.8858
-69.8796
-69.8734
-69.8672
-69.8611
-69.8549
-69.8487
-69.8425
-69.8363
-69.8302
-69.824
-69.8179
-69.8117
-69.8055
-69.7994
-69.7933
-69.7871
-69.781
-69.7748
-69.7687
-69.7626
-69.7565
-69.7503
-69.7442
-69.7381
-69.732
-69.7259
-69.7198
-69.7137
-69.7076
-69.7015
-69.6954
-69.6894
-69.6833
-69.6772
-69.6712
-69.6651
-69.659
-69.653
-69.6469
-69.6409
-69.6348
-69.6288
-69.6227
-69.6167
-69.6107
-69.6047
-69.5986
-69.5926
-69.5866
-69.5806
-69.5746
-69.5686
-69.5626
-69.5566
-69.5506
-69.5446
-69.5387
-69.5327
-69.5267
-69.5207
-69.5148
-69.5088
-69.5029
-69.4969
-69.491
-69.485
-69.4791
-69.4731
-69.4672
-69.4613
-69.4553
-69.4494
-69.4435
-69.4376
-69.4317
-69.4258
-69.4199
-69.414
-69.4081
-69.4022
-69.3963
-69.3904
-69.3846
-69.3787
-69.3728
-69.367
-69.3611
-69.3553
-69.3494
-69.3436
-69.3377
-69.3319
-69.326
-69.3202
-69.3144
-69.3086
-69.3027
-69.2969
-69.2911
-69.2853
-69.2795
-69.2737
-69.2679
-69.2621
-69.2563
-69.2506
-69.2448
-69.239
-69.2332
-69.2275
-69.2217
-69.216
-69.2102
-69.2045
-69.1987
-69.193
-69.1872
-69.1815
-69.1758
-69.1701
-69.1643
-69.1586
-69.1529
-69.1472
-69.1415
-69.1358
-69.1301
-69.1244
-69.1187
-69.1131
-69.1074
-69.1017
-69.096
-69.0904
-69.0847
-69.0791
-69.0734
-69.0678
-69.0621
-69.0565
-69.0508
-69.0452
-69.0396
-69.034
-69.0283
-69.0227
-69.0171
-69.0115
-69.0059
-69.0003
-68.9947
-68.9891
-68.9836
-68.978
-68.9724
-68.9668
-68.9613
-68.9557
-68.9501
-68.9446
-68.939
-68.9335
-68.9279
-68.9224
-68.9169
-68.9113
-68.9058
-68.9003
-68.8948
-68.8893
-68.8837
-68.8782
-68.8727
-68.8672
-68.8617
-68.8563
-68.8508
-68.8453
-68.8398
-68.8343
-68.8289
-68.8234
-68.818
-68.8125
-68.8071
-68.8016
-68.7962
-68.7907
-68.7853
-68.7799
-68.7744
-68.769
-68.7636
-68.7582
-68.7528
-68.7474
-68.742
-68.7366
-68.7312
-68.7258
-68.7204
-68.715
-68.7097
-68.7043
-68.6989
-68.6936
-68.6882
-68.6829
-68.6775
-68.6722
-68.6668
-68.6615
-68.6561
-68.6508
-68.6455
-68.6402
-68.6349
-68.6295
-68.6242
-68.6189
-68.6136
-68.6083
-68.603
-68.5978
-68.5925
-68.5872
-68.5819
-68.5767
-68.5714
-68.5661
-68.5609
-68.5556
-68.5504
-68.5451
-68.5399
-68.5346
-68.5294
-68.5242
-68.519
-68.5137
-68.5085
-68.5033
-68.4981
-68.4929
-68.4877
-68.4825
-68.4773
-68.4721
-68.4669
-68.4618
-68.4566
-68.4514
-68.4462
-68.4411
-68.4359
-68.4308
-68.4256
-68.4205
-68.4153
-68.4102
-68.4051
-68.3999
-68.3948
-68.3897
-68.3846
-68.3795
-68.3743
-68.3692
-68.3641
-68.359
-68.3539
-68.3489
-68.3438
-68.3387
-68.3336
-68.3285
-68.3235
-68.3184
-68.3134
-68.3083
-68.3032
-68.2982
-68.2932
-68.2881
-68.2831
-68.278
-68.273
-68.268
-68.263
-68.258
-68.2529
-68.2479
-68.2429
-68.2379
-68.2329
-68.2279
-68.223
-68.218
-68.213
-68.208
-68.2031
-68.1981
-68.1931
-68.1882
-68.1832
-68.1783
-68.1733
-68.1684
-68.1634
-68.1585
-68.1536
-68.1486
-68.1437
-68.1388
-68.1339
-68.129
-68.1241
-68.1191
-68.1143
-68.1094
-68.1045
-68.0996
-68.0947
-68.0898
-68.0849
-68.0801
-68.0752
-68.0703
-68.0655
-68.0606
-68.0558
-68.0509
-68.0461
-68.0412
-68.0364
-68.0316
-68.0267
-68.0219
-68.0171
-68.0123
-68.0075
-68.0026
-67.9978
-67.993
-67.9882
-67.9834
-67.9787
-67.9739
-67.9691
-67.9643
-67.9595
-67.9548
-67.95
-67.9452
-67.9405
-67.9357
-67.931
-67.9262
-67.9215
-67.9167
-67.912
-67.9073
-67.9025
-67.8978
-67.8931
-67.8884
-67.8837
-67.879
-67.8742
-67.8695
-67.8648
-67.8602
-67.8555
-67.8508
-67.8461
-67.8414
-67.8367
-67.8321
-67.8274
-67.8227
-67.8181
-67.8134
-67.8088
-67.8041
-67.7995
-67.7948
-67.7902
-67.7856
-67.7809
-67.7763
-67.7717
-67.7671
-67.7624
-67.7578
-67.7532
-67.7486
-67.744
-67.7394
-67.7348
-67.7302
-67.7256
-67.7211
-67.7165
-67.7119
-67.7073
-67.7028
-67.6982
-67.6936
-67.6891
-67.6845
-67.68
-67.6754
-67.6709
-67.6663
-67.6618
-67.6573
-67.6528
-67.6482
-67.6437
-67.6392
-67.6347
-67.6302
-67.6257
-67.6211
-67.6166
-67.6122
-67.6077
-67.6032
-67.5987
-67.5942
-67.5897
-67.5852
-67.5808
-67.5763
-67.5718
-67.5674
-67.5629
-67.5585
-67.554
-67.5496
-67.5451
-67.5407
-67.5362
-67.5318
-67.5274
-67.523
-67.5185
-67.5141
-67.5097
-67.5053
-67.5009
-67.4965
-67.4921
-67.4877
-67.4833
-67.4789
-67.4745
-67.4701
-67.4657
-67.4613
-67.457
-67.4526
-67.4482
-67.4439
-67.4395
-67.4351
-67.4308
-67.4264
-67.4221
-67.4177
-67.4134
-67.4091
-67.4047
-67.4004
-67.3961
-67.3917
-67.3874
-67.3831
-67.3788
-67.3745
-67.3702
-67.3659
-67.3616
-67.3573
-67.353
-67.3487
-67.3444
-67.3401
-67.3358
-67.3315
-67.3272
-67.323
-67.3187
-67.3144
-67.3102
-67.3059
-67.3017
-67.2974
-67.2932
-67.2889
-67.2847
-67.2804
-67.2762
-67.2719
-67.2677
-67.2635
-67.2593
-67.255
-67.2508
-67.2466
-67.2424
-67.2382
-67.234
-67.2298
-67.2256
-67.2214
-67.2172
-67.213
-67.2088
-67.2046
-67.2004
-67.1963
-67.1921
-67.1879
-67.1837
-67.1796
-67.1754
-67.1713
-67.1671
-67.1629
-67.1588
-67.1546
-67.1505
-67.1464
-67.1422
-67.1381
-67.134
-67.1298
-67.1257
-67.1216
-67.1174
-67.1133
-67.1092
-67.1051
-67.101
-67.0969
-67.0928
-67.0887
-67.0846
-67.0805
-67.0764
-67.0723
-67.0682
-67.0641
-67.0601
-67.056
-67.0519
-67.0478
-67.0438
-67.0397
-67.0356
-67.0316
-67.0275
-67.0235
-67.0194
-67.0154
-67.0113
-67.0073
-67.0033
-66.9992
-66.9952
-66.9911
-66.9871
-66.9831
-66.9791
-66.9751
-66.971
-66.967
-66.963
-66.959
-66.955
-66.951
-66.947
-66.943
-66.939
-66.935
-66.931
-66.927
-66.923
-66.9191
-66.9151
-66.9111
-66.9071
-66.9032
-66.8992
-66.8952
-66.8913
-66.8873
-66.8833
-66.8794
-66.8754
-66.8715
-66.8675
-66.8636
-66.8597
-66.8557
-66.8518
-66.8479
-66.8439
-66.84
-66.8361
-66.8321
-66.8282
-66.8243
-66.8204
-66.8165
-66.8126
-66.8087
-66.8048
-66.8008
-66.7969
-66.793
-66.7892
-66.7853
-66.7814
-66.7775
-66.7736
-66.7697
-66.7658
-66.762
-66.7581
-66.7542
-66.7503
-66.7465
-66.7426
-66.7387
-66.7349
-66.731
-66.7272
-66.7233
-66.7195
-66.7156
-66.7118
-66.7079
-66.7041
-66.7002
-66.6964
-66.6926
-66.6887
-66.6849
-66.6811
-66.6773
-66.6734
-66.6696
-66.6658
-66.662
-66.6582
-66.6544
-66.6506
-66.6467
-66.6429
-66.6391
-66.6353
-66.6315
-66.6278
-66.624
-66.6202
-66.6164
-66.6126
-66.6088
-66.605
-66.6013
-66.5975
-66.5937
-66.5899
-66.5862
-66.5824
-66.5786
-66.5749
-66.5711
-66.5673
-66.5636
-66.5598
-66.5561
-66.5523
-66.5486
-66.5448
-66.5411
-66.5373
-66.5336
-66.5299
-66.5261
-66.5224
-66.5187
-66.5149
-66.5112
-66.5075
-66.5038
-66.5
-66.4963
-66.4926
-66.4889
-66.4852
-66.4815
-66.4778
-66.4741
-66.4704
-66.4667
-66.463
-66.4593
-66.4556
-66.4519
-66.4482
-66.4445
-66.4408
-66.4371
-66.4334
-66.4297
-66.4261
-66.4224
-66.4187
-66.415
-66.4114
-66.4077
-66.404
-66.4004
-66.3967
-66.393
-66.3894
-66.3857
-66.3821
-66.3784
-66.3748
-66.3711
-66.3675
-66.3638
-66.3602
-66.3565
-66.3529
-66.3492
-66.3456
-66.342
-66.3383
-66.3347
-66.3311
-66.3274
-66.3238
-66.3202
-66.3166
-66.3129
-66.3093
-66.3057
-66.3021
-66.2985
-66.2949
-66.2913
-66.2876
-66.284
-66.2804
-66.2768
-66.2732
-66.2696
-66.266
-66.2624
-66.2588
-66.2552
-66.2516
-66.2481
-66.2445
-66.2409
-66.2373
-66.2337
-66.2301
-66.2266
-66.223
-66.2194
-66.2158
-66.2122
-66.2087
-66.2051
-66.2015
-66.198
-66.1944
-66.1908
-66.1873
-66.1837
-66.1802
-66.1766
-66.173
-66.1695
-66.1659
-66.1624
-66.1588
-66.1553
-66.1517
-66.1482
-66.1447
-66.1411
-66.1376
-66.134
-66.1305
-66.127
-66.1234
-66.1199
-66.1164
-66.1128
-66.1093
-66.1058
-66.1023
-66.0987
-66.0952
-66.0917
-66.0882
-66.0846
-66.0811
-66.0776
-66.0741
-66.0706
-66.0671
-66.0636
-66.0601
-66.0566
-66.053
-66.0495
-66.046
-66.0425
-66.039
-66.0355
-66.032
-66.0285
-66.025
-66.0216
-66.0181
-66.0146
-66.0111
-66.0076
-66.0041
-66.0006
-65.9971
-65.9937
-65.9902
-65.9867
-65.9832
-65.9797
-65.9763
-65.9728
-65.9693
-65.9658
-65.9624
-65.9589
-65.9554
-65.9519
-65.9485
-65.945
-65.9415
-65.9381
-65.9346
-65.9312
-65.9277
-65.9242
-65.9208
-65.9173
-65.9139
-65.9104
-65.907
-65.9035
-65.9001
-65.8966
-65.8932
-65.8897
-65.8863
-65.8828
-65.8794
-65.8759
-65.8725
-65.869
-65.8656
-65.8622
-65.8587
-65.8553
-65.8519
-65.8484
-65.845
-65.8415
-65.8381
-65.8347
-65.8313
-65.8278
-65.8244
-65.821
-65.8175
-65.8141
-65.8107
-65.8073
-65.8038
-65.8004
-65.797
-65.7936
-65.7902
-65.7867
-65.7833
-65.7799
-65.7765
-65.7731
-65.7697
-65.7663
-65.7628
-65.7594
-65.756
-65.7526
-65.7492
-65.7458
-65.7424
-65.739
-65.7356
-65.7322
-65.7288
-65.7254
-65.722
-65.7186
-65.7152
-65.7118
-65.7084
-65.705
-65.7016
-65.6982
-65.6948
-65.6914
-65.688
-65.6846
-65.6812
-65.6778
-65.6744
-65.671
-65.6676
-65.6643
-65.6609
-65.6575
-65.6541
-65.6507
-65.6473
-65.6439
-65.6406
-65.6372
-65.6338
-65.6304
-65.627
-65.6236
-65.6203
-65.6169
-65.6135
-65.6101
-65.6068
-65.6034
-65.6
-65.5966
-65.5933
-65.5899
-65.5865
-65.5831
-65.5798
-65.5764
-65.573
-65.5696
-65.5663
-65.5629
-65.5595
-65.5562
-65.5528
-65.5494
-65.5461
-65.5427
-65.5393
-65.536
-65.5326
-65.5292
-65.5259
-65.5225
-65.5191
-65.5158
-65.5124
-65.5091
-65.5057
-65.5023
-65.499
-65.4956
-65.4923
-65.4889
-65.4855
-65.4822
-65.4788
-65.4755
-65.4721
-65.4687
-65.4654
-65.462
-65.4587
-65.4553
-65.452
-65.4486
-65.4453
-65.4419
-65.4386
-65.4352
-65.4318
-65.4285
-65.4251
-65.4218
-65.4184
-65.4151
-65.4117
-65.4084
-65.405
-65.4017
-65.3983
-65.395
-65.3916
-65.3883
-65.3849
-65.3816
-65.3782
-65.3749
-65.3715
-65.3682
-65.3648
-65.3615
-65.3581
-65.3548
-65.3515
-65.3481
-65.3448
-65.3414
-65.3381
-65.3347
-65.3314
-65.328
-65.3247
-65.3213
-65.318
-65.3146
-65.3113
-65.308
-65.3046
-65.3013
-65.2979
-65.2946
-65.2912
-65.2879
-65.2845
-65.2812
-65.2779
-65.2745
-65.2712
-65.2678
-65.2645
-65.2611
-65.2578
-65.2544
-65.2511
-65.2478
-65.2444
-65.2411
-65.2377
-65.2344
-65.231
-65.2277
-65.2243
-65.221
-65.2177
-65.2143
-65.211
-65.2076
-65.2043
-65.2009
-65.1976
-65.1942
-65.1909
-65.1876
-65.1842
-65.1809
-65.1775
-65.1742
-65.1708
-65.1675
-65.1641
-65.1608
-65.1574
-65.1541
-65.1508
-65.1474
-65.1441
-65.1407
-65.1374
-65.134
-65.1307
-65.1273
-65.124
-65.1206
-65.1173
-65.1139
-65.1106
-65.1072
-65.1039
-65.1005
-65.0972
-65.0938
-65.0905
-65.0871
-65.0838
-65.0804
-65.0771
-65.0737
-65.0704
-65.067
-65.0637
-65.0603
-65.0569
-65.0536
-65.0502
-65.0469
-65.0435
-65.0402
-65.0368
-65.0335
-65.0301
-65.0267
-65.0234
-65.02
-65.0167
-65.0133
-65.0099
-65.0066
-65.0032
-64.9999
-64.9965
-64.9931
-64.9898
-64.9864
-64.983
-64.9797
-64.9763
-64.973
-64.9696
-64.9662
-64.9629
-64.9595
-64.9561
-64.9528
-64.9494
-64.946
-64.9426
-64.9393
-64.9359
-64.9325
-64.9292
-64.9258
-64.9224
-64.919
-64.9157
-64.9123
-64.9089
-64.9055
-64.9022
-64.8988
-64.8954
-64.892
-64.8886
-64.8853
-64.8819
-64.8785
-64.8751
-64.8717
-64.8684
-64.865
-64.8616
-64.8582
-64.8548
-64.8514
-64.848
-64.8446
-64.8413
-64.8379
-64.8345
-64.8311
-64.8277
-64.8243
-64.8209
-64.8175
-64.8141
-64.8107
-64.8073
-64.8039
-64.8005
-64.7971
-64.7937
-64.7903
-64.7869
-64.7835
-64.7801
-64.7767
-64.7733
-64.7699
-64.7665
-64.7631
-64.7597
-64.7563
-64.7529
-64.7494
-64.746
-64.7426
-64.7392
-64.7358
-64.7324
-64.729
-64.7255
-64.7221
-64.7187
-64.7153
-64.7119
-64.7084
-64.705
-64.7016
-64.6982
-64.6947
-64.6913
-64.6879
-64.6844
-64.681
-64.6776
-64.6741
-64.6707
-64.6673
-64.6638
-64.6604
-64.657
-64.6535
-64.6501
-64.6466
-64.6432
-64.6398
-64.6363
-64.6329
-64.6294
-64.626
-64.6225
-64.6191
-64.6156
-64.6122
-64.6087
-64.6053
-64.6018
-64.5983
-64.5949
-64.5914
-64.588
-64.5845
-64.581
-64.5776
-64.5741
-64.5706
-64.5672
-64.5637
-64.5602
-64.5567
-64.5533
-64.5498
-64.5463
-64.5428
-64.5394
-64.5359
-64.5324
-64.5289
-64.5254
-64.5219
-64.5185
-64.515
-64.5115
-64.508
-64.5045
-64.501
-64.4975
-64.494
-64.4905
-64.487
-64.4835
-64.48
-64.4765
-64.473
-64.4695
-64.466
-64.4625
-64.459
-64.4554
-64.4519
-64.4484
-64.4449
-64.4414
-64.4379
-64.4343
-64.4308
-64.4273
-64.4238
-64.4202
-64.4167
-64.4132
-64.4096
-64.4061
-64.4026
-64.399
-64.3955
-64.3919
-64.3884
-64.3849
-64.3813
-64.3778
-64.3742
-64.3707
-64.3671
-64.3636
-64.36
-64.3564
-64.3529
-64.3493
-64.3458
-64.3422
-64.3386
-64.3351
-64.3315
-64.3279
-64.3243
-64.3208
-64.3172
-64.3136
-64.31
-64.3064
-64.3029
-64.2993
-64.2957
-64.2921
-64.2885
-64.2849
-64.2813
-64.2777
-64.2741
-64.2705
-64.2669
-64.2633
-64.2597
-64.2561
-64.2525
-64.2489
-64.2453
-64.2416
-64.238
-64.2344
-64.2308
-64.2272
-64.2235
-64.2199
-64.2163
-64.2126
-64.209
-64.2054
-64.2017
-64.1981
-64.1944
-64.1908
-64.1872
-64.1835
-64.1799
-64.1762
-64.1725
-64.1689
-64.1652
-64.1616
-64.1579
-64.1542
-64.1506
-64.1469
-64.1432
-64.1395
-64.1359
-64.1322
-64.1285
-64.1248
-64.1211
-64.1174
-64.1138
-64.1101
-64.1064
-64.1027
-64.099
-64.0953
-64.0916
-64.0879
-64.0841
-64.0804
-64.0767
-64.073
-64.0693
-64.0656
-64.0618
-64.0581
-64.0544
-64.0507
-64.0469
-64.0432
-64.0395
-64.0357
-64.032
-64.0282
-64.0245
-64.0207
-64.017
-64.0132
-64.0095
-64.0057
-64.0019
-63.9982
-63.9944
-63.9906
-63.9869
-63.9831
-63.9793
-63.9755
-63.9717
-63.968
-63.9642
-63.9604
-63.9566
-63.9528
-63.949
-63.9452
-63.9414
-63.9376
-63.9338
-63.93
-63.9261
-63.9223
-63.9185
-63.9147
-63.9108
-63.907
-63.9032
-63.8993
-63.8955
-63.8917
-63.8878
-63.884
-63.8801
-63.8763
-63.8724
-63.8686
-63.8647
-63.8608
-63.857
-63.8531
-63.8492
-63.8454
-63.8415
-63.8376
-63.8337
-63.8298
-63.8259
-63.822
-63.8182
-63.8143
-63.8104
-63.8064
-63.8025
-63.7986
-63.7947
-63.7908
-63.7869
-63.783
-63.779
-63.7751
-63.7712
-63.7672
-63.7633
-63.7593
-63.7554
-63.7514
-63.7475
-63.7435
-63.7396
-63.7356
-63.7317
-63.7277
-63.7237
-63.7197
-63.7158
-63.7118
-63.7078
-63.7038
-63.6998
-63.6958
-63.6918
-63.6878
-63.6838
-63.6798
-63.6758
-63.6718
-63.6678
-63.6637
-63.6597
-63.6557
-63.6516
-63.6476
-63.6436
-63.6395
-63.6355
-63.6314
-63.6274
-63.6233
-63.6192
-63.6152
-63.6111
-63.607
-63.603
-63.5989
-63.5948
-63.5907
-63.5866
-63.5825
-63.5784
-63.5743
-63.5702
-63.5661
-63.562
-63.5579
-63.5538
-63.5496
-63.5455
-63.5414
-63.5372
-63.5331
-63.5289
-63.5248
-63.5206
-63.5165
-63.5123
-63.5082
-63.504
-63.4998
-63.4956
-63.4915
-63.4873
-63.4831
-63.4789
-63.4747
-63.4705
-63.4663
-63.4621
-63.4579
-63.4536
-63.4494
-63.4452
-63.441
-63.4367
-63.4325
-63.4282
-63.424
-63.4197
-63.4155
-63.4112
-63.407
-63.4027
-63.3984
-63.3941
-63.3899
-63.3856
-63.3813
-63.377
-63.3727
-63.3684
-63.3641
-63.3597
-63.3554
-63.3511
-63.3468
-63.3424
-63.3381
-63.3338
-63.3294
-63.3251
-63.3207
-63.3163
-63.312
-63.3076
-63.3032
-63.2988
-63.2945
-63.2901
-63.2857
-63.2813
-63.2769
-63.2725
-63.2681
-63.2636
-63.2592
-63.2548
-63.2503
-63.2459
-63.2415
-63.237
-63.2326
-63.2281
-63.2236
-63.2192
-63.2147
-63.2102
-63.2057
-63.2012
-63.1967
-63.1922
-63.1877
-63.1832
-63.1787
-63.1742
-63.1696
-63.1651
-63.1606
-63.156
-63.1515
-63.1469
-63.1424
-63.1378
-63.1332
-63.1287
-63.1241
-63.1195
-63.1149
-63.1103
-63.1057
-63.1011
-63.0965
-63.0918
-63.0872
-63.0826
-63.0779
-63.0733
-63.0687
-63.064
-63.0593
-63.0547
-63.05
-63.0453
-63.0406
-63.0359
-63.0312
-63.0265
-63.0218
-63.0171
-63.0124
-63.0077
-63.0029
-62.9982
-62.9934
-62.9887
-62.9839
-62.9792
-62.9744
-62.9696
-62.9648
-62.96
-62.9552
-62.9504
-62.9456
-62.9408
-62.936
-62.9312
-62.9263
-62.9215
-62.9166
-62.9118
-62.9069
-62.902
-62.8972
-62.8923
-62.8874
-62.8825
-62.8776
-62.8727
-62.8678
-62.8629
-62.8579
-62.853
-62.848
-62.8431
-62.8381
-62.8332
-62.8282
-62.8232
-62.8182
-62.8132
-62.8082
-62.8032
-62.7982
-62.7932
-62.7882
-62.7831
-62.7781
-62.773
-62.768
-62.7629
-62.7578
-62.7528
-62.7477
-62.7426
-62.7375
-62.7323
-62.7272
-62.7221
-62.717
-62.7118
-62.7067
-62.7015
-62.6963
-62.6912
-62.686
-62.6808
-62.6756
-62.6704
-62.6652
-62.66
-62.6547
-62.6495
-62.6442
-62.639
-62.6337
-62.6284
-62.6232
-62.6179
-62.6126
-62.6073
-62.6019
-62.5966
-62.5913
-62.5859
-62.5806
-62.5752
-62.5699
-62.5645
-62.5591
-62.5537
-62.5483
-62.5429
-62.5375
-62.532
-62.5266
-62.5212
-62.5157
-62.5102
-62.5048
-62.4993
-62.4938
-62.4883
-62.4828
-62.4772
-62.4717
-62.4662
-62.4606
-62.455
-62.4495
-62.4439
-62.4383
-62.4327
-62.4271
-62.4215
-62.4158
-62.4102
-62.4045
-62.3989
-62.3932
-62.3875
-62.3818
-62.3761
-62.3704
-62.3647
-62.359
-62.3532
-62.3475
-62.3417
-62.3359
-62.3301
-62.3243
-62.3185
-62.3127
-62.3069
-62.301
-62.2952
-62.2893
-62.2834
-62.2776
-62.2717
-62.2657
-62.2598
-62.2539
-62.248
-62.242
-62.236
-62.2301
-62.2241
-62.2181
-62.2121
-62.206
-62.2
-62.1939
-62.1879
-62.1818
-62.1757
-62.1696
-62.1635
-62.1574
-62.1513
-62.1451
-62.139
-62.1328
-62.1266
-62.1204
-62.1142
-62.108
-62.1017
-62.0955
-62.0892
-62.0829
-62.0766
-62.0703
-62.064
-62.0577
-62.0514
-62.045
-62.0386
-62.0322
-62.0258
-62.0194
-62.013
-62.0066
-62.0001
-61.9937
-61.9872
-61.9807
-61.9742
-61.9676
-61.9611
-61.9545
-61.948
-61.9414
-61.9348
-61.9282
-61.9215
-61.9149
-61.9082
-61.9016
-61.8949
-61.8882
-61.8814
-61.8747
-61.868
-61.8612
-61.8544
-61.8476
-61.8408
-61.8339
-61.8271
-61.8202
-61.8133
-61.8064
-61.7995
-61.7926
-61.7856
-61.7787
-61.7717
-61.7647
-61.7577
-61.7506
-61.7436
-61.7365
-61.7294
-61.7223
-61.7152
-61.7081
-61.7009
-61.6937
-61.6865
-61.6793
-61.6721
-61.6648
-61.6575
-61.6502
-61.6429
-61.6356
-61.6283
-61.6209
-61.6135
-61.6061
-61.5987
-61.5912
-61.5837
-61.5763
-61.5688
-61.5612
-61.5537
-61.5461
-61.5385
-61.5309
-61.5233
-61.5156
-61.5079
-61.5002
-61.4925
-61.4848
-61.477
-61.4692
-61.4614
-61.4536
-61.4458
-61.4379
-61.43
-61.4221
-61.4141
-61.4062
-61.3982
-61.3901
-61.3821
-61.3741
-61.366
-61.3579
-61.3497
-61.3416
-61.3334
-61.3252
-61.3169
-61.3087
-61.3004
-61.2921
-61.2838
-61.2754
-61.267
-61.2586
-61.2502
-61.2417
-61.2332
-61.2247
-61.2161
-61.2076
-61.1989
-61.1903
-61.1817
-61.173
-61.1643
-61.1555
-61.1467
-61.1379
-61.1291
-61.1202
-61.1114
-61.1024
-61.0935
-61.0845
-61.0755
-61.0664
-61.0574
-61.0483
-61.0391
-61.0299
-61.0207
-61.0115
-61.0022
-60.9929
-60.9836
-60.9742
-60.9648
-60.9554
-60.9459
-60.9364
-60.9269
-60.9173
-60.9077
-60.8981
-60.8884
-60.8787
-60.8689
-60.8591
-60.8493
-60.8394
-60.8295
-60.8196
-60.8096
-60.7996
-60.7896
-60.7795
-60.7693
-60.7591
-60.7489
-60.7387
-60.7284
-60.718
-60.7077
-60.6972
-60.6868
-60.6763
-60.6657
-60.6551
-60.6445
-60.6338
-60.6231
-60.6123
-60.6015
-60.5906
-60.5797
-60.5687
-60.5577
-60.5467
-60.5356
-60.5244
-60.5132
-60.502
-60.4907
-60.4794
-60.468
-60.4565
-60.445
-60.4334
-60.4218
-60.4102
-60.3985
-60.3867
-60.3749
-60.363
-60.3511
-60.3391
-60.327
-60.3149
-60.3027
-60.2905
-60.2782
-60.2659
-60.2535
-60.241
-60.2285
-60.2159
-60.2033
-60.1905
-60.1778
-60.1649
-60.152
-60.139
-60.126
-60.1129
-60.0997
-60.0864
-60.0731
-60.0597
-60.0462
-60.0327
-60.0191
-60.0054
-59.9917
-59.9778
-59.9639
-59.9499
-59.9359
-59.9217
-59.9075
-59.8932
-59.8788
-59.8643
-59.8497
-59.8351
-59.8204
-59.8056
-59.7907
-59.7757
-59.7606
-59.7454
-59.7301
-59.7148
-59.6993
-59.6838
-59.6681
-59.6524
-59.6365
-59.6206
-59.6046
-59.5884
-59.5721
-59.5558
-59.5393
-59.5227
-59.5061
-59.4893
-59.4723
-59.4553
-59.4382
-59.4209
-59.4035
-59.386
-59.3684
-59.3507
-59.3328
-59.3148
-59.2967
-59.2784
-59.26
-59.2415
-59.2228
-59.204
-59.1851
-59.166
-59.1468
-59.1274
-59.1079
-59.0882
-59.0684
-59.0484
-59.0282
-59.0079
-58.9874
-58.9668
-58.946
-58.925
-58.9038
-58.8825
-58.861
-58.8393
-58.8174
-58.7954
-58.7731
-58.7506
-58.728
-58.7051
-58.6821
-58.6588
-58.6353
-58.6116
-58.5877
-58.5636
-58.5392
-58.5146
-58.4898
-58.4647
-58.4394
-58.4138
-58.388
-58.3619
-58.3355
-58.3089
-58.282
-58.2549
-58.2274
-58.1997
-58.1716
-58.1433
-58.1147
-58.0857
-58.0564
-58.0268
-57.9969
-57.9666
-57.9359
-57.9049
-57.8736
-57.8419
-57.8098
-57.7773
-57.7444
-57.7111
-57.6773
-57.6432
-57.6086
-57.5736
-57.5381
-57.5022
-57.4657
-57.4288
-57.3914
-57.3535
-57.315
-57.276
-57.2364
-57.1963
-57.1555
-57.1142
-57.0722
-57.0297
-56.9864
-56.9425
-56.8979
-56.8525
-56.8065
-56.7597
-56.7121
-56.6637
-56.6144
-56.5643
-56.5134
-56.4615
-56.4087
-56.3549
-56.3001
-56.2443
-56.1874
-56.1293
-56.0702
-56.0098
-55.9482
-55.8853
-55.821
-55.7554
-55.6883
-55.6197
-55.5496
-55.4778
-55.4044
-55.3291
-55.252
-55.173
-55.0919
-55.0087
-54.9233
-54.8355
-54.7453
-54.6525
-54.5569
-54.4585
-54.3571
-54.2525
-54.1445
-54.0329
-53.9175
-53.798
-53.6742
-53.5458
-53.4124
-53.2737
-53.1294
-52.9789
-52.8218
-52.6575
-52.4855
-52.3049
-52.115
-51.9149
-51.7035
-51.4795
-51.2416
-50.9879
-50.7164
-50.4246
-50.1094
-49.7667
-49.3914
-48.9767
-48.5136
-47.9901
-47.3896
-46.6877
-45.8385
-44.7788
-43.4213
-41.6605
-39.3474
-36.2006
-31.637
-23.6449
-12.5355
0.8718
12.6635
21.3806
27.6338
32.1179
35.3258
37.594
39.1221
40.0245
40.3782
40.2441
39.6797
38.7459
37.5086
36.0353
34.3908
32.633
30.8103
28.9608
27.1133
25.2878
23.4982
21.7528
20.0567
18.4119
16.8187
15.2764
13.7833
12.3375
10.9368
9.57905
8.26214
6.98412
5.74318
4.53773
3.36634
2.22777
1.12092
0.0448556
-1.00126
-2.01815
-3.00647
-3.96684
-4.89983
-5.80601
-6.68595
-7.54024
-8.36951
-9.17443
-9.95572
-10.7141
-11.4505
-12.1657
-12.8605
-13.5361
-14.1933
-14.8331
-15.4566
-16.0648
-16.6589
-17.2397
-17.8084
-18.3661
-18.9137
-19.4524
-19.9831
-20.5068
-21.0246
-21.5375
-22.0463
-22.5522
-23.056
-23.5588
-24.0614
-24.5649
-25.0702
-25.5783
-26.0902
-26.6067
-27.1289
-27.6577
-28.194
-28.7387
-29.2925
-29.8563
-30.4306
-31.0159
-31.6126
-32.221
-32.841
-33.4727
-34.1163
-34.7723
-35.4419
-36.1267
-36.828
-37.5471
-38.2843
-39.0389
-39.8093
-40.5931
-41.3876
-42.1902
-42.9981
-43.8097
-44.6234
-45.4381
-46.2528
-47.0666
-47.879
-48.6892
-49.4967
-50.301
-51.1013
-51.8972
-52.6878
-53.4725
-54.2504
-55.0206
-55.7824
-56.5346
-57.2764
-58.0066
-58.7244
-59.4286
-60.1184
-60.7926
-61.4505
-62.0913
-62.714
-63.3181
-63.9029
-64.468
-65.0131
-65.5378
-66.0421
-66.5258
-66.9892
-67.4323
-67.8554
-68.2589
-68.6432
-69.0088
-69.3562
-69.6861
-69.999
-70.2957
-70.5767
-70.8427
-71.0945
-71.3326
-71.5578
-71.7707
-71.9718
-72.1619
-72.3415
-72.5111
-72.6714
-72.8228
-72.9657
-73.1008
-73.2284
-73.3489
-73.4628
-73.5704
-73.6721
-73.7682
-73.8591
-73.945
-74.0262
-74.103
-74.1755
-74.2442
-74.3091
-74.3705
-74.4286
-74.4835
-74.5354
-74.5846
-74.631
-74.6749
-74.7165
-74.7557
-74.7928
-74.8279
-74.861
-74.8923
-74.9219
-74.9498
-74.9761
-75.001
-75.0244
-75.0465
-75.0673
-75.0868
-75.1052
-75.1225
-75.1387
-75.154
-75.1682
-75.1816
-75.1941
-75.2057
-75.2165
-75.2266
-75.236
-75.2447
-75.2527
-75.2601
-75.2668
-75.273
-75.2787
-75.2838
-75.2884
-75.2925
-75.2961
-75.2993
-75.3021
-75.3044
-75.3064
-75.308
-75.3093
-75.3101
-75.3107
-75.3109
-75.3109
-75.3105
-75.3099
-75.309
-75.3078
-75.3064
-75.3047
-75.3028
-75.3007
-75.2984
-75.2959
-75.2932
-75.2903
-75.2872
-75.2839
-75.2805
-75.2769
-75.2732
-75.2693
-75.2653
-75.2611
-75.2568
-75.2524
-75.2479
-75.2432
-75.2385
-75.2336
-75.2286
-75.2236
-75.2184
-75.2131
-75.2078
-75.2024
-75.1969
-75.1913
-75.1857
-75.1799
-75.1741
-75.1683
-75.1624
-75.1564
-75.1504
-75.1443
-75.1381
-75.132
-75.1257
-75.1194
-75.1131
-75.1068
-75.1004
-75.0939
-75.0874
-75.0809
-75.0744
-75.0678
-75.0612
-75.0546
-75.0479
-75.0412
-75.0345
-75.0278
-75.021
-75.0142
-75.0074
-75.0006
-74.9938
-74.9869
-74.9801
-74.9732
-74.9663
-74.9594
-74.9525
-74.9456
-74.9386
-74.9317
-74.9247
-74.9178
-74.9108
-74.9038
-74.8968
-74.8898
-74.8828
-74.8758
-74.8688
-74.8618
-74.8548
-74.8478
-74.8408
-74.8337
-74.8267
-74.8197
-74.8127
-74.8056
-74.7986
-74.7916
-74.7846
-74.7775
-74.7705
-74.7635
-74.7565
-74.7494
-74.7424
-74.7354
-74.7284
-74.7214
-74.7143
-74.7073
-74.7003
-74.6933
-74.6863
-74.6793
-74.6723
-74.6653
-74.6583
-74.6513
-74.6444
-74.6374
-74.6304
-74.6234
-74.6165
-74.6095
-74.6025
-74.5956
-74.5886
-74.5817
-74.5747
-74.5678
-74.5608
-74.5539
-74.5469
-74.54
-74.5331
-74.5262
-74.5192
-74.5123
-74.5054
-74.4985
-74.4916
-74.4847
-74.4778
-74.4709
-74.464
-74.4571
-74.4503
-74.4434
-74.4365
-74.4296
-74.4228
-74.4159
-74.409
-74.4022
-74.3953
-74.3885
-74.3816
-74.3748
-74.3679
-74.3611
-74.3543
-74.3474
-74.3406
-74.3338
-74.3269
-74.3201
-74.3133
-74.3065
-74.2996
-74.2928
-74.286
-74.2792
-74.2724
-74.2656
-74.2588
-74.252
-74.2452
-74.2384
-74.2316
-74.2248
-74.218
-74.2112
-74.2044
-74.1976
-74.1908
-74.184
-74.1772
-74.1704
-74.1637
-74.1569
-74.1501
-74.1433
-74.1365
-74.1297
-74.123
-74.1162
-74.1094
-74.1026
-74.0958
-74.0891
-74.0823
-74.0755
-74.0687
-74.0619
-74.0552
-74.0484
-74.0416
-74.0348
-74.028
-74.0213
-74.0145
-74.0077
-74.0009
-73.9941
-73.9874
-73.9806
-73.9738
-73.967
-73.9602
-73.9534
-73.9466
-73.9399
-73.9331
-73.9263
-73.9195
-73.9127
-73.9059
-73.8991
-73.8923
-73.8855
-73.8787
-73.8719
-73.8651
-73.8583
-73.8515
-73.8447
-73.8379
-73.8311
-73.8243
-73.8175
-73.8107
-73.8039
-73.797
-73.7902
-73.7834
-73.7766
-73.7698
-73.7629
-73.7561
-73.7493
-73.7424
-73.7356
-73.7288
-73.7219
-73.7151
-73.7083
-73.7014
-73.6946
-73.6877
-73.6809
-73.674
-73.6672
-73.6603
-73.6534
-73.6466
-73.6397
-73.6328
-73.626
-73.6191
-73.6122
-73.6053
-73.5985
-73.5916
-73.5847
-73.5778
-73.5709
-73.564
-73.5571
-73.5502
-73.5433
-73.5364
-73.5295
-73.5226
-73.5157
-73.5088
-73.5019
-73.4949
-73.488
-73.4811
-73.4742
-73.4672
-73.4603
-73.4534
-73.4464
-73.4395
-73.4325
-73.4256
-73.4186
-73.4117
-73.4047
-73.3978
-73.3908
-73.3838
-73.3769
-73.3699
-73.3629
-73.356
-73.349
-73.342
-73.335
-73.328
-73.321
-73.314
-73.307
-73.3
-73.293
-73.286
-73.279
-73.272
-73.265
-73.258
-73.2509
-73.2439
-73.2369
-73.2299
-73.2228
-73.2158
-73.2088
-73.2017
-73.1947
-73.1876
-73.1806
-73.1735
-73.1665
-73.1594
-73.1523
-73.1453

