-55
-55
-55.0142
-55.029
-55.0431
-55.0563
-55.0687
-55.0804
-55.0913
-55.1016
-55.1112
-55.1201
-55.1286
-55.1364
-55.1438
-55.1507
-55.1571
-55.1631
-55.1687
-55.1738
-55.1787
-55.1832
-55.1873
-55.1912
-55.1948
-55.198
-55.2011
-55.2039
-55.2065
-55.2088
-55.211
-55.2129
-55.2147
-55.2163
-55.2177
-55.219
-55.2202
-55.2212
-55.2221
-55.2228
-55.2235
-55.224
-55.2245
-55.2248
-55.2251
-55.2252
-55.2253
-55.2253
-55.2253
-55.2252
-55.225
-55.2247
-55.2244
-55.224
-55.2236
-55.2232
-55.2227
-55.2221
-55.2215
-55.2209
-55.2202
-55.2196
-55.2188
-55.2181
-55.2173
-55.2165
-55.2156
-55.2148
-55.2139
-55.213
-55.2121
-55.2111
-55.2102
-55.2092
-55.2082
-55.2072
-55.2062
-55.2052
-55.2042
-55.2031
-55.2021
-55.201
-55.1999
-55.1988
-55.1977
-55.1966
-55.1955
-55.1944
-55.1933
-55.1922
-55.191
-55.1899
-55.1888
-55.1876
-55.1865
-55.1854
-55.1842
-55.1831
-55.1819
-55.1808
-55.1796
-55.1785
-55.1773
-55.1761
-55.175
-55.1738
-55.1727
-55.1715
-55.1704
-55.1692
-55.1681
-55.1669
-55.1658
-55.1646
-55.1635
-55.1623
-55.1612
-55.16
-55.1589
-55.1578
-55.1566
-55.1555
-55.1544
-55.1532
-55.1521
-55.151
-55.1499
-55.1487
-55.1476
-55.1465
-55.1454
-55.1443
-55.1432
-55.1421
-55.141
-55.1399
-55.1388
-55.1377
-55.1367
-55.1356
-55.1345
-55.1334
-55.1324
-55.1313
-55.1303
-55.1292
-55.1282
-55.1271
-55.1261
-55.125
-55.124
-55.123
-55.122
-55.121
-55.1199
-55.1189
-55.1179
-55.1169
-55.1159
-55.1149
-55.114
-55.113
-55.112
-55.111
-55.1101
-55.1091
-55.1081
-55.1072
-55.1062
-55.1053
-55.1044
-55.1034
-55.1025
-55.1016
-55.1007
-55.0997
-55.0988
-55.0979
-55.097
-55.0961
-55.0953
-55.0944
-55.0935
-55.0926
-55.0918
-55.0909
-55.09
-55.0892
-55.0883
-55.0875
-55.0867
-55.0858
-55.085
-55.0842
-55.0834
-55.0825
-55.0817
-55.0809
-55.0801
-55.0793
-55.0786
-55.0778
-55.077
-55.0762
-55.0755
-55.0747
-55.074
-55.0732
-55.0725
-55.0717
-55.071
-55.0703
-55.0695
-55.0688
-55.0681
-55.0674
-55.0667
-55.066
-55.0653
-55.0646
-55.0639
-55.0632
-55.0626
-55.0619
-55.0612
-55.0606
-55.0599
-55.0593
-55.0586
-55.058
-55.0574
-55.0567
-55.0561
-55.0555
-55.0549
-55.0543
-55.0536
-55.053
-55.0525
-55.0519
-55.0513
-55.0507
-55.0501
-55.0495
-55.049
-55.0484
-55.0479
-55.0473
-55.0468
-55.0462
-55.0457
-55.0452
-55.0446
-55.0441
-55.0436
-55.0431
-55.0426
-55.042
-55.0415
-55.041
-55.0406
-55.0401
-55.0396
-55.0391
-55.0386
-55.0382
-55.0377
-55.0372
-55.0368
-55.0363
-55.0359
-55.0354
-55.035
-55.0346
-55.0341
-55.0337
-55.0333
-55.0329
-55.0324
-55.032
-55.0316
-55.0312
-55.0308
-55.0304
-55.03
-55.0296
-55.0293
-55.0289
-55.0285
-55.0281
-55.0278
-55.0274
-55.0271
-55.0267
-55.0263
-55.026
-55.0257
-55.0253
-55.025
-55.0246
-55.0243
-55.024
-55.0237
-55.0234
-55.023
-55.0227
-55.0224
-55.0221
-55.0218
-55.0215
-55.0212
-55.0209
-55.0206
-55.0204
-55.0201
-55.0198
-55.0195
-55.0193
-55.019
-55.0187
-55.0185
-55.0182
-55.018
-55.0177
-55.0175
-55.0172
-55.017
-55.0167
-55.0165
-55.0163
-55.0161
-55.0158
-55.0156
-55.0154
-55.0152
-55.015
-55.0147
-55.0145
-55.0143
-55.0141
-55.0139
-55.0137
-55.0135
-55.0133
-55.0132
-55.013
-55.0128
-55.0126
-55.0124
-55.0123
-55.0121
-55.0119
-55.0117
-55.0116
-55.0114
-55.0113
-55.0111
-55.0109
-55.0108
-55.0106
-55.0105
-55.0103
-55.0102
-55.0101
-55.0099
-55.0098
-55.0096
-55.0095
-55.0094
-55.0093
-55.0091
-55.009
-55.0089
-55.0088
-55.0087
-55.0085
-55.0084
-55.0083
-55.0082
-55.0081
-55.008
-55.0079
-55.0078
-55.0077
-55.0076
-55.0075
-55.0074
-55.0073
-55.0072
-55.0071
-55.0071
-55.007
-55.0069
-55.0068
-55.0067
-55.0067
-55.0066
-55.0065
-55.0064
-55.0064
-55.0063
-55.0062
-55.0062
-55.0061
-55.006
-55.006
-55.0059
-55.0059
-55.0058
-55.0058
-55.0057
-55.0056
-55.0056
-55.0055
-55.0055
-55.0055
-55.0054
-55.0054
-55.0053
-55.0053
-55.0052
-55.0052
-55.0052
-55.0051
-55.0051
-55.0051
-55.005
-55.005
-55.005
-55.0049
-55.0049
-55.0049
-55.0049
-55.0048
-55.0048
-55.0048
-55.0048
-55.0048
-55.0047
-55.0047
-55.0047
-55.0047
-55.0047
-55.0047
-55.0047
-55.0046
-55.0046
-55.0046
-55.0046
-55.0046
-55.0046
-55.0046
-55.0046
-55.0046
-55.0046
-55.0046
-55.0046
-55.0046
-55.0046
-55.0046
-55.0046
-55.0046
-55.0046
-55.0046
-55.0046
-55.0046
-55.0046
-55.0046
-55.0046
-55.0046
-55.0046
-55.0046
-55.0047
-55.0047
-55.0047
-55.0047
-55.0047
-55.0047
-55.0047
-55.0047
-55.0048
-55.0048
-55.0048
-55.0048
-55.0048
-55.0048
-55.0049
-55.0049
-55.0049
-55.0049
-55.0049
-55.005
-55.005
-55.005
-55.005
-55.005
-55.0051
-55.0051
-55.0051
-55.0051
-55.0052
-55.0052
-55.0052
-55.0052
-55.0053
-55.0053
-55.0053
-55.0053
-55.0054
-55.0054
-55.0054
-55.0054
-55.0055
-55.0055
-55.0055
-55.0056
-55.0056
-55.0056
-55.0056
-55.0057
-55.0057
-55.0057
-55.0058
-55.0058
-55.0058
-55.0059
-55.0059
-55.0059
-55.0059
-55.006
-55.006
-55.006
-55.0061
-55.0061
-55.0061
-55.0062
-55.0062
-55.0062
-55.0063
-55.0063
-55.0063
-55.0064
-55.0064
-55.0064
-55.0065
-55.0065
-55.0065
-55.0066
-55.0066
-55.0066
-55.0067
-55.0067
-55.0067
-55.0068
-55.0068
-55.0069
-55.0069
-55.0069
-55.007
-55.007
-55.007
-55.0071
-55.0071
-55.0071
-55.0072
-55.0072
-55.0072
-55.0073
-55.0073
-55.0073
-55.0074
-55.0074
-55.0074
-55.0075
-55.0075
-55.0076
-55.0076
-55.0076
-55.0077
-55.0077
-55.0077
-55.0078
-55.0078
-55.0078
-55.0079
-55.0079
-55.0079
-55.008
-55.008
-55.008
-55.0081
-55.0081
-55.0081
-55.0082
-55.0082
-55.0082
-55.0083
-55.0083
-55.0083
-55.0084
-55.0084
-55.0084
-55.0085
-55.0085
-55.0085
-55.0086
-55.0086
-55.0086
-55.0087
-55.0087
-55.0087
-55.0088
-55.0088
-55.0088
-55.0089
-55.0089
-55.0089
-55.009
-55.009
-55.009
-55.0091
-55.0091
-55.0091
-55.0091
-55.0092
-55.0092
-55.0092
-55.0093
-55.0093
-55.0093
-55.0094
-55.0094
-55.0094
-55.0094
-55.0095
-55.0095
-55.0095
-55.0096
-55.0096
-55.0096
-55.0096
-55.0097
-55.0097
-55.0097
-55.0098
-55.0098
-55.0098
-55.0098
-55.0099
-55.0099
-55.0099
-55.0099
-55.01
-55.01
-55.01
-55.0101
-55.0101
-55.0101
-55.0101
-55.0102
-55.0102
-55.0102
-55.0102
-55.0103
-55.0103
-55.0103
-55.0103
-55.0104
-55.0104
-55.0104
-55.0104
-55.0105
-55.0105
-55.0105
-55.0105
-55.0105
-55.0106
-55.0106
-55.0106
-55.0106
-55.0107
-55.0107
-55.0107
-55.0107
-55.0107
-55.0108
-55.0108
-55.0108
-55.0108
-55.0109
-55.0109
-55.0109
-55.0109
-55.0109
-55.011
-55.011
-55.011
-55.011
-55.011
-55.0111
-55.0111
-55.0111
-55.0111
-55.0111
-55.0111
-55.0112
-55.0112
-55.0112
-55.0112
-55.0112
-55.0113
-55.0113
-55.0113
-55.0113
-55.0113
-55.0113
-55.0114
-55.0114
-55.0114
-55.0114
-55.0114
-55.0114
-55.0115
-55.0115
-55.0115
-55.0115
-55.0115
-55.0115
-55.0115
-55.0116
-55.0116
-55.0116
-55.0116
-55.0116
-55.0116
-55.0116
-55.0117
-55.0117
-55.0117
-55.0117
-55.0117
-55.0117
-55.0117
-55.0117
-55.0118
-55.0118
-55.0118
-55.0118
-55.0118
-55.0118
-55.0118
-55.0118
-55.0119
-55.0119
-55.0119
-55.0119
-55.0119
-55.0119
-55.0119
-55.0119
-55.0119
-55.012
-55.012
-55.012
-55.012
-55.012
-55.012
-55.012
-55.012
-55.012
-55.012
-55.012
-55.0121
-55.0121
-55.0121
-55.0121
-55.0121
-55.0121
-55.0121
-55.0121
-55.0121
-55.0121
-55.0121
-55.0122
-55.0122
-55.0122
-55.0122
-55.0122
-55.0122
-55.0122
-55.0122
-55.0122
-55.0122
-55.0122
-55.0122
-55.0122
-55.0122
-55.0122
-55.0123
-55.0123
-55.0123
-55.0123
-55.0123
-55.0123
-55.0123
-55.0123
-55.0123
-55.0123
-55.0123
-55.0123
-55.0123
-55.0123
-55.0123
-55.0123
-55.0123
-55.0123
-55.0124
-55.0124
-55.0124
-55.0124
-55.0124
-55.0124
-55.0124
-55.0124
-55.0124
-55.0124
-55.0124
-55.0124
-55.0124
-55.0124
-55.0124
-55.0124
-55.0124
-55.0124
-55.0124
-55.0124
-55.0124
-55.0124
-55.0124
-55.0124
-55.0124
-55.0124
-55.0124
-55.0124
-55.0124
-55.0124
-55.0125
-55.0125
-55.0125
-55.0125
-55.0125
-55.0125
-55.0125
-55.0125
-55.0125
-55.0125
-55.0125
-55.0125
-55.0125
-55.0125
-55.0125
-55.0125
-55.0125
-55.0125
-55.0125
-55.0125
-55.0125
-55.0125
-55.0125
-55.0125
-55.0125
-55.0125
-55.0125
-55.0125
-55.0125
-55.0125
-55.0125
-55.0125
-55.0125
-55.0125
-55.0125
-55.0125
-55.0125
-55.0125
-55.0125
-55.0125
-55.0125
-55.0125
-55.0125
-55.0125
-55.0125
-55.0125
-55.0125
-55.0125
-55.0125
-55.0125
-55.0125
-55.0125
-55.0125
-55.0125
-55.0125
-55.0125
-55.0125
-55.0125
-55.0125
-55.0125
-55.0125
-55.0125
-55.0125
-55.0125
-55.0125
-55.0125
-55.0125
-55.0125
-55.0125
-55.0125
-55.0125
-55.0125
-55.0125
-55.0125
-55.0125
-55.0125
-55.0125
-55.0125
-55.0125
-55.0125
-55.0125
-55.0125
-55.0125
-55.0125
-55.0125
-55.0125
-55.0125
-55.0124
-55.0124
-55.0124
-55.0124
-55.0124
-55.0124
-55.0124
-55.0124
-55.0124
-55.0124
-55.0124
-55.0124
-55.0124
-55.0124
-55.0124
-55.0124
-55.0124
-55.0124
-55.0124
-55.0124
-55.0124
-55.0124
-55.0124
-55.0124
-55.0124
-55.0124
-55.0124
-55.0124
-55.0124
-55.0124
-55.0124
-55.0124
-55.0124
-55.0124
-55.0124
-55.0124
-55.0124
-55.0124
-55.0124
-55.0124
-55.0124
-55.0124
-55.0124
-55.0124
-55.0124
-55.0124
-55.0124
-55.0123
-55.0123
-55.0123
-55.0123
-55.0123
-55.0123
-55.0123
-55.0123
-55.0123
-55.0123
-55.0123
-55.0123
-55.0123
-55.0123
-55.0123
-55.0123
-55.0123
-55.0123
-55.0123
-55.0123
-55.0123
-55.0123
-55.0123
-55.0123
-55.0123
-55.0123
-55.0123
-55.0123
-55.0123
-55.0123
-55.0123
-55.0123
-55.0123
-55.0123
-55.0123
-55.0123
-55.0123
-55.0122
-55.0122
-55.0122
-55.0122
-55.0122
-55.0122
-55.0122
-55.0122
-55.0122
-55.0122
-55.0122
-55.0122
-55.0122
-55.0122
-55.0122
-55.0122
-55.0122
-55.0122
-55.0122
-55.0122
-55.0122
-55.0122
-55.0122
-55.0122
-55.0122
-55.0122
-55.0122
-55.0122
-55.0122
-55.0122
-55.0122
-55.0122
-55.0122
-55.0122
-55.0122
-55.0121
-55.0121
-55.0121
-55.0121
-55.0121
-55.0121
-55.0121
-55.0121
-55.0121
-55.0121
-55.0121
-55.0121
-55.0121
-55.0121
-55.0121
-55.0121
-55.0121
-55.0121
-55.0121
-55.0121
-55.0121
-55.0121
-55.0121
-55.0121
-55.0121
-55.0121
-55.0121
-55.0121
-55.0121
-55.0121
-55.0121
-55.0121
-55.0121
-55.0121
-55.0121
-55.012
-55.012
-55.012
-55.012
-55.012
-55.012
-55.012
-55.012
-55.012
-55.012
-55.012
-55.012
-55.012
-55.012
-55.012
-55.012
-55.012
-55.012
-55.012
-55.012
-55.012
-55.012
-55.012
-55.012
-55.012
-55.012
-55.012
-55.012
-55.012
-55.012
-55.012
-55.012
-55.012
-55.012
-55.012
-55.0119
-55.0119
-55.0119
-55.0119
-55.0119
-55.0119
-55.0119
-55.0119
-55.0119
-55.0119
-55.0119
-55.0119
-55.0119
-55.0119
-55.0119
-55.0119
-55.0119
-55.0119
-55.0119
-55.0119
-55.0119
-55.0119
-55.0119
-55.0119
-55.0119
-55.0119
-55.0119
-55.0119
-55.0119
-55.0119
-55.0119
-55.0119
-55.0119
-55.0119
-55.0119
-55.0119
-55.0118
-55.0118
-55.0118
-55.0118
-55.0118
-55.0118
-55.0118
-55.0118
-55.0118
-55.0118
-55.0118
-55.0118
-55.0118
-55.0118
-55.0118
-55.0118
-55.0118
-55.0118
-55.0118
-55.0118
-55.0118
-55.0118
-55.0118
-55.0118
-55.0118
-55.0118
-55.0118
-55.0118
-55.0118
-55.0118
-55.0118
-55.0118
-55.0118
-55.0118
-55.0118
-55.0118
-55.0118
-55.0118
-55.0117
-55.0117
-55.0117
-55.0117
-55.0117
-55.0117
-55.0117
-55.0117
-55.0117
-55.0117
-55.0117
-55.0117
-55.0117
-55.0117
-55.0117
-55.0117
-55.0117
-55.0117
-55.0117
-55.0117
-55.0117
-55.0117
-55.0117
-55.0117
-55.0117
-55.0117
-55.0117
-55.0117
-55.0117
-55.0117
-55.0117
-55.0117
-55.0117
-55.0117
-55.0117
-55.0117
-55.0117
-55.0117
-55.0117
-55.0116
-55.0116
-55.0116
-55.0116
-55.0116
-55.0116
-55.0116
-55.0116
-55.0116
-55.0116
-55.0116
-55.0116
-55.0116
-55.0116
-55.0116
-55.0116
-55.0116
-55.0116
-55.0116
-55.0116
-55.0116
-55.0116
-55.0116
-55.0116
-55.0116
-55.0115
-55.0115
-55.0115
-55.0115
-55.0115
-55.0115
-55.0114
-55.0114
-55.0113
-55.0113
-55.0112
-55.0111
-55.011
-55.0109
-55.0107
-55.0105
-55.0103
-55.01
-55.0097
-55.0092
-55.0087
-55.008
-55.0072
-55.0061
-55.0049
-55.0033
-55.0014
-54.999
-54.996
-54.9923
-54.9878
-54.9822
-54.9754
-54.9671
-54.9569
-54.9441
-54.9282
-54.9083
-54.8835
-54.8529
-54.8155
-54.7702
-54.7154
-54.6485
-54.5655
-54.4604
-54.326
-54.1564
-53.947
-53.6941
-53.3931
-53.0365
-52.609
-52.0816
-51.4052
-50.5075
-49.3196
-47.8436
-46.1153
-44.1452
-41.9211
-39.3664
-36.2709
-32.2327
-26.6192
-18.6247
-7.92741
3.63033
13.808
22.3051
28.4268
31.648
32.583
32.2697
31.4355
30.4202
29.343
28.2186
27.017
25.7248
24.3374
22.8508
21.276
19.6388
17.9693
16.2946
14.6377
13.0188
11.4552
9.96217
8.5519
7.23254
6.00758
4.87624
3.83409
2.87418
1.98812
1.16712
0.402774
-0.312531
-0.985428
-1.62158
-2.22579
-2.80216
-3.35421
-3.88499
-4.39719
-4.89315
-5.37497
-5.8445
-6.30338
-6.7531
-7.19502
-7.63037
-8.06032
-8.48598
-8.90843
-9.32873
-9.74796
-10.1672
-10.5876
-11.0102
-11.4365
-11.8676
-12.3052
-12.7508
-13.2062
-13.6736
-14.1551
-14.6535
-15.1717
-15.7132
-16.2817
-16.8818
-17.5189
-18.1989
-18.9291
-19.7176
-20.5735
-21.5065
-22.5263
-23.6426
-24.8658
-26.207
-27.6784
-29.2922
-31.057
-32.9806
-35.0505
-37.2263
-39.4333
-41.5687
-43.5256
-45.2293
-46.6555
-47.8226
-48.7719
-49.5495
-50.1973
-50.7488
-51.2287
-51.6532
-52.0317
-52.369
-52.6673
-52.9286
-53.1554
-53.3507
-53.5182
-53.6613
-53.7837
-53.8887
-53.9788
-54.0565
-54.1235
-54.1812
-54.2308
-54.2733
-54.3095
-54.3402
-54.3659
-54.3874
-54.4052
-54.4197
-54.4313
-54.4406
-54.4476
-54.4529
-54.4565
-54.4586
-54.4596
-54.4594
-54.4582
-54.4562
-54.4534
-54.45
-54.446
-54.4414
-54.4364
-54.431
-54.4252
-54.419
-54.4126
-54.4059
-54.3989
-54.3917
-54.3843
-54.3767
-54.3689
-54.361
-54.3529
-54.3447
-54.3363
-54.3278
-54.3191
-54.3104
-54.3015
-54.2925
-54.2834
-54.2742
-54.2649
-54.2555
-54.246
-54.2364
-54.2268
-54.217
-54.2071
-54.1972
-54.1871
-54.177
-54.1668
-54.1565
-54.1461
-54.1356
-54.1251
-54.1144
-54.1037
-54.0929
-54.0821
-54.0711
-54.0601
-54.049
-54.0378
-54.0266
-54.0152
-54.0038
-53.9924
-53.9808
-53.9692
-53.9575
-53.9457
-53.9339
-53.922
-53.91
-53.898
-53.8859
-53.8737
-53.8614
-53.8491
-53.8367
-53.8243
-53.8118
-53.7992
-53.7866
-53.7739
-53.7611
-53.7483
-53.7354
-53.7225
-53.7095
-53.6964
-53.6833
-53.6701
-53.6569
-53.6436
-53.6302
-53.6168
-53.6034
-53.5899
-53.5763
-53.5627
-53.549
-53.5353
-53.5215
-53.5076
-53.4938
-53.4798
-53.4658
-53.4518
-53.4377
-53.4236
-53.4094
-53.3952
-53.3809
-53.3666
-53.3522
-53.3378
-53.3233
-53.3088
-53.2942
-53.2796
-53.265
-53.2503
-53.2356
-53.2208
-53.206
-53.1911
-53.1762
-53.1613
-53.1463
-53.1313
-53.1162
-53.1011
-53.086
-53.0708
-53.0556
-53.0403
-53.025
-53.0097
-52.9943
-52.9789
-52.9635
-52.948
-52.9325
-52.9169
-52.9014
-52.8857
-52.8701
-52.8544
-52.8387
-52.8229
-52.8071
-52.7913
-52.7754
-52.7595
-52.7436
-52.7276
-52.7117
-52.6956
-52.6796
-52.6635
-52.6474
-52.6312
-52.615
-52.5988
-52.5826
-52.5663
-52.55
-52.5337
-52.5173
-52.5009
-52.4845
-52.4681
-52.4516
-52.4351
-52.4186
-52.402
-52.3854
-52.3688
-52.3522
-52.3355
-52.3188
-52.3021
-52.2853
-52.2685
-52.2517
-52.2349
-52.218
-52.2011
-52.1842
-52.1673
-52.1503
-52.1333
-52.1163
-52.0992
-52.0822
-52.0651
-52.048
-52.0308
-52.0136
-51.9964
-51.9792
-51.9619
-51.9447
-51.9274
-51.91
-51.8927
-51.8753
-51.8579
-51.8405
-51.823
-51.8055
-51.788
-51.7705
-51.753
-51.7354
-51.7178
-51.7001
-51.6825
-51.6648
-51.6471
-51.6294
-51.6116
-51.5938
-51.576
-51.5582
-51.5403
-51.5224
-51.5045
-51.4866
-51.4686
-51.4506
-51.4326
-51.4146
-51.3965
-51.3784
-51.3603
-51.3421
-51.324
-51.3058
-51.2875
-51.2693
-51.251
-51.2327
-51.2143
-51.196
-51.1776
-51.1592
-51.1407
-51.1222
-51.1037
-51.0852
-51.0666
-51.048
-51.0294
-51.0107
-50.992
-50.9733
-50.9545
-50.9357
-50.9169
-50.8981
-50.8792
-50.8603
-50.8413
-50.8223
-50.8033
-50.7843
-50.7652
-50.7461
-50.7269
-50.7077
-50.6885
-50.6692
-50.6499
-50.6306
-50.6112
-50.5918
-50.5724
-50.5529
-50.5333
-50.5138
-50.4942
-50.4745
-50.4548
-50.4351
-50.4153
-50.3955
-50.3756
-50.3557
-50.3357
-50.3157
-50.2957
-50.2756
-50.2554
-50.2352
-50.215
-50.1947
-50.1743
-50.1539
-50.1335
-50.113
-50.0924
-50.0718
-50.0511
-50.0304
-50.0096
-49.9888
-49.9679
-49.9469
-49.9259
-49.9048
-49.8836
-49.8624
-49.8411
-49.8197
-49.7983
-49.7768
-49.7552
-49.7336
-49.7119
-49.6901
-49.6682
-49.6463
-49.6243
-49.6022
-49.58
-49.5577
-49.5353
-49.5129
-49.4904
-49.4677
-49.445
-49.4222
-49.3993
-49.3763
-49.3532
-49.33
-49.3066
-49.2832
-49.2597
-49.236
-49.2123
-49.1884
-49.1644
-49.1403
-49.116
-49.0917
-49.0672
-49.0425
-49.0178
-48.9929
-48.9678
-48.9426
-48.9172
-48.8917
-48.866
-48.8402
-48.8142
-48.788
-48.7616
-48.735
-48.7083
-48.6813
-48.6541
-48.6267
-48.599
-48.5711
-48.5429
-48.5144
-48.4856
-48.4564
-48.4268
-48.3968
-48.3662
-48.3352
-48.3034
-48.2709
-48.2375
-48.2031
-48.1675
-48.1304
-48.0916
-48.0507
-48.0072
-47.9606
-47.9102
-47.8551
-47.7943
-47.7267
-47.6507
-47.5642
-47.4648
-47.3492
-47.2132
-47.0521
-46.8608
-46.6331
-46.361
-46.0342
-45.6395
-45.1593
-44.57
-43.8418
-42.9427
-41.8457
-40.5279
-38.9502
-37.0481
-34.7428
-31.9364
-28.4898
-24.2262
-19.0023
-12.8732
-6.24478
0.397756
7.0508
13.6433
19.4168
23.5077
25.6992
26.403
26.1901
25.4861
24.5268
23.4224
22.2271
20.9675
19.6503
18.2739
16.8438
15.3775
13.9
12.4371
11.0119
9.64297
8.34418
7.12455
5.98812
4.93447
3.95991
3.05865
2.22393
1.44868
0.726093
0.0498694
-0.585632
-1.18537
-1.75366
-2.29427
-2.81049
-3.30518
-3.78086
-4.23969
-4.6836
-5.11426
-5.53314
-5.94154
-6.34061
-6.73141
-7.11487
-7.49187
-7.86322
-8.22967
-8.59193
-8.95071
-9.30667
-9.66047
-10.0128
-10.3642
-10.7154
-11.0671
-11.42
-11.7748
-12.1322
-12.4932
-12.8585
-13.2291
-13.6061
-13.9905
-14.3837
-14.7869
-15.2017
-15.6298
-16.0731
-16.5336
-17.0137
-17.5161
-18.0437
-18.5997
-19.1876
-19.8113
-20.4751
-21.1835
-21.9412
-22.7532
-23.624
-24.558
-25.5586
-26.6282
-27.7677
-28.9756
-30.2471
-31.5731
-32.9447
-34.3409
-35.7342
-37.0922
-38.3817
-39.5738
-40.6485
-41.597
-42.4214
-43.1316
-43.7424
-44.2693
-44.7266
-45.1263
-45.4778
-45.7881
-46.0626
-46.305
-46.5188
-46.7067
-46.8716
-47.0158
-47.1418
-47.2519
-47.348
-47.432
-47.5053
-47.5694
-47.6253
-47.6741
-47.7165
-47.7533
-47.7852
-47.8128
-47.8365
-47.8569
-47.8742
-47.889
-47.9014
-47.9118
-47.9204
-47.9275
-47.9331
-47.9375
-47.9409
-47.9433
-47.9448
-47.9456
-47.9457
-47.9452
-47.9442
-47.9428
-47.9409
-47.9387
-47.9361
-47.9333
-47.9301
-47.9268
-47.9232
-47.9195
-47.9156
-47.9115
-47.9072
-47.9029
-47.8984
-47.8938
-47.8891
-47.8843
-47.8794
-47.8744
-47.8693
-47.8641
-47.8589
-47.8536
-47.8482
-47.8428
-47.8372
-47.8317
-47.826
-47.8203
-47.8145
-47.8086
-47.8027
-47.7968
-47.7907
-47.7846
-47.7785
-47.7722
-47.766
-47.7596
-47.7532
-47.7467
-47.7402
-47.7336
-47.727
-47.7203
-47.7135
-47.7067
-47.6998
-47.6928
-47.6858
-47.6787
-47.6716
-47.6644
-47.6571
-47.6498
-47.6424
-47.6349
-47.6274
-47.6198
-47.6122
-47.6045
-47.5967
-47.5889
-47.581
-47.5731
-47.5651
-47.557
-47.5489
-47.5407
-47.5324
-47.5241
-47.5157
-47.5072
-47.4987
-47.4901
-47.4815
-47.4728
-47.464
-47.4552
-47.4463
-47.4373
-47.4283
-47.4192
-47.41
-47.4008
-47.3915
-47.3822
-47.3728
-47.3633
-47.3538
-47.3442
-47.3345
-47.3248
-47.315
-47.3051
-47.2952
-47.2852
-47.2751
-47.265
-47.2548
-47.2445
-47.2342
-47.2238
-47.2133
-47.2028
-47.1922
-47.1815
-47.1708
-47.16
-47.1491
-47.1382
-47.1272
-47.1161
-47.105
-47.0938
-47.0825
-47.0711
-47.0597
-47.0482
-47.0366
-47.025
-47.0133
-47.0015
-46.9897
-46.9777
-46.9657
-46.9537
-46.9415
-46.9293
-46.917
-46.9046
-46.8922
-46.8797
-46.8671
-46.8544
-46.8416
-46.8288
-46.8159
-46.8029
-46.7898
-46.7767
-46.7634
-46.7501
-46.7367
-46.7233
-46.7097
-46.6961
-46.6823
-46.6685
-46.6546
-46.6406
-46.6265
-46.6124
-46.5981
-46.5838
-46.5694
-46.5548
-46.5402
-46.5255
-46.5107
-46.4958
-46.4808
-46.4657
-46.4505
-46.4352
-46.4199
-46.4044
-46.3888
-46.3731
-46.3573
-46.3414
-46.3254
-46.3092
-46.293
-46.2767
-46.2602
-46.2437
-46.227
-46.2102
-46.1933
-46.1762
-46.1591
-46.1418
-46.1244
-46.1069
-46.0892
-46.0714
-46.0535
-46.0355
-46.0173
-45.999
-45.9805
-45.9619
-45.9432
-45.9243
-45.9053
-45.8861
-45.8667
-45.8472
-45.8276
-45.8078
-45.7878
-45.7676
-45.7473
-45.7268
-45.7062
-45.6853
-45.6643
-45.6431
-45.6217
-45.6001
-45.5783
-45.5564
-45.5342
-45.5118
-45.4892
-45.4663
-45.4433
-45.42
-45.3965
-45.3728
-45.3488
-45.3245
-45.3
-45.2753
-45.2503
-45.225
-45.1995
-45.1736
-45.1475
-45.121
-45.0943
-45.0672
-45.0399
-45.0121
-44.9841
-44.9557
-44.9269
-44.8978
-44.8682
-44.8383
-44.808
-44.7773
-44.7461
-44.7145
-44.6824
-44.6498
-44.6168
-44.5832
-44.5492
-44.5145
-44.4793
-44.4436
-44.4072
-44.3701
-44.3325
-44.2941
-44.255
-44.2151
-44.1745
-44.133
-44.0907
-44.0474
-44.0032
-43.958
-43.9117
-43.8642
-43.8154
-43.7654
-43.7139
-43.6608
-43.606
-43.5494
-43.4907
-43.4298
-43.3663
-43.2999
-43.2303
-43.157
-43.0795
-42.9971
-42.909
-42.8143
-42.7118
-42.6002
-42.4776
-42.342
-42.1907
-42.0208
-41.8285
-41.6095
-41.3585
-41.0687
-40.7318
-40.3375
-39.8731
-39.3241
-38.6738
-37.9031
-36.9907
-35.9113
-34.6334
-33.1147
-31.3022
-29.1417
-26.5914
-23.6259
-20.2416
-16.4657
-12.36
-7.99447
-3.38212
1.5369
6.69067
11.629
15.696
18.4608
19.9116
20.3248
20.0419
19.3377
18.3938
17.3195
16.1755
14.9909
13.7773
12.5432
11.3019
10.0715
8.87133
7.71817
6.62427
5.59667
4.63767
3.74576
2.91682
2.1454
1.42564
0.75193
0.119148
-0.477245
-1.04126
-1.57642
-2.08586
-2.57238
-3.03844
-3.48624
-3.91773
-4.33462
-4.73838
-5.13035
-5.51167
-5.88336
-6.24635
-6.60147
-6.94945
-7.29099
-7.62672
-7.95725
-8.28312
-8.60485
-8.92295
-9.2379
-9.55015
-9.86016
-10.1684
-10.4752
-10.7812
-11.0866
-11.392
-11.6979
-12.0046
-12.3127
-12.6227
-12.9351
-13.2504
-13.5694
-13.8925
-14.2206
-14.5542
-14.8943
-15.2417
-15.5973
-15.9622
-16.3374
-16.7242
-17.1239
-17.5379
-17.9679
-18.4156
-18.8827
-19.3714
-19.8836
-20.4216
-20.9876
-21.584
-22.213
-22.8768
-23.5774
-24.3163
-25.0947
-25.9127
-26.7696
-27.6634
-28.5905
-29.5457
-30.5217
-31.5092
-32.5007
-33.4833
-34.4431
-35.3664
-36.2405
-37.0555
-37.8044
-38.4841
-39.0947
-39.639
-40.1218
-40.5492
-40.927
-41.2613
-41.5572
-41.8194
-42.0519
-42.258
-42.4406
-42.6024
-42.7455
-42.872
-42.9837
-43.0823
-43.1692
-43.2457
-43.3131
-43.3724
-43.4244
-43.4701
-43.5101
-43.545
-43.5755
-43.6019
-43.6249
-43.6447
-43.6616
-43.6761
-43.6884
-43.6987
-43.7073
-43.7143
-43.7199
-43.7243
-43.7275
-43.7298
-43.7312
-43.7318
-43.7317
-43.731
-43.7297
-43.7279
-43.7257
-43.723
-43.72
-43.7166
-43.7129
-43.709
-43.7048
-43.7003
-43.6957
-43.6908
-43.6858
-43.6806
-43.6752
-43.6697
-43.6641
-43.6583
-43.6524
-43.6464
-43.6402
-43.634
-43.6276
-43.6212
-43.6146
-43.608
-43.6013
-43.5944
-43.5875
-43.5805
-43.5734
-43.5662
-43.5589
-43.5516
-43.5441
-43.5366
-43.529
-43.5213
-43.5135
-43.5056
-43.4976
-43.4896
-43.4814
-43.4732
-43.4648
-43.4564
-43.4479
-43.4393
-43.4307
-43.4219
-43.413
-43.4041
-43.395
-43.3859
-43.3766
-43.3673
-43.3579
-43.3483
-43.3387
-43.329
-43.3192
-43.3093
-43.2992
-43.2891
-43.2789
-43.2686
-43.2581
-43.2476
-43.2369
-43.2262
-43.2153
-43.2044
-43.1933
-43.1821
-43.1708
-43.1594
-43.1479
-43.1362
-43.1245
-43.1126
-43.1006
-43.0885
-43.0763
-43.0639
-43.0514
-43.0388
-43.0261
-43.0133
-43.0003
-42.9872
-42.9739
-42.9605
-42.947
-42.9334
-42.9196
-42.9057
-42.8916
-42.8774
-42.863
-42.8485
-42.8339
-42.8191
-42.8041
-42.789
-42.7737
-42.7583
-42.7427
-42.7269
-42.711
-42.6949
-42.6787
-42.6622
-42.6456
-42.6288
-42.6119
-42.5947
-42.5774
-42.5598
-42.5421
-42.5242
-42.506
-42.4877
-42.4692
-42.4504
-42.4314
-42.4122
-42.3928
-42.3732
-42.3533
-42.3332
-42.3128
-42.2922
-42.2714
-42.2503
-42.2289
-42.2073
-42.1854
-42.1633
-42.1409
-42.1182
-42.0952
-42.0719
-42.0483
-42.0244
-42.0002
-41.9757
-41.9509
-41.9257
-41.9002
-41.8744
-41.8481
-41.8216
-41.7946
-41.7673
-41.7396
-41.7115
-41.683
-41.654
-41.6247
-41.5949
-41.5646
-41.5338
-41.5026
-41.4709
-41.4386
-41.4059
-41.3725
-41.3387
-41.3042
-41.2691
-41.2334
-41.1971
-41.1601
-41.1224
-41.084
-41.0449
-41.005
-40.9642
-40.9227
-40.8803
-40.8369
-40.7927
-40.7474
-40.7011
-40.6538
-40.6053
-40.5556
-40.5047
-40.4524
-40.3988
-40.3437
-40.287
-40.2287
-40.1687
-40.1068
-40.0429
-39.9769
-39.9086
-39.8378
-39.7643
-39.688
-39.6084
-39.5255
-39.4387
-39.3478
-39.2522
-39.1515
-39.045
-38.932
-38.8116
-38.683
-38.545
-38.3961
-38.2348
-38.0591
-37.8668
-37.6553
-37.4213
-37.1612
-36.8707
-36.5444
-36.1762
-35.7587
-35.2832
-34.7399
-34.1178
-33.4045
-32.5862
-31.6467
-30.5669
-29.3257
-27.8982
-26.26
-24.3924
-22.2877
-19.9484
-17.381
-14.5876
-11.5596
-8.27641
-4.71401
-0.881441
3.09708
6.91596
10.1689
12.5494
13.9762
14.5637
14.5176
14.0445
13.3092
12.4273
11.4718
10.4845
9.48723
8.49276
7.51154
6.55409
5.63034
4.74822
3.91275
3.12592
2.38715
1.69398
1.04283
0.429731
-0.149259
-0.697736
-1.21888
-1.71546
-2.18992
-2.64442
-3.08089
-3.50105
-3.90647
-4.29853
-4.67849
-5.04745
-5.4064
-5.75622
-6.09769
-6.43153
-6.75838
-7.07884
-7.39343
-7.70268
-8.00706
-8.30699
-8.60291
-8.8952
-9.18425
-9.47041
-9.75404
-10.0355
-10.3151
-10.5931
-10.87
-11.1459
-11.4213
-11.6965
-11.9717
-12.2474
-12.5239
-12.8015
-13.0806
-13.3616
-13.6449
-13.9309
-14.2201
-14.5129
-14.8098
-15.1115
-15.4183
-15.731
-16.0502
-16.3767
-16.7111
-17.0542
-17.4071
-17.7704
-18.1454
-18.5329
-18.9341
-19.3502
-19.7824
-20.2319
-20.7
-21.1879
-21.6969
-22.228
-22.7822
-23.3604
-23.963
-24.5901
-25.2416
-25.9167
-26.6138
-27.3307
-28.0643
-28.8106
-29.5648
-30.3214
-31.0739
-31.8176
-32.5456
-33.2507
-33.9265
-34.5676
-35.1694
-35.7292
-36.2453
-36.7175
-37.1469
-37.5353
-37.8853
-38.1997
-38.4815
-38.7336
-38.959
-39.1601
-39.3394
-39.499
-39.6411
-39.7672
-39.8792
-39.9784
-40.0661
-40.1436
-40.2119
-40.2719
-40.3247
-40.3708
-40.4111
-40.4461
-40.4764
-40.5025
-40.5248
-40.5437
-40.5595
-40.5727
-40.5834
-40.5919
-40.5984
-40.6032
-40.6064
-40.6081
-40.6086
-40.6079
-40.6062
-40.6036
-40.6001
-40.5958
-40.5908
-40.5852
-40.579
-40.5723
-40.5651
-40.5574
-40.5494
-40.541
-40.5322
-40.5231
-40.5138
-40.5041
-40.4942
-40.4841
-40.4737
-40.4631
-40.4523
-40.4413
-40.4301
-40.4188
-40.4072
-40.3955
-40.3836
-40.3716
-40.3594
-40.3471
-40.3346
-40.3219
-40.3092
-40.2962
-40.2831
-40.2699
-40.2565
-40.243
-40.2293
-40.2155
-40.2015
-40.1874
-40.1731
-40.1587
-40.1441
-40.1294
-40.1145
-40.0995
-40.0843
-40.0689
-40.0534
-40.0377
-40.0219
-40.0059
-39.9897
-39.9733
-39.9568
-39.94
-39.9231
-39.9061
-39.8888
-39.8713
-39.8537
-39.8358
-39.8177
-39.7995
-39.781
-39.7623
-39.7435
-39.7244
-39.705
-39.6855
-39.6657
-39.6457
-39.6254
-39.6049
-39.5842
-39.5632
-39.542
-39.5204
-39.4987
-39.4766
-39.4543
-39.4317
-39.4088
-39.3856
-39.3621
-39.3383
-39.3142
-39.2898
-39.265
-39.2399
-39.2145
-39.1887
-39.1625
-39.136
-39.1091
-39.0818
-39.0541
-39.026
-38.9975
-38.9686
-38.9392
-38.9094
-38.8791
-38.8483
-38.817
-38.7853
-38.753
-38.7202
-38.6868
-38.6528
-38.6183
-38.5832
-38.5474
-38.511
-38.474
-38.4362
-38.3977
-38.3585
-38.3185
-38.2778
-38.2362
-38.1937
-38.1504
-38.1061
-38.0609
-38.0147
-37.9674
-37.9191
-37.8696
-37.8189
-37.767
-37.7138
-37.6592
-37.6032
-37.5457
-37.4865
-37.4258
-37.3632
-37.2988
-37.2324
-37.1639
-37.0932
-37.0201
-36.9445
-36.8661
-36.7849
-36.7006
-36.613
-36.5218
-36.4266
-36.3273
-36.2233
-36.1144
-36
-35.8797
-35.7527
-35.6185
-35.4762
-35.325
-35.1638
-34.9916
-34.8069
-34.6082
-34.3938
-34.1616
-33.9093
-33.6341
-33.3332
-33.0028
-32.6388
-32.2367
-31.791
-31.2956
-30.7438
-30.1284
-29.4412
-28.6727
-27.8125
-26.849
-25.7695
-24.5603
-23.2085
-21.7028
-20.0352
-18.2003
-16.193
-14.006
-11.6289
-9.05305
-6.28195
-3.35013
-0.350597
2.54698
5.12039
7.16807
8.58285
9.37327
9.63256
9.48985
9.07162
8.48174
7.79574
7.06307
6.31315
5.56243
4.82056
4.09419
3.38864
2.70815
2.05573
1.433
0.840212
0.276548
-0.259608
-0.770305
-1.25773
-1.724
-2.17105
-2.60064
-3.01428
-3.41337
-3.79911
-4.17262
-4.53491
-4.8869
-5.22942
-5.56323
-5.88901
-6.20739
-6.51894
-6.82417
-7.12357
-7.41757
-7.70659
-7.991
-8.27118
-8.54745
-8.82014
-9.08957
-9.35602
-9.61977
-9.8811
-10.1403
-10.3975
-10.6532
-10.9074
-11.1605
-11.4126
-11.6641
-11.9151
-12.166
-12.4169
-12.6682
-12.92
-13.1727
-13.4264
-13.6816
-13.9384
-14.1972
-14.4582
-14.7219
-14.9886
-15.2585
-15.5322
-15.8099
-16.0922
-16.3794
-16.672
-16.9706
-17.2757
-17.5877
-17.9074
-18.2352
-18.5718
-18.918
-19.2742
-19.6413
-20.0199
-20.4107
-20.8144
-21.2316
-21.6629
-22.1087
-22.5695
-23.0456
-23.537
-24.0436
-24.565
-25.1006
-25.6494
-26.2101
-26.7808
-27.3596
-27.9438
-28.5306
-29.1167
-29.6986
-30.2727
-30.8352
-31.3825
-31.9129
-32.4229
-32.9097
-33.371
-33.8053
-34.2115
-34.5892
-34.9385
-35.26
-35.5546
-35.8236
-36.0685
-36.2906
-36.4917
-36.6733
-36.8368
-36.9838
-37.1157
-37.2337
-37.3391
-37.4329
-37.5163
-37.5902
-37.6555
-37.7129
-37.7632
-37.8071
-37.8452
-37.878
-37.9059
-37.9296
-37.9493
-37.9654
-37.9783
-37.9882
-37.9955
-38.0004
-38.003
-38.0037
-38.0025
-37.9997
-37.9953
-37.9896
-37.9825
-37.9744
-37.9651
-37.9549
-37.9438
-37.9318
-37.9191
-37.9056
-37.8915
-37.8768
-37.8614
-37.8456
-37.8292
-37.8124
-37.7951
-37.7773
-37.7592
-37.7406
-37.7217
-37.7024
-37.6827
-37.6628
-37.6424
-37.6218
-37.6008
-37.5795
-37.5579
-37.536
-37.5138
-37.4913
-37.4685
-37.4454
-37.422
-37.3983
-37.3743
-37.3499
-37.3253
-37.3004
-37.2751
-37.2495
-37.2236
-37.1973
-37.1708
-37.1438
-37.1166
-37.0889
-37.0609
-37.0326
-37.0038
-36.9747
-36.9452
-36.9153
-36.885
-36.8542
-36.823
-36.7914
-36.7593
-36.7268
-36.6937
-36.6602
-36.6262
-36.5916
-36.5566
-36.5209
-36.4847
-36.448
-36.4106
-36.3726
-36.334
-36.2947
-36.2547
-36.214
-36.1726
-36.1305
-36.0875
-36.0438
-35.9993
-35.9538
-35.9075
-35.8603
-35.8121
-35.7629
-35.7127
-35.6614
-35.6089
-35.5553
-35.5005
-35.4444
-35.387
-35.3282
-35.2679
-35.2061
-35.1427
-35.0777
-35.0108
-34.9422
-34.8716
-34.7989
-34.7241
-34.647
-34.5674
-34.4853
-34.4005
-34.3128
-34.222
-34.128
-34.0304
-33.9291
-33.8238
-33.7142
-33.6
-33.4808
-33.3562
-33.2258
-33.0891
-32.9456
-32.7945
-32.6354
-32.4673
-32.2895
-32.1009
-31.9006
-31.6872
-31.4595
-31.2157
-30.9543
-30.6735
-30.3709
-30.0441
-29.6901
-29.3057
-28.8873
-28.4308
-27.9316
-27.3848
-26.7847
-26.1255
-25.4002
-24.6017
-23.722
-22.7526
-21.685
-20.5108
-19.2225
-17.8138
-16.2801
-14.6181
-12.8268
-10.909
-8.87469
-6.74733
-4.5709
-2.41617
-0.379723
1.42982
2.9168
4.02327
4.74059
5.10364
5.17428
5.02324
4.71655
4.30828
3.8384
3.33414
2.813
2.28595
1.76013
1.24053
0.730821
0.233738
-0.248839
-0.71582
-1.16681
-1.60199
-2.02193
-2.42745
-2.81947
-3.19891
-3.56667
-3.92359
-4.27041
-4.60785
-4.93654
-5.25709
-5.57004
-5.87592
-6.17519
-6.46831
-6.75568
-7.0377
-7.3147
-7.58704
-7.85501
-8.11891
-8.37901
-8.63558
-8.88888
-9.13913
-9.38656
-9.6314
-9.87385
-10.1141
-10.3524
-10.5889
-10.8238
-11.0573
-11.2896
-11.5208
-11.7512
-11.9809
-12.21
-12.4388
-12.6675
-12.8962
-13.1251
-13.3543
-13.5842
-13.8148
-14.0464
-14.2792
-14.5133
-14.749
-14.9866
-15.2262
-15.468
-15.7124
-15.9595
-16.2097
-16.4633
-16.7204
-16.9814
-17.2466
-17.5164
-17.791
-18.0707
-18.3561
-18.6473
-18.9447
-19.2488
-19.5598
-19.8781
-20.2041
-20.5381
-20.8803
-21.231
-21.5905
-21.9588
-22.3362
-22.7225
-23.1178
-23.5218
-23.9342
-24.3545
-24.7821
-25.2163
-25.6561
-26.1003
-26.5477
-26.9968
-27.446
-27.8936
-28.3378
-28.7767
-29.2085
-29.6312
-30.0431
-30.4426
-30.828
-31.1982
-31.5529
-31.891
-32.2118
-32.5147
-32.7996
-33.0663
-33.3152
-33.5464
-33.7606
-33.9583
-34.1403
-34.3073
-34.4602
-34.5996
-34.7265
-34.8417
-34.9458
-35.0397
-35.1241
-35.1996
-35.267
-35.3268
-35.3796
-35.4259
-35.4662
-35.5011
-35.5308
-35.5559
-35.5767
-35.5934
-35.6065
-35.6162
-35.6227
-35.6264
-35.6274
-35.6258
-35.622
-35.6161
-35.6081
-35.5984
-35.5869
-35.5738
-35.5592
-35.5432
-35.5259
-35.5074
-35.4877
-35.4669
-35.445
-35.4222
-35.3984
-35.3737
-35.3481
-35.3217
-35.2945
-35.2666
-35.2378
-35.2084
-35.1782
-35.1474
-35.1158
-35.0836
-35.0507
-35.0171
-34.9829
-34.948
-34.9125
-34.8763
-34.8394
-34.8019
-34.7637
-34.7248
-34.6852
-34.645
-34.604
-34.5623
-34.5199
-34.4768
-34.4328
-34.3881
-34.3426
-34.2963
-34.2491
-34.2011
-34.1521
-34.1023
-34.0515
-33.9997
-33.947
-33.8931
-33.8382
-33.7822
-33.7251
-33.6667
-33.6071
-33.5462
-33.4839
-33.4203
-33.3552
-33.2886
-33.2204
-33.1505
-33.0789
-33.0055
-32.9303
-32.853
-32.7737
-32.6922
-32.6084
-32.5222
-32.4334
-32.342
-32.2477
-32.1505
-32.0501
-31.9463
-31.839
-31.7279
-31.6129
-31.4935
-31.3696
-31.2408
-31.1068
-30.9673
-30.8218
-30.67
-30.5114
-30.3453
-30.1711
-29.9882
-29.7958
-29.593
-29.3789
-29.1525
-28.9126
-28.6579
-28.3871
-28.0986
-27.7905
-27.461
-27.1079
-26.7287
-26.3208
-25.8812
-25.4068
-24.8939
-24.3388
-23.7374
-23.0853
-22.3777
-21.61
-20.7772
-19.8747
-18.8981
-17.8439
-16.7097
-15.4948
-14.2006
-12.8313
-11.395
-9.90492
-8.38077
-6.85039
-5.35015
-3.92361
-2.61757
-1.47559
-0.530953
0.19883
0.713769
1.02931
1.17156
1.17161
1.06067
0.866742
0.612974
0.317382
-0.00656958
-0.349026
-0.702787
-1.06253
-1.42428
-1.78502
-2.14252
-2.49519
-2.84193
-3.1821
-3.51534
-3.84156
-4.16081
-4.47327
-4.77914
-5.07869
-5.37218
-5.65989
-5.94208
-6.21903
-6.491
-6.75824
-7.02099
-7.27949
-7.53397
-7.78464
-8.03172
-8.2754
-8.51586
-8.75331
-8.9879
-9.21982
-9.44922
-9.67626
-9.90111
-10.1239
-10.3448
-10.5639
-10.7814
-10.9974
-11.2121
-11.4256
-11.6379
-11.8493
-12.0599
-12.2697
-12.479
-12.6878
-12.8963
-13.1045
-13.3127
-13.5209
-13.7293
-13.938
-14.1472
-14.3569
-14.5673
-14.7785
-14.9907
-15.204
-15.4186
-15.6345
-15.8521
-16.0713
-16.2924
-16.5156
-16.7409
-16.9686
-17.1988
-17.4317
-17.6675
-17.9063
-18.1483
-18.3938
-18.6428
-18.8956
-19.1523
-19.4131
-19.6781
-19.9475
-20.2215
-20.5
-20.7833
-21.0714
-21.3644
-21.6622
-21.9648
-22.2722
-22.5843
-22.9009
-23.2217
-23.5465
-23.875
-24.2067
-24.5412
-24.8778
-25.2161
-25.5552
-25.8945
-26.2331
-26.5703
-26.905
-27.2365
-27.5638
-27.8859
-28.202
-28.5112
-28.8128
-29.1058
-29.3897
-29.6639
-29.9277
-30.1809
-30.4231
-30.654
-30.8734
-31.0814
-31.2783
-31.4641
-31.639
-31.803
-31.9564
-32.0994
-32.2323
-32.3555
-32.4693
-32.5741
-32.6703
-32.7584
-32.8386
-32.9115
-32.9773
-33.0365
-33.0894
-33.1364
-33.1777
-33.2138
-33.2449
-33.2714
-33.2933
-33.3112
-33.3251
-33.3353
-33.342
-33.3455
-33.3458
-33.3432
-33.3379
-33.3299
-33.3194
-33.3066
-33.2916
-33.2744
-33.2552
-33.2341
-33.2111
-33.1863
-33.1599
-33.1318
-33.1021
-33.0709
-33.0382
-33.004
-32.9685
-32.9316
-32.8933
-32.8538
-32.8129
-32.7707
-32.7273
-32.6826
-32.6366
-32.5894
-32.541
-32.4913
-32.4403
-32.3881
-32.3345
-32.2797
-32.2236
-32.1661
-32.1073
-32.0471
-31.9854
-31.9223
-31.8578
-31.7917
-31.724
-31.6548
-31.5838
-31.5112
-31.4368
-31.3606
-31.2824
-31.2023
-31.1202
-31.0359
-30.9495
-30.8608
-30.7697
-30.6762
-30.5801
-30.4813
-30.3796
-30.2749
-30.1669
-30.0557
-29.9409
-29.8223
-29.6998
-29.5732
-29.4421
-29.3063
-29.1655
-29.0194
-28.8677
-28.7099
-28.5457
-28.3746
-28.1961
-28.0097
-27.8149
-27.6109
-27.397
-27.1726
-26.9368
-26.6886
-26.4271
-26.1512
-25.8596
-25.5511
-25.2242
-24.8774
-24.5091
-24.1174
-23.7004
-23.2561
-22.7824
-22.2769
-21.7374
-21.1616
-20.5472
-19.8921
-19.1943
-18.4524
-17.6652
-16.8326
-15.9552
-15.035
-14.0754
-13.0817
-12.0612
-11.0237
-9.98141
-8.94896
-7.94327
-6.98272
-6.08599
-5.27057
-4.55109
-3.93793
-3.43628
-3.04595
-2.76196
-2.57559
-2.47575
-2.4503
-2.48716
-2.57508
-2.70408
-2.86563
-3.05262
-3.25918
-3.48055
-3.7129
-3.95311
-4.19872
-4.44774
-4.69863
-4.95019
-5.20149
-5.45183
-5.70069
-5.94771
-6.19261
-6.4352
-6.67538
-6.91305
-7.14821
-7.38083
-7.61093
-7.83855
-8.06375
-8.28657
-8.50708
-8.72536
-8.94147
-9.15551
-9.36754
-9.57766
-9.78595
-9.99249
-10.1974
-10.4007
-10.6025
-10.8029
-11.002
-11.1998
-11.3965
-11.5921
-11.7867
-11.9805
-12.1734
-12.3655
-12.5571
-12.748
-12.9385
-13.1285
-13.3182
-13.5077
-13.697
-13.8862
-14.0754
-14.2647
-14.4542
-14.6439
-14.834
-15.0244
-15.2154
-15.407
-15.5992
-15.7922
-15.986
-16.1808
-16.3766
-16.5735
-16.7716
-16.971
-17.1717
-17.374
-17.5777
-17.7831
-17.9902
-18.1991
-18.4099
-18.6226
-18.8373
-19.0542
-19.2731
-19.4943
-19.7177
-19.9434
-20.1714
-20.4017
-20.6344
-20.8694
-21.1067
-21.3462
-21.5879
-21.8318
-22.0776
-22.3253
-22.5748
-22.8258
-23.0782
-23.3317
-23.5861
-23.8412
-24.0965
-24.3518
-24.6067
-24.8609
-25.1139
-25.3654
-25.615
-25.8621
-26.1065
-26.3476
-26.585
-26.8183
-27.0471
-27.271
-27.4897
-27.7027
-27.9098
-28.1108
-28.3053
-28.4931
-28.674
-28.848
-29.0148
-29.1745
-29.3269
-29.4721
-29.61
-29.7408
-29.8644
-29.9811
-30.0908
-30.1938
-30.2901
-30.3799
-30.4635
-30.5409
-30.6124
-30.6781
-30.7383
-30.7931
-30.8427
-30.8873
-30.9272
-30.9623
-30.993
-31.0195
-31.0419
-31.0604
-31.0752
-31.0863
-31.094
-31.0982
-31.0992
-31.0971
-31.092
-31.0839
-31.0731
-31.0595
-31.0433
-31.0245
-31.0033
-30.9797
-30.9538
-30.9256
-30.8952
-30.8627
-30.828
-30.7913
-30.7526
-30.7119
-30.6692
-30.6246
-30.5781
-30.5297
-30.4794
-30.4273
-30.3732
-30.3173
-30.2596
-30.1999
-30.1383
-30.0749
-30.0095
-29.9421
-29.8728
-29.8014
-29.728
-29.6525
-29.5749
-29.495
-29.413
-29.3286
-29.2418
-29.1527
-29.061
-28.9667
-28.8697
-28.7699
-28.6673
-28.5616
-28.4529
-28.3409
-28.2255
-28.1066
-27.984
-27.8575
-27.727
-27.5922
-27.453
-27.3091
-27.1603
-27.0062
-26.8467
-26.6814
-26.51
-26.3321
-26.1474
-25.9554
-25.7557
-25.5478
-25.3312
-25.1054
-24.8698
-24.6237
-24.3666
-24.0976
-23.816
-23.5211
-23.212
-22.8878
-22.5476
-22.1906
-21.8158
-21.4222
-21.009
-20.5753
-20.1203
-19.6433
-19.1439
-18.6216
-18.0764
-17.5086
-16.9188
-16.3082
-15.6783
-15.0315
-14.3707
-13.6996
-13.0226
-12.3449
-11.6723
-11.0111
-10.3683
-9.75071
-9.16527
-8.61837
-8.11567
-7.66177
-7.25996
-6.9121
-6.61864
-6.37863
-6.18999
-6.04968
-5.95402
-5.89893
-5.88017
-5.89353
-5.935
-6.00081
-6.08753
-6.19207
-6.31172
-6.44407
-6.58703
-6.73881
-6.89786
-7.06287
-7.2327
-7.40642
-7.58322
-7.76244
-7.94349
-8.12593
-8.30934
-8.49341
-8.67786
-8.86247
-9.04704
-9.23143
-9.41552
-9.5992
-9.7824
-9.96505
-10.1471
-10.3285
-10.5093
-10.6894
-10.8689
-11.0476
-11.2257
-11.4032
-11.58
-11.7562
-11.9319
-12.1069
-12.2814
-12.4555
-12.629
-12.8022
-12.9749
-13.1473
-13.3193
-13.4911
-13.6627
-13.834
-14.0052
-14.1763
-14.3474
-14.5184
-14.6895
-14.8606
-15.0318
-15.2033
-15.3749
-15.5468
-15.7189
-15.8915
-16.0644
-16.2377
-16.4115
-16.5859
-16.7608
-16.9363
-17.1124
-17.2893
-17.4668
-17.6451
-17.8242
-18.0041
-18.1849
-18.3666
-18.5491
-18.7326
-18.9169
-19.1023
-19.2886
-19.4758
-19.664
-19.8532
-20.0432
-20.2342
-20.426
-20.6187
-20.8122
-21.0064
-21.2013
-21.3968
-21.5929
-21.7893
-21.9861
-22.1832
-22.3803
-22.5773
-22.7743
-22.9708
-23.1669
-23.3624
-23.557
-23.7506
-23.9429
-24.1339
-24.3232
-24.5108
-24.6963
-24.8796
-25.0604
-25.2386
-25.4139
-25.5862
-25.7553
-25.9209
-26.0829
-26.2412
-26.3956
-26.5459
-26.692
-26.8338
-26.9712
-27.104
-27.2323
-27.356
-27.4749
-27.5891
-27.6986
-27.8033
-27.9032
-27.9983
-28.0887
-28.1744
-28.2555
-28.3319
-28.4037
-28.4711
-28.534
-28.5926
-28.6469
-28.6969
-28.7429
-28.7848
-28.8227
-28.8568
-28.8872
-28.9138
-28.9368
-28.9564
-28.9725
-28.9852
-28.9947
-29.001
-29.0042
-29.0043
-29.0015
-28.9958
-28.9873
-28.976
-28.962
-28.9454
-28.9262
-28.9044
-28.8802
-28.8535
-28.8244
-28.7929
-28.7591
-28.7229
-28.6846
-28.6439
-28.601
-28.5559
-28.5087
-28.4592
-28.4076
-28.3537
-28.2978
-28.2396
-28.1793
-28.1168
-28.0521
-27.9852
-27.9161
-27.8447
-27.771
-27.6951
-27.6168
-27.5362
-27.4531
-27.3676
-27.2796
-27.1891
-27.0959
-27.0001
-26.9015
-26.8001
-26.6959
-26.5886
-26.4784
-26.3649
-26.2482
-26.1282
-26.0046
-25.8775
-25.7467
-25.6119
-25.4732
-25.3303
-25.1831
-25.0314
-24.8749
-24.7136
-24.5473
-24.3756
-24.1984
-24.0154
-23.8264
-23.6311
-23.4293
-23.2207
-23.005
-22.7819
-22.5512
-22.3124
-22.0654
-21.8097
-21.5452
-21.2715
-20.9885
-20.6958
-20.3932
-20.0806
-19.758
-19.4252
-19.0822
-18.7293
-18.3666
-17.9945
-17.6135
-17.2242
-16.8275
-16.4242
-16.0155
-15.6028
-15.1877
-14.7719
-14.3572
-13.9457
-13.5396
-13.1413
-12.7529
-12.3769
-12.0155
-11.6708
-11.3449
-11.0395
-10.7561
-10.4959
-10.2598
-10.0482
-9.86135
-9.69913
-9.56109
-9.44656
-9.35465
-9.28429
-9.23428
-9.20336
-9.19021
-9.19349
-9.21188
-9.2441
-9.28891
-9.34515
-9.41171
-9.48759
-9.57183
-9.66357
-9.76202
-9.86646
-9.97624
-10.0908
-10.2095
-10.332
-10.4579
-10.5866
-10.718
-10.8517
-10.9874
-11.1249
-11.264
-11.4045
-11.5463
-11.6891
-11.8328
-11.9774
-12.1227
-12.2687
-12.4153
-12.5623
-12.7098
-12.8577
-13.006
-13.1545
-13.3034
-13.4525
-13.6018
-13.7513
-13.9011
-14.0511
-14.2012
-14.3516
-14.5021
-14.6528
-14.8037
-14.9548
-15.1062
-15.2577
-15.4094
-15.5614
-15.7136
-15.866
-16.0188
-16.1717
-16.325
-16.4786
-16.6324
-16.7866
-16.9411
-17.0959
-17.2511
-17.4066
-17.5625
-17.7188
-17.8754
-18.0324
-18.1897
-18.3475
-18.5055
-18.664
-18.8228
-18.9819
-19.1414
-19.3011
-19.4612
-19.6215
-19.782
-19.9428
-20.1037
-20.2648
-20.4259
-20.5871
-20.7483
-20.9094
-21.0704
-21.2311
-21.3917
-21.5519
-21.7116
-21.8709
-22.0296
-22.1876
-22.3448
-22.5012
-22.6566
-22.8109
-22.964
-23.1159
-23.2663
-23.4152
-23.5625
-23.708
-23.8517
-23.9934
-24.1331
-24.2705
-24.4057
-24.5384
-24.6686
-24.7963
-24.9212
-25.0434
-25.1627
-25.279
-25.3923
-25.5026
-25.6097
-25.7136
-25.8142
-25.9116
-26.0056
-26.0962
-26.1835
-26.2674
-26.3478
-26.4249
-26.4985
-26.5686
-26.6354
-26.6988
-26.7588
-26.8154
-26.8687
-26.9186
-26.9653
-27.0088
-27.049
-27.0861
-27.12
-27.1508
-27.1786
-27.2034
-27.2252
-27.2441
-27.2601
-27.2733
-27.2837
-27.2914
-27.2964
-27.2987
-27.2984
-27.2956
-27.2902
-27.2824
-27.2721
-27.2594
-27.2443
-27.2269
-27.2072
-27.1852
-27.1609
-27.1345
-27.1058
-27.075
-27.0421
-27.007
-26.9699
-26.9306
-26.8893
-26.8459
-26.8005
-26.7531
-26.7037
-26.6522
-26.5987
-26.5432
-26.4858
-26.4263
-26.3648
-26.3013
-26.2358
-26.1682
-26.0986
-26.027
-25.9533
-25.8775
-25.7996
-25.7196
-25.6374
-25.5531
-25.4665
-25.3778
-25.2867
-25.1934
-25.0978
-24.9997
-24.8993
-24.7963
-24.6909
-24.5829
-24.4724
-24.3591
-24.2431
-24.1244
-24.0028
-23.8783
-23.7508
-23.6203
-23.4867
-23.35
-23.2099
-23.0666
-22.9198
-22.7696
-22.6158
-22.4584
-22.2973
-22.1325
-21.9638
-21.7912
-21.6146
-21.4341
-21.2495
-21.0608
-20.868
-20.6711
-20.47
-20.2649
-20.0556
-19.8424
-19.6253
-19.4043
-19.1797
-18.9515
-18.7201
-18.4856
-18.2483
-18.0085
-17.7666
-17.5231
-17.2782
-17.0327
-16.7868
-16.5413
-16.2968
-16.0539
-15.8132
-15.5755
-15.3415
-15.1118
-14.8873
-14.6687
-14.4567
-14.2518
-14.0549
-13.8665
-13.6871
-13.5172
-13.3573
-13.2077
-13.0688
-12.9407
-12.8236
-12.7176
-12.6226
-12.5386
-12.4655
-12.403
-12.3511
-12.3093
-12.2774
-12.255
-12.2418
-12.2374
-12.2414
-12.2534
-12.273
-12.2998
-12.3335
-12.3735
-12.4196
-12.4715
-12.5286
-12.5908
-12.6577
-12.7289
-12.8043
-12.8835
-12.9663
-13.0525
-13.1417
-13.2339
-13.3288
-13.4263
-13.5261
-13.6282
-13.7323
-13.8384
-13.9462
-14.0558
-14.167
-14.2796
-14.3936
-14.509
-14.6256
-14.7433
-14.8622
-14.982
-15.1029
-15.2247
-15.3474
-15.4709
-15.5952
-15.7202
-15.846
-15.9725
-16.0996
-16.2274
-16.3558
-16.4847
-16.6143
-16.7443
-16.8749
-17.006
-17.1376
-17.2696
-17.4021
-17.535
-17.6683
-17.802
-17.9361
-18.0705
-18.2053
-18.3404
-18.4757
-18.6114
-18.7473
-18.8834
-19.0197
-19.1562
-19.2928
-19.4295
-19.5664
-19.7032
-19.8401
-19.9769
-20.1137
-20.2504
-20.3869
-20.5232
-20.6592
-20.795
-20.9304
-21.0654
-21.1999
-21.3338
-21.4672
-21.6
-21.732
-21.8632
-21.9936

