-0
-0
-0
-0
-0
-0
-0
-0
-0
-0
-0
-0
-0
-0
-0
-0
-0
-0
-0
-0
-0
-0
-0
-0
-0
-0
-0
-0
-0
-0
-0
-0
-0
-0
-0
-0
-0
-0
-0
-0
-0
-0
-0
-0
-0
-0
-0
-0
-0
-0
-0
-0
-0
-0
-0
-0
-0
-0
-0
-0
-0
-0
-0
-0
-0
-0
-0
-0
-0
-0
-0
-0
-0
-0
-0
-0
-0
-0
-0
-0
-0
-0
-0
-0
-0
-0
-0
-0
-0
-0
-0
-0
-0
-0
-0
-0
-0
-0
-0
-0
-0
-0
-0
-0
-0
-0
-0
-0
-0
-0
-0
-0
-0
-0
-0
-0
-0
-0
-0
-0
-0
-0
-0
-0
-0
-0
-0
-0
-0
-0
-0
-0
-0
-0
-0
-0
-0
-0
-0
-0
-0
-0
-0
-0
-0
-0
-0
-0
-0
-0
-0
-0
-0
-0
-0
-0
-0
-0
-0
-0
-0
-0
-0
-0
-0
-0
-0
-0
-0
-0
-0
-0
-0
-0
-0
-0
-0
-0
-0
-0
-0
-0
-0
-0
-0
-0
-0
-0
-0
-0
-0
-0
-0
-0
-0
-0
-0
-0
-0
-0
-0
-0
-0
-0
-0
-0
-0
-0
-0
-0
-0
-0
-0
-0
-0
-0
-0
-0
-0
-0
-0
-0
-0
-0
-0
-0
-0
-0
-0
-0
-0
-0
-0
-0
-0
-0
-0
-0
-0
-0
-0
-0
-0
-0
-0
-0
-0
-0
-0
-0
-0
-0
-0
-0
-0
-0
-0
-0
-0
-0
-0
-0
-0
-0
-0
-0
-0
-0
-0
-0
-0
-0
-0
-0
-0
-0
-0
-0
-0
-0
-0
-0
-0
-0
-0
-0
-0
-0
-0
-0
-0
-0
-0
-0
-0
-0
-0
-0
-0
-0
-0
-0
-0
-0
-0
-0
-0
-0
-0
-0
-0
-0
-0
-0
-0
-0
-0
-0
-0
-0
-0
-0
-0
-0
-0
-0
-0
-0
-0
-0
-0
-0
-0
-0
-0
-0
-0
-0
-0
-0
-0
-0
-0
-0
-0
-0
-0
-0
-0
-0
-0
-0
-0
-0
-0
-0
-0
-0
-0
-0
-0
-0
-0
-0
-0
-0
-0
-0
-0
-0
-0
-0
-0
-0
-0
-0
-0
-0
-0
-0
-0
-0
-0
-0
-0
-0
-0
-0
-0
-0
-0
-0
-0
-0
-0
-0
-0
-0
-0
-0
-0
-0
-0
-0
-0
-0
-0
-0
-0
-0
-0
-0
-0
-0
-0
-0
-0
-0
-0
-0
-0
-0
-0
-0
-0
-0
-0
-0
-0
-0
-0
-0
-0
-0
-0
-0
-0
-0
-0
-0
-0
-0
-0
-0
-0
-0
-0
-0
-0
-0
-0
-0
-0
-0
-0
-0
-0
-0
-0
-0
-0
-0
-0
-0
-0
-0
-0
-0
-0
-0
-0
-0
-0
-0
-0
-0
-0
-0
-0
-0
-0
-0
-0
-0
-0
-0
-0
-0
-0
-0
-0
-0
-0
-0
-0
-0
-0
-0
-0
-0
-0
-0
-0
-0
-0
-0
-0
-0
-0
-0
-0
-0
-0
-0
-0
-0
-0
-0
-0
-0
-0
-0
-0
-0
-0
-0
-0
-0
-0
-0
-0
-0
-0
-0
-0
-0
-0
-0
-0
-0
-0
-0
-0
-0
-0
-0
-0
-0
-0
-0
-0
-0
-0
-0
-0
-0
-0
-0
-0
-0
-0
-0
-0
-0
-0
-0
-0
-0
-0
-0
-0
-0
-0
-0
-0
-0
-0
-0
-0
-0
-0
-0
-0
-0
-0
-0
-0
-0
-0
-0
-0
-0
-0
-0
-0
-0
-0
-0
-0
-0
-0
-0
-0
-0
-0
-0
-0
-0
-0
-0
-0
-0
-0
-0
-0
-0
-0
-0
-0
-0
-0
-0
-0
-0
-0
-0
-0
-0
-0
-0
-0
-0
-0
-0
-0
-0
-0
-0
-0
-0
-0
-0
-0
-0
-0
-0
-0
-0
-0
-0
-0
-0
-0
-0
-0
-0
-0
-0
-0
-0
-0
-0
-0
-0
-0
-0
-0
-0
-0
-0
-0
-0
-0
-0
-0
-0
-0
-0
-0
-0
-0
-0
-0
-0
-0
-0
-0
-0
-0
-0
-0
-0
-0
-0
-0
-0
-0
-0
-0
-0
-0
-0
-0
-0
-0
-0
-0
-0
-0
-0
-0
-0
-0
-0
-0
-0
-0
-0
-0
-0
-0
-0
-0
-0
-0
-0
-0
-0
-0
-0
-0
-0
-0
-0
-0
-0
-0
-0
-0
-0
-0
-0
-0
-0
-0
-0
-0
-0
-0
-0
-0
-0
-0
-0
-0
-0
-0
-0
-0
-0
-0
-0
-0
-0
-0
-0
-0
-0
-0
-0
-0
-0
-0
-0
-0
-0
-0
-0
-0
-0
-0
-0
-0
-0
-0
-0
-0
-0
-0
-0
-0
-0
-0
-0
-0
-0
-0
-0
-0
-0
-0
-0
-207.875
-3.04204
-0.0688619
0.0998146
0.223844
0.327215
0.422521
0.515202
0.605144
0.690048
0.767397
0.835262
0.892496
0.93867
0.973916
0.998772
1.01403
1.02065
1.01961
1.01194
0.998587
0.980468
0.958403
0.933129
0.9053
0.875489
0.844188
0.811821
0.778747
0.74527
0.711643
0.678075
0.644739
0.611776
0.579296
0.547391
0.516128
0.485561
0.455729
0.426657
0.398365
0.370862
0.34415
0.318228
0.293089
0.268723
0.245117
0.222258
0.200128
0.17871
0.157987
0.13794
0.118549
0.0997955
0.0816609
0.0641263
0.0471734
0.0307841
0.0149409
-0.000373299
-0.0151748
-0.0294792
-0.0433015
-0.0566556
-0.0695547
-0.0820108
-0.0940351
-0.105637
-0.116825
-0.127604
-0.13798
-0.147954
-0.157523
-0.166679
-0.17541
-0.183692
-0.191489
-0.198747
-0.205382
-0.211276
-0.216265
-0.220176
-0.222965
-0.224962
-0.226814
-0.229098
-0.232153
-0.236071
-0.240754
-0.246008
-0.251635
-0.257476
-0.263419
-0.26939
-0.27534
-0.28124
-0.287071
-0.29282
-0.29848
-0.304046
-0.309516
-0.314886
-0.320157
-0.325328
-0.330399
-0.335369
-0.340239
-0.345009
-0.349679
-0.354248
-0.358717
-0.363085
-0.367352
-0.371518
-0.375582
-0.379544
-0.383404
-0.387161
-0.390816
-0.394369
-0.397822
-0.401175
-0.40443
-0.40759
-0.410655
-0.41363
-0.416516
-0.419314
-0.422026
-0.424654
-0.427196
-0.429654
-0.432034
-0.434343
-0.43659
-0.438783
-0.440928
-0.443032
-0.445097
-0.447126
-0.449119
-0.451079
-0.453005
-0.454899
-0.456761
-0.458593
-0.460395
-0.462169
-0.463915
-0.465633
-0.467325
-0.468992
-0.470633
-0.472249
-0.473839
-0.475405
-0.476945
-0.478459
-0.479947
-0.481408
-0.48284
-0.484243
-0.485616
-0.486958
-0.488266
-0.48954
-0.490779
-0.491982
-0.493148
-0.494277
-0.495369
-0.496423
-0.497441
-0.498422
-0.499367
-0.500276
-0.50115
-0.50199
-0.502797
-0.503572
-0.504316
-0.50503
-0.505715
-0.506373
-0.507005
-0.507612
-0.508196
-0.508758
-0.509299
-0.509821
-0.510325
-0.510811
-0.511282
-0.511737
-0.512178
-0.512605
-0.513019
-0.513422
-0.513813
-0.514192
-0.514562
-0.514921
-0.515269
-0.515608
-0.515937
-0.516256
-0.516564
-0.516862
-0.517148
-0.517424
-0.517687
-0.517937
-0.518175
-0.5184
-0.518612
-0.51881
-0.518995
-0.519167
-0.519326
-0.519472
-0.519606
-0.519728
-0.519838
-0.519937
-0.520025
-0.520102
-0.520169
-0.520225
-0.520273
-0.52031
-0.520339
-0.520359
-0.52037
-0.520372
-0.520367
-0.520353
-0.520332
-0.520303
-0.520266
-0.520222
-0.52017
-0.520111
-0.520044
-0.519971
-0.51989
-0.519802
-0.519708
-0.519607
-0.519499
-0.519385
-0.519265
-0.519138
-0.519005
-0.518865
-0.51872
-0.518569
-0.518412
-0.518249
-0.518081
-0.517907
-0.517727
-0.517542
-0.517351
-0.517156
-0.516955
-0.516748
-0.516537
-0.516321
-0.516099
-0.515873
-0.515642
-0.515406
-0.515165
-0.51492
-0.51467
-0.514415
-0.514156
-0.513892
-0.513624
-0.513352
-0.513075
-0.512794
-0.512509
-0.512219
-0.511926
-0.511628
-0.511327
-0.511021
-0.510712
-0.510398
-0.510081
-0.50976
-0.509436
-0.509107
-0.508775
-0.50844
-0.508101
-0.507758
-0.507412
-0.507062
-0.506709
-0.506353
-0.505993
-0.50563
-0.505264
-0.504895
-0.504522
-0.504146
-0.503767
-0.503386
-0.503001
-0.502613
-0.502222
-0.501829
-0.501432
-0.501033
-0.500631
-0.500226
-0.499818
-0.499407
-0.498994
-0.498579
-0.49816
-0.49774
-0.497316
-0.49689
-0.496462
-0.496031
-0.495598
-0.495162
-0.494724
-0.494284
-0.493841
-0.493396
-0.492949
-0.492499
-0.492048
-0.491594
-0.491138
-0.49068
-0.49022
-0.489758
-0.489294
-0.488827
-0.488359
-0.487889
-0.487417
-0.486943
-0.486467
-0.48599
-0.48551
-0.485029
-0.484546
-0.484061
-0.483574
-0.483086
-0.482596
-0.482104
-0.481611
-0.481116
-0.48062
-0.480122
-0.479622
-0.479121
-0.478618
-0.478114
-0.477608
-0.477101
-0.476593
-0.476083
-0.475571
-0.475059
-0.474545
-0.474029
-0.473512
-0.472994
-0.472475
-0.471955
-0.471433
-0.47091
-0.470386
-0.46986
-0.469334
-0.468806
-0.468277
-0.467748
-0.467217
-0.466685
-0.466151
-0.465617
-0.465082
-0.464546
-0.464009
-0.463471
-0.462931
-0.462391
-0.46185
-0.461308
-0.460766
-0.460222
-0.459677
-0.459132
-0.458586
-0.458039
-0.457491
-0.456942
-0.456393
-0.455843
-0.455292
-0.45474
-0.454188
-0.453635
-0.453081
-0.452526
-0.451971
-0.451416
-0.450859
-0.450302
-0.449744
-0.449186
-0.448627
-0.448068
-0.447508
-0.446947
-0.446386
-0.445825
-0.445263
-0.4447
-0.444137
-0.443573
-0.443009
-0.442445
-0.44188
-0.441315
-0.440749
-0.440183
-0.439616
-0.439049
-0.438482
-0.437914
-0.437346
-0.436778
-0.436209
-0.43564
-0.43507
-0.434501
-0.433931
-0.43336
-0.43279
-0.432219
-0.431648
-0.431077
-0.430505
-0.429933
-0.429361
-0.428789
-0.428217
-0.427644
-0.427071
-0.426499
-0.425925
-0.425352
-0.424779
-0.424205
-0.423632
-0.423058
-0.422484
-0.42191
-0.421336
-0.420762
-0.420188
-0.419613
-0.419039
-0.418465
-0.41789
-0.417316
-0.416741
-0.416166
-0.415592
-0.415017
-0.414443
-0.413868
-0.413294
-0.412719
-0.412144
-0.41157
-0.410996
-0.410421
-0.409847
-0.409273
-0.408698
-0.408124
-0.40755
-0.406976
-0.406402
-0.405829
-0.405255
-0.404681
-0.404108
-0.403535
-0.402961
-0.402388
-0.401815
-0.401243
-0.40067
-0.400098
-0.399525
-0.398953
-0.398381
-0.39781
-0.397238
-0.396667
-0.396095
-0.395524
-0.394954
-0.394383
-0.393813
-0.393243
-0.392673
-0.392103
-0.391534
-0.390965
-0.390396
-0.389827
-0.389259
-0.388691
-0.388123
-0.387555
-0.386988
-0.386421
-0.385854
-0.385288
-0.384722
-0.384156
-0.38359
-0.383025
-0.38246
-0.381895
-0.381331
-0.380767
-0.380203
-0.37964
-0.379077
-0.378514
-0.377952
-0.37739
-0.376828
-0.376267
-0.375706
-0.375146
-0.374585
-0.374026
-0.373466
-0.372907
-0.372348
-0.37179
-0.371232
-0.370675
-0.370117
-0.369561
-0.369004
-0.368448
-0.367893
-0.367338
-0.366783
-0.366228
-0.365675
-0.365121
-0.364568
-0.364015
-0.363463
-0.362911
-0.36236
-0.361809
-0.361258
-0.360708
-0.360158
-0.359609
-0.359061
-0.358512
-0.357964
-0.357417
-0.35687
-0.356323
-0.355777
-0.355232
-0.354687
-0.354142
-0.353598
-0.353054
-0.352511
-0.351968
-0.351426
-0.350884
-0.350342
-0.349802
-0.349261
-0.348721
-0.348182
-0.347643
-0.347104
-0.346566
-0.346029
-0.345492
-0.344955
-0.344419
-0.343884
-0.343349
-0.342814
-0.34228
-0.341747
-0.341214
-0.340681
-0.340149
-0.339618
-0.339087
-0.338557
-0.338027
-0.337497
-0.336968
-0.33644
-0.335912
-0.335385
-0.334858
-0.334331
-0.333806
-0.33328
-0.332755
-0.332231
-0.331707
-0.331184
-0.330661
-0.330139
-0.329618
-0.329096
-0.328576
-0.328056
-0.327536
-0.327017
-0.326499
-0.325981
-0.325463
-0.324946
-0.32443
-0.323914
-0.323399
-0.322884
-0.322369
-0.321856
-0.321342
-0.32083
-0.320317
-0.319806
-0.319295
-0.318784
-0.318274
-0.317764
-0.317255
-0.316747
-0.316239
-0.315731
-0.315224
-0.314718
-0.314212
-0.313707
-0.313202
-0.312698
-0.312194
-0.311691
-0.311188
-0.310686
-0.310184
-0.309683
-0.309182
-0.308682
-0.308182
-0.307683
-0.307184
-0.306686
-0.306189
-0.305692
-0.305195
-0.304699
-0.304204
-0.303708
-0.303214
-0.30272
-0.302226
-0.301733
-0.301241
-0.300749
-0.300257
-0.299766
-0.299275
-0.298785
-0.298296
-0.297807
-0.297318
-0.29683
-0.296342
-0.295855
-0.295368
-0.294882
-0.294396
-0.293911
-0.293426
-0.292942
-0.292458
-0.291974
-0.291491
-0.291008
-0.290526
-0.290045
-0.289563
-0.289082
-0.288602
-0.288122
-0.287643
-0.287163
-0.286685
-0.286206
-0.285728
-0.285251
-0.284774
-0.284297
-0.283821
-0.283345
-0.282869
-0.282394
-0.281919
-0.281445
-0.280971
-0.280497
-0.280024
-0.279551
-0.279078
-0.278605
-0.278133
-0.277661
-0.27719
-0.276719
-0.276248
-0.275777
-0.275307
-0.274837
-0.274367
-0.273897
-0.273428
-0.272959
-0.27249
-0.272021
-0.271552
-0.271084
-0.270616
-0.270147
-0.269679
-0.269212
-0.268744
-0.268276
-0.267809
-0.267341
-0.266874
-0.266406
-0.265939
-0.265472
-0.265005
-0.264538
-0.264071
-0.263604
-0.263137
-0.26267
-0.262203
-0.261736
-0.261269
-0.260802
-0.260335
-0.259868
-0.2594
-0.258933
-0.258465
-0.257998
-0.25753
-0.257061
-0.256593
-0.256124
-0.255655
-0.255185
-0.254715
-0.254245
-0.253774
-0.253302
-0.25283
-0.252357
-0.251884
-0.251409
-0.250934
-0.250458
-0.249981
-0.249503
-0.249024
-0.248544
-0.248062
-0.247579
-0.247094
-0.246608
-0.24612
-0.24563
-0.245138
-0.244644
-0.244148
-0.243649
-0.243147
-0.242642
-0.242134
-0.241623
-0.241108
-0.240589
-0.240065
-0.239537
-0.239004
-0.238465
-0.23792
-0.237368
-0.23681
-0.236243
-0.235668
-0.235084
-0.234489
-0.233883
-0.233264
-0.232632
-0.231984
-0.231319
-0.230636
-0.229931
-0.229203
-0.228449
-0.227666
-0.22685
-0.225997
-0.225102
-0.22416
-0.223166
-0.222114
-0.220995
-0.219805
-0.218535
-0.217182
-0.215743
-0.214218
-0.212616
-0.21095
-0.209243
-0.207525
-0.205827
-0.204183
-0.202621
-0.201163
-0.199828
-0.198628
-0.197568
-0.196651
-0.195874
-0.195232
-0.194715
-0.194314
-0.194019
-0.193818
-0.193701
-0.193657
-0.193676
-0.193748
-0.193866
-0.194021
-0.194207
-0.194416
-0.194644
-0.194885
-0.195134
-0.195388
-0.195643
-0.195895
-0.196142
-0.196381
-0.196612
-0.196831
-0.197039
-0.197232
-0.197412
-0.197577
-0.197727
-0.197862
-0.197982
-0.198086
-0.198176
-0.198252
-0.198314
-0.198362
-0.198397
-0.19842
-0.198431
-0.198431
-0.19842
-0.198399
-0.198368
-0.198329
-0.19828
-0.198223
-0.198158
-0.198086
-0.198007
-0.197921
-0.197829
-0.197731
-0.197626
-0.197517
-0.197401
-0.197281
-0.197156
-0.197026
-0.196891
-0.196751
-0.196608
-0.19646
-0.196307
-0.196151
-0.195991
-0.195826
-0.195658
-0.195486
-0.19531
-0.19513
-0.194947
-0.19476
-0.19457
-0.194375
-0.194178
-0.193976
-0.193772
-0.193564
-0.193352
-0.193137
-0.192919
-0.192698
-0.192473
-0.192245
-0.192014
-0.19178
-0.191542
-0.191302
-0.191059
-0.190813
-0.190563
-0.190312
-0.190057
-0.1898
-0.18954
-0.189277
-0.189012
-0.188745
-0.188475
-0.188203
-0.187928
-0.187652
-0.187373
-0.187092
-0.186809
-0.186524
-0.186238
-0.185949
-0.185659
-0.185367
-0.185074
-0.184779
-0.184482
-0.184184
-0.183884
-0.183584
-0.183281
-0.182978
-0.182673
-0.182368
-0.182061
-0.181753
-0.181444
-0.181134
-0.180823
-0.180511
-0.180198
-0.179885
-0.17957
-0.179255
-0.178939
-0.178623
-0.178305
-0.177987
-0.177669
-0.177349
-0.17703
-0.176709
-0.176388
-0.176067
-0.175745
-0.175422
-0.175099
-0.174775
-0.174452
-0.174127
-0.173802
-0.173477
-0.173151
-0.172825
-0.172498
-0.172172
-0.171844
-0.171516
-0.171188
-0.17086
-0.170531
-0.170202
-0.169872
-0.169542
-0.169211
-0.168881
-0.168549
-0.168218
-0.167886
-0.167554
-0.167221
-0.166888
-0.166554
-0.16622
-0.165886
-0.165551
-0.165216
-0.16488
-0.164544
-0.164207
-0.16387
-0.163533
-0.163195
-0.162856
-0.162517
-0.162178
-0.161838
-0.161497
-0.161156
-0.160815
-0.160472
-0.16013
-0.159786
-0.159442
-0.159098
-0.158753
-0.158407
-0.158061
-0.157714
-0.157366
-0.157018
-0.156669
-0.15632
-0.15597
-0.155619
-0.155267
-0.154915
-0.154563
-0.154209
-0.153855
-0.1535
-0.153145
-0.152789
-0.152433
-0.152076
-0.151718
-0.15136
-0.151001
-0.150642
-0.150283
-0.149923
-0.149562
-0.149202
-0.148841
-0.14848
-0.148119
-0.147758
-0.147396
-0.147035
-0.146674
-0.146314
-0.145954
-0.145594
-0.145235
-0.144876
-0.144518
-0.144161
-0.143806
-0.143451
-0.143098
-0.142746
-0.142395
-0.142047
-0.1417
-0.141355
-0.141012
-0.140672
-0.140334
-0.139998
-0.139665
-0.139335
-0.139007
-0.138683
-0.138362
-0.138044
-0.137729
-0.137418
-0.13711
-0.136806
-0.136505
-0.136208
-0.135915
-0.135625
-0.135339
-0.135057
-0.134778
-0.134504
-0.134232
-0.133965
-0.133701
-0.133441
-0.133184
-0.13293
-0.13268
-0.132434
-0.13219
-0.13195
-0.131712
-0.131478
-0.131246
-0.131017
-0.130791
-0.130567
-0.130346
-0.130126
-0.129909
-0.129694
-0.129481
-0.12927
-0.129061
-0.128853
-0.128647
-0.128442
-0.128238
-0.128036
-0.127834
-0.127634
-0.127435
-0.127237
-0.127039
-0.126842
-0.126646
-0.12645
-0.126255
-0.12606
-0.125865
-0.125671
-0.125477
-0.125283
-0.125089
-0.124896
-0.124702
-0.124509
-0.124315
-0.124122
-0.123928
-0.123734
-0.12354
-0.123346
-0.123151
-0.122957
-0.122762
-0.122567
-0.122371
-0.122175
-0.121979
-0.121783
-0.121586
-0.121389
-0.121192
-0.120994
-0.120796
-0.120597
-0.120398
-0.120199
-0.119999
-0.1198
-0.119599
-0.119399
-0.119198
-0.118996
-0.118794
-0.118592
-0.11839
-0.118187
-0.117984
-0.117781
-0.117577
-0.117373
-0.117169
-0.116965
-0.11676
-0.116555
-0.11635
-0.116144
-0.115938
-0.115732
-0.115526
-0.11532
-0.115113
-0.114906
-0.114699
-0.114492
-0.114285
-0.114077
-0.11387
-0.113662
-0.113454
-0.113246
-0.113038
-0.11283
-0.112622
-0.112413
-0.112205
-0.111996
-0.111788
-0.111579
-0.11137
-0.111162
-0.110953
-0.110744
-0.110535
-0.110326
-0.110117
-0.109908
-0.109699
-0.10949
-0.109281
-0.109072
-0.108863
-0.108653
-0.108444
-0.108235
-0.108025
-0.107816
-0.107606
-0.107396
-0.107187
-0.106977
-0.106766
-0.106556
-0.106345
-0.106134
-0.105923
-0.105711
-0.105499
-0.105286
-0.105073
-0.104858
-0.104644
-0.104428
-0.104211
-0.103992
-0.103772
-0.103551
-0.103327
-0.103102
-0.102873
-0.102642
-0.102406
-0.102168
-0.101924
-0.101676
-0.101424
-0.101167
-0.100906
-0.100641
-0.100374
-0.100106
-0.0998376
-0.0995703
-0.0993054
-0.0990438
-0.0987865
-0.0985343
-0.0982878
-0.0980474
-0.0978133
-0.0975858
-0.0973649
-0.0971505
-0.0969426
-0.0967409
-0.0965452
-0.0963553
-0.0961708
-0.0959915
-0.095817
-0.095647
-0.0954811
-0.0953191
-0.0951606
-0.0950053
-0.0948528
-0.094703
-0.0945554
-0.0944098
-0.094266
-0.0941237
-0.0939827
-0.0938426
-0.0937035
-0.0935649
-0.0934268
-0.0932891
-0.0931514
-0.0930139
-0.0928762
-0.0927384
-0.0926002
-0.0924617
-0.0923228
-0.0921835
-0.0920436
-0.0919031
-0.0917621
-0.0916204
-0.0914782
-0.0913353
-0.0911917
-0.0910476
-0.0909028
-0.0907574
-0.0906113
-0.0904647
-0.0903175
-0.0901697
-0.0900213
-0.0898724
-0.089723
-0.0895731
-0.0894227
-0.0892718
-0.0891205
-0.0889687
-0.0888166
-0.088664
-0.088511
-0.0883577
-0.088204
-0.08805
-0.0878957
-0.087741
-0.0875861
-0.0874308
-0.0872753
-0.0871195
-0.0869634
-0.0868071
-0.0866505
-0.0864937
-0.0863366
-0.0861793
-0.0860218
-0.085864
-0.085706
-0.0855478
-0.0853894
-0.0852308
-0.0850719
-0.0849128
-0.0847535
-0.0845939
-0.0844341
-0.084274
-0.0841137
-0.0839531
-0.0837921
-0.0836309
-0.0834693
-0.0833074
-0.0831452
-0.0829826
-0.0828196
-0.0826564
-0.0824929
-0.0823291
-0.0821652
-0.0820011
-0.0818369
-0.0816727
-0.0815085
-0.0813443
-0.0811802
-0.0810162
-0.0808525
-0.0806889
-0.0805256
-0.0803625
-0.0801998
-0.0800373
-0.0798752
-0.0797135
-0.0795522
-0.0793912
-0.0792306
-0.0790704
-0.0789106
-0.0787512
-0.0785923
-0.0784337
-0.0782755
-0.0781178
-0.0779604
-0.0778035
-0.0776469
-0.0774908
-0.077335
-0.0771796
-0.0770245
-0.0768699
-0.0767155
-0.0765616
-0.076408
-0.0762547
-0.0761018
-0.0759492
-0.0757969
-0.075645
-0.0754934
-0.0753421
-0.0751911
-0.0750404
-0.07489
-0.0747399
-0.0745901
-0.0744405
-0.0742913
-0.0741424
-0.0739937
-0.0738454
-0.0736973
-0.0735495
-0.0734019
-0.0732547
-0.0731077
-0.072961
-0.0728146
-0.0726684
-0.0725225
-0.0723768
-0.0722315
-0.0720864
-0.0719415
-0.0717969
-0.0716526
-0.0715085
-0.0713647
-0.0712211
-0.0710778
-0.0709348
-0.070792
-0.0706494
-0.0705071
-0.070365
-0.0702232
-0.0700816
-0.0699403
-0.0697992
-0.0696583
-0.0695177
-0.0693773
-0.0692371
-0.0690971
-0.0689574
-0.0688179
-0.0686786
-0.0685396
-0.0684007
-0.0682621
-0.0681237
-0.0679855
-0.0678475
-0.0677097
-0.0675722
-0.0674348
-0.0672976
-0.0671607
-0.0670239
-0.0668874
-0.066751
-0.0666148
-0.0664789
-0.0663431
-0.0662076
-0.0660722
-0.0659371
-0.0658022
-0.0656674
-0.0655329
-0.0653986
-0.0652645
-0.0651306
-0.064997
-0.0648635
-0.0647303
-0.0645973
-0.0644645
-0.0643319
-0.0641995
-0.0640674
-0.0639354
-0.0638037
-0.0636722
-0.063541
-0.0634099
-0.0632791
-0.0631485
-0.0630181
-0.0628879
-0.062758
-0.0626283
-0.0624988
-0.0623695
-0.0622404
-0.0621116
-0.0619829
-0.0618545
-0.0617263
-0.0615984
-0.0614706
-0.0613431
-0.0612158
-0.0610887
-0.0609618
-0.0608351
-0.0607086
-0.0605824
-0.0604563
-0.0603305
-0.0602049
-0.0600795
-0.0599543
-0.0598293
-0.0597046
-0.05958
-0.0594556
-0.0593315
-0.0592076
-0.0590838
-0.0589603
-0.058837
-0.0587139
-0.0585909
-0.0584682
-0.0583457
-0.0582234
-0.0581013
-0.0579794
-0.0578577
-0.0577362
-0.0576149
-0.0574937
-0.0573728
-0.0572521
-0.0571316
-0.0570112
-0.0568911
-0.0567711
-0.0566514
-0.0565318
-0.0564124
-0.0562932
-0.0561742
-0.0560554
-0.0559368
-0.0558184
-0.0557001
-0.055582
-0.0554642
-0.0553465
-0.055229
-0.0551117
-0.0549945
-0.0548776
-0.0547608
-0.0546442
-0.0545278
-0.0544116
-0.0542955
-0.0541797
-0.054064
-0.0539485
-0.0538331
-0.053718
-0.053603
-0.0534882
-0.0533736
-0.0532592
-0.0531449
-0.0530308
-0.0529169
-0.0528032
-0.0526896
-0.0525762
-0.052463
-0.05235
-0.0522371
-0.0521245
-0.052012
-0.0518996
-0.0517875
-0.0516755
-0.0515637
-0.051452
-0.0513406
-0.0512293
-0.0511181
-0.0510072
-0.0508964
-0.0507858
-0.0506754
-0.0505651
-0.050455
-0.0503451
-0.0502353
-0.0501257
-0.0500163
-0.0499071
-0.049798
-0.0496891
-0.0495804
-0.0494718
-0.0493634
-0.0492551
-0.0491471
-0.0490392
-0.0489315
-0.0488239
-0.0487165
-0.0486093
-0.0485022
-0.0483953
-0.0482886
-0.048182
-0.0480756
-0.0479694
-0.0478633
-0.0477574
-0.0476517
-0.0475461
-0.0474407
-0.0473354
-0.0472303
-0.0471254
-0.0470207
-0.0469161
-0.0468117
-0.0467074
-0.0466033
-0.0464994
-0.0463956
-0.046292
-0.0461885
-0.0460852
-0.0459821
-0.0458791
-0.0457763
-0.0456737
-0.0455712
-0.0454689
-0.0453667
-0.0452647
-0.0451629
-0.0450612
-0.0449597
-0.0448583
-0.0447571
-0.044656
-0.0445552
-0.0444544
-0.0443539
-0.0442535
-0.0441532
-0.0440531
-0.0439532
-0.0438534
-0.0437538
-0.0436543
-0.043555
-0.0434559
-0.0433569
-0.043258
-0.0431593
-0.0430608
-0.0429625
-0.0428642
-0.0427662
-0.0426683
-0.0425705
-0.0424729
-0.0423755
-0.0422782
-0.0421811
-0.0420841
-0.0419873
-0.0418906
-0.0417941
-0.0416977
-0.0416015
-0.0415054
-0.0414095
-0.0413137
-0.0412181
-0.0411227
-0.0410273
-0.0409322
-0.0408372
-0.0407423
-0.0406476
-0.040553
-0.0404586
-0.0403643
-0.0402702
-0.0401762
-0.0400824
-0.0399887
-0.0398951
-0.0398017
-0.0397085
-0.0396154
-0.0395224
-0.0394296
-0.039337
-0.0392445
-0.0391521
-0.0390598
-0.0389678
-0.0388758
-0.038784
-0.0386924
-0.0386009
-0.0385095
-0.0384183
-0.0383272
-0.0382363
-0.0381455
-0.0380548
-0.0379643
-0.037874
-0.0377838
-0.0376937
-0.0376037
-0.037514
-0.0374243
-0.0373348
-0.0372454
-0.0371562
-0.0370671
-0.0369782
-0.0368894
-0.0368007
-0.0367122
-0.0366238
-0.0365356
-0.0364474
-0.0363595
-0.0362717
-0.036184
-0.0360964
-0.036009
-0.0359218
-0.0358346
-0.0357476
-0.0356608
-0.0355741
-0.0354875
-0.035401
-0.0353147
-0.0352286
-0.0351425
-0.0350566
-0.0349709
-0.0348853
-0.0347998
-0.0347144
-0.0346292
-0.0345441
-0.0344592
-0.0343744
-0.0342897
-0.0342052
-0.0341208
-0.0340365
-0.0339524
-0.0338684
-0.0337845
-0.0337008
-0.0336172
-0.0335337
-0.0334504
-0.0333672
-0.0332841
-0.0332012
-0.0331184
-0.0330357
-0.0329532
-0.0328708
-0.0327885
-0.0327063
-0.0326243
-0.0325424
-0.0324607
-0.0323791
-0.0322976
-0.0322162
-0.032135
-0.0320539
-0.0319729
-0.0318921
-0.0318114
-0.0317308
-0.0316503
-0.03157
-0.0314898
-0.0314097
-0.0313298
-0.03125
-0.0311703
-0.0310907
-0.0310113
-0.030932
-0.0308528
-0.0307737
-0.0306948
-0.030616
-0.0305373
-0.0304588
-0.0303804
-0.0303021
-0.0302239
-0.0301459
-0.0300679
-0.0299901
-0.0299125
-0.0298349
-0.0297575
-0.0296802
-0.029603
-0.029526
-0.029449
-0.0293722
-0.0292956
-0.029219
-0.0291426
-0.0290663
-0.0289901
-0.028914
-0.028838
-0.0287622
-0.0286865
-0.0286109
-0.0285355
-0.0284601
-0.0283849
-0.0283098
-0.0282348
-0.02816
-0.0280852
-0.0280106
-0.0279361
-0.0278617
-0.0277875
-0.0277133
-0.0276393
-0.0275654
-0.0274916
-0.027418
-0.0273444
-0.027271
-0.0271977
-0.0271245
-0.0270514
-0.0269784
-0.0269056
-0.0268329
-0.0267602
-0.0266878
-0.0266154
-0.0265431
-0.026471
-0.0263989
-0.026327
-0.0262552
-0.0261835
-0.026112
-0.0260405
-0.0259692
-0.0258979
-0.0258268
-0.0257558
-0.0256849
-0.0256142
-0.0255435
-0.025473
-0.0254025
-0.0253322
-0.025262
-0.0251919
-0.0251219
-0.025052
-0.0249823
-0.0249126
-0.0248431
-0.0247737
-0.0247044
-0.0246351
-0.024566
-0.0244971
-0.0244282
-0.0243594
-0.0242908
-0.0242222
-0.0241538
-0.0240855
-0.0240172
-0.0239491
-0.0238811
-0.0238132
-0.0237454
-0.0236778
-0.0236102
-0.0235427
-0.0234754
-0.0234081
-0.023341
-0.0232739
-0.023207
-0.0231402
-0.0230734
-0.0230068
-0.0229403
-0.0228739
-0.0228076
-0.0227414
-0.0226753
-0.0226093
-0.0225434
-0.0224777
-0.022412
-0.0223464
-0.0222809
-0.0222156
-0.0221503
-0.0220851
-0.0220201
-0.0219551
-0.0218902
-0.0218255
-0.0217608
-0.0216963
-0.0216318
-0.0215675
-0.0215032
-0.0214391
-0.021375
-0.0213111
-0.0212472
-0.0211835
-0.0211198
-0.0210563
-0.0209928
-0.0209295
-0.0208662
-0.0208031
-0.02074
-0.0206771
-0.0206142
-0.0205515
-0.0204888
-0.0204262
-0.0203638
-0.0203014
-0.0202391
-0.020177
-0.0201149
-0.0200529
-0.019991
-0.0199292
-0.0198676
-0.019806
-0.0197444
-0.019683
-0.0196217
-0.0195605
-0.0194994
-0.0194383
-0.0193774
-0.0193165
-0.0192558
-0.0191951
-0.0191345
-0.019074
-0.0190136
-0.0189533
-0.0188931
-0.018833
-0.018773
-0.018713
-0.0186531
-0.0185934
-0.0185337
-0.0184741
-0.0184146
-0.0183551
-0.0182958
-0.0182365
-0.0181773
-0.0181182
-0.0180592
-0.0180003
-0.0179414
-0.0178827
-0.017824
-0.0177654
-0.0177068
-0.0176484
-0.01759
-0.0175317
-0.0174735
-0.0174153
-0.0173572
-0.0172992
-0.0172413
-0.0171834
-0.0171256
-0.0170679
-0.0170103
-0.0169527
-0.0168951
-0.0168377
-0.0167803
-0.016723
-0.0166657
-0.0166085
-0.0165513
-0.0164942
-0.0164372
-0.0163802
-0.0163232
-0.0162663
-0.0162095
-0.0161527
-0.0160959
-0.0160392
-0.0159825
-0.0159259
-0.0158693
-0.0158127
-0.0157561
-0.0156996
-0.0156431
-0.0155866
-0.0155301
-0.0154736
-0.0154171
-0.0153607
-0.0153042
-0.0152477
-0.0151912
-0.0151347
-0.0150781
-0.0150215
-0.0149649
-0.0149082
-0.0148515
-0.0147947
-0.0147378
-0.0146808
-0.0146237
-0.0145666
-0.0145092
-0.0144518
-0.0143942
-0.0143364
-0.0142784
-0.0142203
-0.0141618
-0.0141032
-0.0140442
-0.013985
-0.0139254
-0.0138654
-0.013805
-0.0137442
-0.0136828
-0.013621
-0.0135585
-0.0134954
-0.0134316
-0.013367
-0.0133016
-0.0132353
-0.013168
-0.0130997
-0.0130304
-0.0129598
-0.0128881
-0.0128151
-0.012741
-0.0126656
-0.012589
-0.0125114
-0.0124329
-0.0123537
-0.0122739
-0.0121938
-0.0121138
-0.0120342
-0.0119551
-0.011877
-0.0118002
-0.0117249
-0.0116514
-0.0115798
-0.0115105
-0.0114435
-0.011379
-0.011317
-0.0112576
-0.0112007
-0.0111464
-0.0110945
-0.0110451
-0.010998
-0.0109531
-0.0109103
-0.0108695
-0.0108305
-0.0107932
-0.0107574
-0.0107231
-0.01069
-0.0106581
-0.0106272
-0.0105971
-0.0105678
-0.0105392
-0.0105111
-0.0104835
-0.0104562
-0.0104292
-0.0104024
-0.0103757
-0.0103491
-0.0103225
-0.0102959
-0.0102692
-0.0102423
-0.0102154
-0.0101882
-0.0101609
-0.0101333
-0.0101055
-0.0100774
-0.0100491
-0.0100206
-0.00999172
-0.00996261
-0.00993324
-0.00990359
-0.00987368
-0.00984351
-0.00981307
-0.00978238
-0.00975144
-0.00972026
-0.00968885
-0.0096572
-0.00962533
-0.00959325
-0.00956096
-0.00952847
-0.00949579
-0.00946292
-0.00942987
-0.00939665
-0.00936326
-0.00932972
-0.00929602
-0.00926218
-0.00922819
-0.00919407
-0.00915982
-0.00912544
-0.00909095
-0.00905634
-0.00902161
-0.00898678
-0.00895185
-0.00891682
-0.0088817
-0.00884648
-0.00881117
-0.00877578
-0.00874031
-0.00870476
-0.00866913
-0.00863343
-0.00859765
-0.00856181
-0.0085259
-0.00848993
-0.0084539
-0.00841781
-0.00838166
-0.00834546
-0.0083092
-0.0082729
-0.00823654
-0.00820014
-0.0081637
-0.00812721
-0.00809068
-0.00805412
-0.00801752
-0.00798088
-0.00794422
-0.00790752
-0.00787079
-0.00783404
-0.00779727
-0.00776047
-0.00772366
-0.00768682
-0.00764997
-0.00761311
-0.00757623
-0.00753934
-0.00750245
-0.00746555
-0.00742865
-0.00739174
-0.00735483
-0.00731793
-0.00728103
-0.00724413
-0.00720725
-0.00717037
-0.0071335
-0.00709664
-0.0070598
-0.00702298
-0.00698617
-0.00694938
-0.00691262
-0.00687587
-0.00683915
-0.00680245
-0.00676579
-0.00672914
-0.00669253
-0.00665595
-0.00661941
-0.00658289
-0.00654641
-0.00650997
-0.00647356
-0.00643719
-0.00640086
-0.00636457
-0.00632832
-0.00629211
-0.00625594
-0.00621982
-0.00618374
-0.00614771
-0.00611173
-0.00607579
-0.00603989
-0.00600405
-0.00596825
-0.0059325
-0.00589681
-0.00586116
-0.00582556
-0.00579002
-0.00575452
-0.00571908
-0.00568369
-0.00564835
-0.00561306
-0.00557783
-0.00554265
-0.00550753
-0.00547246
-0.00543744
-0.00540248
-0.00536757
-0.00533272
-0.00529792
-0.00526317
-0.00522848
-0.00519385
-0.00515927
-0.00512475
-0.00509028
-0.00505586
-0.0050215
-0.0049872
-0.00495295
-0.00491876
-0.00488462
-0.00485054
-0.00481651
-0.00478253
-0.00474861
-0.00471475
-0.00468094
-0.00464718
-0.00461347
-0.00457983
-0.00454623
-0.00451269
-0.0044792
-0.00444576
-0.00441238
-0.00437904
-0.00434577
-0.00431254
-0.00427936
-0.00424624
-0.00421317
-0.00418014
-0.00414717
-0.00411425
-0.00408138
-0.00404856
-0.00401578
-0.00398306
-0.00395038
-0.00391776
-0.00388518
-0.00385264
-0.00382016
-0.00378772
-0.00375532
-0.00372298
-0.00369067
-0.00365841
-0.0036262
-0.00359403
-0.0035619
-0.00352982
-0.00349778
-0.00346577
-0.00343381
-0.00340189
-0.00337001
-0.00333817
-0.00330637
-0.00327461
-0.00324288
-0.00321119
-0.00317953
-0.00314792
-0.00311633
-0.00308478
-0.00305326
-0.00302178
-0.00299032
-0.0029589
-0.0029275
-0.00289614
-0.0028648
-0.00283349
-0.00280221
-0.00277095
-0.00273971
-0.0027085
-0.00267731
-0.00264614
-0.00261499
-0.00258387
-0.00255275
-0.00252166
-0.00249058
-0.00245952
-0.00242846
-0.00239742
-0.00236639
-0.00233537
-0.00230436
-0.00227336
-0.00224235
-0.00221136
-0.00218036
-0.00214937
-0.00211837
-0.00208737
-0.00205637
-0.00202536
-0.00199435
-0.00196333
-0.00193229
-0.00190125
-0.00187019
-0.00183911
-0.00180802
-0.00177691
-0.00174579
-0.00171464
-0.00168346
-0.00165226
-0.00162104
-0.00158979
-0.00155851
-0.00152721
-0.00149587
-0.0014645
-0.0014331
-0.00140166
-0.00137019
-0.00133869
-0.00130716
-0.00127559
-0.00124398
-0.00121235
-0.00118068
-0.00114899
-0.00111727
-0.00108552
-0.00105374
-0.00102195
-0.000990143
-0.000958321
-0.000926491
-0.000894658
-0.000862827
-0.000831006
-0.0007992
-0.000767417
-0.000735665
-0.000703953
-0.00067229
-0.000640686
-0.00060915
-0.000577694
-0.00054633
-0.000515067
-0.00048392
-0.0004529
-0.00042202
-0.000391292
-0.00036073
-0.000330346
-0.000300153
-0.000270165
-0.000240393
-0.00021085
-0.000181548
-0.000152497
-0.000123709
-9.51939e-05
-6.6961e-05
-3.90191e-05
-1.1376e-05
1.59613e-05
4.29866e-05
6.96948e-05
9.60815e-05
0.000122143
0.000147878
0.000173285
0.000198363
0.000223112
0.000247534
0.000271632
0.000295408
0.000318866
0.000342011
0.000364849
0.000387385
0.000409626
0.000431579
0.000453252
0.000474653
0.000495789
0.000516671
0.000537307
0.000557706
0.000577877
0.00059783
0.000617575
0.000637121
0.000656478
0.000675655
0.000694662
0.000713508
0.000732203
0.000750754
0.000769172
0.000787465
0.00080564
0.000823707
0.000841673
0.000859546
0.000877334
0.000895042
0.000912678
0.000930249
0.000947761
0.00096522
0.000982631
0.001
0.00101733
0.00103463
0.0010519
0.00106915
0.00108638
0.00110359
0.00112079
0.00113799
0.00115517
0.00117236
0.00118954
0.00120673
0.00122392
0.00124112
0.00125833
0.00127555
0.00129278
0.00131002
0.00132728
0.00134456
0.00136186
0.00137917
0.00139651
0.00141386
0.00143124
0.00144864
0.00146607
0.00148352
0.00150099
0.00151849
0.00153601
0.00155356
0.00157114
0.00158874
0.00160637
0.00162404
0.00164173
0.00165945
0.0016772
0.00169498
0.00171279
0.00173064
0.00174852
0.00176644
0.00178439
0.00180239
0.00182042
0.0018385
0.00185662
0.00187479
0.00189302
0.00191129
0.00192963
0.00194804
0.00196651
0.00198506
0.0020037
0.00202243
0.00204126
0.0020602
0.00207927
0.00209848
0.00211783
0.00213734
0.00215701
0.00217687
0.0021969
0.00221711
0.00223751
0.00225808
0.00227882
0.00229971
0.00232074
0.00234189
0.00236313
0.00238444
0.00240581
0.00242719
0.00244857
0.00246993
0.00249123
0.00251244
0.00253356
0.00255456
0.00257541
0.00259609
0.0026166
0.00263691
0.00265702
0.0026769
0.00269656
0.00271597
0.00273514
0.00275407
0.00277274
0.00279115
0.00280931
0.00282721
0.00284486
0.00286226
0.00287941
0.00289632
0.00291298
0.00292942
0.00294562
0.00296161
0.00297738
0.00299294
0.00300831
0.00302348
0.00303847
0.00305329
0.00306793
0.00308242
0.00309675
0.00311094
0.00312499
0.00313891
0.00315271
0.00316639
0.00317996
0.00319342
0.00320679
0.00322007
0.00323327
0.00324638
0.00325942
0.00327239
0.00328529
0.00329814
0.00331092
0.00332366
0.00333635
0.00334899
0.00336159
0.00337415
0.00338667
0.00339917
0.00341163
0.00342407
0.00343648
0.00344887
0.00346123
0.00347358
0.00348592
0.00349823
0.00351054
0.00352283
0.00353511
0.00354739
0.00355966
0.00357192
0.00358418
0.00359643
0.00360869
0.00362095
0.0036332
0.00364546
0.00365773
0.00367
0.00368228
0.00369456
0.00370685
0.00371915
0.00373146
0.00374378
0.00375611
0.00376844
0.00378079
0.00379314
0.0038055
0.00381787
0.00383024
0.00384262
0.003855
0.00386739
0.00387978
0.00389217
0.00390455
0.00391694
0.00392932
0.0039417
0.00395408
0.00396644
0.0039788
0.00399115
0.00400349
0.00401582
0.00402814
0.00404044
0.00405273
0.004065
0.00407725
0.00408949
0.00410171
0.00411391
0.00412608
0.00413824
0.00415038
0.00416249
0.00417458
0.00418665
0.00419869
0.00421071
0.0042227
0.00423467
0.00424661
0.00425852
0.0042704
0.00428226
0.00429409
0.00430589
0.00431766
0.0043294
0.00434111
0.0043528
0.00436445
0.00437607
0.00438766
0.00439921
0.00441074
0.00442223
0.00443369
0.00444512
0.00445652
0.00446788
0.00447921
0.0044905
0.00450177
0.00451299
0.00452418
0.00453534
0.00454646
0.00455755
0.0045686
0.00457962
0.0045906
0.00460154
0.00461245
0.00462332
0.00463415
0.00464495
0.00465571
0.00466643
0.00467711
0.00468776
0.00469837
0.00470894
0.00471948
0.00472997
0.00474043
0.00475085
0.00476123
0.00477157
0.00478187
0.00479214
0.00480236
0.00481255
0.0048227
0.00483281
0.00484288
0.00485291
0.0048629
0.00487286
0.00488277
0.00489265
0.00490248
0.00491228
0.00492204
0.00493176
0.00494143
0.00495107
0.00496067
0.00497023
0.00497976
0.00498924
0.00499868
0.00500808
0.00501745
0.00502677
0.00503605
0.0050453
0.0050545
0.00506366
0.00507279
0.00508187
0.00509092
0.00509992
0.00510889
0.00511781
0.0051267
0.00513554
0.00514435
0.00515311
0.00516184
0.00517052
0.00517917
0.00518778
0.00519634
0.00520487
0.00521336
0.00522181
0.00523022
0.00523858
0.00524691
0.0052552
0.00526346
0.00527167
0.00527984
0.00528798
0.00529607
0.00530413
0.00531214
0.00532012
0.00532806
0.00533597
0.00534383
0.00535166
0.00535944
0.00536719
0.00537491
0.00538258
0.00539022
0.00539782
0.00540538
0.00541291
0.00542039
0.00542784
0.00543526
0.00544264
0.00544998
0.00545728
0.00546455
0.00547178
0.00547898
0.00548614
0.00549326
0.00550035
0.00550741
0.00551443
0.00552141
0.00552836
0.00553527
0.00554215
0.00554899
0.0055558
0.00556258
0.00556932
0.00557603
0.0055827
0.00558934
0.00559595
0.00560252
0.00560906
0.00561556
0.00562204
0.00562848
0.00563488
0.00564126
0.0056476
0.00565391
0.00566019
0.00566643
0.00567264
0.00567883
0.00568497
0.00569109
0.00569718
0.00570323
0.00570926
0.00571525
0.00572121
0.00572714
0.00573304
0.00573891
0.00574474
0.00575055
0.00575633
0.00576207
0.00576779
0.00577347
0.00577913
0.00578475
0.00579035
0.00579592
0.00580145
0.00580696
0.00581244
0.00581788
0.0058233
0.00582869
0.00583405
0.00583938
0.00584468
0.00584995
0.0058552
0.00586041
0.0058656
0.00587076
0.00587589
0.00588099
0.00588606
0.0058911
0.00589612
0.0059011
0.00590606
0.00591099
0.0059159
0.00592077
0.00592562
0.00593044
0.00593523
0.00593999
0.00594473
0.00594944
0.00595412
0.00595877
0.0059634
0.00596799
0.00597257
0.00597711
0.00598163
0.00598612
0.00599058
0.00599501
0.00599942
0.0060038
0.00600816
0.00601249
0.00601679
0.00602106
0.00602531
0.00602953
0.00603373
0.0060379
0.00604204
0.00604615
0.00605024
0.0060543
0.00605834
0.00606235
0.00606634
0.00607029
0.00607423
0.00607813
0.00608201
0.00608587
0.0060897
0.0060935
0.00609728
0.00610103
0.00610475
0.00610845
0.00611213
0.00611578
0.0061194
0.006123
0.00612657
0.00613012
0.00613365
0.00613714
0.00614062
0.00614406
0.00614749
0.00615089
0.00615426
0.00615761
0.00616093
0.00616423
0.0061675
0.00617076
0.00617398
0.00617718
0.00618036
0.00618351
0.00618664
0.00618974
0.00619282
0.00619588
0.00619891
0.00620192
0.00620491
0.00620787
0.0062108
0.00621372
0.00621661
0.00621947
0.00622232
0.00622514
0.00622793
0.00623071
0.00623346
0.00623618
0.00623889
0.00624157
0.00624423
0.00624686
0.00624948
0.00625207
0.00625464
0.00625718
0.00625971
0.00626221
0.00626469
0.00626715
0.00626958
0.006272
0.00627439
0.00627676
0.00627911
0.00628143
0.00628374
0.00628603
0.00628829
0.00629053
0.00629276
0.00629496
0.00629714
0.0062993
0.00630144
0.00630356
0.00630566
0.00630774
0.0063098
0.00631184
0.00631386
0.00631586
0.00631785
0.00631981
0.00632175
0.00632368
0.00632559
0.00632748
0.00632935
0.0063312
0.00633304
0.00633485
0.00633665
0.00633844
0.0063402
0.00634195
0.00634369
0.00634541
0.00634711
0.00634879
0.00635046
0.00635212
0.00635376
0.00635539
0.006357
0.0063586
0.00636018
0.00636175
0.00636331
0.00636486
0.00636639
0.00636792
0.00636943
0.00637093
0.00637242
0.00637391
0.00637538
0.00637684
0.0063783
0.00637975
0.00638119
0.00638263
0.00638405
0.00638548
0.0063869
0.00638831
0.00638972
0.00639113
0.00639253
0.00639394
0.00639534
0.00639674
0.00639814
0.00639954
0.00640094
0.00640234
0.00640374
0.00640514
0.00640654
0.00640794
0.00640935
0.00641075
0.00641215
0.00641355
0.00641494
0.00641634
0.00641773
0.00641911
0.00642048
0.00642185
0.00642321
0.00642455
0.00642587
0.00642718
0.00642847
0.00642974
0.00643098
0.0064322
0.00643338
0.00643453
0.00643564
0.00643672
0.00643776
0.00643875
0.00643969
0.00644059
0.00644143
0.00644222
0.00644296
0.00644363
0.00644425
0.00644481
0.0064453
0.00644573
0.00644609
0.00644639
0.00644662
0.00644679
0.00644688
0.00644691
0.00644687
0.00644676
0.00644658
0.00644634
0.00644603
0.00644565
0.00644521
0.0064447
0.00644413
0.00644349
0.0064428
0.00644205
0.00644123
0.00644036
0.00643944
0.00643846
0.00643743
0.00643635
0.00643522
0.00643404
0.00643282
0.00643156
0.00643025
0.00642891
0.00642752
0.0064261
0.00642465
0.00642316
0.00642164
0.0064201
0.00641852
0.00641692
0.0064153
0.00641365
0.00641198
0.00641028
0.00640858
0.00640685
0.0064051
0.00640335
0.00640157
0.00639979
0.00639799
0.00639618
0.00639436
0.00639254
0.0063907
0.00638886
0.00638701
0.00638516
0.0063833
0.00638143
0.00637956
0.00637769
0.00637582
0.00637394
0.00637207
0.00637019
0.00636831
0.00636642
0.00636454
0.00636266
0.00636078
0.00635889
0.00635701
0.00635513
0.00635325
0.00635137
0.00634949
0.00634761
0.00634573
0.00634385
0.00634197
0.0063401
0.00633822
0.00633634
0.00633447
0.00633259
0.00633072
0.00632884
0.00632697
0.00632509
0.00632322
0.00632134
0.00631946
0.00631759
0.00631571
0.00631383
0.00631195
0.00631006
0.00630818
0.00630629
0.0063044
0.00630251
0.00630062
0.00629872
0.00629682
0.00629491
0.00629301
0.0062911
0.00628918
0.00628726
0.00628534
0.00628341
0.00628148
0.00627954
0.0062776
0.00627565
0.0062737
0.00627174
0.00626977
0.0062678
0.00626582
0.00626384
0.00626185
0.00625985
0.00625785
0.00625584
0.00625382
0.00625179
0.00624976
0.00624771
0.00624567
0.00624361
0.00624154
0.00623947
0.00623739
0.0062353
0.0062332
0.00623109
0.00622897
0.00622685
0.00622471
0.00622257
0.00622042
0.00621826
0.00621609
0.00621391
0.00621172
0.00620952
0.00620731
0.00620509
0.00620286
0.00620062
0.00619838
0.00619612
0.00619385
0.00619157
0.00618929
0.00618699
0.00618468
0.00618237
0.00618004
0.0061777
0.00617536
0.006173
0.00617063
0.00616826
0.00616587
0.00616347
0.00616107
0.00615865
0.00615623
0.00615379
0.00615134
0.00614889
0.00614642
0.00614395
0.00614146
0.00613897
0.00613646
0.00613395
0.00613142
0.00612889
0.00612634
0.00612379
0.00612123
0.00611865
0.00611607
0.00611348
0.00611088
0.00610827
0.00610564
0.00610302
0.00610038
0.00609773
0.00609507
0.0060924
0.00608973
0.00608704
0.00608434
0.00608164
0.00607893
0.0060762
0.00607347
0.00607073
0.00606798
0.00606522
0.00606245
0.00605967
0.00605689
0.00605409
0.00605129
0.00604847
0.00604565
0.00604281
0.00603997
0.00603712
0.00603426
0.00603139
0.00602851
0.00602562
0.00602272
0.00601981
0.00601689
0.00601396
0.00601103
0.00600808
0.00600512
0.00600215
0.00599918
0.00599619
0.00599319
0.00599018
0.00598716
0.00598414
0.0059811
0.00597805
0.00597499
0.00597192
0.00596883
0.00596574
0.00596264
0.00595952
0.0059564
0.00595326
0.00595011
0.00594695
0.00594378
0.0059406
0.0059374
0.0059342
0.00593098
0.00592775
0.00592452
0.00592126
0.005918
0.00591473
0.00591144
0.00590815
0.00590484
0.00590152
0.00589819
0.00589485
0.0058915
0.00588814
0.00588476
0.00588138
0.00587798
0.00587458
0.00587116
0.00586773
0.0058643
0.00586085
0.00585739
0.00585392
0.00585044
0.00584695
0.00584345
0.00583993
0.00583641
0.00583287
0.00582933
0.00582577
0.0058222
0.00581861
0.00581502
0.00581141
0.00580778
0.00580415
0.0058005
0.00579684
0.00579316
0.00578947
0.00578576
0.00578204
0.00577831
0.00577456
0.00577079
0.00576701
0.00576321
0.0057594
0.00575557
0.00575173
0.00574787
0.00574399
0.0057401
0.00573619
0.00573226
0.00572832
0.00572436
0.00572039
0.0057164
0.0057124
0.00570838
0.00570434
0.00570029
0.00569622
0.00569214
0.00568805
0.00568394
0.00567982
0.00567568
0.00567153
0.00566737
0.00566319
0.005659
0.0056548
0.00565059
0.00564637
0.00564213
0.00563788
0.00563363
0.00562936
0.00562509
0.0056208
0.0056165
0.0056122
0.00560789
0.00560357
0.00559924
0.00559491
0.00559056
0.00558621
0.00558186
0.0055775
0.00557313
0.00556876
0.00556438
0.00556
0.00555561
0.00555122
0.00554682
0.00554242
0.00553802
0.00553361
0.0055292
0.00552478
0.00552037
0.00551595
0.00551153
0.0055071
0.00550268
0.00549825
0.00549382
0.00548939
0.00548496
0.00548052
0.00547609
0.00547165
0.00546722
0.00546278
0.00545834
0.0054539
0.00544946
0.00544502
0.00544058
0.00543614
0.0054317
0.00542726
0.00542282
0.00541838
0.00541394
0.0054095
0.00540505
0.00540061
0.00539617
0.00539173
0.00538729
0.00538285
0.00537841
0.00537397
0.00536953
0.00536509
0.00536065
0.00535621
0.00535177
0.00534733
0.00534289
0.00533845
0.00533402
0.00532958
0.00532514
0.0053207
0.00531626
0.00531182
0.00530738
0.00530294
0.0052985
0.00529406
0.00528962
0.00528517
0.00528073
0.00527629
0.00527185
0.0052674
0.00526296
0.00525851
0.00525406
0.00524961
0.00524516
0.00524071
0.00523626
0.00523181
0.00522735
0.0052229
0.00521844
0.00521398
0.00520952
0.00520506
0.00520059
0.00519613
0.00519166
0.00518719
0.00518272
0.00517824
0.00517377
0.00516929
0.00516481
0.00516032
0.00515584
0.00515135
0.00514686
0.00514236
0.00513787
0.00513337
0.00512886
0.00512436
0.00511985
0.00511534
0.00511083
0.00510631
0.00510179
0.00509727
0.00509275
0.00508822
0.00508369
0.00507915
0.00507461
0.00507007
0.00506553
0.00506098
0.00505643
0.00505188
0.00504732
0.00504276
0.00503819
0.00503363
0.00502906
0.00502448
0.00501991
0.00501533
0.00501074
0.00500616
0.00500157
0.00499697
0.00499238
0.00498778
0.00498317
0.00497856
0.00497396
0.00496934
0.00496473
0.00496011
0.00495548
0.00495086
0.00494623
0.0049416
0.00493696
0.00493232
0.00492768
0.00492303
0.00491839
0.00491374
0.00490908
0.00490443
0.00489977
0.0048951
0.00489044
0.00488577
0.0048811
0.00487643
0.00487175
0.00486707
0.00486239
0.00485771
0.00485302
0.00484833
0.00484364
0.00483895
0.00483425
0.00482955
0.00482485
0.00482015
0.00481544
0.00481073
0.00480603
0.00480131
0.0047966
0.00479188
0.00478717
0.00478245
0.00477773
0.004773
0.00476828
0.00476355
0.00475882
0.00475409
0.00474936
0.00474463
0.00473989
0.00473515
0.00473042
0.00472568
0.00472094
0.0047162
0.00471145
0.00470671
0.00470196
0.00469721
0.00469247
0.00468772
0.00468297
0.00467822
0.00467346
0.00466871
0.00466396
0.0046592
0.00465445
0.00464969
0.00464493
0.00464017
0.00463542
0.00463066
0.0046259
0.00462114
0.00461637
0.00461161
0.00460685
0.00460209
0.00459732
0.00459256
0.00458779
0.00458303
0.00457826
0.0045735
0.00456873
0.00456396
0.0045592
0.00455443
0.00454966
0.00454489
0.00454013
0.00453536
0.00453059
0.00452582
0.00452105
0.00451628
0.00451151
0.00450674
0.00450197
0.0044972
0.00449243
0.00448766
0.00448289
0.00447812
0.00447335
0.00446858
0.0044638
0.00445903
0.00445426
0.00444949
0.00444472
0.00443994
0.00443517
0.0044304
0.00442563
0.00442085
0.00441608
0.00441131
0.00440653
0.00440176
0.00439699
0.00439221
0.00438744
0.00438267
0.00437789
0.00437312
0.00436835
0.00436357
0.0043588
0.00435402
0.00434925
0.00434448
0.0043397
0.00433493
0.00433015
0.00432538
0.00432061
0.00431583
0.00431106
0.00430628
0.00430151
0.00429674
0.00429196
0.00428719
0.00428242
0.00427764
0.00427287
0.0042681
0.00426332
0.00425855
0.00425378
0.00424901
0.00424424
0.00423947
0.0042347
0.00422993
0.00422516
0.00422039
0.00421562
0.00421085
0.00420608
0.00420132
0.00419655
0.00419178
0.00418702
0.00418225
0.00417749
0.00417273
0.00416797
0.0041632
0.00415844
0.00415368
0.00414893
0.00414417
0.00413941
0.00413466
0.0041299
0.00412515
0.0041204
0.00411564
0.00411089
0.00410615
0.0041014
0.00409665
0.00409191
0.00408716
0.00408242
0.00407768
0.00407294
0.0040682
0.00406347
0.00405873
0.004054
0.00404927
0.00404454
0.00403981
0.00403508
0.00403036
0.00402564
0.00402092
0.0040162
0.00401148
0.00400676
0.00400205
0.00399734
0.00399263
0.00398792
0.00398321
0.00397851
0.00397381
0.00396911
0.00396441
0.00395971
0.00395502
0.00395033
0.00394564
0.00394095
0.00393627
0.00393159
0.00392691
0.00392223
0.00391755
0.00391288
0.00390821
0.00390354
0.00389887
0.00389421
0.00388955
0.00388489
0.00388023
0.00387558
0.00387092
0.00386627
0.00386163
0.00385698
0.00385234
0.0038477
0.00384306
0.00383843
0.0038338
0.00382917
0.00382454
0.00381992
0.00381529
0.00381068
0.00380606
0.00380144
0.00379683
0.00379222
0.00378762
0.00378301
0.00377841
0.00377381
0.00376922
0.00376462
0.00376003
0.00375545
0.00375086
0.00374628
0.0037417
0.00373712
0.00373254
0.00372797
0.0037234
0.00371884
0.00371427
0.00370971
0.00370515
0.00370059
0.00369604
0.00369149
0.00368694
0.00368239
0.00367785
0.00367331
0.00366877
0.00366424
0.0036597
0.00365517
0.00365065
0.00364612
0.0036416
0.00363708
0.00363256
0.00362805
0.00362354
0.00361903
0.00361452
0.00361002
0.00360552
0.00360102
0.00359652
0.00359203
0.00358754
0.00358305
0.00357857
0.00357408
0.0035696
0.00356513
0.00356065
0.00355618
0.00355171
0.00354725
0.00354278
0.00353832
0.00353386
0.00352941
0.00352495
0.0035205
0.00351606
0.00351161
0.00350717
0.00350273
0.00349829
0.00349386
0.00348943
0.003485
0.00348058
0.00347615
0.00347173
0.00346732
0.0034629
0.00345849
0.00345408
0.00344968
0.00344527
0.00344087
0.00343648
0.00343208
0.00342769
0.0034233
0.00341892
0.00341454
0.00341016
0.00340578
0.00340141
0.00339704
0.00339267
0.00338831
0.00338395
0.00337959
0.00337523
0.00337088
0.00336653
0.00336218
0.00335784
0.0033535
0.00334917
0.00334483
0.0033405
0.00333618
0.00333185
0.00332753
0.00332321
0.0033189
0.00331459
0.00331028
0.00330598
0.00330168
0.00329738
0.00329308
0.00328879
0.00328451
0.00328022
0.00327594
0.00327166
0.00326739
0.00326312
0.00325885
0.00325459
0.00325033
0.00324607
0.00324182
0.00323757
0.00323332
0.00322908
0.00322484
0.0032206
0.00321637
0.00321214
0.00320791
0.00320369
0.00319947
0.00319526
0.00319104
0.00318684
0.00318263
0.00317843
0.00317423
0.00317004
0.00316585
0.00316167
0.00315748
0.0031533
0.00314913
0.00314496
0.00314079
0.00313662
0.00313246
0.00312831
0.00312415
0.00312
0.00311586
0.00311172
0.00310758
0.00310344
0.00309931
0.00309518
0.00309106
0.00308694
0.00308282
0.00307871
0.0030746
0.0030705
0.0030664
0.0030623
0.00305821
0.00305412
0.00305003
0.00304595
0.00304187
0.00303779
0.00303372
0.00302966
0.00302559
0.00302153
0.00301748
0.00301343
0.00300938
0.00300533
0.00300129
0.00299726
0.00299322
0.00298919
0.00298517
0.00298115
0.00297713
0.00297311
0.0029691
0.0029651
0.0029611
0.0029571
0.0029531
0.00294911
0.00294512
0.00294114
0.00293716
0.00293319
0.00292921
0.00292525
0.00292128
0.00291732
0.00291337
0.00290941
0.00290546
0.00290152
0.00289758
0.00289364
0.00288971
0.00288578
0.00288185
0.00287793
0.00287401
0.0028701
0.00286619
0.00286229
0.00285838
0.00285449
0.00285059
0.0028467
0.00284281
0.00283893
0.00283505
0.00283118
0.00282731
0.00282344
0.00281958
0.00281572
0.00281186
0.00280801
0.00280416
0.00280032
0.00279648
0.00279265
0.00278881
0.00278499
0.00278116
0.00277734
0.00277353
0.00276971
0.00276591
0.0027621
0.0027583
0.00275451
0.00275071
0.00274693
0.00274314
0.00273936
0.00273559
0.00273181
0.00272805
0.00272428
0.00272052
0.00271676
0.00271301
0.00270926
0.00270552
0.00270178
0.00269804
0.00269431
0.00269058
0.00268686
0.00268314
0.00267942
0.00267571
0.002672
0.0026683
0.0026646
0.0026609
0.00265721
0.00265352
0.00264984
0.00264616
0.00264248
0.00263881
0.00263514
0.00263148
0.00262782
0.00262416
0.00262051
0.00261686
0.00261322
0.00260958
0.00260594
0.00260231
0.00259868
0.00259506
0.00259144
0.00258782
0.00258421
0.00258061
0.002577
0.0025734
0.00256981
0.00256622
0.00256263
0.00255905
0.00255547
0.00255189
0.00254832
0.00254476
0.00254119
0.00253764
0.00253408
0.00253053
0.00252699
0.00252344
0.00251991
0.00251637
0.00251284
0.00250932
0.0025058
0.00250228
0.00249877
0.00249526
0.00249175
0.00248825
0.00248475
0.00248126
0.00247777
0.00247429
0.00247081
0.00246733
0.00246386
0.00246039
0.00245693
0.00245346
0.00245001
0.00244656
0.00244311
0.00243967
0.00243623
0.00243279
0.00242936
0.00242593
0.00242251
0.00241909
0.00241567
0.00241226
0.00240886
0.00240545
0.00240206
0.00239866
0.00239527
0.00239188
0.0023885
0.00238512
0.00238175
0.00237838
0.00237501
0.00237165
0.0023683
0.00236494
0.00236159
0.00235825
0.00235491
0.00235157
0.00234824
0.00234491
0.00234158
0.00233826
0.00233494
0.00233163
0.00232832
0.00232502
0.00232172
0.00231842
0.00231513
0.00231184
0.00230856
0.00230528
0.002302
0.00229873
0.00229546
0.0022922
0.00228894
0.00228569
0.00228243
0.00227919
0.00227594
0.0022727
0.00226947
0.00226624
0.00226301
0.00225979
0.00225657
0.00225336
0.00225015
0.00224694
0.00224374
0.00224054
0.00223734
0.00223415
0.00223097
0.00222778
0.00222461
0.00222143
0.00221826
0.0022151
0.00221194
0.00220878
0.00220562
0.00220247
0.00219933
0.00219619
0.00219305
0.00218992
0.00218679
0.00218366
0.00218054
0.00217742
0.00217431
0.0021712
0.00216809
0.00216499
0.0021619
0.0021588
0.00215571
0.00215263
0.00214955
0.00214647
0.0021434
0.00214033
0.00213726
0.0021342
0.00213115
0.00212809
0.00212504
0.002122
0.00211896
0.00211592
0.00211289
0.00210986
0.00210683
0.00210381
0.0021008
0.00209778
0.00209477
0.00209177
0.00208877
0.00208577
0.00208278
0.00207979
0.0020768
0.00207382
0.00207085
0.00206787
0.0020649
0.00206194
0.00205898
0.00205602
0.00205307
0.00205012
0.00204717
0.00204423
0.00204129
0.00203836
0.00203543
0.0020325
0.00202958
0.00202667
0.00202375
0.00202084
0.00201794
0.00201503
0.00201214
0.00200924
0.00200635
0.00200347
0.00200058
0.0019977
0.00199483
0.00199196
0.00198909
0.00198623
0.00198337
0.00198052
0.00197766
0.00197482
0.00197197
0.00196913
0.0019663
0.00196347
0.00196064
0.00195782
0.001955
0.00195218
0.00194937
0.00194656
0.00194375
0.00194095
0.00193816
0.00193536
0.00193257
0.00192979
0.00192701
0.00192423
0.00192146
0.00191869
0.00191592
0.00191316
0.0019104
0.00190765
0.0019049
0.00190215
0.00189941
0.00189667
0.00189393
0.0018912
0.00188847
0.00188575
0.00188303
0.00188031
0.0018776
0.00187489
0.00187218
0.00186948
0.00186679
0.00186409
0.0018614
0.00185872
0.00185603
0.00185336
0.00185068
0.00184801
0.00184534
0.00184268
0.00184002
0.00183736
0.00183471
0.00183206
0.00182942
0.00182678
0.00182414
0.00182151
0.00181888
0.00181625
0.00181363
0.00181101
0.0018084
0.00180579
0.00180318
0.00180057
0.00179797
0.00179538
0.00179279
0.0017902
0.00178761
0.00178503
0.00178245
0.00177988
0.00177731
0.00177474
0.00177218
0.00176962
0.00176706
0.00176451
0.00176196
0.00175942
0.00175688
0.00175434
0.0017518
0.00174927
0.00174675
0.00174423
0.00174171
0.00173919
0.00173668
0.00173417
0.00173167
0.00172916
0.00172667
0.00172417
0.00172168
0.0017192
0.00171671
0.00171423
0.00171176
0.00170928
0.00170682
0.00170435
0.00170189
0.00169943
0.00169698
0.00169453
0.00169208
0.00168963
0.00168719
0.00168476
0.00168232
0.0016799
0.00167747
0.00167505
0.00167263
0.00167021
0.0016678
0.00166539
0.00166299
0.00166059
0.00165819
0.00165579
0.0016534
0.00165102
0.00164863
0.00164625
0.00164388
0.0016415
0.00163913
0.00163677
0.0016344
0.00163204
0.00162969
0.00162734
0.00162499
0.00162264
0.0016203
0.00161796
0.00161563
0.00161329
0.00161097
0.00160864
0.00160632
0.001604
0.00160169
0.00159938
0.00159707
0.00159476
0.00159246
0.00159017
0.00158787
0.00158558
0.00158329
0.00158101
0.00157873
0.00157645
0.00157418
0.00157191
0.00156964
0.00156738
0.00156512
0.00156286
0.00156061
0.00155836
0.00155611
0.00155387
0.00155163
0.00154939
0.00154716
0.00154493
0.0015427
0.00154048
0.00153826
0.00153604
0.00153383
0.00153162
0.00152941
0.0015272
0.001525
0.00152281
0.00152061
0.00151842
0.00151624
0.00151405
0.00151187
0.00150969
0.00150752
0.00150535
0.00150318
0.00150102
0.00149886
0.0014967
0.00149455
0.00149239
0.00149025
0.0014881
0.00148596
0.00148382
0.00148169
0.00147955
0.00147743
0.0014753
0.00147318
0.00147106
0.00146894
0.00146683
0.00146472
0.00146261
0.00146051
0.00145841
0.00145631
0.00145422
0.00145213
0.00145004
0.00144796
0.00144588
0.0014438
0.00144173
0.00143965
0.00143759
0.00143552
0.00143346
0.0014314
0.00142934
0.00142729
0.00142524
0.00142319
0.00142115
0.00141911
0.00141707
0.00141504
0.00141301
0.00141098
0.00140896
0.00140693
0.00140492
0.0014029
0.00140089
0.00139888
0.00139687
0.00139487
0.00139287
0.00139087
0.00138888
0.00138689
0.0013849
0.00138291
0.00138093
0.00137895
0.00137698
0.001375
0.00137303
0.00137107
0.0013691
0.00136714
0.00136518
0.00136323
0.00136128
0.00135933
0.00135738
0.00135544
0.0013535
0.00135156
0.00134963
0.0013477
0.00134577
0.00134384
0.00134192
0.00134
0.00133808
0.00133617
0.00133426
0.00133235
0.00133045
0.00132855
0.00132665
0.00132475
0.00132286
0.00132097
0.00131908
0.0013172
0.00131532
0.00131344
0.00131156
0.00130969
0.00130782
0.00130595
0.00130409
0.00130223
0.00130037
0.00129851
0.00129666
0.00129481
0.00129296
0.00129112
0.00128928
0.00128744
0.00128561
0.00128377
0.00128194
0.00128012
0.00127829
0.00127647
0.00127465
0.00127284
0.00127102
0.00126921
0.00126741
0.0012656
0.0012638
0.001262
0.0012602
0.00125841
0.00125662
0.00125483
0.00125305
0.00125126
0.00124948
0.00124771
0.00124593
0.00124416
0.00124239
0.00124063
0.00123886
0.0012371
0.00123535
0.00123359
0.00123184
0.00123009
0.00122834
0.0012266
0.00122486
0.00122312
0.00122138
0.00121965
0.00121792
0.00121619
0.00121446
0.00121274
0.00121102
0.0012093
0.00120759
0.00120588
0.00120417
0.00120246
0.00120076
0.00119906
0.00119736
0.00119566
0.00119397
0.00119228
0.00119059
0.0011889
0.00118722
0.00118554
0.00118386
0.00118219
0.00118051
0.00117884
0.00117718
0.00117551
0.00117385
0.00117219
0.00117053
0.00116888
0.00116723
0.00116558
0.00116393
0.00116229
0.00116065
0.00115901
0.00115737
0.00115574
0.00115411
0.00115248
0.00115085
0.00114923
0.0011476
0.00114599
0.00114437
0.00114276
0.00114115
0.00113954
0.00113793
0.00113633
0.00113473
0.00113313
0.00113153
0.00112994
0.00112835
0.00112676
0.00112517
0.00112359
0.00112201
0.00112043
0.00111885
0.00111728
0.0011157
0.00111414
0.00111257
0.00111101
0.00110944
0.00110788
0.00110633
0.00110477
0.00110322
0.00110167
0.00110012
0.00109858
0.00109704
0.0010955
0.00109396
0.00109242
0.00109089
0.00108936
0.00108783
0.00108631
0.00108479
0.00108326
0.00108175
0.00108023
0.00107872
0.0010772
0.0010757
0.00107419
0.00107268
0.00107118
0.00106968
0.00106819
0.00106669
0.0010652
0.00106371
0.00106222
0.00106073
0.00105925
0.00105777
0.00105629
0.00105482
0.00105334
0.00105187
0.0010504
0.00104893
0.00104747
0.00104601
0.00104455
0.00104309
0.00104163
0.00104018
0.00103873
0.00103728
0.00103583
0.00103439
0.00103295
0.00103151
0.00103007
0.00102863
0.0010272
0.00102577
0.00102434
0.00102291
0.00102149
0.00102007
0.00101865
0.00101723
0.00101581
0.0010144
0.00101299
0.00101158
0.00101017
0.00100877
0.00100737
0.00100597
0.00100457
0.00100317
0.00100178
0.00100039
0.000999001
0.000997614
0.000996229
0.000994846
0.000993466
0.000992088
0.000990711
0.000989337
0.000987966
0.000986596
0.000985228
0.000983863
0.0009825
0.000981138
0.000979779
0.000978422
0.000977067
0.000975715
0.000974364
0.000973016
0.000971669
0.000970325
0.000968983
0.000967643
0.000966305
0.000964969
0.000963635
0.000962303
0.000960973
0.000959646
0.00095832
0.000956997
0.000955675
0.000954356
0.000953038
0.000951723
0.00095041
0.000949099
0.00094779
0.000946483
0.000945177
0.000943874
0.000942573
0.000941274
0.000939977
0.000938683
0.00093739
0.000936099
0.00093481
0.000933523
0.000932238
0.000930955
0.000929674
0.000928395
0.000927119
0.000925844
0.000924571
0.0009233
0.000922031
0.000920764
0.000919499
0.000918236
0.000916975
0.000915715
0.000914458
0.000913203
0.00091195
0.000910698
0.000909449
0.000908202
0.000906956
0.000905713
0.000904471
0.000903231
0.000901993
0.000900758
0.000899524
0.000898292
0.000897062
0.000895833
0.000894607
0.000893383
0.00089216
0.00089094
0.000889721
0.000888504
0.000887289
0.000886076
0.000884865
0.000883656
0.000882448
0.000881243
0.000880039
0.000878837
0.000877638
0.00087644
0.000875243
0.000874049
0.000872857
0.000871666
0.000870477
0.00086929
0.000868105
0.000866922
0.00086574
0.000864561
0.000863383
0.000862207
0.000861033
0.000859861
0.00085869
0.000857521
0.000856355
0.000855189
0.000854026
0.000852865
0.000851705
0.000850547
0.000849391
0.000848237
0.000847084
0.000845934
0.000844785
0.000843637
0.000842492
0.000841348
0.000840207
0.000839067
0.000837928
0.000836792
0.000835657
0.000834524
0.000833392
0.000832263
0.000831135
0.000830009
0.000828885
0.000827762
0.000826641
0.000825522
0.000824405
0.000823289
0.000822175
0.000821063
0.000819952
0.000818843
0.000817736
0.000816631
0.000815527
0.000814425
0.000813325
0.000812226
0.000811129
0.000810034
0.000808941
0.000807849
0.000806758
0.00080567
0.000804583
0.000803498
0.000802415
0.000801333
0.000800253
0.000799174
0.000798097
0.000797022
0.000795949
0.000794877
0.000793807
0.000792738
0.000791671
0.000790606
0.000789542
0.00078848
0.00078742
0.000786361
0.000785304
0.000784248
0.000783194
0.000782142
0.000781091
0.000780042
0.000778995
0.000777949
0.000776905
0.000775862
0.000774821
0.000773782
0.000772744
0.000771708
0.000770673
0.00076964
0.000768608
0.000767578
0.00076655
0.000765523
0.000764498
0.000763474
0.000762452
0.000761432
0.000760413
0.000759395
0.00075838
0.000757365
0.000756353
0.000755341
0.000754332
0.000753324
0.000752317
0.000751312
0.000750309
0.000749307
0.000748306
0.000747307
0.00074631
0.000745314
0.00074432
0.000743327
0.000742336
0.000741346
0.000740357
0.000739371
0.000738385
0.000737402
0.000736419
0.000735438
0.000734459
0.000733481
0.000732505
0.00073153
0.000730557
0.000729585
0.000728614
0.000727646
0.000726678
0.000725712
0.000724748
0.000723784
0.000722823
0.000721863
0.000720904
0.000719947
0.000718991
0.000718037
0.000717084
0.000716132
0.000715182
0.000714234
0.000713287
0.000712341
0.000711397
0.000710454
0.000709513
0.000708573
0.000707634
0.000706697
0.000705761
0.000704827
0.000703894
0.000702962
0.000702032
0.000701104
0.000700176
0.000699251
0.000698326
0.000697403
0.000696481
0.000695561
0.000694642
0.000693725
0.000692808
0.000691894
0.00069098
0.000690068
0.000689158
0.000688248
0.00068734
0.000686434
0.000685529
0.000684625
0.000683723
0.000682821
0.000681922
0.000681023
0.000680126
0.000679231
0.000678336
0.000677443
0.000676552
0.000675661
0.000674772
0.000673885
0.000672998
0.000672113
0.00067123
0.000670347
0.000669466
0.000668587
0.000667708
0.000666831
0.000665955
0.000665081
0.000664208
0.000663336
0.000662465
0.000661596
0.000660728
0.000659861
0.000658996
0.000658132
0.000657269
0.000656408
0.000655548
0.000654689
0.000653831
0.000652975
0.00065212
0.000651266
0.000650413
0.000649562
0.000648712
0.000647863
0.000647016
0.00064617
0.000645325
0.000644481
0.000643639
0.000642797
0.000641957
0.000641119
0.000640281
0.000639445
0.00063861
0.000637776
0.000636944
0.000636113
0.000635283
0.000634454
0.000633626
0.0006328
0.000631975
0.000631151
0.000630328
0.000629507
0.000628686
0.000627867
0.00062705
0.000626233
0.000625418
0.000624603
0.00062379
0.000622979
0.000622168
0.000621359
0.00062055
0.000619743
0.000618937
0.000618133
0.000617329
0.000616527
0.000615726
0.000614926
0.000614127
0.00061333
0.000612533
0.000611738
0.000610944
0.000610151
0.000609359
0.000608569
0.000607779
0.000606991
0.000606204
0.000605418

