-55
-55
-55
-55
-55
-55
-55
-55
-55
-55
-55
-55
-55
-55
-55
-55
-55
-55
-55
-55
-55
-55
-55
-55
-55
-55
-55
-55
-55
-55
-55
-55
-55
-55
-55
-55
-55
-55
-55
-55
-55
-55
-55
-55
-55
-55
-55
-55
-55
-55
-55
-55
-55
-55
-55
-55
-55
-55
-55
-55
-55
-55
-55
-55
-55
-55
-55
-55
-55
-55
-55
-55
-55
-55
-55
-55
-55
-55
-55
-55
-55
-55
-55
-55
-55
-55
-55
-55
-55
-55
-55
-55
-55
-55
-55
-55
-55
-55
-55
-55
-55
-55
-55
-55
-55
-55
-55
-55
-55
-55
-55
-55
-55
-55
-55
-55
-55
-55
-55
-55
-55
-55
-55
-55
-55
-55
-55
-55
-55
-55
-55
-55
-55
-55
-55
-55
-55
-55
-55
-55
-55
-55
-55
-55
-55
-55
-55
-55
-55
-55
-55
-55
-55
-55
-55
-55
-55
-55
-55
-55
-55
-55
-55
-55
-55
-55
-55
-55
-55
-55
-55
-55
-55
-55
-55
-55
-55
-55
-55
-55
-55
-55
-55
-55
-55
-55
-55
-55
-55
-55
-55
-55
-55
-55
-55
-55
-55
-55
-55
-55
-55
-55
-55
-55
-55
-55
-55
-55
-55
-55
-55
-55
-55
-55
-55
-55
-55
-55
-55
-55
-55
-55
-55
-55
-55
-55
-55
-55
-55
-55
-55
-55
-55
-55
-55
-55
-55
-55
-55
-55
-55
-55
-55
-55
-55
-55
-55
-55
-55
-55
-55
-55
-55
-55
-55
-55
-55
-55
-55
-55
-55
-55
-55
-55
-55
-55
-55
-55
-55
-55
-55
-55
-55
-55
-55
-55
-55
-55
-55
-55
-55
-55
-55
-55
-55
-55
-55
-55
-55
-55
-55
-55
-55
-55
-55
-55
-55
-55
-55
-55
-55
-55
-55
-55
-55
-55
-55
-55
-55
-55
-55
-55
-55
-55
-55
-55
-55
-55
-55
-55
-55
-55
-55
-55
-55
-55
-55
-55
-55
-55
-55
-55
-55
-55
-55
-55
-55
-55
-55
-55
-55
-55
-55
-55
-55
-55
-55
-55
-55
-55
-55
-55
-55
-55
-55
-55
-55
-55
-55
-55
-55
-55
-55
-55
-55
-55
-55
-55
-55
-55
-55
-55
-55
-55
-55
-55
-55
-55
-55
-55
-55
-55
-55
-55
-55
-55
-55
-55
-55
-55
-55
-55
-55
-55
-55
-55
-55
-55
-55
-55
-55
-55
-55
-55
-55
-55
-55
-55
-55
-55
-55
-55
-55
-55
-55
-55
-55
-55
-55
-55
-55
-55
-55
-55
-55
-55
-55
-55
-55
-55
-55
-55
-55
-55
-55
-55
-55
-55
-55
-55
-55
-55
-55
-55
-55
-55
-55
-55
-55
-55
-55
-55
-55
-55
-55
-55
-55
-55
-55
-55
-55
-55
-55
-55
-55
-55
-55
-55
-55
-55
-55
-55
-55
-55
-55
-55
-55
-55
-55
-55
-55
-55
-55
-55
-55
-55
-55
-55
-55
-55
-55
-55
-55
-55
-55
-55
-55
-55
-55
-55
-55
-55
-55
-55
-55
-55
-55
-55
-55
-55
-55
-55
-55
-55
-55
-55
-55
-55
-55
-55
-55
-55
-55
-55
-55
-55
-55
-55
-55
-55
-55
-55
-55
-55
-55
-55
-55
-55
-55
-55
-55
-55
-55
-55
-55
-55
-55
-55
-55
-55
-55
-55
-55
-55
-55
-55
-55
-55
-55
-55
-55
-55
-55
-55
-55
-55
-55
-55
-55
-55
-55
-55
-55
-55
-55
-55
-55
-55
-55
-55
-55
-55
-55
-55
-55
-55
-55
-55
-55
-55
-55
-55
-55
-55
-55
-55
-55
-55
-55
-55
-55
-55
-55
-55
-55
-55
-55
-55
-55
-55
-55
-55
-55
-55
-55
-55
-55
-55
-55
-55
-55
-55
-55
-55
-55
-55
-55
-55
-55
-55
-55
-55
-55
-55
-55
-55
-55
-55
-55
-55
-55
-55
-55
-55
-55
-55
-55
-55
-55
-55
-55
-55
-55
-55
-55
-55
-55
-55
-55
-55
-55
-55
-55
-55
-55
-55
-55
-55
-55
-55
-55
-55
-55
-55
-55
-55
-55
-55
-55
-55
-55
-55
-55
-55
-55
-55
-55
-55
-55
-55
-55
-55
-55
-55
-55
-55
-55
-55
-55
-55
-55
-55
-55
-55
-55
-55
-55
-55
-55
-55
-55
-55
-55
-55
-55
-55
-55
-55
-55
-55
-55
-55
-55
-55
-55
-55
-55
-55
-55
-55
-55
-55
-55
-55
-55
-55
-55
-55
-55
-55
-55
-55
-55
-55
-55
-55
-55
-55
-55
-55
-55
-55
-55
-55
-55
-55
-55
-55
-55
-55
-55
-55
-55
-55
-55
-55
-55
-55
-55
-55
-55
-55
-55
-55
-55
-55
-55
-55
-55
-55
-55
-55
-55
-55
-55
-55
-55
-55
-55
-55
-55
-55
-55
-55
-55
-55
-55
-55
-55
-55
-55
-55
-54.9423
-54.8269
-54.6669
-54.4754
-54.2618
-54.0304
-53.7795
-53.5012
-53.1814
-52.8053
-52.3682
-51.8821
-51.3686
-50.8478
-50.3332
-49.8324
-49.349
-48.8845
-48.4392
-48.0127
-47.6044
-47.2135
-46.8388
-46.4792
-46.1335
-45.8005
-45.4787
-45.167
-44.8638
-44.5678
-44.2775
-43.9915
-43.7083
-43.4263
-43.1439
-42.8595
-42.5711
-42.2769
-41.975
-41.6632
-41.3394
-41.0011
-40.6455
-40.2692
-39.8686
-39.4392
-38.9759
-38.4726
-37.922
-37.3151
-36.6408
-35.885
-35.0294
-34.05
-32.9142
-31.5769
-29.9733
-28.0082
-25.535
-22.3208
-17.9815
-11.877
-3.01211
9.58827
24.8403
38.6996
48.0438
52.9469
55.009
55.6125
55.5234
55.0877
54.4484
53.6633
52.757
51.7407
50.6208
49.4015
48.0873
46.6849
45.1996
43.636
41.9986
40.292
38.5204
36.6886
34.8011
32.8625
30.8779
28.8522
26.7908
24.6996
22.5848
20.4536
18.3141
16.1762
14.0514
11.9534
9.89824
7.90277
5.9837
4.15535
2.42798
0.807052
-0.706499
-2.11493
-3.42183
-4.62984
-5.73868
-6.74769
-7.66934
-8.53485
-9.37765
-10.2187
-11.0664
-11.923
-12.7892
-13.6661
-14.5562
-15.4629
-16.3907
-17.3447
-18.331
-19.3561
-20.4272
-21.5519
-22.738
-23.9934
-25.3252
-26.7393
-28.2393
-29.8247
-31.4898
-33.2211
-34.9969
-36.7864
-38.553
-40.2596
-41.8751
-43.379
-44.7644
-46.0331
-47.1906
-48.2436
-49.1991
-50.0633
-50.8421
-51.541
-52.1656
-52.7212
-53.2133
-53.6474
-54.0289
-54.363
-54.6548
-54.9088
-55.1295
-55.321
-55.4874
-55.6322
-55.7586
-55.8694
-55.967
-56.0535
-56.1307
-56.2002
-56.2632
-56.321
-56.3745
-56.4248
-56.4724
-56.5182
-56.5628
-56.6067
-56.6505
-56.6946
-56.7394
-56.7851
-56.8318
-56.8797
-56.9285
-56.9778
-57.0272
-57.076
-57.1237
-57.1697
-57.2138
-57.2555
-57.2947
-57.3314
-57.3654
-57.3968
-57.4256
-57.4519
-57.4757
-57.4971
-57.5163
-57.5334
-57.5484
-57.5615
-57.5729
-57.5827
-57.591
-57.5978
-57.6035
-57.608
-57.6114
-57.614
-57.6157
-57.6166
-57.6169
-57.6165
-57.6156
-57.6142
-57.6124
-57.6102
-57.6076
-57.6047
-57.6015
-57.5981
-57.5944
-57.5905
-57.5864
-57.5821
-57.5777
-57.5731
-57.5684
-57.5636
-57.5587
-57.5536
-57.5484
-57.543
-57.5376
-57.5319
-57.5262
-57.5202
-57.5141
-57.5079
-57.5014
-57.4948
-57.4881
-57.4811
-57.474
-57.4668
-57.4593
-57.4518
-57.444
-57.4361
-57.4281
-57.4199
-57.4116
-57.4031
-57.3945
-57.3858
-57.377
-57.368
-57.3589
-57.3497
-57.3404
-57.331
-57.3214
-57.3118
-57.3021
-57.2923
-57.2823
-57.2723
-57.2622
-57.252
-57.2418
-57.2314
-57.2209
-57.2104
-57.1998
-57.1891
-57.1784
-57.1675
-57.1566
-57.1456
-57.1345
-57.1234
-57.1122
-57.1009
-57.0895
-57.0781
-57.0666
-57.055
-57.0434
-57.0317
-57.0199
-57.0081
-56.9961
-56.9842
-56.9721
-56.96
-56.9478
-56.9356
-56.9233
-56.9109
-56.8985
-56.886
-56.8734
-56.8608
-56.8481
-56.8353
-56.8225
-56.8096
-56.7967
-56.7837
-56.7706
-56.7575
-56.7443
-56.7311
-56.7178
-56.7045
-56.691
-56.6776
-56.664
-56.6504
-56.6368
-56.6231
-56.6093
-56.5955
-56.5816
-56.5677
-56.5537
-56.5396
-56.5255
-56.5113
-56.4971
-56.4828
-56.4684
-56.454
-56.4395
-56.425
-56.4104
-56.3957
-56.381
-56.3662
-56.3513
-56.3364
-56.3214
-56.3064
-56.2912
-56.2761
-56.2608
-56.2454
-56.23
-56.2146
-56.199
-56.1833
-56.1676
-56.1518
-56.1359
-56.12
-56.1039
-56.0877
-56.0715
-56.0551
-56.0387
-56.0221
-56.0055
-55.9887
-55.9718
-55.9547
-55.9376
-55.9203
-55.9028
-55.8852
-55.8675
-55.8496
-55.8315
-55.8132
-55.7947
-55.776
-55.757
-55.7378
-55.7184
-55.6986
-55.6786
-55.6582
-55.6375
-55.6163
-55.5947
-55.5727
-55.5501
-55.5269
-55.5031
-55.4785
-55.4531
-55.4268
-55.3995
-55.371
-55.3411
-55.3096
-55.2763
-55.2409
-55.203
-55.1622
-55.1178
-55.0691
-55.0154
-54.9556
-54.8884
-54.8124
-54.7259
-54.6273
-54.5153
-54.3896
-54.2512
-54.1028
-53.9485
-53.7926
-53.6395
-53.4928
-53.3553
-53.2287
-53.1144
-53.0127
-52.9236
-52.8471
-52.7825
-52.7291
-52.6864
-52.6534
-52.6293
-52.6135
-52.6049
-52.6029
-52.6067
-52.6154
-52.6282
-52.6446
-52.6636
-52.6848
-52.7075
-52.7312
-52.7554
-52.7797
-52.8038
-52.8275
-52.8505
-52.8727
-52.894
-52.9144
-52.9337
-52.952
-52.9693
-52.9856
-53.001
-53.0155
-53.0291
-53.0419
-53.054
-53.0655
-53.0764
-53.0867
-53.0966
-53.1061
-53.1153
-53.1242
-53.1329
-53.1414
-53.1499
-53.1583
-53.1668
-53.1753
-53.184
-53.1929
-53.202
-53.2113
-53.2211
-53.2311
-53.2416
-53.2525
-53.2639
-53.2758
-53.2882
-53.3012
-53.3146
-53.3286
-53.3432
-53.3582
-53.3736
-53.3895
-53.4057
-53.4223
-53.439
-53.4558
-53.4727
-53.4895
-53.5061
-53.5225
-53.5385
-53.554
-53.569
-53.5833
-53.5969
-53.6098
-53.6218
-53.6331
-53.6434
-53.6529
-53.6615
-53.6692
-53.6761
-53.6821
-53.6872
-53.6916
-53.6952
-53.698
-53.7001
-53.7015
-53.7023
-53.7024
-53.702
-53.701
-53.6995
-53.6975
-53.695
-53.6921
-53.6888
-53.6851
-53.681
-53.6766
-53.672
-53.667
-53.6617
-53.6562
-53.6505
-53.6446
-53.6384
-53.6321
-53.6256
-53.6189
-53.6121
-53.6051
-53.598
-53.5908
-53.5835
-53.5761
-53.5686
-53.561
-53.5533
-53.5456
-53.5377
-53.5298
-53.5219
-53.5139
-53.5059
-53.4978
-53.4896
-53.4815
-53.4733
-53.465
-53.4568
-53.4485
-53.4401
-53.4318
-53.4234
-53.4151
-53.4067
-53.3983
-53.3898
-53.3814
-53.373
-53.3645
-53.3561
-53.3476
-53.3391
-53.3306
-53.3222
-53.3137
-53.3052
-53.2967
-53.2882
-53.2797
-53.2712
-53.2628
-53.2543
-53.2458
-53.2373
-53.2288
-53.2204
-53.2119
-53.2034
-53.195
-53.1865
-53.178
-53.1696
-53.1612
-53.1527
-53.1443
-53.1359
-53.1274
-53.119
-53.1106
-53.1022
-53.0938
-53.0855
-53.0771
-53.0687
-53.0603
-53.052
-53.0436
-53.0353
-53.027
-53.0186
-53.0103
-53.002
-52.9937
-52.9854
-52.9771
-52.9688
-52.9606
-52.9523
-52.944
-52.9358
-52.9275
-52.9193
-52.9111
-52.9028
-52.8946
-52.8864
-52.8782
-52.87
-52.8618
-52.8537
-52.8455
-52.8373
-52.8292
-52.821
-52.8129
-52.8047
-52.7966
-52.7885
-52.7804
-52.7722
-52.7641
-52.756
-52.7479
-52.7398
-52.7317
-52.7236
-52.7156
-52.7075
-52.6994
-52.6913
-52.6832
-52.6752
-52.6671
-52.659
-52.651
-52.6429
-52.6348
-52.6268
-52.6187
-52.6107
-52.6026
-52.5945
-52.5865
-52.5784
-52.5704
-52.5623
-52.5543
-52.5462
-52.5382
-52.5302
-52.5221
-52.5141
-52.506
-52.498
-52.4899
-52.4819
-52.4739
-52.4658
-52.4578
-52.4498
-52.4417
-52.4337
-52.4257
-52.4177
-52.4096
-52.4016
-52.3936
-52.3856
-52.3775
-52.3695
-52.3615
-52.3535
-52.3455
-52.3375
-52.3294
-52.3214
-52.3134
-52.3054
-52.2974
-52.2894
-52.2814
-52.2734
-52.2654
-52.2574
-52.2494
-52.2415
-52.2335
-52.2255
-52.2175
-52.2095
-52.2016
-52.1936
-52.1856
-52.1776
-52.1697
-52.1617
-52.1538
-52.1458
-52.1378
-52.1299
-52.122
-52.114
-52.1061
-52.0981
-52.0902
-52.0823
-52.0743
-52.0664
-52.0585
-52.0506
-52.0427
-52.0348
-52.0269
-52.019
-52.0111
-52.0032
-51.9953
-51.9874
-51.9796
-51.9717
-51.9638
-51.956
-51.9481
-51.9402
-51.9324
-51.9246
-51.9167
-51.9089
-51.9011
-51.8932
-51.8854
-51.8776
-51.8698
-51.862
-51.8542
-51.8464
-51.8386
-51.8308
-51.8231
-51.8153
-51.8075
-51.7998
-51.792
-51.7843
-51.7766
-51.7688
-51.7611
-51.7534
-51.7457
-51.738
-51.7303
-51.7226
-51.7149
-51.7072
-51.6995
-51.6919
-51.6842
-51.6766
-51.6689
-51.6613
-51.6537
-51.646
-51.6384
-51.6308
-51.6232
-51.6156
-51.608
-51.6005
-51.5929
-51.5853
-51.5778
-51.5702
-51.5627
-51.5552
-51.5476
-51.5401
-51.5326
-51.5251
-51.5176
-51.5101
-51.5027
-51.4952
-51.4877
-51.4803
-51.4728
-51.4654
-51.458
-51.4506
-51.4432
-51.4358
-51.4284
-51.421
-51.4136
-51.4063
-51.3989
-51.3916
-51.3842
-51.3769
-51.3696
-51.3623
-51.355
-51.3477
-51.3404
-51.3331
-51.3259
-51.3186
-51.3114
-51.3041
-51.2969
-51.2897
-51.2825
-51.2753
-51.2681
-51.2609
-51.2538
-51.2466
-51.2394
-51.2323
-51.2252
-51.2181
-51.211
-51.2039
-51.1968
-51.1897
-51.1826
-51.1756
-51.1685
-51.1615
-51.1545
-51.1475
-51.1405
-51.1335
-51.1265
-51.1195
-51.1125
-51.1056
-51.0986
-51.0917
-51.0848
-51.0779
-51.071
-51.0641
-51.0572
-51.0504
-51.0435
-51.0367
-51.0298
-51.023
-51.0162
-51.0094
-51.0026
-50.9958
-50.989
-50.9823
-50.9755
-50.9688
-50.9621
-50.9554
-50.9487
-50.942
-50.9353
-50.9286
-50.922
-50.9153
-50.9087
-50.9021
-50.8955
-50.8889
-50.8823
-50.8757
-50.8692
-50.8626
-50.8561
-50.8496
-50.843
-50.8365
-50.83
-50.8236
-50.8171
-50.8106
-50.8042
-50.7978
-50.7913
-50.7849
-50.7785
-50.7721
-50.7658
-50.7594
-50.7531
-50.7467
-50.7404
-50.7341
-50.7278
-50.7215
-50.7152
-50.7089
-50.7027
-50.6965
-50.6902
-50.684
-50.6778
-50.6716
-50.6654
-50.6593
-50.6531
-50.647
-50.6408
-50.6347
-50.6286
-50.6225
-50.6165
-50.6104
-50.6043
-50.5983
-50.5923
-50.5862
-50.5802
-50.5742
-50.5683
-50.5623
-50.5563
-50.5504
-50.5445
-50.5386
-50.5327
-50.5268
-50.5209
-50.515
-50.5092
-50.5033
-50.4975
-50.4917
-50.4859
-50.4801
-50.4743
-50.4685
-50.4628
-50.4571
-50.4513
-50.4456
-50.4399
-50.4342
-50.4286
-50.4229
-50.4173
-50.4116
-50.406
-50.4004
-50.3948
-50.3892
-50.3836
-50.3781
-50.3725
-50.367
-50.3615
-50.356
-50.3505
-50.345
-50.3395
-50.3341
-50.3287
-50.3232
-50.3178
-50.3124
-50.307
-50.3017
-50.2963
-50.2909
-50.2856
-50.2803
-50.275
-50.2697
-50.2644
-50.2591
-50.2539
-50.2486
-50.2434
-50.2382
-50.233
-50.2278
-50.2226
-50.2175
-50.2123
-50.2072
-50.202
-50.1969
-50.1918
-50.1867
-50.1817
-50.1766
-50.1716
-50.1665
-50.1615
-50.1565
-50.1515
-50.1466
-50.1416
-50.1366
-50.1317
-50.1268
-50.1219
-50.117
-50.1121
-50.1072
-50.1023
-50.0975
-50.0927
-50.0879
-50.083
-50.0783
-50.0735
-50.0687
-50.064
-50.0592
-50.0545
-50.0498
-50.0451
-50.0404
-50.0357
-50.0311
-50.0264
-50.0218
-50.0172
-50.0126
-50.008
-50.0034
-49.9988
-49.9943
-49.9897
-49.9852
-49.9807
-49.9762
-49.9717
-49.9672
-49.9628
-49.9583
-49.9539
-49.9495
-49.9451
-49.9407
-49.9363
-49.9319
-49.9276
-49.9232
-49.9189
-49.9146
-49.9103
-49.906
-49.9017
-49.8975
-49.8932
-49.889
-49.8848
-49.8806
-49.8764
-49.8722
-49.868
-49.8639
-49.8597
-49.8556
-49.8515
-49.8474
-49.8433
-49.8392
-49.8352
-49.8311
-49.8271
-49.823
-49.819
-49.815
-49.8111
-49.8071
-49.8031
-49.7992
-49.7953
-49.7913
-49.7874
-49.7835
-49.7797
-49.7758
-49.7719
-49.7681
-49.7643
-49.7605
-49.7567
-49.7529
-49.7491
-49.7453
-49.7416
-49.7379
-49.7341
-49.7304
-49.7267
-49.723
-49.7194
-49.7157
-49.7121
-49.7084
-49.7048
-49.7012
-49.6976
-49.694
-49.6905
-49.6869
-49.6834
-49.6798
-49.6763
-49.6728
-49.6693
-49.6658
-49.6624
-49.6589
-49.6555
-49.6521
-49.6486
-49.6452
-49.6419
-49.6385
-49.6351
-49.6318
-49.6284
-49.6251
-49.6218
-49.6185
-49.6152
-49.6119
-49.6087
-49.6054
-49.6022
-49.5989
-49.5957
-49.5925
-49.5893
-49.5862
-49.583
-49.5798
-49.5767
-49.5736
-49.5705
-49.5674
-49.5643
-49.5612
-49.5581
-49.5551
-49.552
-49.549
-49.546
-49.543
-49.54
-49.537
-49.5341
-49.5311
-49.5282
-49.5252
-49.5223
-49.5194
-49.5165
-49.5136
-49.5108
-49.5079
-49.505
-49.5022
-49.4994
-49.4966
-49.4938
-49.491
-49.4882
-49.4855
-49.4827
-49.48
-49.4772
-49.4745
-49.4718
-49.4691
-49.4664
-49.4638
-49.4611
-49.4585
-49.4558
-49.4532
-49.4506
-49.448
-49.4454
-49.4428
-49.4403
-49.4377
-49.4352
-49.4327
-49.4301
-49.4276
-49.4251
-49.4226
-49.4202
-49.4177
-49.4153
-49.4128
-49.4104
-49.408
-49.4056
-49.4032
-49.4008
-49.3984
-49.3961
-49.3937
-49.3914
-49.389
-49.3867
-49.3844
-49.3821
-49.3798
-49.3776
-49.3753
-49.3731
-49.3708
-49.3686
-49.3664
-49.3642
-49.362
-49.3598
-49.3576
-49.3554
-49.3533
-49.3511
-49.349
-49.3469
-49.3448
-49.3427
-49.3406
-49.3385
-49.3364
-49.3344
-49.3323
-49.3303
-49.3282
-49.3262
-49.3242
-49.3222
-49.3202
-49.3183
-49.3163
-49.3143
-49.3124
-49.3104
-49.3085
-49.3066
-49.3047
-49.3028
-49.3009
-49.299
-49.2972
-49.2953
-49.2935
-49.2916
-49.2898
-49.288
-49.2862
-49.2844
-49.2826
-49.2808
-49.279
-49.2773
-49.2755
-49.2738
-49.272
-49.2703
-49.2686
-49.2669
-49.2652
-49.2635
-49.2618
-49.2602
-49.2585
-49.2569
-49.2552
-49.2536
-49.252
-49.2504
-49.2488
-49.2472
-49.2456
-49.244
-49.2425
-49.2409
-49.2393
-49.2378
-49.2363
-49.2348
-49.2332
-49.2317
-49.2302
-49.2288
-49.2273
-49.2258
-49.2243
-49.2229
-49.2214
-49.22
-49.2186
-49.2172
-49.2157
-49.2143
-49.2129
-49.2116
-49.2102
-49.2088
-49.2075
-49.2061
-49.2048
-49.2034
-49.2021
-49.2008
-49.1994
-49.1981
-49.1968
-49.1956
-49.1943
-49.193
-49.1917
-49.1905
-49.1892
-49.188
-49.1867
-49.1855
-49.1843
-49.1831
-49.1819
-49.1807
-49.1795
-49.1783
-49.1771
-49.176
-49.1748
-49.1736
-49.1725
-49.1713
-49.1702
-49.1691
-49.168
-49.1669
-49.1658
-49.1647
-49.1636
-49.1625
-49.1614
-49.1603
-49.1593
-49.1582
-49.1572
-49.1561
-49.1551
-49.154
-49.153
-49.152
-49.151
-49.15
-49.149
-49.148
-49.147
-49.146
-49.1451
-49.1441
-49.1431
-49.1422
-49.1412
-49.1403
-49.1394
-49.1384
-49.1375
-49.1366
-49.1357
-49.1348
-49.1339
-49.133
-49.1321
-49.1312
-49.1303
-49.1295
-49.1286
-49.1277
-49.1269
-49.126
-49.1252
-49.1243
-49.1235
-49.1227
-49.1219
-49.121
-49.1202
-49.1194
-49.1186
-49.1178
-49.117
-49.1163
-49.1155
-49.1147
-49.1139
-49.1132
-49.1124
-49.1116
-49.1109
-49.1101
-49.1094
-49.1087
-49.1079
-49.1072
-49.1065
-49.1058
-49.1051
-49.1043
-49.1036
-49.1029
-49.1022
-49.1015
-49.1009
-49.1002
-49.0995
-49.0988
-49.0982
-49.0975
-49.0968
-49.0962
-49.0955
-49.0949
-49.0942
-49.0936
-49.0929
-49.0923
-49.0917
-49.0911
-49.0904
-49.0898
-49.0892
-49.0886
-49.088
-49.0874
-49.0868
-49.0862
-49.0856
-49.085
-49.0844
-49.0838
-49.0832
-49.0827
-49.0821
-49.0815
-49.081
-49.0804
-49.0798
-49.0793
-49.0787
-49.0782
-49.0776
-49.0771
-49.0765
-49.076
-49.0755
-49.0749
-49.0744
-49.0739
-49.0733
-49.0728
-49.0723
-49.0718
-49.0713
-49.0708
-49.0702
-49.0697
-49.0692
-49.0687
-49.0682
-49.0677
-49.0672
-49.0667
-49.0663
-49.0658
-49.0653
-49.0648
-49.0643
-49.0638
-49.0634
-49.0629
-49.0624
-49.0619
-49.0615
-49.061
-49.0605
-49.0601
-49.0596
-49.0592
-49.0587
-49.0582
-49.0578
-49.0573
-49.0569
-49.0564
-49.056
-49.0555
-49.0551
-49.0546
-49.0542
-49.0538
-49.0533
-49.0529
-49.0525
-49.052
-49.0516
-49.0511
-49.0507
-49.0503
-49.0499
-49.0494
-49.049
-49.0486
-49.0482
-49.0477
-49.0473
-49.0469
-49.0465
-49.046
-49.0456
-49.0452
-49.0448
-49.0444
-49.044
-49.0435
-49.0431
-49.0427
-49.0423
-49.0419
-49.0415
-49.0411
-49.0407
-49.0403
-49.0398
-49.0394
-49.039
-49.0386
-49.0382
-49.0378
-49.0374
-49.037
-49.0366
-49.0362
-49.0358
-49.0354
-49.035
-49.0346
-49.0342
-49.0338
-49.0333
-49.0329
-49.0325
-49.0321
-49.0317
-49.0313
-49.0309
-49.0305
-49.0301
-49.0297
-49.0293
-49.0289
-49.0285
-49.0281
-49.0277
-49.0273
-49.0269
-49.0265
-49.0261
-49.0257
-49.0252
-49.0248
-49.0244
-49.024
-49.0236
-49.0232
-49.0228
-49.0224
-49.022
-49.0216
-49.0211
-49.0207
-49.0203
-49.0199
-49.0195
-49.0191
-49.0187
-49.0182
-49.0178
-49.0174
-49.017
-49.0166
-49.0161
-49.0157
-49.0153
-49.0149
-49.0145
-49.014
-49.0136
-49.0132
-49.0128
-49.0123
-49.0119
-49.0115
-49.011
-49.0106
-49.0102
-49.0097
-49.0093
-49.0089
-49.0084
-49.008
-49.0075
-49.0071
-49.0067
-49.0062
-49.0058
-49.0053
-49.0049
-49.0044
-49.004
-49.0035
-49.0031
-49.0026
-49.0022
-49.0017
-49.0012
-49.0008
-49.0003
-48.9999
-48.9994
-48.9989
-48.9985
-48.998
-48.9975
-48.9971
-48.9966
-48.9961
-48.9956
-48.9952
-48.9947
-48.9942
-48.9937
-48.9932
-48.9927
-48.9923
-48.9918
-48.9913
-48.9908
-48.9903
-48.9898
-48.9893
-48.9888
-48.9883
-48.9878
-48.9873
-48.9868
-48.9863
-48.9858
-48.9853
-48.9847
-48.9842
-48.9837
-48.9832
-48.9827
-48.9822
-48.9816
-48.9811
-48.9806
-48.98
-48.9795
-48.979
-48.9784
-48.9779
-48.9774
-48.9768
-48.9763
-48.9757
-48.9752
-48.9747
-48.9741
-48.9735
-48.973
-48.9724
-48.9719
-48.9713
-48.9708
-48.9702
-48.9696
-48.9691
-48.9685
-48.9679
-48.9673
-48.9668
-48.9662
-48.9656
-48.965
-48.9644
-48.9639
-48.9633
-48.9627
-48.9621
-48.9615
-48.9609
-48.9603
-48.9597
-48.9591
-48.9585
-48.9579
-48.9573
-48.9566
-48.956
-48.9554
-48.9548
-48.9542
-48.9536
-48.9529
-48.9523
-48.9517
-48.951
-48.9504
-48.9498
-48.9491
-48.9485
-48.9479
-48.9472
-48.9466
-48.9459
-48.9453
-48.9446
-48.944
-48.9433
-48.9426
-48.942
-48.9413
-48.9406
-48.94
-48.9393
-48.9386
-48.938
-48.9373
-48.9366
-48.9359
-48.9352
-48.9346
-48.9339
-48.9332
-48.9325
-48.9318
-48.9311
-48.9304
-48.9297
-48.929
-48.9283
-48.9276
-48.9269
-48.9261
-48.9254
-48.9247
-48.924
-48.9233
-48.9226
-48.9218
-48.9211
-48.9204
-48.9196
-48.9189
-48.9182
-48.9174
-48.9167
-48.9159
-48.9152
-48.9145
-48.9137
-48.913
-48.9122
-48.9114
-48.9107
-48.9099
-48.9092
-48.9084
-48.9076
-48.9069
-48.9061
-48.9053
-48.9045
-48.9038
-48.903
-48.9022
-48.9014
-48.9006
-48.8998
-48.8991
-48.8983
-48.8975
-48.8967
-48.8959
-48.8951
-48.8943
-48.8935
-48.8927
-48.8919
-48.891
-48.8902
-48.8894
-48.8886
-48.8878
-48.887
-48.8861
-48.8853
-48.8845
-48.8836
-48.8828
-48.882
-48.8811
-48.8803
-48.8795
-48.8786
-48.8778
-48.8769
-48.8761
-48.8752
-48.8744
-48.8735
-48.8727
-48.8718
-48.871
-48.8701
-48.8692
-48.8684
-48.8675
-48.8666
-48.8658
-48.8649
-48.864
-48.8631
-48.8622
-48.8614
-48.8605
-48.8596
-48.8587
-48.8578
-48.8569
-48.856
-48.8551
-48.8542
-48.8533
-48.8524
-48.8515
-48.8506
-48.8497
-48.8488
-48.8479
-48.847
-48.8461
-48.8452
-48.8443
-48.8433
-48.8424
-48.8415
-48.8406
-48.8396
-48.8387
-48.8378
-48.8369
-48.8359
-48.835
-48.834
-48.8331
-48.8322
-48.8312
-48.8303
-48.8293
-48.8284
-48.8274
-48.8265
-48.8255
-48.8246
-48.8236
-48.8227
-48.8217
-48.8207
-48.8198
-48.8188
-48.8179
-48.8169
-48.8159
-48.8149
-48.814
-48.813
-48.812
-48.811
-48.8101
-48.8091
-48.8081
-48.8071
-48.8061
-48.8051
-48.8042
-48.8032
-48.8022
-48.8012
-48.8002
-48.7992
-48.7982
-48.7972
-48.7962
-48.7952
-48.7942
-48.7932
-48.7922
-48.7911
-48.7901
-48.7891
-48.7881
-48.7871
-48.7861
-48.7851
-48.784
-48.783
-48.782
-48.781
-48.7799
-48.7789
-48.7779
-48.7769
-48.7758
-48.7748
-48.7738
-48.7727
-48.7717
-48.7706
-48.7696
-48.7686
-48.7675
-48.7665
-48.7654
-48.7644
-48.7633
-48.7623
-48.7612
-48.7602
-48.7591
-48.7581
-48.757
-48.756
-48.7549
-48.7539
-48.7528
-48.7517
-48.7507
-48.7496
-48.7486
-48.7475
-48.7464
-48.7454
-48.7443
-48.7432
-48.7421
-48.7411
-48.74
-48.7389
-48.7378
-48.7368
-48.7357
-48.7346
-48.7335
-48.7324
-48.7314
-48.7303
-48.7292
-48.7281
-48.727
-48.7259
-48.7248
-48.7238
-48.7227
-48.7216
-48.7205
-48.7194
-48.7183
-48.7172
-48.7161
-48.715
-48.7139
-48.7128
-48.7117
-48.7106
-48.7095
-48.7084
-48.7073
-48.7062
-48.7051
-48.704
-48.7029
-48.7017
-48.7006
-48.6995
-48.6984
-48.6973
-48.6962
-48.6951
-48.6939
-48.6928
-48.6917
-48.6906
-48.6895
-48.6883
-48.6872
-48.6861
-48.685
-48.6839
-48.6827
-48.6816
-48.6805
-48.6793
-48.6782
-48.6771
-48.6759
-48.6748
-48.6737
-48.6725
-48.6714
-48.6703
-48.6691
-48.668
-48.6668
-48.6657
-48.6646
-48.6634
-48.6623
-48.6611
-48.66
-48.6588
-48.6577
-48.6565
-48.6554
-48.6542
-48.6531
-48.6519
-48.6508
-48.6496
-48.6484
-48.6473
-48.6461
-48.645
-48.6438
-48.6426
-48.6415
-48.6403
-48.6391
-48.638
-48.6368
-48.6356
-48.6344
-48.6333
-48.6321
-48.6309
-48.6297
-48.6285
-48.6274
-48.6262
-48.625
-48.6238
-48.6226
-48.6214
-48.6202
-48.6191
-48.6179
-48.6167
-48.6155
-48.6143
-48.6131
-48.6119
-48.6107
-48.6095
-48.6083
-48.607
-48.6058
-48.6046
-48.6034
-48.6022
-48.601
-48.5998
-48.5985
-48.5973
-48.5961
-48.5949
-48.5936
-48.5924
-48.5912
-48.5899
-48.5887
-48.5874
-48.5862
-48.585
-48.5837
-48.5825
-48.5812
-48.58
-48.5787
-48.5774
-48.5762
-48.5749
-48.5736
-48.5724
-48.5711
-48.5698
-48.5685
-48.5673
-48.566
-48.5647
-48.5634
-48.5621
-48.5608
-48.5595
-48.5582
-48.5569
-48.5556
-48.5543
-48.553
-48.5516
-48.5503
-48.549
-48.5477
-48.5463
-48.545
-48.5436
-48.5423
-48.5409
-48.5396
-48.5382
-48.5369
-48.5355
-48.5341
-48.5328
-48.5314
-48.53
-48.5286
-48.5272
-48.5258
-48.5244
-48.523
-48.5216
-48.5201
-48.5187
-48.5173
-48.5158
-48.5144
-48.513
-48.5115
-48.51
-48.5086
-48.5071
-48.5056
-48.5041
-48.5026
-48.5011
-48.4996
-48.4981
-48.4966
-48.4951
-48.4935
-48.492
-48.4904
-48.4889
-48.4873
-48.4857
-48.4841
-48.4825
-48.4809
-48.4793
-48.4777
-48.4761
-48.4744
-48.4728
-48.4711
-48.4695
-48.4678
-48.4661
-48.4644
-48.4627
-48.461
-48.4592
-48.4575
-48.4557
-48.454
-48.4522
-48.4504
-48.4486
-48.4468
-48.445
-48.4431
-48.4413
-48.4394
-48.4375
-48.4356
-48.4337
-48.4318
-48.4298
-48.4279
-48.4259
-48.4239
-48.4219
-48.4199
-48.4178
-48.4158
-48.4137
-48.4116
-48.4095
-48.4073
-48.4052
-48.403
-48.4008
-48.3986
-48.3964
-48.3941
-48.3918
-48.3895
-48.3872
-48.3848
-48.3824
-48.38
-48.3776
-48.3751
-48.3727
-48.3702
-48.3676
-48.365
-48.3624
-48.3598
-48.3572
-48.3545
-48.3517
-48.349
-48.3462
-48.3433
-48.3405
-48.3376
-48.3346
-48.3317
-48.3286
-48.3256
-48.3225
-48.3193
-48.3161
-48.3129
-48.3096
-48.3063
-48.3029
-48.2995
-48.296
-48.2925
-48.2889
-48.2852
-48.2815
-48.2778
-48.274
-48.2701
-48.2661
-48.2621
-48.258
-48.2538
-48.2496
-48.2453
-48.2409
-48.2364
-48.2319
-48.2273
-48.2225
-48.2177
-48.2128
-48.2078
-48.2027
-48.1975
-48.1922
-48.1867
-48.1812
-48.1755
-48.1697
-48.1638
-48.1577
-48.1515
-48.1452
-48.1387
-48.132
-48.1252
-48.1182
-48.111
-48.1037
-48.0961
-48.0884
-48.0804
-48.0723
-48.0638
-48.0552
-48.0463
-48.0371
-48.0276
-48.0179
-48.0078
-47.9974
-47.9867
-47.9756
-47.964
-47.9521
-47.9398
-47.9269
-47.9136
-47.8998
-47.8853
-47.8703
-47.8546
-47.8382
-47.821
-47.803
-47.7841
-47.7642
-47.7432
-47.721
-47.6975
-47.6725
-47.6459
-47.6175
-47.587
-47.5541
-47.5184
-47.4797
-47.4372
-47.3902
-47.338
-47.2792
-47.2123
-47.1352
-47.0447
-46.9365
-46.8047
-46.6408
-46.4348
-46.1775
-45.8673
-45.5133
-45.1315
-44.738
-44.3446
-43.9582
-43.5823
-43.2181
-42.8656
-42.5241
-42.1926
-41.87
-41.5552
-41.247
-40.9444
-40.6461
-40.3511
-40.0581
-39.766
-39.4734
-39.1791
-38.8816
-38.5795
-38.2712
-37.9549
-37.6287
-37.2903
-36.9373
-36.5668
-36.1754
-35.7592
-35.3134
-34.8322
-34.3087
-33.7341
-33.0973
-32.3842
-31.5762
-30.6488
-29.5684
-28.2886
-26.7428
-24.8337
-22.4149
-19.2615
-15.0247
-9.18073
-1.05237
9.75566
22.1679
33.5958
41.9496
46.9845
49.582
50.7092
51.0234
50.8886
50.4871
49.9071
49.191
48.3614
47.4308
46.4071
45.2956
44.1006
42.8258
41.4746
40.0504
38.5567
36.9972
35.3754
33.6952
31.9607
30.1761
28.346
26.4752
24.5689
22.6327
20.673
18.6968
16.7127
14.7305
12.7618
10.82
8.92004
7.07749
5.30691
3.6205
2.02683
0.530348
-0.868354
-2.17171
-3.38407
-4.5104
-5.55509
-6.52053
-7.40622
-8.21017
-8.93697
-9.60514
-10.2415
-10.869
-11.5011
-12.1438
-12.7988
-13.4666
-14.1474
-14.8418
-15.5511
-16.2771
-17.0217
-17.7878
-18.578
-19.3957
-20.244
-21.1264
-22.0463
-23.0069
-24.0109
-25.0605
-26.1566
-27.2988
-28.4847
-29.7095
-30.9655
-32.242
-33.525
-34.7984
-36.0447
-37.2469
-38.3902
-39.4637
-40.4612
-41.3804
-42.2229
-42.9923
-43.6939
-44.3333
-44.9157
-45.4463
-45.9295
-46.3696
-46.7702
-47.1349
-47.4667
-47.7685
-48.0428
-48.2921
-48.5186
-48.7246
-48.9122
-49.0835
-49.2403
-49.3843
-49.517
-49.6397
-49.7538
-49.8601
-49.9598
-50.0537
-50.1427
-50.2273
-50.3085
-50.3866
-50.4624
-50.5363
-50.6087
-50.6801
-50.7508
-50.8212
-50.8913
-50.9613
-51.0313
-51.1011
-51.1704
-51.239
-51.3066
-51.3726
-51.4367
-51.4987
-51.5581
-51.615
-51.669
-51.7203
-51.7689
-51.8147
-51.8579
-51.8985
-51.9366
-51.9725
-52.0061
-52.0376
-52.0672
-52.0949
-52.1208
-52.1452
-52.168
-52.1894
-52.2094
-52.2283
-52.246
-52.2627
-52.2784
-52.2932
-52.3072
-52.3204
-52.3329
-52.3448
-52.3561
-52.3668
-52.377
-52.3868
-52.3961
-52.405
-52.4136
-52.4218
-52.4297
-52.4373
-52.4446
-52.4517
-52.4585
-52.4651
-52.4715
-52.4777
-52.4837
-52.4894
-52.495
-52.5004
-52.5056
-52.5105
-52.5153
-52.5198
-52.5241
-52.5282
-52.5321
-52.5358
-52.5393
-52.5425
-52.5456
-52.5484
-52.5511
-52.5535
-52.5558
-52.5579
-52.5598
-52.5615
-52.5631
-52.5645
-52.5657
-52.5668
-52.5677
-52.5684
-52.5691
-52.5696
-52.5699
-52.5701
-52.5702
-52.5702
-52.57
-52.5698
-52.5694
-52.5689
-52.5683
-52.5676
-52.5667
-52.5658
-52.5648
-52.5637
-52.5625
-52.5612
-52.5598
-52.5583
-52.5567
-52.5551
-52.5534
-52.5515
-52.5496
-52.5476
-52.5456
-52.5434
-52.5412
-52.5389
-52.5366
-52.5341
-52.5316
-52.529
-52.5263
-52.5236
-52.5208
-52.5179
-52.515
-52.512
-52.5089
-52.5058
-52.5026
-52.4993
-52.496
-52.4926
-52.4891
-52.4856
-52.482
-52.4784
-52.4747
-52.471
-52.4671
-52.4633
-52.4594
-52.4554
-52.4513
-52.4473
-52.4431
-52.4389
-52.4347
-52.4304
-52.4261
-52.4217
-52.4172
-52.4127
-52.4082
-52.4036
-52.399
-52.3943
-52.3896
-52.3848
-52.38
-52.3751
-52.3702
-52.3652
-52.3602
-52.3552
-52.3501
-52.345
-52.3398
-52.3346
-52.3294
-52.3241
-52.3188
-52.3134
-52.308
-52.3026
-52.2971
-52.2916
-52.286
-52.2804
-52.2748
-52.2691
-52.2634
-52.2577
-52.2519
-52.2461
-52.2403
-52.2344
-52.2285
-52.2225
-52.2166
-52.2106
-52.2045
-52.1984
-52.1923
-52.1862
-52.18
-52.1738
-52.1676
-52.1613
-52.155
-52.1487
-52.1423
-52.1359
-52.1295
-52.1231
-52.1166
-52.1101
-52.1036
-52.097
-52.0904
-52.0838
-52.0772
-52.0705
-52.0638
-52.0571
-52.0503
-52.0436
-52.0368
-52.0299
-52.0231
-52.0162
-52.0093
-52.0024
-51.9954
-51.9884
-51.9814
-51.9744
-51.9674
-51.9603
-51.9532
-51.9461
-51.939
-51.9318
-51.9246
-51.9174
-51.9102
-51.9029
-51.8956
-51.8884
-51.881
-51.8737
-51.8663
-51.859
-51.8516
-51.8441
-51.8367
-51.8292
-51.8218
-51.8143
-51.8068
-51.7992
-51.7917
-51.7841
-51.7765
-51.7689
-51.7612
-51.7536
-51.7459
-51.7382
-51.7305
-51.7228
-51.7151
-51.7073
-51.6996
-51.6918
-51.684
-51.6761
-51.6683
-51.6604
-51.6526
-51.6447
-51.6368
-51.6289
-51.6209
-51.613
-51.605
-51.597
-51.589
-51.581
-51.573
-51.5649
-51.5569
-51.5488
-51.5407
-51.5326
-51.5245
-51.5164
-51.5083
-51.5001
-51.4919
-51.4838
-51.4756
-51.4674
-51.4591
-51.4509
-51.4427
-51.4344
-51.4261
-51.4179
-51.4096
-51.4013
-51.3929
-51.3846
-51.3763
-51.3679
-51.3596
-51.3512
-51.3428
-51.3344
-51.326
-51.3176
-51.3092
-51.3007
-51.2923
-51.2838
-51.2753
-51.2669
-51.2584
-51.2499
-51.2414
-51.2328
-51.2243
-51.2158
-51.2072
-51.1987
-51.1901
-51.1815
-51.1729
-51.1643
-51.1557
-51.1471
-51.1385
-51.1299
-51.1212
-51.1126
-51.104
-51.0953
-51.0866
-51.078
-51.0693
-51.0606
-51.0519
-51.0432
-51.0345
-51.0257
-51.017
-51.0083
-50.9995
-50.9908
-50.982
-50.9733
-50.9645
-50.9557
-50.947
-50.9382
-50.9294
-50.9206
-50.9118
-50.903
-50.8941
-50.8853
-50.8765
-50.8677
-50.8588
-50.85
-50.8411
-50.8323
-50.8234
-50.8146
-50.8057
-50.7968
-50.7879
-50.7791
-50.7702
-50.7613
-50.7524
-50.7435
-50.7346
-50.7257
-50.7167
-50.7078
-50.6989
-50.69
-50.6811
-50.6721
-50.6632
-50.6542
-50.6453
-50.6364
-50.6274
-50.6184
-50.6095
-50.6005
-50.5916
-50.5826
-50.5736
-50.5647
-50.5557
-50.5467
-50.5377
-50.5288
-50.5198
-50.5108
-50.5018
-50.4928
-50.4838
-50.4748
-50.4658
-50.4568
-50.4478
-50.4388
-50.4298
-50.4208
-50.4118
-50.4028
-50.3938
-50.3848
-50.3758
-50.3667
-50.3577
-50.3487
-50.3397
-50.3307
-50.3217
-50.3126
-50.3036
-50.2946
-50.2856
-50.2766
-50.2675
-50.2585
-50.2495
-50.2405
-50.2314
-50.2224
-50.2134
-50.2044
-50.1953
-50.1863
-50.1773
-50.1683
-50.1592
-50.1502
-50.1412
-50.1322
-50.1231
-50.1141
-50.1051
-50.0961
-50.0871
-50.078
-50.069
-50.06
-50.051
-50.042
-50.033
-50.0239
-50.0149
-50.0059
-49.9969
-49.9879
-49.9789
-49.9699
-49.9609
-49.9519
-49.9429
-49.9339
-49.9249
-49.9159
-49.9069
-49.8979
-49.8889
-49.8799
-49.8709
-49.8619
-49.853
-49.844
-49.835
-49.826
-49.8171
-49.8081
-49.7991
-49.7901
-49.7812
-49.7722
-49.7633
-49.7543
-49.7454
-49.7364
-49.7275
-49.7185
-49.7096
-49.7006
-49.6917
-49.6828
-49.6738
-49.6649
-49.656
-49.6471
-49.6381
-49.6292
-49.6203
-49.6114
-49.6025
-49.5936
-49.5847
-49.5758
-49.5669
-49.558
-49.5491
-49.5403
-49.5314
-49.5225
-49.5136
-49.5048
-49.4959
-49.4871
-49.4782
-49.4694
-49.4605
-49.4517
-49.4428
-49.434
-49.4252
-49.4164
-49.4075
-49.3987
-49.3899
-49.3811
-49.3723
-49.3635
-49.3547
-49.3459
-49.3372
-49.3284
-49.3196
-49.3108
-49.3021
-49.2933
-49.2846
-49.2758
-49.2671
-49.2583
-49.2496
-49.2409
-49.2321
-49.2234
-49.2147
-49.206
-49.1973
-49.1886
-49.1799
-49.1712
-49.1625
-49.1539
-49.1452
-49.1365
-49.1279
-49.1192
-49.1106
-49.1019
-49.0933
-49.0846
-49.076
-49.0674
-49.0588
-49.0502
-49.0416
-49.033
-49.0244
-49.0158
-49.0072
-48.9986
-48.9901
-48.9815
-48.973
-48.9644
-48.9559
-48.9473
-48.9388
-48.9303
-48.9218
-48.9132
-48.9047
-48.8962
-48.8877
-48.8793
-48.8708
-48.8623
-48.8538
-48.8454
-48.8369
-48.8285
-48.82
-48.8116
-48.8032
-48.7947
-48.7863
-48.7779
-48.7695
-48.7611
-48.7527
-48.7444
-48.736
-48.7276
-48.7193
-48.7109
-48.7026
-48.6942
-48.6859
-48.6776
-48.6692
-48.6609
-48.6526
-48.6443
-48.636
-48.6278
-48.6195
-48.6112
-48.603
-48.5947
-48.5865
-48.5782
-48.57
-48.5618
-48.5536
-48.5453
-48.5371
-48.529
-48.5208
-48.5126
-48.5044
-48.4963
-48.4881
-48.48
-48.4718
-48.4637
-48.4556
-48.4474
-48.4393
-48.4312
-48.4231
-48.415
-48.407
-48.3989
-48.3908
-48.3828
-48.3747
-48.3667
-48.3587
-48.3506
-48.3426
-48.3346
-48.3266
-48.3186
-48.3107
-48.3027
-48.2947
-48.2868
-48.2788
-48.2709
-48.2629
-48.255
-48.2471
-48.2392
-48.2313
-48.2234
-48.2155
-48.2076
-48.1998
-48.1919
-48.1841
-48.1762
-48.1684
-48.1606
-48.1527
-48.1449
-48.1371
-48.1293
-48.1216
-48.1138
-48.106
-48.0983
-48.0905
-48.0828
-48.0751
-48.0673
-48.0596
-48.0519
-48.0442
-48.0365
-48.0289
-48.0212
-48.0135
-48.0059
-47.9982
-47.9906
-47.983
-47.9754
-47.9678
-47.9602
-47.9526
-47.945
-47.9374
-47.9299
-47.9223
-47.9148
-47.9072
-47.8997
-47.8922
-47.8847
-47.8772
-47.8697
-47.8622
-47.8547
-47.8473
-47.8398
-47.8324
-47.825
-47.8175
-47.8101
-47.8027
-47.7953
-47.7879
-47.7806
-47.7732
-47.7658
-47.7585
-47.7511
-47.7438
-47.7365
-47.7292
-47.7219
-47.7146
-47.7073
-47.7
-47.6928
-47.6855
-47.6783
-47.671
-47.6638
-47.6566
-47.6494
-47.6422
-47.635
-47.6278
-47.6206
-47.6135
-47.6063
-47.5992
-47.5921
-47.5849
-47.5778
-47.5707
-47.5636
-47.5566
-47.5495
-47.5424
-47.5354
-47.5283
-47.5213
-47.5143
-47.5073
-47.5003
-47.4933
-47.4863
-47.4793
-47.4724
-47.4654
-47.4585
-47.4515
-47.4446
-47.4377
-47.4308
-47.4239
-47.417
-47.4101
-47.4033
-47.3964
-47.3896
-47.3828
-47.3759
-47.3691
-47.3623
-47.3555
-47.3487
-47.342
-47.3352
-47.3285
-47.3217
-47.315
-47.3083
-47.3016
-47.2949
-47.2882
-47.2815
-47.2748
-47.2682
-47.2615
-47.2549
-47.2483
-47.2416
-47.235
-47.2284
-47.2219
-47.2153
-47.2087
-47.2022
-47.1956
-47.1891
-47.1826
-47.1761
-47.1696
-47.1631
-47.1566
-47.1501
-47.1437
-47.1372
-47.1308
-47.1243
-47.1179
-47.1115
-47.1051
-47.0987
-47.0924
-47.086
-47.0797
-47.0733
-47.067
-47.0607
-47.0543
-47.048
-47.0418
-47.0355
-47.0292
-47.023
-47.0167
-47.0105
-47.0043
-46.998
-46.9918
-46.9857
-46.9795
-46.9733
-46.9671
-46.961
-46.9549
-46.9487
-46.9426
-46.9365
-46.9304
-46.9243
-46.9183
-46.9122
-46.9062
-46.9001
-46.8941
-46.8881
-46.8821
-46.8761
-46.8701
-46.8641
-46.8582
-46.8522
-46.8463
-46.8403
-46.8344
-46.8285
-46.8226
-46.8167
-46.8109
-46.805
-46.7992
-46.7933
-46.7875
-46.7817
-46.7759
-46.7701
-46.7643
-46.7585
-46.7528
-46.747
-46.7413
-46.7355
-46.7298
-46.7241
-46.7184
-46.7128
-46.7071
-46.7014
-46.6958
-46.6901
-46.6845
-46.6789
-46.6733
-46.6677
-46.6621
-46.6566
-46.651
-46.6455
-46.6399
-46.6344
-46.6289
-46.6234
-46.6179
-46.6124
-46.607
-46.6015
-46.5961
-46.5906
-46.5852
-46.5798
-46.5744
-46.569
-46.5637
-46.5583
-46.553
-46.5476
-46.5423
-46.537
-46.5317
-46.5264
-46.5211
-46.5158
-46.5106
-46.5053
-46.5001
-46.4949
-46.4897
-46.4845
-46.4793
-46.4741
-46.4689
-46.4638
-46.4586
-46.4535
-46.4484
-46.4433
-46.4382
-46.4331
-46.428
-46.423
-46.4179
-46.4129
-46.4079
-46.4029
-46.3979
-46.3929
-46.3879
-46.3829
-46.378
-46.373
-46.3681
-46.3632
-46.3583
-46.3534
-46.3485
-46.3436
-46.3388
-46.3339
-46.3291
-46.3243
-46.3195
-46.3147
-46.3099
-46.3051
-46.3003
-46.2956
-46.2908
-46.2861
-46.2814
-46.2767
-46.272
-46.2673
-46.2626
-46.258
-46.2533
-46.2487
-46.2441
-46.2395
-46.2349
-46.2303
-46.2257
-46.2211
-46.2166
-46.212
-46.2075
-46.203
-46.1985
-46.194
-46.1895
-46.185
-46.1806
-46.1761
-46.1717
-46.1673
-46.1629
-46.1585
-46.1541
-46.1497
-46.1454
-46.141
-46.1367
-46.1323
-46.128
-46.1237
-46.1194
-46.1151
-46.1109
-46.1066
-46.1024
-46.0981
-46.0939
-46.0897
-46.0855
-46.0813
-46.0772
-46.073
-46.0689
-46.0647
-46.0606
-46.0565
-46.0524
-46.0483
-46.0442
-46.0401
-46.0361
-46.0321
-46.028
-46.024
-46.02
-46.016
-46.012
-46.0081
-46.0041
-46.0002
-45.9962
-45.9923
-45.9884
-45.9845
-45.9806
-45.9767
-45.9729
-45.969
-45.9652
-45.9614
-45.9575
-45.9537
-45.9499
-45.9462
-45.9424
-45.9386
-45.9349
-45.9312
-45.9274
-45.9237
-45.92
-45.9163
-45.9127
-45.909
-45.9053
-45.9017
-45.8981
-45.8945
-45.8908
-45.8873
-45.8837
-45.8801
-45.8765
-45.873
-45.8694
-45.8659
-45.8624
-45.8589
-45.8554
-45.8519
-45.8485
-45.845
-45.8415
-45.8381
-45.8347
-45.8313
-45.8279
-45.8245
-45.8211
-45.8177
-45.8143
-45.811
-45.8077
-45.8043
-45.801
-45.7977
-45.7944
-45.7911
-45.7878
-45.7846
-45.7813
-45.7781
-45.7748
-45.7716
-45.7684
-45.7652
-45.762
-45.7588
-45.7556
-45.7524
-45.7493
-45.7461
-45.743
-45.7399
-45.7367
-45.7336
-45.7305
-45.7274
-45.7244
-45.7213
-45.7182
-45.7152
-45.7121
-45.7091
-45.706
-45.703
-45.7
-45.697
-45.694
-45.691
-45.688
-45.6851
-45.6821
-45.6791
-45.6762
-45.6732
-45.6703
-45.6674
-45.6645
-45.6615
-45.6586
-45.6557
-45.6528
-45.65
-45.6471
-45.6442
-45.6413
-45.6385
-45.6356
-45.6328
-45.6299
-45.6271
-45.6242
-45.6214
-45.6186
-45.6157
-45.6129
-45.6101
-45.6073
-45.6045
-45.6017
-45.5989
-45.5961
-45.5933
-45.5905
-45.5877
-45.5849
-45.5822
-45.5794
-45.5766
-45.5738
-45.5711
-45.5683
-45.5655
-45.5627
-45.56
-45.5572
-45.5544
-45.5516
-45.5489
-45.5461
-45.5433
-45.5405
-45.5377
-45.5349
-45.5322
-45.5294
-45.5266
-45.5238
-45.521
-45.5182
-45.5153
-45.5125
-45.5097
-45.5069
-45.504
-45.5012
-45.4983
-45.4955
-45.4926
-45.4897
-45.4868
-45.4839
-45.481
-45.4781
-45.4751
-45.4722
-45.4692
-45.4663
-45.4633
-45.4603
-45.4573
-45.4542
-45.4512
-45.4481
-45.445
-45.4419
-45.4388
-45.4356
-45.4325
-45.4293
-45.4261
-45.4228
-45.4196
-45.4163
-45.4129
-45.4096
-45.4062
-45.4028
-45.3994
-45.3959
-45.3924
-45.3889
-45.3853
-45.3817
-45.378
-45.3743
-45.3706
-45.3668
-45.363
-45.3591
-45.3552
-45.3513
-45.3472
-45.3432
-45.339
-45.3349
-45.3306
-45.3263
-45.3219
-45.3175
-45.313
-45.3084
-45.3038
-45.299
-45.2942
-45.2893
-45.2843
-45.2793
-45.2741
-45.2689
-45.2635
-45.258
-45.2525
-45.2468
-45.241
-45.2351
-45.229
-45.2228
-45.2165
-45.2101
-45.2035
-45.1967
-45.1898
-45.1827
-45.1754
-45.1679
-45.1602
-45.1524
-45.1443
-45.136
-45.1274
-45.1186
-45.1096
-45.1002
-45.0906
-45.0807
-45.0704
-45.0598
-45.0488
-45.0375
-45.0257
-45.0135
-45.0009
-44.9877
-44.974
-44.9598
-44.9449
-44.9294
-44.9131
-44.8961
-44.8783
-44.8595
-44.8398
-44.819
-44.7969
-44.7736
-44.7487
-44.7223
-44.6939
-44.6635
-44.6306
-44.595
-44.5561
-44.5135
-44.4663
-44.4137
-44.3545
-44.2869
-44.2089
-44.1174
-44.0081
-43.8753
-43.7116
-43.5084
-43.2593
-42.965
-42.6343
-42.2809
-41.9179
-41.555
-41.1982
-40.8505
-40.5129
-40.1853
-39.8669
-39.5568
-39.2536
-38.9561
-38.6629
-38.3726
-38.0839
-37.7954
-37.5055
-37.2127
-36.9155
-36.6121
-36.3006
-35.979
-35.6449
-35.2957
-34.9282
-34.539
-34.1237
-33.6773
-33.1934
-32.6643
-32.0804
-31.4292
-30.6948
-29.8559
-28.8844
-27.7412
-26.3719
-24.6985
-22.6069
-19.9273
-16.4051
-11.6662
-5.21054
3.42516
14.0166
24.9889
34.2765
40.7786
44.6862
46.7526
47.6835
47.9514
47.8279
47.4583
46.9183
46.2481
45.4695
44.5953
43.6334
42.5895
41.4677
40.2718
39.0049
37.6702
36.271
34.8103
33.2917
31.7186
30.0947
28.4241
26.7111
24.9601
23.1762
21.3648
19.5321
17.685
15.8315
13.9809
12.1441
10.3331
8.56106
6.84118
5.1858
3.60521
2.10677
0.694602
-0.630279
-1.8694
-3.02607
-4.10453
-5.10912
-6.04341
-6.90928
-7.70625
-8.43174
-9.08539
-9.67646
-10.2246
-10.7519
-11.2749
-11.803
-12.34
-12.8873
-13.4446
-14.012
-14.5894
-15.1772
-15.7758
-16.3864
-17.01
-17.648
-18.302
-18.9735
-19.6644
-20.3763
-21.1109
-21.8698
-22.6544
-23.4658
-24.3047
-25.1711
-26.0646
-26.9835
-27.9254
-28.8865
-29.8619
-30.8453
-31.8292
-32.8053
-33.7646
-34.6982
-35.5979
-36.4563
-37.2682
-38.0299
-38.7398
-39.398
-40.0057
-40.5654
-41.08
-41.5527
-41.9868
-42.3855
-42.752
-43.0889
-43.3989
-43.684
-43.9464
-44.188
-44.4106
-44.616
-44.8059
-44.9819
-45.1454
-45.2976
-45.4398
-45.573
-45.6981
-45.816
-45.9275
-46.0333
-46.134
-46.2303
-46.3227
-46.4118
-46.4979
-46.5815
-46.6631
-46.7428
-46.8212
-46.8984
-46.9746
-47.05
-47.1248
-47.199
-47.2725
-47.3453
-47.4173
-47.4882
-47.558
-47.6263
-47.6929
-47.7576
-47.8202
-47.8806
-47.9388
-47.9945
-48.0479
-48.0989
-48.1476
-48.1939
-48.2381
-48.2801
-48.3201
-48.3582
-48.3943
-48.4288
-48.4615
-48.4927
-48.5224
-48.5506
-48.5776
-48.6033
-48.6278
-48.6512
-48.6737
-48.6951
-48.7157
-48.7354
-48.7544
-48.7726
-48.7902
-48.8071
-48.8234
-48.8392
-48.8545
-48.8692
-48.8835
-48.8974
-48.9109
-48.924
-48.9368
-48.9492
-48.9614
-48.9732
-48.9847
-48.996
-49.007
-49.0178
-49.0283
-49.0386
-49.0486
-49.0585
-49.068
-49.0774
-49.0865
-49.0954
-49.104
-49.1125
-49.1207
-49.1286
-49.1363
-49.1438
-49.1511
-49.1582
-49.165
-49.1717
-49.1781
-49.1843
-49.1903
-49.1961
-49.2018
-49.2072
-49.2125
-49.2176
-49.2225
-49.2272
-49.2318
-49.2363
-49.2406
-49.2447
-49.2487
-49.2525
-49.2562
-49.2598
-49.2632
-49.2665
-49.2697
-49.2728
-49.2757
-49.2785
-49.2813
-49.2839
-49.2863
-49.2887
-49.291
-49.2932
-49.2953
-49.2973
-49.2992
-49.3009
-49.3026
-49.3043
-49.3058
-49.3072
-49.3086
-49.3098
-49.311
-49.3121
-49.3131
-49.314
-49.3149
-49.3157
-49.3164
-49.317
-49.3175
-49.318
-49.3184
-49.3187
-49.319
-49.3191
-49.3193
-49.3193
-49.3193
-49.3192
-49.319
-49.3188
-49.3185
-49.3182
-49.3177
-49.3173
-49.3167
-49.3161
-49.3155
-49.3148
-49.314
-49.3132
-49.3123
-49.3113
-49.3103
-49.3093
-49.3082
-49.307
-49.3058
-49.3045
-49.3032
-49.3018
-49.3004
-49.299
-49.2975
-49.2959
-49.2943
-49.2926
-49.2909
-49.2892
-49.2874
-49.2855
-49.2836
-49.2817
-49.2797
-49.2777
-49.2757
-49.2736
-49.2714
-49.2693
-49.267
-49.2648
-49.2625
-49.2601
-49.2577
-49.2553
-49.2529
-49.2504
-49.2478
-49.2452
-49.2426
-49.24
-49.2373
-49.2346
-49.2318
-49.229
-49.2262
-49.2234
-49.2205
-49.2175
-49.2146
-49.2116
-49.2086
-49.2055
-49.2024
-49.1993
-49.1961
-49.1929
-49.1897
-49.1865
-49.1832
-49.1799
-49.1765
-49.1732
-49.1698
-49.1663
-49.1629
-49.1594
-49.1559
-49.1523
-49.1488
-49.1452
-49.1416
-49.1379
-49.1342
-49.1305
-49.1268
-49.123
-49.1192
-49.1154
-49.1116
-49.1077
-49.1038
-49.0999
-49.096
-49.092
-49.088
-49.084
-49.08
-49.0759
-49.0719
-49.0678
-49.0636
-49.0595
-49.0553
-49.0511
-49.0469
-49.0426
-49.0384
-49.0341
-49.0298
-49.0255
-49.0211
-49.0167
-49.0123
-49.0079
-49.0035
-48.999
-48.9946
-48.9901
-48.9855
-48.981
-48.9764
-48.9719
-48.9673
-48.9627
-48.958
-48.9534
-48.9487
-48.944
-48.9393
-48.9346
-48.9298
-48.9251
-48.9203
-48.9155
-48.9107
-48.9058
-48.901
-48.8961
-48.8912
-48.8863
-48.8814
-48.8764
-48.8715
-48.8665
-48.8615
-48.8565
-48.8515
-48.8464
-48.8414
-48.8363
-48.8312
-48.8261
-48.821
-48.8159
-48.8107
-48.8056
-48.8004
-48.7952
-48.79
-48.7847
-48.7795
-48.7743
-48.769
-48.7637
-48.7584
-48.7531
-48.7478
-48.7424
-48.7371
-48.7317
-48.7263
-48.7209
-48.7155
-48.7101
-48.7047
-48.6992
-48.6937
-48.6883
-48.6828
-48.6773
-48.6718
-48.6662
-48.6607
-48.6551
-48.6496
-48.644
-48.6384
-48.6328
-48.6272
-48.6216
-48.6159
-48.6103
-48.6046
-48.599
-48.5933
-48.5876
-48.5819
-48.5762
-48.5704
-48.5647
-48.5589
-48.5532
-48.5474
-48.5416
-48.5358
-48.53
-48.5242
-48.5184
-48.5125
-48.5067
-48.5008
-48.4949
-48.4891
-48.4832
-48.4773
-48.4714
-48.4655
-48.4595
-48.4536
-48.4476
-48.4417
-48.4357
-48.4297
-48.4237
-48.4177
-48.4117
-48.4057
-48.3997
-48.3937
-48.3876
-48.3816
-48.3755
-48.3694
-48.3634
-48.3573
-48.3512
-48.3451
-48.339
-48.3328
-48.3267
-48.3206
-48.3144
-48.3083
-48.3021
-48.2959
-48.2898
-48.2836
-48.2774
-48.2712
-48.265
-48.2587
-48.2525
-48.2463
-48.24
-48.2338
-48.2275
-48.2213
-48.215
-48.2087
-48.2024
-48.1961
-48.1898
-48.1835
-48.1772
-48.1709
-48.1646
-48.1582
-48.1519
-48.1455
-48.1392
-48.1328
-48.1264
-48.1201
-48.1137
-48.1073
-48.1009
-48.0945
-48.0881
-48.0817
-48.0753
-48.0688
-48.0624
-48.0559
-48.0495
-48.0431
-48.0366
-48.0301
-48.0237
-48.0172
-48.0107
-48.0042
-47.9977
-47.9912
-47.9847
-47.9782
-47.9717
-47.9652
-47.9586
-47.9521
-47.9456
-47.939
-47.9325
-47.9259
-47.9194
-47.9128
-47.9062
-47.8996
-47.8931
-47.8865
-47.8799
-47.8733
-47.8667
-47.8601
-47.8535
-47.8469
-47.8402
-47.8336
-47.827
-47.8204
-47.8137
-47.8071
-47.8004
-47.7938
-47.7871
-47.7805
-47.7738
-47.7671
-47.7604
-47.7538
-47.7471
-47.7404
-47.7337
-47.727
-47.7203
-47.7136
-47.7069
-47.7002
-47.6935
-47.6868
-47.68
-47.6733
-47.6666
-47.6598
-47.6531
-47.6464
-47.6396
-47.6329
-47.6261
-47.6193
-47.6126
-47.6058
-47.599
-47.5923
-47.5855
-47.5787
-47.5719
-47.5652
-47.5584
-47.5516
-47.5448
-47.538
-47.5312
-47.5244
-47.5176
-47.5108
-47.5039
-47.4971
-47.4903
-47.4835
-47.4766
-47.4698
-47.463
-47.4561
-47.4493
-47.4425
-47.4356
-47.4288
-47.4219
-47.4151
-47.4082
-47.4014
-47.3945
-47.3876
-47.3808
-47.3739
-47.367
-47.3601
-47.3533
-47.3464
-47.3395
-47.3326
-47.3257
-47.3188
-47.312
-47.3051
-47.2982
-47.2913
-47.2844
-47.2775
-47.2705
-47.2636
-47.2567
-47.2498
-47.2429
-47.236
-47.2291
-47.2221
-47.2152
-47.2083
-47.2014
-47.1944
-47.1875
-47.1806
-47.1736
-47.1667
-47.1597
-47.1528
-47.1459
-47.1389
-47.132
-47.125
-47.1181
-47.1111
-47.1042
-47.0972
-47.0902
-47.0833
-47.0763
-47.0694
-47.0624
-47.0554
-47.0485
-47.0415
-47.0345
-47.0275
-47.0206
-47.0136
-47.0066
-46.9996
-46.9926
-46.9857
-46.9787
-46.9717
-46.9647
-46.9577
-46.9507
-46.9437
-46.9367
-46.9297
-46.9227
-46.9157
-46.9087
-46.9017
-46.8947
-46.8877
-46.8807
-46.8737
-46.8667
-46.8597
-46.8527
-46.8457
-46.8387
-46.8317
-46.8247
-46.8176
-46.8106
-46.8036
-46.7966
-46.7896
-46.7825
-46.7755
-46.7685
-46.7615
-46.7544
-46.7474
-46.7404
-46.7334
-46.7263
-46.7193
-46.7123
-46.7052
-46.6982
-46.6912
-46.6841
-46.6771
-46.6701
-46.663
-46.656
-46.6489
-46.6419
-46.6349
-46.6278
-46.6208
-46.6137
-46.6067
-46.5996
-46.5926
-46.5855
-46.5785
-46.5714
-46.5644
-46.5573
-46.5503
-46.5432
-46.5362
-46.5291
-46.522
-46.515
-46.5079
-46.5009
-46.4938
-46.4867
-46.4797
-46.4726
-46.4656
-46.4585
-46.4514
-46.4444
-46.4373
-46.4302
-46.4232
-46.4161
-46.409
-46.402
-46.3949
-46.3878
-46.3807
-46.3737
-46.3666
-46.3595
-46.3525
-46.3454
-46.3383
-46.3312
-46.3241
-46.3171
-46.31
-46.3029
-46.2958
-46.2887
-46.2817
-46.2746
-46.2675
-46.2604
-46.2533
-46.2462
-46.2392
-46.2321
-46.225
-46.2179
-46.2108
-46.2037
-46.1966
-46.1895
-46.1824
-46.1753
-46.1683
-46.1612
-46.1541
-46.147
-46.1399
-46.1328
-46.1257
-46.1186
-46.1115
-46.1044
-46.0973
-46.0902
-46.0831
-46.076
-46.0689
-46.0618
-46.0547
-46.0475
-46.0404
-46.0333
-46.0262
-46.0191
-46.012
-46.0049
-45.9978
-45.9907
-45.9836
-45.9764
-45.9693
-45.9622
-45.9551
-45.948
-45.9408
-45.9337
-45.9266
-45.9195
-45.9124
-45.9052
-45.8981
-45.891
-45.8839
-45.8767
-45.8696
-45.8625
-45.8553
-45.8482
-45.8411
-45.8339
-45.8268
-45.8197
-45.8125
-45.8054
-45.7983
-45.7911
-45.784
-45.7768
-45.7697
-45.7625
-45.7554
-45.7482
-45.7411
-45.7339
-45.7268
-45.7196
-45.7125
-45.7053
-45.6982
-45.691
-45.6839
-45.6767
-45.6695
-45.6624
-45.6552
-45.648
-45.6409
-45.6337
-45.6265
-45.6194
-45.6122
-45.605
-45.5978
-45.5907
-45.5835
-45.5763
-45.5691
-45.5619
-45.5547
-45.5475
-45.5404
-45.5332
-45.526
-45.5188
-45.5116
-45.5044
-45.4972
-45.49
-45.4828
-45.4756
-45.4683
-45.4611
-45.4539
-45.4467
-45.4395
-45.4323
-45.425
-45.4178
-45.4106
-45.4034
-45.3961
-45.3889
-45.3817
-45.3744
-45.3672
-45.3599
-45.3527
-45.3454
-45.3382
-45.3309
-45.3237
-45.3164
-45.3092
-45.3019
-45.2946
-45.2874
-45.2801
-45.2728
-45.2655
-45.2583
-45.251
-45.2437
-45.2364
-45.2291
-45.2218
-45.2145
-45.2072
-45.1999
-45.1926
-45.1853
-45.178
-45.1707
-45.1634
-45.156
-45.1487
-45.1414
-45.134
-45.1267
-45.1194
-45.112
-45.1047
-45.0973
-45.09
-45.0826
-45.0752
-45.0679
-45.0605
-45.0531
-45.0458
-45.0384
-45.031
-45.0236
-45.0162
-45.0088
-45.0014
-44.994
-44.9866
-44.9792
-44.9717
-44.9643
-44.9569
-44.9495
-44.942
-44.9346
-44.9271
-44.9197
-44.9122
-44.9047
-44.8973
-44.8898
-44.8823
-44.8748
-44.8674
-44.8599
-44.8524
-44.8449
-44.8373
-44.8298
-44.8223
-44.8148
-44.8072
-44.7997
-44.7922
-44.7846
-44.777
-44.7695
-44.7619
-44.7543
-44.7467
-44.7392
-44.7316
-44.724
-44.7163
-44.7087
-44.7011
-44.6935
-44.6858
-44.6782
-44.6705
-44.6629
-44.6552
-44.6475
-44.6398
-44.6322
-44.6245
-44.6168
-44.609
-44.6013
-44.5936
-44.5858
-44.5781
-44.5703
-44.5626
-44.5548
-44.547
-44.5392
-44.5314
-44.5236
-44.5158
-44.508
-44.5001
-44.4923
-44.4844
-44.4766
-44.4687
-44.4608
-44.4529
-44.445
-44.4371
-44.4291
-44.4212
-44.4133
-44.4053
-44.3973
-44.3893
-44.3813
-44.3733
-44.3653
-44.3573
-44.3492
-44.3412
-44.3331
-44.325
-44.3169
-44.3088
-44.3007
-44.2926
-44.2844
-44.2763
-44.2681
-44.2599
-44.2517
-44.2435
-44.2353
-44.227
-44.2188
-44.2105
-44.2022
-44.1939
-44.1856
-44.1772
-44.1689
-44.1605
-44.1521
-44.1437
-44.1353
-44.1269
-44.1184
-44.11
-44.1015
-44.093
-44.0845
-44.0759
-44.0674
-44.0588
-44.0502
-44.0416
-44.0329
-44.0243
-44.0156
-44.0069
-43.9982
-43.9894
-43.9807
-43.9719
-43.9631
-43.9543
-43.9454
-43.9365
-43.9276
-43.9187
-43.9098
-43.9008
-43.8918
-43.8828
-43.8738
-43.8647
-43.8556
-43.8465
-43.8373
-43.8282
-43.819
-43.8098
-43.8005
-43.7912
-43.7819
-43.7726
-43.7632
-43.7538
-43.7444
-43.7349
-43.7254
-43.7159
-43.7063
-43.6967
-43.6871
-43.6774
-43.6678
-43.658
-43.6483
-43.6385
-43.6286
-43.6188
-43.6089
-43.5989
-43.5889
-43.5789
-43.5688
-43.5587
-43.5486
-43.5384
-43.5282
-43.5179
-43.5076
-43.4972
-43.4868
-43.4763
-43.4658
-43.4553
-43.4447
-43.4341
-43.4234
-43.4126
-43.4018
-43.391
-43.3801
-43.3691
-43.3581
-43.347
-43.3359
-43.3247
-43.3135
-43.3022
-43.2908
-43.2794
-43.2679
-43.2564
-43.2448
-43.2331
-43.2214
-43.2095
-43.1977
-43.1857
-43.1737
-43.1616
-43.1494
-43.1372
-43.1248
-43.1124
-43.0999
-43.0874
-43.0747
-43.062
-43.0492
-43.0362
-43.0232
-43.0101
-42.997
-42.9837
-42.9703
-42.9568
-42.9432
-42.9295
-42.9158
-42.9019
-42.8878
-42.8737
-42.8595
-42.8451
-42.8307
-42.8161
-42.8014
-42.7865
-42.7716
-42.7564
-42.7412
-42.7258
-42.7103
-42.6946
-42.6788
-42.6629
-42.6468
-42.6305
-42.614
-42.5974
-42.5807
-42.5637
-42.5466
-42.5293
-42.5118
-42.4941
-42.4762
-42.4581
-42.4398
-42.4213
-42.4026
-42.3836
-42.3645
-42.3451
-42.3254
-42.3055
-42.2854
-42.2649
-42.2443
-42.2233
-42.2021
-42.1806
-42.1588
-42.1367
-42.1143
-42.0916
-42.0686
-42.0452
-42.0215
-41.9975
-41.9731
-41.9483
-41.9231
-41.8976
-41.8716
-41.8453
-41.8185
-41.7912
-41.7635
-41.7353
-41.7066
-41.6774
-41.6476
-41.6173
-41.5865
-41.555
-41.5229
-41.4901
-41.4566
-41.4225
-41.3876
-41.3519
-41.3154
-41.278
-41.2397
-41.2005
-41.1602
-41.1189
-41.0765
-41.0329
-40.9881
-40.9418
-40.8942
-40.845
-40.7941
-40.7415
-40.687
-40.6303
-40.5714
-40.51
-40.4458
-40.3786
-40.308
-40.2336
-40.1548
-40.0711
-39.9817
-39.8855
-39.7812

