-4.20162e-05
-4.20162e-05
-4.20162e-05
-4.20213e-05
-4.20266e-05
-4.20316e-05
-4.20363e-05
-4.20407e-05
-4.20449e-05
-4.20488e-05
-4.20524e-05
-4.20558e-05
-4.2059e-05
-4.2062e-05
-4.20647e-05
-4.20673e-05
-4.20698e-05
-4.2072e-05
-4.20741e-05
-4.20761e-05
-4.20779e-05
-4.20796e-05
-4.20812e-05
-4.20826e-05
-4.20839e-05
-4.20852e-05
-4.20863e-05
-4.20874e-05
-4.20883e-05
-4.20892e-05
-4.209e-05
-4.20907e-05
-4.20914e-05
-4.2092e-05
-4.20925e-05
-4.2093e-05
-4.20934e-05
-4.20937e-05
-4.2094e-05
-4.20943e-05
-4.20945e-05
-4.20947e-05
-4.20949e-05
-4.2095e-05
-4.20951e-05
-4.20951e-05
-4.20951e-05
-4.20951e-05
-4.2095e-05
-4.2095e-05
-4.20949e-05
-4.20948e-05
-4.20946e-05
-4.20945e-05
-4.20943e-05
-4.20941e-05
-4.20939e-05
-4.20937e-05
-4.20934e-05
-4.20932e-05
-4.20929e-05
-4.20926e-05
-4.20923e-05
-4.2092e-05
-4.20917e-05
-4.20914e-05
-4.2091e-05
-4.20907e-05
-4.20903e-05
-4.209e-05
-4.20896e-05
-4.20892e-05
-4.20889e-05
-4.20885e-05
-4.20881e-05
-4.20877e-05
-4.20873e-05
-4.20869e-05
-4.20865e-05
-4.20861e-05
-4.20857e-05
-4.20852e-05
-4.20848e-05
-4.20844e-05
-4.2084e-05
-4.20835e-05
-4.20831e-05
-4.20827e-05
-4.20822e-05
-4.20818e-05
-4.20813e-05
-4.20809e-05
-4.20805e-05
-4.208e-05
-4.20796e-05
-4.20791e-05
-4.20787e-05
-4.20782e-05
-4.20778e-05
-4.20773e-05
-4.20769e-05
-4.20764e-05
-4.2076e-05
-4.20756e-05
-4.20751e-05
-4.20747e-05
-4.20742e-05
-4.20738e-05
-4.20733e-05
-4.20729e-05
-4.20724e-05
-4.2072e-05
-4.20715e-05
-4.20711e-05
-4.20707e-05
-4.20702e-05
-4.20698e-05
-4.20693e-05
-4.20689e-05
-4.20685e-05
-4.2068e-05
-4.20676e-05
-4.20671e-05
-4.20667e-05
-4.20663e-05
-4.20658e-05
-4.20654e-05
-4.2065e-05
-4.20646e-05
-4.20641e-05
-4.20637e-05
-4.20633e-05
-4.20629e-05
-4.20624e-05
-4.2062e-05
-4.20616e-05
-4.20612e-05
-4.20608e-05
-4.20604e-05
-4.206e-05
-4.20595e-05
-4.20591e-05
-4.20587e-05
-4.20583e-05
-4.20579e-05
-4.20575e-05
-4.20571e-05
-4.20567e-05
-4.20563e-05
-4.20559e-05
-4.20555e-05
-4.20552e-05
-4.20548e-05
-4.20544e-05
-4.2054e-05
-4.20536e-05
-4.20532e-05
-4.20529e-05
-4.20525e-05
-4.20521e-05
-4.20517e-05
-4.20514e-05
-4.2051e-05
-4.20506e-05
-4.20503e-05
-4.20499e-05
-4.20495e-05
-4.20492e-05
-4.20488e-05
-4.20485e-05
-4.20481e-05
-4.20477e-05
-4.20474e-05
-4.2047e-05
-4.20467e-05
-4.20464e-05
-4.2046e-05
-4.20457e-05
-4.20453e-05
-4.2045e-05
-4.20447e-05
-4.20443e-05
-4.2044e-05
-4.20437e-05
-4.20434e-05
-4.2043e-05
-4.20427e-05
-4.20424e-05
-4.20421e-05
-4.20417e-05
-4.20414e-05
-4.20411e-05
-4.20408e-05
-4.20405e-05
-4.20402e-05
-4.20399e-05
-4.20396e-05
-4.20393e-05
-4.2039e-05
-4.20387e-05
-4.20384e-05
-4.20381e-05
-4.20378e-05
-4.20375e-05
-4.20373e-05
-4.2037e-05
-4.20367e-05
-4.20364e-05
-4.20361e-05
-4.20359e-05
-4.20356e-05
-4.20353e-05
-4.2035e-05
-4.20348e-05
-4.20345e-05
-4.20342e-05
-4.2034e-05
-4.20337e-05
-4.20335e-05
-4.20332e-05
-4.2033e-05
-4.20327e-05
-4.20325e-05
-4.20322e-05
-4.2032e-05
-4.20317e-05
-4.20315e-05
-4.20312e-05
-4.2031e-05
-4.20308e-05
-4.20305e-05
-4.20303e-05
-4.20301e-05
-4.20298e-05
-4.20296e-05
-4.20294e-05
-4.20292e-05
-4.20289e-05
-4.20287e-05
-4.20285e-05
-4.20283e-05
-4.20281e-05
-4.20279e-05
-4.20276e-05
-4.20274e-05
-4.20272e-05
-4.2027e-05
-4.20268e-05
-4.20266e-05
-4.20264e-05
-4.20262e-05
-4.2026e-05
-4.20258e-05
-4.20256e-05
-4.20255e-05
-4.20253e-05
-4.20251e-05
-4.20249e-05
-4.20247e-05
-4.20245e-05
-4.20244e-05
-4.20242e-05
-4.2024e-05
-4.20238e-05
-4.20237e-05
-4.20235e-05
-4.20233e-05
-4.20231e-05
-4.2023e-05
-4.20228e-05
-4.20227e-05
-4.20225e-05
-4.20223e-05
-4.20222e-05
-4.2022e-05
-4.20219e-05
-4.20217e-05
-4.20216e-05
-4.20214e-05
-4.20213e-05
-4.20211e-05
-4.2021e-05
-4.20208e-05
-4.20207e-05
-4.20205e-05
-4.20204e-05
-4.20203e-05
-4.20201e-05
-4.202e-05
-4.20199e-05
-4.20197e-05
-4.20196e-05
-4.20195e-05
-4.20193e-05
-4.20192e-05
-4.20191e-05
-4.2019e-05
-4.20188e-05
-4.20187e-05
-4.20186e-05
-4.20185e-05
-4.20184e-05
-4.20183e-05
-4.20182e-05
-4.2018e-05
-4.20179e-05
-4.20178e-05
-4.20177e-05
-4.20176e-05
-4.20175e-05
-4.20174e-05
-4.20173e-05
-4.20172e-05
-4.20171e-05
-4.2017e-05
-4.20169e-05
-4.20168e-05
-4.20167e-05
-4.20166e-05
-4.20165e-05
-4.20164e-05
-4.20163e-05
-4.20163e-05
-4.20162e-05
-4.20161e-05
-4.2016e-05
-4.20159e-05
-4.20158e-05
-4.20157e-05
-4.20157e-05
-4.20156e-05
-4.20155e-05
-4.20154e-05
-4.20154e-05
-4.20153e-05
-4.20152e-05
-4.20151e-05
-4.20151e-05
-4.2015e-05
-4.20149e-05
-4.20149e-05
-4.20148e-05
-4.20147e-05
-4.20147e-05
-4.20146e-05
-4.20145e-05
-4.20145e-05
-4.20144e-05
-4.20143e-05
-4.20143e-05
-4.20142e-05
-4.20142e-05
-4.20141e-05
-4.20141e-05
-4.2014e-05
-4.20139e-05
-4.20139e-05
-4.20138e-05
-4.20138e-05
-4.20137e-05
-4.20137e-05
-4.20136e-05
-4.20136e-05
-4.20136e-05
-4.20135e-05
-4.20135e-05
-4.20134e-05
-4.20134e-05
-4.20133e-05
-4.20133e-05
-4.20132e-05
-4.20132e-05
-4.20132e-05
-4.20131e-05
-4.20131e-05
-4.20131e-05
-4.2013e-05
-4.2013e-05
-4.2013e-05
-4.20129e-05
-4.20129e-05
-4.20129e-05
-4.20128e-05
-4.20128e-05
-4.20128e-05
-4.20127e-05
-4.20127e-05
-4.20127e-05
-4.20126e-05
-4.20126e-05
-4.20126e-05
-4.20126e-05
-4.20125e-05
-4.20125e-05
-4.20125e-05
-4.20125e-05
-4.20125e-05
-4.20124e-05
-4.20124e-05
-4.20124e-05
-4.20124e-05
-4.20124e-05
-4.20123e-05
-4.20123e-05
-4.20123e-05
-4.20123e-05
-4.20123e-05
-4.20123e-05
-4.20122e-05
-4.20122e-05
-4.20122e-05
-4.20122e-05
-4.20122e-05
-4.20122e-05
-4.20122e-05
-4.20121e-05
-4.20121e-05
-4.20121e-05
-4.20121e-05
-4.20121e-05
-4.20121e-05
-4.20121e-05
-4.20121e-05
-4.20121e-05
-4.20121e-05
-4.20121e-05
-4.20121e-05
-4.2012e-05
-4.2012e-05
-4.2012e-05
-4.2012e-05
-4.2012e-05
-4.2012e-05
-4.2012e-05
-4.2012e-05
-4.2012e-05
-4.2012e-05
-4.2012e-05
-4.2012e-05
-4.2012e-05
-4.2012e-05
-4.2012e-05
-4.2012e-05
-4.2012e-05
-4.2012e-05
-4.2012e-05
-4.2012e-05
-4.2012e-05
-4.2012e-05
-4.2012e-05
-4.2012e-05
-4.2012e-05
-4.2012e-05
-4.2012e-05
-4.2012e-05
-4.2012e-05
-4.2012e-05
-4.20121e-05
-4.20121e-05
-4.20121e-05
-4.20121e-05
-4.20121e-05
-4.20121e-05
-4.20121e-05
-4.20121e-05
-4.20121e-05
-4.20121e-05
-4.20121e-05
-4.20121e-05
-4.20121e-05
-4.20121e-05
-4.20122e-05
-4.20122e-05
-4.20122e-05
-4.20122e-05
-4.20122e-05
-4.20122e-05
-4.20122e-05
-4.20122e-05
-4.20122e-05
-4.20122e-05
-4.20123e-05
-4.20123e-05
-4.20123e-05
-4.20123e-05
-4.20123e-05
-4.20123e-05
-4.20123e-05
-4.20123e-05
-4.20123e-05
-4.20124e-05
-4.20124e-05
-4.20124e-05
-4.20124e-05
-4.20124e-05
-4.20124e-05
-4.20124e-05
-4.20124e-05
-4.20125e-05
-4.20125e-05
-4.20125e-05
-4.20125e-05
-4.20125e-05
-4.20125e-05
-4.20125e-05
-4.20126e-05
-4.20126e-05
-4.20126e-05
-4.20126e-05
-4.20126e-05
-4.20126e-05
-4.20126e-05
-4.20127e-05
-4.20127e-05
-4.20127e-05
-4.20127e-05
-4.20127e-05
-4.20127e-05
-4.20128e-05
-4.20128e-05
-4.20128e-05
-4.20128e-05
-4.20128e-05
-4.20128e-05
-4.20128e-05
-4.20129e-05
-4.20129e-05
-4.20129e-05
-4.20129e-05
-4.20129e-05
-4.20129e-05
-4.2013e-05
-4.2013e-05
-4.2013e-05
-4.2013e-05
-4.2013e-05
-4.2013e-05
-4.20131e-05
-4.20131e-05
-4.20131e-05
-4.20131e-05
-4.20131e-05
-4.20131e-05
-4.20132e-05
-4.20132e-05
-4.20132e-05
-4.20132e-05
-4.20132e-05
-4.20132e-05
-4.20133e-05
-4.20133e-05
-4.20133e-05
-4.20133e-05
-4.20133e-05
-4.20133e-05
-4.20134e-05
-4.20134e-05
-4.20134e-05
-4.20134e-05
-4.20134e-05
-4.20134e-05
-4.20135e-05
-4.20135e-05
-4.20135e-05
-4.20135e-05
-4.20135e-05
-4.20136e-05
-4.20136e-05
-4.20136e-05
-4.20136e-05
-4.20136e-05
-4.20136e-05
-4.20137e-05
-4.20137e-05
-4.20137e-05
-4.20137e-05
-4.20137e-05
-4.20137e-05
-4.20138e-05
-4.20138e-05
-4.20138e-05
-4.20138e-05
-4.20138e-05
-4.20138e-05
-4.20139e-05
-4.20139e-05
-4.20139e-05
-4.20139e-05
-4.20139e-05
-4.20139e-05
-4.2014e-05
-4.2014e-05
-4.2014e-05
-4.2014e-05
-4.2014e-05
-4.2014e-05
-4.20141e-05
-4.20141e-05
-4.20141e-05
-4.20141e-05
-4.20141e-05
-4.20141e-05
-4.20141e-05
-4.20142e-05
-4.20142e-05
-4.20142e-05
-4.20142e-05
-4.20142e-05
-4.20142e-05
-4.20143e-05
-4.20143e-05
-4.20143e-05
-4.20143e-05
-4.20143e-05
-4.20143e-05
-4.20144e-05
-4.20144e-05
-4.20144e-05
-4.20144e-05
-4.20144e-05
-4.20144e-05
-4.20144e-05
-4.20145e-05
-4.20145e-05
-4.20145e-05
-4.20145e-05
-4.20145e-05
-4.20145e-05
-4.20146e-05
-4.20146e-05
-4.20146e-05
-4.20146e-05
-4.20146e-05
-4.20146e-05
-4.20146e-05
-4.20147e-05
-4.20147e-05
-4.20147e-05
-4.20147e-05
-4.20147e-05
-4.20147e-05
-4.20147e-05
-4.20148e-05
-4.20148e-05
-4.20148e-05
-4.20148e-05
-4.20148e-05
-4.20148e-05
-4.20148e-05
-4.20148e-05
-4.20149e-05
-4.20149e-05
-4.20149e-05
-4.20149e-05
-4.20149e-05
-4.20149e-05
-4.20149e-05
-4.2015e-05
-4.2015e-05
-4.2015e-05
-4.2015e-05
-4.2015e-05
-4.2015e-05
-4.2015e-05
-4.2015e-05
-4.20151e-05
-4.20151e-05
-4.20151e-05
-4.20151e-05
-4.20151e-05
-4.20151e-05
-4.20151e-05
-4.20151e-05
-4.20152e-05
-4.20152e-05
-4.20152e-05
-4.20152e-05
-4.20152e-05
-4.20152e-05
-4.20152e-05
-4.20152e-05
-4.20152e-05
-4.20153e-05
-4.20153e-05
-4.20153e-05
-4.20153e-05
-4.20153e-05
-4.20153e-05
-4.20153e-05
-4.20153e-05
-4.20153e-05
-4.20154e-05
-4.20154e-05
-4.20154e-05
-4.20154e-05
-4.20154e-05
-4.20154e-05
-4.20154e-05
-4.20154e-05
-4.20154e-05
-4.20155e-05
-4.20155e-05
-4.20155e-05
-4.20155e-05
-4.20155e-05
-4.20155e-05
-4.20155e-05
-4.20155e-05
-4.20155e-05
-4.20155e-05
-4.20155e-05
-4.20156e-05
-4.20156e-05
-4.20156e-05
-4.20156e-05
-4.20156e-05
-4.20156e-05
-4.20156e-05
-4.20156e-05
-4.20156e-05
-4.20156e-05
-4.20157e-05
-4.20157e-05
-4.20157e-05
-4.20157e-05
-4.20157e-05
-4.20157e-05
-4.20157e-05
-4.20157e-05
-4.20157e-05
-4.20157e-05
-4.20157e-05
-4.20157e-05
-4.20158e-05
-4.20158e-05
-4.20158e-05
-4.20158e-05
-4.20158e-05
-4.20158e-05
-4.20158e-05
-4.20158e-05
-4.20158e-05
-4.20158e-05
-4.20158e-05
-4.20158e-05
-4.20159e-05
-4.20159e-05
-4.20159e-05
-4.20159e-05
-4.20159e-05
-4.20159e-05
-4.20159e-05
-4.20159e-05
-4.20159e-05
-4.20159e-05
-4.20159e-05
-4.20159e-05
-4.20159e-05
-4.20159e-05
-4.2016e-05
-4.2016e-05
-4.2016e-05
-4.2016e-05
-4.2016e-05
-4.2016e-05
-4.2016e-05
-4.2016e-05
-4.2016e-05
-4.2016e-05
-4.2016e-05
-4.2016e-05
-4.2016e-05
-4.2016e-05
-4.2016e-05
-4.20161e-05
-4.20161e-05
-4.20161e-05
-4.20161e-05
-4.20161e-05
-4.20161e-05
-4.20161e-05
-4.20161e-05
-4.20161e-05
-4.20161e-05
-4.20161e-05
-4.20161e-05
-4.20161e-05
-4.20161e-05
-4.20161e-05
-4.20161e-05
-4.20161e-05
-4.20162e-05
-4.20162e-05
-4.20162e-05
-4.20162e-05
-4.20162e-05
-4.20162e-05
-4.20162e-05
-4.20162e-05
-4.20162e-05
-4.20162e-05
-4.20162e-05
-4.20162e-05
-4.16873e-05
-4.13007e-05
-4.09405e-05
-4.06265e-05
-4.03582e-05
-4.01297e-05
-3.99344e-05
-3.97665e-05
-3.96213e-05
-3.94942e-05
-3.93804e-05
-3.92736e-05
-3.91672e-05
-3.90555e-05
-3.89347e-05
-3.88028e-05
-3.86585e-05
-3.85002e-05
-3.8326e-05
-3.81325e-05
-3.79149e-05
-3.76659e-05
-3.7375e-05
-3.70265e-05
-3.65968e-05
-3.60486e-05
-3.53218e-05
-3.43186e-05
-3.28838e-05
-3.07986e-05
-2.78516e-05
-2.41351e-05
-2.03305e-05
-1.68095e-05
-1.3746e-05
-1.15936e-05
-1.05233e-05
-1.02513e-05
-1.04008e-05
-1.07291e-05
-1.11272e-05
-1.15588e-05
-1.20157e-05
-1.24977e-05
-1.30052e-05
-1.35368e-05
-1.40897e-05
-1.46597e-05
-1.52419e-05
-1.58305e-05
-1.64192e-05
-1.70014e-05
-1.757e-05
-1.81185e-05
-1.86409e-05
-1.91322e-05
-1.95892e-05
-2.00108e-05
-2.03973e-05
-2.07507e-05
-2.10739e-05
-2.13703e-05
-2.16436e-05
-2.18968e-05
-2.21331e-05
-2.2355e-05
-2.25647e-05
-2.2764e-05
-2.29543e-05
-2.31369e-05
-2.33128e-05
-2.34829e-05
-2.36478e-05
-2.38082e-05
-2.39647e-05
-2.41178e-05
-2.42678e-05
-2.44152e-05
-2.45603e-05
-2.47036e-05
-2.48453e-05
-2.49858e-05
-2.51254e-05
-2.52644e-05
-2.54031e-05
-2.55419e-05
-2.56809e-05
-2.58207e-05
-2.59616e-05
-2.61038e-05
-2.62478e-05
-2.63941e-05
-2.6543e-05
-2.66951e-05
-2.6851e-05
-2.70111e-05
-2.71763e-05
-2.73474e-05
-2.7525e-05
-2.77103e-05
-2.79044e-05
-2.81086e-05
-2.83243e-05
-2.85532e-05
-2.87975e-05
-2.90593e-05
-2.93412e-05
-2.96465e-05
-2.99785e-05
-3.03413e-05
-3.07392e-05
-3.1177e-05
-3.16596e-05
-3.21916e-05
-3.27763e-05
-3.34147e-05
-3.41078e-05
-3.48455e-05
-3.56087e-05
-3.63685e-05
-3.70916e-05
-3.7749e-05
-3.83241e-05
-3.88129e-05
-3.92213e-05
-3.95594e-05
-3.98382e-05
-4.0068e-05
-4.02578e-05
-4.0415e-05
-4.05456e-05
-4.06544e-05
-4.07453e-05
-4.08214e-05
-4.08852e-05
-4.09388e-05
-4.09837e-05
-4.10215e-05
-4.10532e-05
-4.10798e-05
-4.11022e-05
-4.1121e-05
-4.11368e-05
-4.115e-05
-4.11611e-05
-4.11704e-05
-4.11781e-05
-4.11845e-05
-4.11898e-05
-4.11941e-05
-4.11976e-05
-4.12004e-05
-4.12025e-05
-4.12042e-05
-4.12054e-05
-4.12062e-05
-4.12067e-05
-4.12069e-05
-4.12069e-05
-4.12066e-05
-4.12061e-05
-4.12055e-05
-4.12047e-05
-4.12037e-05
-4.12027e-05
-4.12015e-05
-4.12002e-05
-4.11989e-05
-4.11974e-05
-4.11959e-05
-4.11943e-05
-4.11927e-05
-4.11909e-05
-4.11892e-05
-4.11873e-05
-4.11854e-05
-4.11835e-05
-4.11815e-05
-4.11795e-05
-4.11774e-05
-4.11752e-05
-4.11731e-05
-4.11708e-05
-4.11686e-05
-4.11663e-05
-4.11639e-05
-4.11615e-05
-4.11591e-05
-4.11566e-05
-4.11541e-05
-4.11516e-05
-4.1149e-05
-4.11464e-05
-4.11437e-05
-4.1141e-05
-4.11383e-05
-4.11356e-05
-4.11328e-05
-4.11299e-05
-4.11271e-05
-4.11242e-05
-4.11212e-05
-4.11183e-05
-4.11153e-05
-4.11122e-05
-4.11092e-05
-4.11061e-05
-4.11029e-05
-4.10998e-05
-4.10966e-05
-4.10934e-05
-4.10901e-05
-4.10868e-05
-4.10835e-05
-4.10802e-05
-4.10768e-05
-4.10734e-05
-4.107e-05
-4.10666e-05
-4.10631e-05
-4.10596e-05
-4.10561e-05
-4.10525e-05
-4.1049e-05
-4.10454e-05
-4.10417e-05
-4.10381e-05
-4.10344e-05
-4.10307e-05
-4.1027e-05
-4.10233e-05
-4.10195e-05
-4.10157e-05
-4.10119e-05
-4.10081e-05
-4.10042e-05
-4.10003e-05
-4.09964e-05
-4.09925e-05
-4.09886e-05
-4.09846e-05
-4.09806e-05
-4.09766e-05
-4.09726e-05
-4.09686e-05
-4.09645e-05
-4.09604e-05
-4.09563e-05
-4.09522e-05
-4.09481e-05
-4.09439e-05
-4.09397e-05
-4.09355e-05
-4.09313e-05
-4.09271e-05
-4.09228e-05
-4.09186e-05
-4.09143e-05
-4.091e-05
-4.09056e-05
-4.09013e-05
-4.0897e-05
-4.08926e-05
-4.08882e-05
-4.08838e-05
-4.08794e-05
-4.08749e-05
-4.08705e-05
-4.0866e-05
-4.08615e-05
-4.0857e-05
-4.08525e-05
-4.08479e-05
-4.08434e-05
-4.08388e-05
-4.08342e-05
-4.08296e-05
-4.0825e-05
-4.08204e-05
-4.08158e-05
-4.08111e-05
-4.08064e-05
-4.08017e-05
-4.0797e-05
-4.07923e-05
-4.07876e-05
-4.07828e-05
-4.07781e-05
-4.07733e-05
-4.07685e-05
-4.07637e-05
-4.07589e-05
-4.07541e-05
-4.07492e-05
-4.07444e-05
-4.07395e-05
-4.07346e-05
-4.07298e-05
-4.07249e-05
-4.07199e-05
-4.0715e-05
-4.07101e-05
-4.07051e-05
-4.07001e-05
-4.06952e-05
-4.06902e-05
-4.06852e-05
-4.06802e-05
-4.06751e-05
-4.06701e-05
-4.06651e-05
-4.066e-05
-4.06549e-05
-4.06498e-05
-4.06448e-05
-4.06397e-05
-4.06345e-05
-4.06294e-05
-4.06243e-05
-4.06191e-05
-4.0614e-05
-4.06088e-05
-4.06036e-05
-4.05984e-05
-4.05933e-05
-4.0588e-05
-4.05828e-05
-4.05776e-05
-4.05724e-05
-4.05671e-05
-4.05618e-05
-4.05566e-05
-4.05513e-05
-4.0546e-05
-4.05407e-05
-4.05354e-05
-4.05301e-05
-4.05248e-05
-4.05194e-05
-4.05141e-05
-4.05087e-05
-4.05034e-05
-4.0498e-05
-4.04926e-05
-4.04872e-05
-4.04818e-05
-4.04764e-05
-4.0471e-05
-4.04655e-05
-4.04601e-05
-4.04547e-05
-4.04492e-05
-4.04437e-05
-4.04383e-05
-4.04328e-05
-4.04273e-05
-4.04218e-05
-4.04163e-05
-4.04108e-05
-4.04052e-05
-4.03997e-05
-4.03942e-05
-4.03886e-05
-4.03831e-05
-4.03775e-05
-4.03719e-05
-4.03663e-05
-4.03607e-05
-4.03551e-05
-4.03495e-05
-4.03439e-05
-4.03383e-05
-4.03326e-05
-4.0327e-05
-4.03213e-05
-4.03157e-05
-4.031e-05
-4.03043e-05
-4.02986e-05
-4.02929e-05
-4.02872e-05
-4.02815e-05
-4.02758e-05
-4.027e-05
-4.02643e-05
-4.02585e-05
-4.02528e-05
-4.0247e-05
-4.02412e-05
-4.02354e-05
-4.02296e-05
-4.02238e-05
-4.0218e-05
-4.02122e-05
-4.02063e-05
-4.02005e-05
-4.01946e-05
-4.01888e-05
-4.01829e-05
-4.0177e-05
-4.01711e-05
-4.01652e-05
-4.01593e-05
-4.01534e-05
-4.01474e-05
-4.01415e-05
-4.01355e-05
-4.01296e-05
-4.01236e-05
-4.01176e-05
-4.01116e-05
-4.01056e-05
-4.00996e-05
-4.00935e-05
-4.00875e-05
-4.00815e-05
-4.00754e-05
-4.00693e-05
-4.00632e-05
-4.00571e-05
-4.0051e-05
-4.00449e-05
-4.00388e-05
-4.00326e-05
-4.00265e-05
-4.00203e-05
-4.00141e-05
-4.00079e-05
-4.00017e-05
-3.99955e-05
-3.99893e-05
-3.9983e-05
-3.99768e-05
-3.99705e-05
-3.99642e-05
-3.99579e-05
-3.99516e-05
-3.99453e-05
-3.99389e-05
-3.99326e-05
-3.99262e-05
-3.99198e-05
-3.99134e-05
-3.9907e-05
-3.99006e-05
-3.98941e-05
-3.98876e-05
-3.98812e-05
-3.98747e-05
-3.98681e-05
-3.98616e-05
-3.98551e-05
-3.98485e-05
-3.98419e-05
-3.98353e-05
-3.98287e-05
-3.98221e-05
-3.98154e-05
-3.98087e-05
-3.9802e-05
-3.97953e-05
-3.97886e-05
-3.97818e-05
-3.9775e-05
-3.97682e-05
-3.97614e-05
-3.97546e-05
-3.97477e-05
-3.97408e-05
-3.97339e-05
-3.9727e-05
-3.972e-05
-3.9713e-05
-3.9706e-05
-3.9699e-05
-3.96919e-05
-3.96848e-05
-3.96777e-05
-3.96706e-05
-3.96634e-05
-3.96562e-05
-3.9649e-05
-3.96418e-05
-3.96345e-05
-3.96272e-05
-3.96198e-05
-3.96125e-05
-3.96051e-05
-3.95976e-05
-3.95902e-05
-3.95827e-05
-3.95751e-05
-3.95676e-05
-3.95599e-05
-3.95523e-05
-3.95446e-05
-3.95369e-05
-3.95292e-05
-3.95214e-05
-3.95135e-05
-3.95056e-05
-3.94977e-05
-3.94898e-05
-3.94818e-05
-3.94737e-05
-3.94656e-05
-3.94575e-05
-3.94493e-05
-3.9441e-05
-3.94327e-05
-3.94244e-05
-3.9416e-05
-3.94076e-05
-3.93991e-05
-3.93905e-05
-3.93819e-05
-3.93732e-05
-3.93645e-05
-3.93557e-05
-3.93468e-05
-3.93379e-05
-3.93289e-05
-3.93199e-05
-3.93107e-05
-3.93015e-05
-3.92923e-05
-3.92829e-05
-3.92735e-05
-3.9264e-05
-3.92544e-05
-3.92448e-05
-3.9235e-05
-3.92252e-05
-3.92152e-05
-3.92052e-05
-3.91951e-05
-3.91849e-05
-3.91746e-05
-3.91641e-05
-3.91536e-05
-3.9143e-05
-3.91322e-05
-3.91213e-05
-3.91104e-05
-3.90992e-05
-3.9088e-05
-3.90766e-05
-3.90651e-05
-3.90534e-05
-3.90416e-05
-3.90297e-05
-3.90176e-05
-3.90053e-05
-3.89929e-05
-3.89803e-05
-3.89675e-05
-3.89545e-05
-3.89413e-05
-3.89279e-05
-3.89143e-05
-3.89005e-05
-3.88865e-05
-3.88723e-05
-3.88578e-05
-3.8843e-05
-3.8828e-05
-3.88127e-05
-3.87971e-05
-3.87812e-05
-3.8765e-05
-3.87485e-05
-3.87316e-05
-3.87144e-05
-3.86968e-05
-3.86788e-05
-3.86603e-05
-3.86415e-05
-3.86222e-05
-3.86024e-05
-3.8582e-05
-3.85612e-05
-3.85398e-05
-3.85177e-05
-3.8495e-05
-3.84717e-05
-3.84476e-05
-3.84228e-05
-3.83971e-05
-3.83706e-05
-3.83431e-05
-3.83146e-05
-3.8285e-05
-3.82543e-05
-3.82223e-05
-3.8189e-05
-3.81542e-05
-3.81178e-05
-3.80797e-05
-3.80398e-05
-3.79977e-05
-3.79534e-05
-3.79066e-05
-3.7857e-05
-3.78043e-05
-3.77482e-05
-3.76883e-05
-3.7624e-05
-3.75548e-05
-3.74801e-05
-3.73989e-05
-3.73104e-05
-3.72133e-05
-3.71061e-05
-3.6987e-05
-3.68537e-05
-3.67033e-05
-3.65322e-05
-3.63352e-05
-3.61058e-05
-3.5835e-05
-3.55105e-05
-3.51147e-05
-3.46232e-05
-3.4001e-05
-3.31994e-05
-3.21539e-05
-3.07882e-05
-2.90325e-05
-2.68696e-05
-2.43942e-05
-2.17754e-05
-1.90637e-05
-1.6353e-05
-1.40171e-05
-1.24331e-05
-1.1655e-05
-1.14673e-05
-1.16168e-05
-1.19329e-05
-1.23292e-05
-1.27689e-05
-1.32379e-05
-1.37301e-05
-1.42417e-05
-1.47684e-05
-1.53056e-05
-1.58479e-05
-1.63894e-05
-1.69238e-05
-1.74449e-05
-1.79468e-05
-1.84243e-05
-1.88733e-05
-1.92916e-05
-1.96783e-05
-2.0034e-05
-2.03604e-05
-2.06602e-05
-2.09361e-05
-2.11912e-05
-2.14282e-05
-2.16496e-05
-2.18577e-05
-2.20542e-05
-2.22408e-05
-2.24187e-05
-2.25891e-05
-2.27528e-05
-2.29107e-05
-2.30633e-05
-2.32112e-05
-2.33549e-05
-2.34948e-05
-2.36313e-05
-2.37647e-05
-2.38954e-05
-2.40236e-05
-2.41495e-05
-2.42735e-05
-2.43957e-05
-2.45164e-05
-2.46358e-05
-2.4754e-05
-2.48713e-05
-2.49879e-05
-2.51039e-05
-2.52196e-05
-2.53351e-05
-2.54506e-05
-2.55663e-05
-2.56824e-05
-2.57992e-05
-2.59167e-05
-2.60353e-05
-2.61551e-05
-2.62765e-05
-2.63996e-05
-2.65248e-05
-2.66524e-05
-2.67827e-05
-2.69161e-05
-2.70529e-05
-2.71936e-05
-2.73387e-05
-2.74887e-05
-2.76441e-05
-2.78057e-05
-2.79742e-05
-2.81502e-05
-2.83348e-05
-2.8529e-05
-2.87336e-05
-2.89501e-05
-2.91796e-05
-2.94237e-05
-2.96837e-05
-2.99612e-05
-3.02579e-05
-3.05753e-05
-3.09148e-05
-3.12775e-05
-3.16638e-05
-3.20737e-05
-3.25057e-05
-3.29571e-05
-3.34256e-05
-3.39047e-05
-3.43857e-05
-3.48587e-05
-3.5313e-05
-3.5739e-05
-3.61294e-05
-3.64797e-05
-3.67885e-05
-3.70572e-05
-3.72889e-05
-3.74872e-05
-3.76563e-05
-3.78001e-05
-3.79222e-05
-3.80259e-05
-3.81138e-05
-3.81883e-05
-3.82515e-05
-3.83051e-05
-3.83506e-05
-3.83891e-05
-3.84219e-05
-3.84496e-05
-3.84732e-05
-3.84932e-05
-3.85103e-05
-3.85248e-05
-3.85371e-05
-3.85476e-05
-3.85566e-05
-3.85643e-05
-3.85708e-05
-3.85765e-05
-3.85813e-05
-3.85855e-05
-3.85891e-05
-3.85923e-05
-3.8595e-05
-3.85974e-05
-3.85995e-05
-3.86014e-05
-3.86031e-05
-3.86046e-05
-3.86059e-05
-3.86071e-05
-3.86082e-05
-3.86092e-05
-3.86102e-05
-3.8611e-05
-3.86119e-05
-3.86126e-05
-3.86133e-05
-3.8614e-05
-3.86146e-05
-3.86152e-05
-3.86157e-05
-3.86163e-05
-3.86168e-05
-3.86172e-05
-3.86177e-05
-3.86181e-05
-3.86184e-05
-3.86188e-05
-3.86191e-05
-3.86194e-05
-3.86197e-05
-3.862e-05
-3.86202e-05
-3.86204e-05
-3.86205e-05
-3.86207e-05
-3.86208e-05
-3.86209e-05
-3.86209e-05
-3.8621e-05
-3.8621e-05
-3.86209e-05
-3.86209e-05
-3.86208e-05
-3.86207e-05
-3.86205e-05
-3.86203e-05
-3.86201e-05
-3.86199e-05
-3.86196e-05
-3.86193e-05
-3.8619e-05
-3.86187e-05
-3.86183e-05
-3.86179e-05
-3.86174e-05
-3.86169e-05
-3.86164e-05
-3.86159e-05
-3.86153e-05
-3.86147e-05
-3.86141e-05
-3.86135e-05
-3.86128e-05
-3.86121e-05
-3.86113e-05
-3.86105e-05
-3.86097e-05
-3.86089e-05
-3.8608e-05
-3.86071e-05
-3.86062e-05
-3.86052e-05
-3.86043e-05
-3.86032e-05
-3.86022e-05
-3.86011e-05
-3.86e-05
-3.85989e-05
-3.85977e-05
-3.85965e-05
-3.85953e-05
-3.85941e-05
-3.85928e-05
-3.85915e-05
-3.85902e-05
-3.85888e-05
-3.85874e-05
-3.8586e-05
-3.85845e-05
-3.85831e-05
-3.85816e-05
-3.858e-05
-3.85785e-05
-3.85769e-05
-3.85753e-05
-3.85736e-05
-3.85719e-05
-3.85702e-05
-3.85685e-05
-3.85668e-05
-3.8565e-05
-3.85632e-05
-3.85613e-05
-3.85594e-05
-3.85576e-05
-3.85556e-05
-3.85537e-05
-3.85517e-05
-3.85497e-05
-3.85477e-05
-3.85456e-05
-3.85435e-05
-3.85414e-05
-3.85393e-05
-3.85371e-05
-3.85349e-05
-3.85327e-05
-3.85304e-05
-3.85281e-05
-3.85258e-05
-3.85235e-05
-3.85211e-05
-3.85188e-05
-3.85163e-05
-3.85139e-05
-3.85114e-05
-3.85089e-05
-3.85064e-05
-3.85039e-05
-3.85013e-05
-3.84987e-05
-3.8496e-05
-3.84934e-05
-3.84907e-05
-3.8488e-05
-3.84852e-05
-3.84825e-05
-3.84797e-05
-3.84768e-05
-3.8474e-05
-3.84711e-05
-3.84682e-05
-3.84653e-05
-3.84623e-05
-3.84593e-05
-3.84563e-05
-3.84533e-05
-3.84502e-05
-3.84471e-05
-3.84439e-05
-3.84408e-05
-3.84376e-05
-3.84344e-05
-3.84311e-05
-3.84279e-05
-3.84246e-05
-3.84212e-05
-3.84179e-05
-3.84145e-05
-3.8411e-05
-3.84076e-05
-3.84041e-05
-3.84006e-05
-3.83971e-05
-3.83935e-05
-3.83899e-05
-3.83863e-05
-3.83826e-05
-3.83789e-05
-3.83752e-05
-3.83715e-05
-3.83677e-05
-3.83639e-05
-3.836e-05
-3.83561e-05
-3.83522e-05
-3.83483e-05
-3.83443e-05
-3.83403e-05
-3.83363e-05
-3.83322e-05
-3.83281e-05
-3.83239e-05
-3.83198e-05
-3.83156e-05
-3.83113e-05
-3.83071e-05
-3.83027e-05
-3.82984e-05
-3.8294e-05
-3.82896e-05
-3.82851e-05
-3.82807e-05
-3.82761e-05
-3.82716e-05
-3.8267e-05
-3.82623e-05
-3.82577e-05
-3.82529e-05
-3.82482e-05
-3.82434e-05
-3.82386e-05
-3.82337e-05
-3.82288e-05
-3.82238e-05
-3.82188e-05
-3.82138e-05
-3.82087e-05
-3.82036e-05
-3.81984e-05
-3.81932e-05
-3.8188e-05
-3.81827e-05
-3.81773e-05
-3.8172e-05
-3.81665e-05
-3.8161e-05
-3.81555e-05
-3.81499e-05
-3.81443e-05
-3.81386e-05
-3.81329e-05
-3.81271e-05
-3.81213e-05
-3.81154e-05
-3.81095e-05
-3.81035e-05
-3.80975e-05
-3.80914e-05
-3.80852e-05
-3.8079e-05
-3.80728e-05
-3.80664e-05
-3.80601e-05
-3.80536e-05
-3.80471e-05
-3.80405e-05
-3.80339e-05
-3.80272e-05
-3.80204e-05
-3.80136e-05
-3.80067e-05
-3.79997e-05
-3.79927e-05
-3.79855e-05
-3.79784e-05
-3.79711e-05
-3.79637e-05
-3.79563e-05
-3.79488e-05
-3.79412e-05
-3.79336e-05
-3.79258e-05
-3.7918e-05
-3.79101e-05
-3.7902e-05
-3.78939e-05
-3.78857e-05
-3.78774e-05
-3.7869e-05
-3.78605e-05
-3.78519e-05
-3.78432e-05
-3.78344e-05
-3.78255e-05
-3.78164e-05
-3.78073e-05
-3.7798e-05
-3.77886e-05
-3.77791e-05
-3.77694e-05
-3.77596e-05
-3.77497e-05
-3.77396e-05
-3.77294e-05
-3.77191e-05
-3.77086e-05
-3.76979e-05
-3.76871e-05
-3.76761e-05
-3.76649e-05
-3.76536e-05
-3.7642e-05
-3.76303e-05
-3.76184e-05
-3.76063e-05
-3.7594e-05
-3.75814e-05
-3.75686e-05
-3.75557e-05
-3.75424e-05
-3.75289e-05
-3.75152e-05
-3.75012e-05
-3.74869e-05
-3.74723e-05
-3.74574e-05
-3.74422e-05
-3.74267e-05
-3.74108e-05
-3.73946e-05
-3.7378e-05
-3.7361e-05
-3.73436e-05
-3.73258e-05
-3.73075e-05
-3.72888e-05
-3.72696e-05
-3.72498e-05
-3.72295e-05
-3.72086e-05
-3.71871e-05
-3.7165e-05
-3.71422e-05
-3.71187e-05
-3.70944e-05
-3.70693e-05
-3.70433e-05
-3.70164e-05
-3.69885e-05
-3.69595e-05
-3.69295e-05
-3.68982e-05
-3.68656e-05
-3.68316e-05
-3.67961e-05
-3.67589e-05
-3.672e-05
-3.66793e-05
-3.66364e-05
-3.65913e-05
-3.65438e-05
-3.64935e-05
-3.64403e-05
-3.63838e-05
-3.63237e-05
-3.62595e-05
-3.61908e-05
-3.6117e-05
-3.60374e-05
-3.59511e-05
-3.58574e-05
-3.57549e-05
-3.56424e-05
-3.55181e-05
-3.538e-05
-3.52254e-05
-3.50512e-05
-3.48532e-05
-3.46262e-05
-3.43637e-05
-3.40571e-05
-3.36954e-05
-3.32647e-05
-3.27473e-05
-3.21222e-05
-3.13642e-05
-3.04465e-05
-2.93447e-05
-2.80432e-05
-2.65415e-05
-2.48558e-05
-2.30052e-05
-2.09928e-05
-1.88609e-05
-1.68084e-05
-1.51312e-05
-1.40214e-05
-1.34748e-05
-1.33566e-05
-1.35116e-05
-1.38229e-05
-1.42194e-05
-1.46622e-05
-1.51308e-05
-1.56134e-05
-1.61021e-05
-1.65901e-05
-1.70715e-05
-1.75405e-05
-1.7992e-05
-1.84218e-05
-1.88267e-05
-1.92051e-05
-1.95565e-05
-1.98816e-05
-2.01821e-05
-2.04599e-05
-2.07173e-05
-2.09568e-05
-2.11804e-05
-2.13903e-05
-2.15883e-05
-2.17757e-05
-2.1954e-05
-2.21243e-05
-2.22874e-05
-2.24442e-05
-2.25954e-05
-2.27414e-05
-2.28829e-05
-2.30203e-05
-2.31539e-05
-2.3284e-05
-2.34111e-05
-2.35353e-05
-2.3657e-05
-2.37763e-05
-2.38935e-05
-2.40088e-05
-2.41223e-05
-2.42343e-05
-2.43449e-05
-2.44542e-05
-2.45626e-05
-2.467e-05
-2.47766e-05
-2.48826e-05
-2.49881e-05
-2.50933e-05
-2.51983e-05
-2.53033e-05
-2.54083e-05
-2.55136e-05
-2.56192e-05
-2.57254e-05
-2.58323e-05
-2.594e-05
-2.60488e-05
-2.61588e-05
-2.62702e-05
-2.63832e-05
-2.64981e-05
-2.6615e-05
-2.67343e-05
-2.68561e-05
-2.69809e-05
-2.71088e-05
-2.72403e-05
-2.73757e-05
-2.75155e-05
-2.766e-05
-2.78097e-05
-2.79653e-05
-2.81271e-05
-2.8296e-05
-2.84724e-05
-2.86571e-05
-2.88508e-05
-2.90544e-05
-2.92686e-05
-2.94942e-05
-2.9732e-05
-2.99828e-05
-3.02472e-05
-3.05255e-05
-3.08182e-05
-3.1125e-05
-3.14453e-05
-3.17781e-05
-3.21216e-05
-3.24733e-05
-3.28309e-05
-3.31905e-05
-3.35474e-05
-3.38964e-05
-3.42324e-05
-3.45507e-05
-3.48474e-05
-3.51196e-05
-3.53659e-05
-3.55859e-05
-3.57803e-05
-3.59506e-05
-3.60988e-05
-3.6227e-05
-3.63375e-05
-3.64324e-05
-3.65137e-05
-3.65833e-05
-3.66428e-05
-3.66935e-05
-3.67367e-05
-3.67735e-05
-3.68048e-05
-3.68313e-05
-3.68538e-05
-3.68729e-05
-3.6889e-05
-3.69026e-05
-3.6914e-05
-3.69236e-05
-3.69317e-05
-3.69383e-05
-3.69439e-05
-3.69484e-05
-3.69522e-05
-3.69552e-05
-3.69576e-05
-3.69595e-05
-3.6961e-05
-3.69621e-05
-3.69628e-05
-3.69633e-05
-3.69636e-05
-3.69636e-05
-3.69635e-05
-3.69632e-05
-3.69628e-05
-3.69623e-05
-3.69618e-05
-3.69611e-05
-3.69603e-05
-3.69595e-05
-3.69587e-05
-3.69578e-05
-3.69568e-05
-3.69558e-05
-3.69548e-05
-3.69537e-05
-3.69527e-05
-3.69515e-05
-3.69504e-05
-3.69492e-05
-3.6948e-05
-3.69468e-05
-3.69455e-05
-3.69443e-05
-3.6943e-05
-3.69416e-05
-3.69403e-05
-3.69389e-05
-3.69375e-05
-3.69361e-05
-3.69346e-05
-3.69332e-05
-3.69317e-05
-3.69301e-05
-3.69286e-05
-3.6927e-05
-3.69254e-05
-3.69238e-05
-3.69221e-05
-3.69204e-05
-3.69187e-05
-3.69169e-05
-3.69152e-05
-3.69133e-05
-3.69115e-05
-3.69096e-05
-3.69077e-05
-3.69058e-05
-3.69038e-05
-3.69018e-05
-3.68998e-05
-3.68978e-05
-3.68957e-05
-3.68935e-05
-3.68914e-05
-3.68892e-05
-3.6887e-05
-3.68847e-05
-3.68824e-05
-3.68801e-05
-3.68777e-05
-3.68753e-05
-3.68729e-05
-3.68704e-05
-3.68679e-05
-3.68654e-05
-3.68628e-05
-3.68602e-05
-3.68575e-05
-3.68548e-05
-3.68521e-05
-3.68493e-05
-3.68465e-05
-3.68437e-05
-3.68408e-05
-3.68379e-05
-3.6835e-05
-3.6832e-05
-3.68289e-05
-3.68258e-05
-3.68227e-05
-3.68196e-05
-3.68164e-05
-3.68131e-05
-3.68099e-05
-3.68065e-05
-3.68032e-05
-3.67998e-05
-3.67963e-05
-3.67928e-05
-3.67893e-05
-3.67857e-05
-3.67821e-05
-3.67784e-05
-3.67747e-05
-3.67709e-05
-3.67671e-05
-3.67632e-05
-3.67593e-05
-3.67554e-05
-3.67514e-05
-3.67473e-05
-3.67432e-05
-3.67391e-05
-3.67349e-05
-3.67306e-05
-3.67263e-05
-3.6722e-05
-3.67176e-05
-3.67131e-05
-3.67086e-05
-3.6704e-05
-3.66994e-05
-3.66947e-05
-3.669e-05
-3.66852e-05
-3.66804e-05
-3.66755e-05
-3.66705e-05
-3.66655e-05
-3.66604e-05
-3.66552e-05
-3.665e-05
-3.66447e-05
-3.66394e-05
-3.6634e-05
-3.66285e-05
-3.66229e-05
-3.66173e-05
-3.66116e-05
-3.66059e-05
-3.66e-05
-3.65941e-05
-3.65882e-05
-3.65821e-05
-3.6576e-05
-3.65698e-05
-3.65635e-05
-3.65571e-05
-3.65507e-05
-3.65441e-05
-3.65375e-05
-3.65308e-05
-3.6524e-05
-3.65171e-05
-3.65101e-05
-3.65031e-05
-3.64959e-05
-3.64887e-05
-3.64813e-05
-3.64739e-05
-3.64663e-05
-3.64587e-05
-3.64509e-05
-3.64431e-05
-3.64351e-05
-3.6427e-05
-3.64188e-05
-3.64105e-05
-3.64021e-05
-3.63936e-05
-3.63849e-05
-3.63761e-05
-3.63672e-05
-3.63582e-05
-3.6349e-05
-3.63397e-05
-3.63302e-05
-3.63206e-05
-3.63109e-05
-3.6301e-05
-3.62909e-05
-3.62807e-05
-3.62703e-05
-3.62598e-05
-3.62491e-05
-3.62382e-05
-3.62271e-05
-3.62159e-05
-3.62044e-05
-3.61928e-05
-3.61809e-05
-3.61688e-05
-3.61566e-05
-3.61441e-05
-3.61313e-05
-3.61184e-05
-3.61051e-05
-3.60917e-05
-3.60779e-05
-3.60639e-05
-3.60496e-05
-3.6035e-05
-3.60201e-05
-3.60049e-05
-3.59894e-05
-3.59735e-05
-3.59573e-05
-3.59407e-05
-3.59237e-05
-3.59063e-05
-3.58885e-05
-3.58703e-05
-3.58516e-05
-3.58324e-05
-3.58127e-05
-3.57925e-05
-3.57717e-05
-3.57504e-05
-3.57284e-05
-3.57059e-05
-3.56826e-05
-3.56586e-05
-3.56339e-05
-3.56083e-05
-3.5582e-05
-3.55547e-05
-3.55265e-05
-3.54972e-05
-3.54669e-05
-3.54354e-05
-3.54027e-05
-3.53687e-05
-3.53332e-05
-3.52962e-05
-3.52576e-05
-3.52172e-05
-3.51748e-05
-3.51304e-05
-3.50837e-05
-3.50345e-05
-3.49827e-05
-3.49278e-05
-3.48697e-05
-3.4808e-05
-3.47423e-05
-3.46722e-05
-3.45971e-05
-3.45166e-05
-3.44298e-05
-3.43361e-05
-3.42344e-05
-3.41238e-05
-3.40029e-05
-3.38703e-05
-3.37241e-05
-3.35622e-05
-3.33821e-05
-3.31807e-05
-3.29544e-05
-3.26989e-05
-3.2409e-05
-3.20788e-05
-3.17012e-05
-3.12679e-05
-3.07697e-05
-3.0196e-05
-2.95361e-05
-2.87784e-05
-2.79114e-05
-2.69239e-05
-2.58054e-05
-2.45469e-05
-2.31437e-05
-2.16056e-05
-1.99858e-05
-1.84157e-05
-1.70767e-05
-1.61079e-05
-1.55461e-05
-1.53383e-05
-1.53922e-05
-1.56177e-05
-1.59457e-05
-1.63296e-05
-1.67396e-05
-1.71572e-05
-1.75706e-05
-1.79718e-05
-1.8356e-05
-1.87199e-05
-1.90618e-05
-1.93814e-05
-1.96793e-05
-1.99566e-05
-2.02149e-05
-2.0456e-05
-2.06817e-05
-2.08937e-05
-2.10935e-05
-2.12827e-05
-2.14624e-05
-2.16337e-05
-2.17976e-05
-2.19548e-05
-2.2106e-05
-2.22518e-05
-2.23926e-05
-2.25291e-05
-2.26615e-05
-2.27902e-05
-2.29155e-05
-2.30376e-05
-2.31569e-05
-2.32736e-05
-2.33879e-05
-2.35e-05
-2.361e-05
-2.37181e-05
-2.38246e-05
-2.39295e-05
-2.40329e-05
-2.41352e-05
-2.42362e-05
-2.43362e-05
-2.44354e-05
-2.45337e-05
-2.46314e-05
-2.47285e-05
-2.48251e-05
-2.49214e-05
-2.50175e-05
-2.51134e-05
-2.52094e-05
-2.53053e-05
-2.54015e-05
-2.5498e-05
-2.5595e-05
-2.56924e-05
-2.57906e-05
-2.58895e-05
-2.59894e-05
-2.60903e-05
-2.61925e-05
-2.6296e-05
-2.64011e-05
-2.65079e-05
-2.66166e-05
-2.67274e-05
-2.68405e-05
-2.69562e-05
-2.70746e-05
-2.71961e-05
-2.73209e-05
-2.74492e-05
-2.75815e-05
-2.77181e-05
-2.78592e-05
-2.80053e-05
-2.81568e-05
-2.83141e-05
-2.84776e-05
-2.86477e-05
-2.88249e-05
-2.90096e-05
-2.92021e-05
-2.9403e-05
-2.96125e-05
-2.98307e-05
-3.00579e-05
-3.02939e-05
-3.05386e-05
-3.07914e-05
-3.10516e-05
-3.13182e-05
-3.15898e-05
-3.18646e-05
-3.21405e-05
-3.2416e-05
-3.26884e-05
-3.29551e-05
-3.32134e-05
-3.34607e-05
-3.36948e-05
-3.39139e-05
-3.41167e-05
-3.43025e-05
-3.44712e-05
-3.46229e-05
-3.47584e-05
-3.48786e-05
-3.49845e-05
-3.50773e-05
-3.51585e-05
-3.5229e-05
-3.52902e-05
-3.53431e-05
-3.53887e-05
-3.54279e-05
-3.54614e-05
-3.54901e-05
-3.55146e-05
-3.55353e-05
-3.55528e-05
-3.55676e-05
-3.55799e-05
-3.55902e-05
-3.55986e-05
-3.56054e-05
-3.56109e-05
-3.56152e-05
-3.56185e-05
-3.56209e-05
-3.56226e-05
-3.56236e-05
-3.5624e-05
-3.56239e-05
-3.56233e-05
-3.56224e-05
-3.56212e-05
-3.56197e-05
-3.56179e-05
-3.56159e-05
-3.56137e-05
-3.56113e-05
-3.56088e-05
-3.56062e-05
-3.56035e-05
-3.56006e-05
-3.55977e-05
-3.55946e-05
-3.55915e-05
-3.55883e-05
-3.55851e-05
-3.55818e-05
-3.55784e-05
-3.5575e-05
-3.55716e-05
-3.5568e-05
-3.55645e-05
-3.55609e-05
-3.55572e-05
-3.55536e-05
-3.55498e-05
-3.55461e-05
-3.55423e-05
-3.55384e-05
-3.55345e-05
-3.55306e-05
-3.55266e-05
-3.55226e-05
-3.55185e-05
-3.55144e-05
-3.55103e-05
-3.55061e-05
-3.55019e-05
-3.54976e-05
-3.54933e-05
-3.54889e-05
-3.54845e-05
-3.54801e-05
-3.54755e-05
-3.5471e-05
-3.54664e-05
-3.54617e-05
-3.5457e-05
-3.54522e-05
-3.54474e-05
-3.54426e-05
-3.54376e-05
-3.54327e-05
-3.54276e-05
-3.54225e-05
-3.54174e-05
-3.54122e-05
-3.54069e-05
-3.54016e-05
-3.53962e-05
-3.53907e-05
-3.53852e-05
-3.53796e-05
-3.5374e-05
-3.53682e-05
-3.53625e-05
-3.53566e-05
-3.53507e-05
-3.53447e-05
-3.53386e-05
-3.53325e-05
-3.53262e-05
-3.53199e-05
-3.53136e-05
-3.53071e-05
-3.53006e-05
-3.5294e-05
-3.52872e-05
-3.52805e-05
-3.52736e-05
-3.52666e-05
-3.52596e-05
-3.52524e-05
-3.52452e-05
-3.52379e-05
-3.52304e-05
-3.52229e-05
-3.52153e-05
-3.52075e-05
-3.51997e-05
-3.51918e-05
-3.51837e-05
-3.51755e-05
-3.51673e-05
-3.51589e-05
-3.51504e-05
-3.51417e-05
-3.5133e-05
-3.51241e-05
-3.51151e-05
-3.51059e-05
-3.50967e-05
-3.50872e-05
-3.50777e-05
-3.5068e-05
-3.50581e-05
-3.50481e-05
-3.5038e-05
-3.50276e-05
-3.50171e-05
-3.50065e-05
-3.49957e-05
-3.49847e-05
-3.49735e-05
-3.49621e-05
-3.49505e-05
-3.49387e-05
-3.49268e-05
-3.49146e-05
-3.49022e-05
-3.48896e-05
-3.48767e-05
-3.48636e-05
-3.48503e-05
-3.48367e-05
-3.48228e-05
-3.48087e-05
-3.47943e-05
-3.47796e-05
-3.47646e-05
-3.47493e-05
-3.47337e-05
-3.47178e-05
-3.47015e-05
-3.46848e-05
-3.46678e-05
-3.46503e-05
-3.46325e-05
-3.46143e-05
-3.45956e-05
-3.45764e-05
-3.45568e-05
-3.45367e-05
-3.45161e-05
-3.44949e-05
-3.44731e-05
-3.44508e-05
-3.44278e-05
-3.44042e-05
-3.43798e-05
-3.43548e-05
-3.4329e-05
-3.43023e-05
-3.42748e-05
-3.42464e-05
-3.42171e-05
-3.41867e-05
-3.41552e-05
-3.41226e-05
-3.40888e-05
-3.40537e-05
-3.40172e-05
-3.39792e-05
-3.39396e-05
-3.38984e-05
-3.38553e-05
-3.38102e-05
-3.3763e-05
-3.37135e-05
-3.36615e-05
-3.36069e-05
-3.35493e-05
-3.34885e-05
-3.34242e-05
-3.33561e-05
-3.32838e-05
-3.3207e-05
-3.3125e-05
-3.30375e-05
-3.29437e-05
-3.2843e-05
-3.27347e-05
-3.26177e-05
-3.24911e-05
-3.23537e-05
-3.22041e-05
-3.2041e-05
-3.18624e-05
-3.16663e-05
-3.14503e-05
-3.12116e-05
-3.09469e-05
-3.06526e-05
-3.03245e-05
-2.99576e-05
-2.95463e-05
-2.90842e-05
-2.85641e-05
-2.79777e-05
-2.73161e-05
-2.65695e-05
-2.5729e-05
-2.47874e-05
-2.37433e-05
-2.26061e-05
-2.14058e-05
-2.02046e-05
-1.9096e-05
-1.818e-05
-1.7524e-05
-1.71419e-05
-1.7002e-05
-1.70492e-05
-1.72259e-05
-1.7483e-05
-1.77838e-05
-1.81027e-05
-1.84234e-05
-1.87357e-05
-1.90342e-05
-1.93164e-05
-1.95815e-05
-1.98301e-05
-2.00633e-05
-2.02824e-05
-2.04887e-05
-2.06838e-05
-2.08688e-05
-2.10448e-05
-2.12129e-05
-2.13738e-05
-2.15283e-05
-2.1677e-05
-2.18204e-05
-2.1959e-05
-2.20931e-05
-2.22233e-05
-2.23497e-05
-2.24727e-05
-2.25925e-05
-2.27093e-05
-2.28235e-05
-2.29351e-05
-2.30443e-05
-2.31514e-05
-2.32565e-05
-2.33597e-05
-2.34612e-05
-2.3561e-05
-2.36594e-05
-2.37565e-05
-2.38522e-05
-2.39469e-05
-2.40405e-05
-2.41331e-05
-2.42249e-05
-2.43159e-05
-2.44063e-05
-2.4496e-05
-2.45853e-05
-2.46742e-05
-2.47627e-05
-2.48509e-05
-2.4939e-05
-2.5027e-05
-2.5115e-05
-2.5203e-05
-2.52912e-05
-2.53797e-05
-2.54684e-05
-2.55576e-05
-2.56473e-05
-2.57376e-05
-2.58287e-05
-2.59205e-05
-2.60132e-05
-2.61069e-05
-2.62018e-05
-2.62979e-05
-2.63954e-05
-2.64945e-05
-2.65952e-05
-2.66976e-05
-2.68021e-05
-2.69086e-05
-2.70175e-05
-2.71288e-05
-2.72428e-05
-2.73596e-05
-2.74795e-05
-2.76027e-05
-2.77294e-05
-2.78598e-05
-2.79941e-05
-2.81327e-05
-2.82757e-05
-2.84233e-05
-2.85758e-05
-2.87334e-05
-2.88962e-05
-2.90644e-05
-2.92381e-05
-2.94173e-05
-2.9602e-05
-2.9792e-05
-2.99872e-05
-3.01872e-05
-3.03914e-05
-3.05994e-05
-3.08102e-05
-3.10231e-05
-3.12368e-05
-3.14502e-05
-3.1662e-05
-3.18707e-05
-3.20751e-05
-3.22743e-05
-3.24668e-05
-3.26514e-05
-3.2827e-05
-3.29927e-05
-3.31479e-05
-3.32921e-05
-3.34252e-05
-3.35471e-05
-3.36581e-05
-3.37586e-05
-3.38491e-05
-3.39301e-05
-3.40023e-05
-3.40665e-05
-3.41231e-05
-3.4173e-05
-3.42167e-05
-3.42549e-05
-3.42881e-05
-3.43169e-05
-3.43416e-05
-3.43629e-05
-3.43809e-05
-3.43962e-05
-3.4409e-05
-3.44195e-05
-3.44282e-05
-3.44351e-05
-3.44404e-05
-3.44445e-05
-3.44473e-05
-3.4449e-05
-3.44498e-05
-3.44498e-05
-3.44491e-05
-3.44477e-05
-3.44457e-05
-3.44431e-05
-3.44401e-05
-3.44367e-05
-3.4433e-05
-3.44289e-05
-3.44245e-05
-3.44198e-05
-3.44149e-05
-3.44097e-05
-3.44044e-05
-3.43988e-05
-3.43931e-05
-3.43873e-05
-3.43813e-05
-3.43751e-05
-3.43688e-05
-3.43624e-05
-3.43559e-05
-3.43493e-05
-3.43426e-05
-3.43357e-05
-3.43288e-05
-3.43218e-05
-3.43147e-05
-3.43075e-05
-3.43002e-05
-3.42928e-05
-3.42853e-05
-3.42777e-05
-3.42701e-05
-3.42623e-05
-3.42545e-05
-3.42465e-05
-3.42385e-05
-3.42304e-05
-3.42222e-05
-3.42139e-05
-3.42055e-05
-3.4197e-05
-3.41884e-05
-3.41797e-05
-3.41709e-05
-3.4162e-05
-3.4153e-05
-3.41438e-05
-3.41346e-05
-3.41252e-05
-3.41158e-05
-3.41062e-05
-3.40965e-05
-3.40866e-05
-3.40766e-05
-3.40665e-05
-3.40563e-05
-3.40459e-05
-3.40354e-05
-3.40248e-05
-3.4014e-05
-3.4003e-05
-3.39919e-05
-3.39806e-05
-3.39692e-05
-3.39576e-05
-3.39458e-05
-3.39339e-05
-3.39217e-05
-3.39094e-05
-3.38969e-05
-3.38842e-05
-3.38712e-05
-3.38581e-05
-3.38448e-05
-3.38312e-05
-3.38174e-05
-3.38034e-05
-3.37891e-05
-3.37746e-05
-3.37598e-05
-3.37448e-05
-3.37294e-05
-3.37138e-05
-3.36979e-05
-3.36817e-05
-3.36652e-05
-3.36484e-05
-3.36312e-05
-3.36136e-05
-3.35957e-05
-3.35775e-05
-3.35588e-05
-3.35398e-05
-3.35203e-05
-3.35003e-05
-3.348e-05
-3.34591e-05
-3.34378e-05
-3.34159e-05
-3.33935e-05
-3.33706e-05
-3.33471e-05
-3.33229e-05
-3.32981e-05
-3.32727e-05
-3.32465e-05
-3.32196e-05
-3.3192e-05
-3.31635e-05
-3.31342e-05
-3.3104e-05
-3.30728e-05
-3.30406e-05
-3.30074e-05
-3.2973e-05
-3.29375e-05
-3.29007e-05
-3.28626e-05
-3.28231e-05
-3.27821e-05
-3.27395e-05
-3.26951e-05
-3.2649e-05
-3.26009e-05
-3.25507e-05
-3.24983e-05
-3.24435e-05
-3.23861e-05
-3.23259e-05
-3.22627e-05
-3.21962e-05
-3.21262e-05
-3.20524e-05
-3.19744e-05
-3.18919e-05
-3.18045e-05
-3.17119e-05
-3.16133e-05
-3.15083e-05
-3.13961e-05
-3.12761e-05
-3.11474e-05
-3.1009e-05
-3.08599e-05
-3.06988e-05
-3.05243e-05
-3.03349e-05
-3.01287e-05
-2.99036e-05
-2.96573e-05
-2.93869e-05
-2.90894e-05
-2.87612e-05
-2.83982e-05
-2.79958e-05
-2.75491e-05
-2.70525e-05
-2.65008e-05
-2.5889e-05
-2.52138e-05
-2.44747e-05
-2.36761e-05
-2.28304e-05
-2.19608e-05
-2.11037e-05
-2.03066e-05
-1.96197e-05
-1.90829e-05
-1.8715e-05
-1.85116e-05
-1.84502e-05
-1.84994e-05
-1.86271e-05
-1.88049e-05
-1.90108e-05
-1.92291e-05
-1.94493e-05
-1.96651e-05
-1.98731e-05
-2.00719e-05
-2.02612e-05
-2.04414e-05
-2.06131e-05
-2.07771e-05
-2.09342e-05
-2.10851e-05
-2.12304e-05
-2.13707e-05
-2.15064e-05
-2.16379e-05
-2.17656e-05
-2.18897e-05
-2.20105e-05
-2.21283e-05
-2.22431e-05
-2.23553e-05
-2.2465e-05
-2.25722e-05
-2.26773e-05
-2.27803e-05
-2.28813e-05
-2.29805e-05
-2.3078e-05
-2.31738e-05
-2.32682e-05
-2.33611e-05
-2.34528e-05
-2.35432e-05
-2.36324e-05
-2.37207e-05
-2.38079e-05
-2.38942e-05
-2.39797e-05
-2.40644e-05
-2.41484e-05
-2.42318e-05
-2.43147e-05
-2.4397e-05
-2.44789e-05
-2.45605e-05
-2.46417e-05
-2.47227e-05
-2.48034e-05
-2.48841e-05
-2.49647e-05
-2.50453e-05
-2.51259e-05
-2.52066e-05
-2.52875e-05
-2.53687e-05
-2.54501e-05
-2.5532e-05
-2.56142e-05
-2.5697e-05
-2.57803e-05
-2.58643e-05
-2.5949e-05
-2.60345e-05
-2.61209e-05
-2.62083e-05
-2.62967e-05
-2.63862e-05
-2.6477e-05
-2.65691e-05
-2.66626e-05
-2.67577e-05
-2.68544e-05
-2.69528e-05
-2.70531e-05
-2.71554e-05
-2.72597e-05
-2.73663e-05
-2.74752e-05
-2.75865e-05
-2.77004e-05
-2.7817e-05
-2.79363e-05
-2.80586e-05
-2.81839e-05
-2.83122e-05
-2.84438e-05
-2.85785e-05
-2.87164e-05
-2.88576e-05
-2.90019e-05
-2.91494e-05
-2.92999e-05
-2.94532e-05
-2.9609e-05
-2.97672e-05
-2.99274e-05
-3.00891e-05
-3.02518e-05
-3.04152e-05
-3.05784e-05
-3.07409e-05
-3.09021e-05
-3.10611e-05
-3.12174e-05
-3.13701e-05
-3.15186e-05
-3.16623e-05
-3.18008e-05
-3.19337e-05
-3.20605e-05
-3.21807e-05
-3.22942e-05
-3.24007e-05
-3.25001e-05
-3.25926e-05
-3.26781e-05
-3.27568e-05
-3.28289e-05
-3.28948e-05
-3.29546e-05
-3.30088e-05
-3.30575e-05
-3.31013e-05
-3.31405e-05
-3.31753e-05
-3.32061e-05
-3.32332e-05
-3.3257e-05
-3.32776e-05
-3.32954e-05
-3.33107e-05
-3.33236e-05
-3.33343e-05
-3.33431e-05
-3.33501e-05
-3.33555e-05
-3.33595e-05
-3.33621e-05
-3.33635e-05
-3.33637e-05
-3.3363e-05
-3.33614e-05
-3.33589e-05
-3.33556e-05
-3.33517e-05
-3.33471e-05
-3.33419e-05
-3.33362e-05
-3.333e-05
-3.33233e-05
-3.33162e-05
-3.33086e-05
-3.33007e-05
-3.32925e-05
-3.32839e-05
-3.3275e-05
-3.32659e-05
-3.32564e-05
-3.32467e-05
-3.32367e-05
-3.32265e-05
-3.3216e-05
-3.32053e-05
-3.31944e-05
-3.31832e-05
-3.31719e-05
-3.31603e-05
-3.31485e-05
-3.31365e-05
-3.31244e-05
-3.3112e-05
-3.30993e-05
-3.30865e-05
-3.30735e-05
-3.30603e-05
-3.30468e-05
-3.30332e-05
-3.30193e-05
-3.30052e-05
-3.29909e-05
-3.29763e-05
-3.29615e-05
-3.29465e-05
-3.29313e-05
-3.29157e-05
-3.29e-05
-3.2884e-05
-3.28677e-05
-3.28511e-05
-3.28342e-05
-3.28171e-05
-3.27996e-05
-3.27819e-05
-3.27638e-05
-3.27454e-05
-3.27266e-05
-3.27075e-05
-3.26881e-05
-3.26682e-05
-3.2648e-05
-3.26274e-05
-3.26064e-05
-3.25849e-05
-3.2563e-05
-3.25406e-05
-3.25178e-05
-3.24944e-05
-3.24706e-05
-3.24462e-05
-3.24212e-05
-3.23956e-05
-3.23695e-05
-3.23427e-05
-3.23152e-05
-3.22871e-05
-3.22582e-05
-3.22286e-05
-3.21981e-05
-3.21669e-05
-3.21348e-05
-3.21017e-05
-3.20677e-05
-3.20327e-05
-3.19966e-05
-3.19595e-05
-3.19211e-05
-3.18815e-05
-3.18406e-05
-3.17983e-05
-3.17545e-05
-3.17092e-05
-3.16623e-05
-3.16136e-05
-3.15631e-05
-3.15107e-05
-3.14562e-05
-3.13995e-05
-3.13404e-05
-3.12787e-05
-3.12143e-05
-3.11469e-05
-3.10764e-05
-3.10025e-05
-3.09248e-05
-3.08432e-05
-3.07573e-05
-3.06666e-05
-3.05709e-05
-3.04697e-05
-3.03624e-05
-3.02486e-05
-3.01275e-05
-2.99985e-05
-2.98609e-05
-2.97137e-05
-2.95559e-05
-2.93865e-05
-2.92041e-05
-2.90075e-05
-2.8795e-05
-2.85649e-05
-2.83152e-05
-2.80438e-05
-2.77484e-05
-2.74264e-05
-2.70754e-05
-2.66926e-05
-2.6276e-05
-2.58236e-05
-2.53348e-05
-2.48102e-05
-2.42531e-05
-2.36695e-05
-2.30696e-05
-2.24678e-05
-2.18832e-05
-2.13374e-05
-2.08526e-05
-2.04473e-05
-2.01334e-05
-1.9914e-05
-1.97842e-05
-1.97326e-05
-1.97447e-05
-1.98051e-05
-1.98999e-05
-2.00173e-05
-2.01482e-05
-2.02861e-05
-2.04264e-05
-2.05663e-05
-2.0704e-05
-2.08388e-05
-2.09701e-05
-2.1098e-05
-2.12225e-05
-2.13437e-05
-2.14619e-05
-2.15774e-05
-2.16902e-05
-2.18005e-05
-2.19085e-05
-2.20144e-05
-2.21181e-05
-2.222e-05
-2.23199e-05
-2.24181e-05
-2.25146e-05
-2.26094e-05
-2.27028e-05
-2.27946e-05
-2.28851e-05
-2.29742e-05
-2.30621e-05
-2.31488e-05
-2.32343e-05
-2.33188e-05
-2.34022e-05
-2.34847e-05
-2.35663e-05
-2.3647e-05
-2.3727e-05
-2.38062e-05
-2.38847e-05
-2.39626e-05
-2.40399e-05
-2.41166e-05
-2.41929e-05
-2.42687e-05
-2.43441e-05
-2.44192e-05
-2.44939e-05
-2.45683e-05
-2.46426e-05
-2.47166e-05
-2.47905e-05
-2.48643e-05
-2.49381e-05
-2.50118e-05
-2.50855e-05
-2.51594e-05
-2.52333e-05
-2.53074e-05
-2.53817e-05
-2.54563e-05
-2.55312e-05
-2.56064e-05
-2.56819e-05
-2.5758e-05
-2.58345e-05
-2.59115e-05
-2.59892e-05
-2.60674e-05
-2.61464e-05
-2.62261e-05
-2.63066e-05
-2.6388e-05
-2.64703e-05
-2.65535e-05
-2.66378e-05
-2.67232e-05
-2.68097e-05
-2.68975e-05
-2.69865e-05
-2.70768e-05
-2.71685e-05
-2.72617e-05
-2.73564e-05
-2.74526e-05
-2.75504e-05
-2.76498e-05
-2.7751e-05
-2.78538e-05
-2.79584e-05
-2.80647e-05
-2.81728e-05
-2.82826e-05
-2.83942e-05
-2.85074e-05
-2.86223e-05
-2.87387e-05
-2.88566e-05
-2.89758e-05
-2.90962e-05
-2.92176e-05
-2.93398e-05
-2.94627e-05
-2.95859e-05
-2.97092e-05
-2.98324e-05
-2.9955e-05
-3.00768e-05
-3.01974e-05
-3.03166e-05
-3.04339e-05
-3.05489e-05
-3.06615e-05
-3.07712e-05
-3.08777e-05
-3.09809e-05
-3.10803e-05
-3.11759e-05
-3.12674e-05
-3.13547e-05
-3.14377e-05
-3.15165e-05
-3.1591e-05
-3.16612e-05
-3.1727e-05
-3.17887e-05
-3.18461e-05
-3.18995e-05
-3.19488e-05
-3.19943e-05
-3.20362e-05
-3.20744e-05
-3.21092e-05
-3.21408e-05
-3.21694e-05
-3.2195e-05
-3.22179e-05
-3.22382e-05
-3.2256e-05
-3.22716e-05
-3.2285e-05
-3.22964e-05
-3.2306e-05
-3.23138e-05
-3.23199e-05
-3.23245e-05
-3.23277e-05
-3.23295e-05
-3.23301e-05
-3.23295e-05
-3.23278e-05
-3.2325e-05
-3.23213e-05
-3.23167e-05
-3.23113e-05
-3.2305e-05
-3.2298e-05
-3.22902e-05
-3.22818e-05
-3.22727e-05
-3.2263e-05
-3.22528e-05
-3.22419e-05
-3.22305e-05
-3.22186e-05
-3.22062e-05
-3.21934e-05
-3.218e-05
-3.21662e-05
-3.21519e-05
-3.21373e-05
-3.21221e-05
-3.21066e-05
-3.20906e-05
-3.20742e-05
-3.20574e-05
-3.20402e-05
-3.20226e-05
-3.20046e-05
-3.19861e-05
-3.19673e-05
-3.1948e-05
-3.19283e-05
-3.19081e-05
-3.18876e-05
-3.18665e-05
-3.18451e-05
-3.18231e-05
-3.18007e-05
-3.17779e-05
-3.17545e-05
-3.17306e-05
-3.17062e-05
-3.16812e-05
-3.16558e-05
-3.16297e-05
-3.1603e-05
-3.15758e-05
-3.15479e-05
-3.15194e-05
-3.14902e-05
-3.14603e-05
-3.14296e-05
-3.13983e-05
-3.13662e-05
-3.13333e-05
-3.12995e-05
-3.12649e-05
-3.12294e-05
-3.11929e-05
-3.11554e-05
-3.11169e-05
-3.10773e-05
-3.10365e-05
-3.09945e-05
-3.09512e-05
-3.09066e-05
-3.08605e-05
-3.0813e-05
-3.07639e-05
-3.07131e-05
-3.06606e-05
-3.06062e-05
-3.05498e-05
-3.04913e-05
-3.04306e-05
-3.03675e-05
-3.03019e-05
-3.02336e-05
-3.01624e-05
-3.00882e-05
-3.00107e-05
-2.99297e-05
-2.98449e-05
-2.9756e-05
-2.96628e-05
-2.95648e-05
-2.94618e-05
-2.93533e-05
-2.92389e-05
-2.91181e-05
-2.89902e-05
-2.88549e-05
-2.87113e-05
-2.85588e-05
-2.83966e-05
-2.82238e-05
-2.80396e-05
-2.78429e-05
-2.76328e-05
-2.74081e-05
-2.71679e-05
-2.69109e-05
-2.66364e-05
-2.63433e-05
-2.60313e-05
-2.57e-05
-2.535e-05
-2.49825e-05
-2.45995e-05
-2.42043e-05
-2.38018e-05
-2.33978e-05
-2.3e-05
-2.26167e-05
-2.22569e-05
-2.19294e-05
-2.16417e-05
-2.13992e-05
-2.1205e-05
-2.10591e-05
-2.09593e-05
-2.09011e-05
-2.08789e-05
-2.08868e-05
-2.09186e-05
-2.09689e-05
-2.1033e-05
-2.11071e-05
-2.1188e-05
-2.12736e-05
-2.1362e-05
-2.1452e-05
-2.15428e-05
-2.16338e-05
-2.17247e-05
-2.18151e-05
-2.19049e-05
-2.19939e-05
-2.20822e-05
-2.21697e-05
-2.22563e-05
-2.2342e-05
-2.24269e-05
-2.25109e-05
-2.2594e-05
-2.26762e-05
-2.27577e-05
-2.28382e-05
-2.2918e-05
-2.2997e-05
-2.30752e-05
-2.31526e-05
-2.32293e-05
-2.33052e-05
-2.33805e-05
-2.34552e-05
-2.35292e-05
-2.36025e-05
-2.36754e-05
-2.37476e-05
-2.38194e-05
-2.38907e-05
-2.39615e-05
-2.40318e-05
-2.41018e-05
-2.41714e-05
-2.42407e-05
-2.43096e-05
-2.43783e-05
-2.44467e-05
-2.45149e-05
-2.45829e-05
-2.46507e-05
-2.47183e-05
-2.47859e-05
-2.48533e-05
-2.49208e-05
-2.49881e-05
-2.50555e-05
-2.51229e-05
-2.51904e-05
-2.5258e-05
-2.53256e-05
-2.53934e-05
-2.54614e-05
-2.55296e-05
-2.55981e-05
-2.56667e-05
-2.57357e-05
-2.5805e-05
-2.58747e-05
-2.59447e-05
-2.60151e-05
-2.6086e-05
-2.61574e-05
-2.62293e-05
-2.63017e-05
-2.63746e-05
-2.64482e-05
-2.65223e-05
-2.65972e-05
-2.66727e-05
-2.67489e-05
-2.68258e-05
-2.69035e-05
-2.6982e-05
-2.70613e-05
-2.71413e-05
-2.72223e-05
-2.7304e-05
-2.73866e-05
-2.74701e-05
-2.75545e-05
-2.76397e-05
-2.77257e-05
-2.78126e-05
-2.79003e-05
-2.79888e-05
-2.80781e-05
-2.81681e-05
-2.82587e-05
-2.83499e-05
-2.84417e-05
-2.85339e-05
-2.86265e-05
-2.87194e-05
-2.88124e-05
-2.89055e-05
-2.89985e-05
-2.90913e-05
-2.91838e-05
-2.92757e-05
-2.9367e-05
-2.94575e-05
-2.9547e-05
-2.96353e-05
-2.97224e-05
-2.9808e-05
-2.9892e-05
-2.99742e-05
-3.00544e-05
-3.01327e-05
-3.02087e-05
-3.02825e-05
-3.03538e-05
-3.04226e-05
-3.04889e-05
-3.05525e-05
-3.06135e-05
-3.06717e-05
-3.07271e-05
-3.07798e-05
-3.08297e-05
-3.08769e-05
-3.09214e-05
-3.09632e-05
-3.10024e-05
-3.10389e-05
-3.1073e-05
-3.11045e-05
-3.11337e-05
-3.11605e-05
-3.11851e-05
-3.12075e-05
-3.12278e-05
-3.12461e-05
-3.12625e-05
-3.12771e-05
-3.12899e-05
-3.1301e-05
-3.13104e-05
-3.13183e-05
-3.13247e-05
-3.13297e-05
-3.13333e-05
-3.13355e-05
-3.13365e-05
-3.13363e-05
-3.13349e-05
-3.13324e-05
-3.13288e-05
-3.13242e-05
-3.13186e-05
-3.13121e-05
-3.13046e-05
-3.12963e-05
-3.12871e-05
-3.1277e-05
-3.12662e-05
-3.12546e-05
-3.12422e-05
-3.12291e-05
-3.12153e-05
-3.12007e-05
-3.11855e-05
-3.11696e-05
-3.11531e-05
-3.11359e-05
-3.1118e-05
-3.10995e-05
-3.10804e-05
-3.10606e-05
-3.10402e-05
-3.10192e-05
-3.09975e-05
-3.09752e-05
-3.09523e-05
-3.09287e-05
-3.09044e-05
-3.08795e-05
-3.0854e-05
-3.08277e-05
-3.08008e-05
-3.07731e-05
-3.07448e-05
-3.07157e-05
-3.06858e-05
-3.06552e-05
-3.06238e-05
-3.05916e-05
-3.05585e-05
-3.05246e-05
-3.04898e-05
-3.0454e-05
-3.04174e-05
-3.03797e-05
-3.0341e-05
-3.03012e-05
-3.02604e-05
-3.02184e-05
-3.01752e-05
-3.01307e-05
-3.0085e-05
-3.00379e-05
-2.99894e-05
-2.99394e-05
-2.98878e-05
-2.98346e-05
-2.97797e-05
-2.9723e-05
-2.96644e-05
-2.96039e-05
-2.95412e-05
-2.94763e-05
-2.9409e-05
-2.93393e-05
-2.9267e-05
-2.91919e-05
-2.91139e-05
-2.90327e-05
-2.89483e-05
-2.88603e-05
-2.87686e-05
-2.86729e-05
-2.8573e-05
-2.84686e-05
-2.83593e-05
-2.8245e-05
-2.81252e-05
-2.79997e-05
-2.78679e-05
-2.77297e-05
-2.75845e-05
-2.7432e-05
-2.72717e-05
-2.71033e-05
-2.69265e-05
-2.67409e-05
-2.65462e-05
-2.63423e-05
-2.61292e-05
-2.59069e-05
-2.56758e-05
-2.54364e-05
-2.51897e-05
-2.49367e-05
-2.46792e-05
-2.4419e-05
-2.41585e-05
-2.39005e-05
-2.3648e-05
-2.34044e-05
-2.31727e-05
-2.29563e-05
-2.27579e-05
-2.258e-05
-2.24242e-05
-2.22914e-05
-2.2182e-05
-2.20954e-05
-2.20305e-05
-2.19856e-05
-2.19589e-05
-2.19483e-05
-2.19516e-05
-2.19669e-05
-2.19921e-05
-2.20256e-05
-2.2066e-05
-2.21118e-05
-2.21621e-05
-2.2216e-05
-2.22728e-05
-2.23318e-05
-2.23926e-05
-2.24548e-05
-2.25181e-05
-2.25822e-05
-2.2647e-05
-2.27122e-05
-2.27779e-05
-2.28437e-05
-2.29097e-05
-2.29758e-05
-2.30418e-05
-2.31078e-05
-2.31738e-05
-2.32396e-05
-2.33052e-05
-2.33707e-05
-2.3436e-05
-2.3501e-05
-2.35659e-05
-2.36305e-05
-2.36949e-05
-2.3759e-05
-2.38229e-05
-2.38866e-05
-2.39501e-05
-2.40133e-05
-2.40763e-05
-2.41392e-05
-2.42018e-05
-2.42642e-05
-2.43265e-05
-2.43886e-05
-2.44506e-05
-2.45124e-05
-2.45741e-05
-2.46358e-05
-2.46973e-05
-2.47587e-05
-2.48201e-05
-2.48814e-05
-2.49428e-05
-2.5004e-05
-2.50653e-05
-2.51267e-05
-2.5188e-05
-2.52494e-05
-2.53109e-05
-2.53725e-05
-2.54341e-05
-2.54959e-05
-2.55578e-05
-2.56199e-05
-2.56821e-05
-2.57445e-05
-2.58071e-05
-2.58699e-05
-2.59329e-05
-2.59962e-05
-2.60598e-05
-2.61236e-05
-2.61877e-05
-2.62521e-05
-2.63168e-05
-2.63818e-05
-2.64471e-05
-2.65128e-05
-2.65789e-05
-2.66453e-05
-2.6712e-05
-2.67792e-05
-2.68467e-05
-2.69146e-05
-2.69828e-05
-2.70515e-05
-2.71205e-05
-2.71899e-05
-2.72596e-05
-2.73297e-05
-2.74001e-05
-2.74708e-05
-2.75418e-05
-2.76131e-05
-2.76846e-05
-2.77563e-05
-2.78282e-05
-2.79003e-05
-2.79724e-05
-2.80446e-05
-2.81168e-05
-2.8189e-05
-2.8261e-05
-2.83329e-05
-2.84046e-05
-2.84759e-05
-2.85469e-05
-2.86175e-05
-2.86875e-05
-2.87569e-05
-2.88257e-05
-2.88938e-05
-2.8961e-05
-2.90272e-05
-2.90925e-05
-2.91568e-05
-2.92199e-05
-2.92817e-05
-2.93423e-05
-2.94016e-05
-2.94594e-05
-2.95157e-05
-2.95705e-05
-2.96237e-05
-2.96752e-05
-2.97251e-05
-2.97733e-05
-2.98197e-05
-2.98643e-05
-2.99072e-05
-2.99483e-05
-2.99875e-05
-3.00249e-05
-3.00606e-05
-3.00944e-05
-3.01264e-05
-3.01566e-05
-3.01851e-05
-3.02118e-05
-3.02368e-05
-3.02601e-05
-3.02817e-05
-3.03017e-05
-3.03201e-05
-3.03369e-05
-3.03521e-05
-3.03659e-05
-3.03782e-05
-3.03891e-05
-3.03986e-05
-3.04067e-05
-3.04135e-05
-3.0419e-05
-3.04233e-05
-3.04263e-05
-3.04282e-05
-3.04289e-05
-3.04285e-05
-3.0427e-05
-3.04244e-05
-3.04208e-05
-3.04162e-05
-3.04106e-05
-3.04041e-05
-3.03966e-05
-3.03882e-05
-3.03789e-05
-3.03687e-05
-3.03576e-05
-3.03458e-05
-3.0333e-05
-3.03195e-05
-3.03052e-05
-3.029e-05
-3.02741e-05
-3.02574e-05
-3.024e-05
-3.02218e-05
-3.02028e-05
-3.01831e-05
-3.01626e-05
-3.01414e-05
-3.01194e-05
-3.00967e-05
-3.00732e-05
-3.0049e-05
-3.0024e-05
-2.99983e-05
-2.99717e-05
-2.99445e-05
-2.99164e-05
-2.98875e-05
-2.98578e-05
-2.98273e-05
-2.97959e-05
-2.97637e-05
-2.97306e-05
-2.96967e-05
-2.96618e-05
-2.9626e-05
-2.95892e-05
-2.95515e-05
-2.95128e-05
-2.9473e-05
-2.94322e-05
-2.93903e-05
-2.93472e-05
-2.9303e-05
-2.92576e-05
-2.92109e-05
-2.9163e-05
-2.91137e-05
-2.9063e-05
-2.90109e-05
-2.89573e-05
-2.89021e-05
-2.88454e-05
-2.87869e-05
-2.87267e-05
-2.86647e-05
-2.86008e-05
-2.85349e-05
-2.84669e-05
-2.83968e-05
-2.83244e-05
-2.82496e-05
-2.81724e-05
-2.80927e-05
-2.80102e-05
-2.7925e-05
-2.78368e-05
-2.77456e-05
-2.76513e-05
-2.75536e-05
-2.74526e-05
-2.7348e-05
-2.72398e-05
-2.71278e-05
-2.7012e-05
-2.68923e-05
-2.67686e-05
-2.66409e-05
-2.65091e-05
-2.63734e-05
-2.62338e-05
-2.60904e-05
-2.59434e-05
-2.57932e-05
-2.564e-05
-2.54842e-05
-2.53265e-05
-2.51674e-05
-2.50077e-05
-2.48481e-05
-2.46895e-05
-2.45331e-05
-2.43796e-05
-2.42303e-05
-2.40862e-05
-2.39483e-05
-2.38177e-05
-2.36952e-05
-2.35816e-05
-2.34776e-05
-2.33835e-05
-2.32998e-05
-2.32265e-05
-2.31636e-05
-2.31109e-05
-2.30681e-05
-2.30346e-05
-2.301e-05
-2.29936e-05
-2.29849e-05
-2.29831e-05
-2.29877e-05
-2.2998e-05
-2.30135e-05
-2.30335e-05
-2.30576e-05
-2.30853e-05
-2.31163e-05
-2.315e-05
-2.31863e-05
-2.32247e-05
-2.32651e-05
-2.33071e-05
-2.33507e-05
-2.33956e-05
-2.34416e-05
-2.34887e-05
-2.35366e-05
-2.35854e-05
-2.36348e-05
-2.36849e-05
-2.37355e-05
-2.37866e-05
-2.3838e-05
-2.38899e-05
-2.39421e-05
-2.39945e-05
-2.40472e-05
-2.41001e-05
-2.41532e-05
-2.42065e-05
-2.42599e-05
-2.43135e-05
-2.43671e-05
-2.44209e-05
-2.44748e-05
-2.45287e-05
-2.45828e-05
-2.46369e-05
-2.46911e-05
-2.47453e-05
-2.47996e-05
-2.4854e-05
-2.49085e-05
-2.4963e-05
-2.50176e-05
-2.50722e-05
-2.5127e-05
-2.51818e-05
-2.52367e-05
-2.52917e-05
-2.53467e-05
-2.54019e-05
-2.54572e-05
-2.55126e-05
-2.55681e-05
-2.56237e-05
-2.56794e-05
-2.57353e-05
-2.57913e-05
-2.58474e-05
-2.59037e-05
-2.59601e-05
-2.60166e-05
-2.60733e-05
-2.61302e-05
-2.61872e-05
-2.62444e-05
-2.63017e-05
-2.63592e-05
-2.64168e-05
-2.64746e-05
-2.65326e-05
-2.65907e-05
-2.6649e-05
-2.67074e-05
-2.67659e-05
-2.68246e-05
-2.68834e-05
-2.69423e-05
-2.70013e-05
-2.70604e-05
-2.71196e-05
-2.71788e-05
-2.72381e-05
-2.72974e-05
-2.73566e-05
-2.74159e-05
-2.74751e-05
-2.75343e-05
-2.75933e-05
-2.76522e-05
-2.77109e-05
-2.77695e-05
-2.78278e-05
-2.78858e-05
-2.79436e-05
-2.8001e-05
-2.8058e-05
-2.81146e-05
-2.81707e-05
-2.82263e-05
-2.82813e-05
-2.83358e-05
-2.83896e-05
-2.84427e-05
-2.84951e-05
-2.85467e-05
-2.85975e-05
-2.86474e-05
-2.86965e-05
-2.87446e-05
-2.87917e-05
-2.88378e-05
-2.88828e-05
-2.89267e-05
-2.89696e-05
-2.90113e-05
-2.90518e-05
-2.90911e-05
-2.91292e-05
-2.9166e-05
-2.92016e-05
-2.92359e-05
-2.9269e-05
-2.93007e-05
-2.93312e-05
-2.93603e-05
-2.93882e-05
-2.94147e-05
-2.944e-05
-2.94639e-05
-2.94866e-05
-2.95079e-05
-2.9528e-05
-2.95468e-05
-2.95644e-05
-2.95807e-05
-2.95958e-05
-2.96097e-05
-2.96224e-05
-2.9634e-05
-2.96443e-05
-2.96536e-05
-2.96617e-05
-2.96687e-05
-2.96746e-05
-2.96795e-05
-2.96833e-05
-2.96861e-05
-2.96878e-05
-2.96886e-05
-2.96884e-05
-2.96873e-05
-2.96852e-05
-2.96822e-05
-2.96783e-05
-2.96735e-05
-2.96678e-05
-2.96613e-05
-2.96539e-05
-2.96457e-05
-2.96367e-05
-2.96268e-05
-2.96162e-05
-2.96048e-05
-2.95926e-05
-2.95797e-05
-2.9566e-05
-2.95515e-05
-2.95363e-05
-2.95204e-05
-2.95038e-05
-2.94864e-05
-2.94683e-05
-2.94495e-05
-2.943e-05
-2.94098e-05
-2.93889e-05
-2.93672e-05
-2.93449e-05
-2.93219e-05
-2.92981e-05
-2.92736e-05
-2.92485e-05
-2.92226e-05
-2.9196e-05
-2.91687e-05
-2.91406e-05
-2.91118e-05
-2.90823e-05
-2.9052e-05
-2.9021e-05
-2.89892e-05
-2.89566e-05
-2.89232e-05
-2.8889e-05
-2.8854e-05
-2.88182e-05
-2.87815e-05
-2.8744e-05
-2.87056e-05
-2.86663e-05
-2.86261e-05
-2.8585e-05
-2.85429e-05
-2.84998e-05
-2.84558e-05
-2.84107e-05
-2.83646e-05
-2.83174e-05
-2.82691e-05
-2.82198e-05
-2.81692e-05
-2.81175e-05
-2.80646e-05
-2.80105e-05
-2.79551e-05
-2.78984e-05
-2.78403e-05
-2.77809e-05
-2.77202e-05
-2.7658e-05
-2.75943e-05
-2.75292e-05
-2.74625e-05
-2.73943e-05
-2.73246e-05
-2.72532e-05
-2.71803e-05
-2.71058e-05
-2.70296e-05
-2.69518e-05
-2.68724e-05
-2.67913e-05
-2.67087e-05
-2.66245e-05
-2.65388e-05
-2.64516e-05
-2.63631e-05
-2.62732e-05
-2.61822e-05
-2.609e-05
-2.59969e-05
-2.5903e-05
-2.58085e-05
-2.57136e-05
-2.56185e-05
-2.55235e-05
-2.54288e-05
-2.53347e-05
-2.52415e-05
-2.51494e-05
-2.50589e-05
-2.49703e-05
-2.48838e-05
-2.47998e-05
-2.47187e-05
-2.46406e-05
-2.4566e-05
-2.4495e-05
-2.4428e-05
-2.4365e-05
-2.43063e-05
-2.4252e-05
-2.42023e-05
-2.41571e-05
-2.41165e-05
-2.40806e-05
-2.40491e-05
-2.40222e-05
-2.39996e-05
-2.39813e-05
-2.39671e-05
-2.39568e-05
-2.39504e-05
-2.39475e-05
-2.39481e-05
-2.39519e-05
-2.39587e-05
-2.39685e-05
-2.39809e-05
-2.39958e-05
-2.40131e-05
-2.40326e-05
-2.40541e-05
-2.40776e-05
-2.41028e-05
-2.41296e-05
-2.4158e-05
-2.41878e-05
-2.42189e-05
-2.42512e-05
-2.42847e-05
-2.43192e-05
-2.43547e-05
-2.43911e-05
-2.44283e-05
-2.44664e-05
-2.45051e-05
-2.45445e-05
-2.45846e-05
-2.46253e-05
-2.46665e-05
-2.47082e-05
-2.47504e-05
-2.47931e-05
-2.48362e-05
-2.48797e-05
-2.49236e-05
-2.49678e-05
-2.50124e-05
-2.50573e-05
-2.51025e-05
-2.5148e-05
-2.51938e-05
-2.52399e-05
-2.52862e-05
-2.53327e-05
-2.53795e-05
-2.54265e-05
-2.54738e-05
-2.55212e-05
-2.55689e-05
-2.56167e-05
-2.56648e-05
-2.5713e-05
-2.57614e-05
-2.581e-05
-2.58587e-05
-2.59076e-05
-2.59567e-05
-2.60059e-05
-2.60553e-05
-2.61049e-05
-2.61545e-05
-2.62043e-05
-2.62542e-05
-2.63043e-05
-2.63545e-05
-2.64047e-05
-2.64551e-05
-2.65055e-05
-2.65561e-05
-2.66067e-05
-2.66574e-05
-2.67081e-05
-2.67588e-05
-2.68096e-05
-2.68604e-05
-2.69112e-05
-2.6962e-05
-2.70127e-05
-2.70634e-05
-2.7114e-05
-2.71646e-05
-2.7215e-05
-2.72653e-05
-2.73155e-05
-2.73655e-05
-2.74153e-05
-2.74649e-05
-2.75143e-05
-2.75633e-05
-2.76121e-05
-2.76606e-05
-2.77087e-05
-2.77565e-05
-2.78038e-05
-2.78507e-05
-2.78972e-05
-2.79431e-05
-2.79886e-05
-2.80335e-05
-2.80778e-05
-2.81215e-05
-2.81646e-05
-2.8207e-05
-2.82487e-05
-2.82897e-05
-2.83299e-05
-2.83694e-05
-2.84081e-05
-2.84459e-05
-2.84829e-05
-2.85191e-05
-2.85544e-05
-2.85887e-05
-2.86222e-05
-2.86547e-05
-2.86863e-05
-2.87169e-05
-2.87465e-05
-2.87752e-05
-2.88028e-05
-2.88295e-05
-2.88551e-05
-2.88797e-05
-2.89033e-05
-2.89259e-05
-2.89475e-05
-2.89681e-05
-2.89876e-05
-2.90062e-05
-2.90237e-05
-2.90402e-05
-2.90557e-05
-2.90703e-05
-2.90838e-05
-2.90964e-05
-2.9108e-05
-2.91187e-05
-2.91284e-05
-2.91372e-05
-2.9145e-05
-2.9152e-05
-2.9158e-05
-2.91631e-05
-2.91674e-05
-2.91708e-05
-2.91734e-05
-2.91751e-05
-2.9176e-05
-2.9176e-05
-2.91753e-05
-2.91738e-05
-2.91714e-05
-2.91684e-05
-2.91645e-05
-2.91599e-05
-2.91546e-05
-2.91486e-05
-2.91418e-05
-2.91344e-05
-2.91262e-05
-2.91174e-05
-2.91078e-05
-2.90977e-05
-2.90868e-05
-2.90753e-05
-2.90632e-05
-2.90504e-05
-2.9037e-05
-2.9023e-05
-2.90084e-05
-2.89931e-05
-2.89773e-05
-2.89608e-05
-2.89438e-05
-2.89261e-05
-2.89079e-05
-2.88891e-05
-2.88697e-05
-2.88498e-05
-2.88293e-05
-2.88082e-05
-2.87865e-05
-2.87643e-05
-2.87415e-05
-2.87181e-05
-2.86941e-05
-2.86696e-05
-2.86446e-05
-2.86189e-05
-2.85927e-05
-2.8566e-05
-2.85386e-05
-2.85107e-05
-2.84822e-05
-2.84531e-05
-2.84235e-05
-2.83932e-05
-2.83624e-05
-2.8331e-05
-2.8299e-05
-2.82664e-05
-2.82332e-05
-2.81993e-05
-2.81649e-05
-2.81298e-05
-2.80942e-05
-2.80578e-05
-2.80209e-05
-2.79833e-05
-2.79451e-05
-2.79062e-05
-2.78666e-05
-2.78264e-05
-2.77856e-05
-2.7744e-05
-2.77018e-05
-2.76589e-05
-2.76153e-05
-2.7571e-05
-2.7526e-05
-2.74803e-05
-2.74339e-05
-2.73868e-05
-2.7339e-05
-2.72905e-05
-2.72413e-05
-2.71914e-05
-2.71409e-05
-2.70896e-05
-2.70377e-05
-2.69852e-05
-2.6932e-05
-2.68781e-05
-2.68237e-05
-2.67687e-05
-2.67131e-05
-2.6657e-05
-2.66004e-05
-2.65434e-05
-2.6486e-05
-2.64282e-05
-2.63701e-05
-2.63117e-05
-2.62532e-05
-2.61945e-05
-2.61358e-05
-2.60771e-05
-2.60185e-05
-2.59601e-05
-2.5902e-05
-2.58443e-05
-2.5787e-05
-2.57304e-05
-2.56744e-05
-2.56192e-05
-2.55648e-05
-2.55115e-05
-2.54594e-05
-2.54084e-05
-2.53588e-05
-2.53106e-05
-2.5264e-05
-2.52189e-05
-2.51757e-05
-2.51342e-05
-2.50946e-05
-2.5057e-05
-2.50214e-05
-2.49879e-05
-2.49565e-05
-2.49273e-05
-2.49003e-05
-2.48755e-05
-2.4853e-05
-2.48327e-05
-2.48146e-05
-2.47988e-05
-2.47852e-05
-2.47738e-05
-2.47645e-05
-2.47573e-05
-2.47522e-05
-2.47491e-05
-2.4748e-05
-2.47488e-05
-2.47515e-05
-2.4756e-05
-2.47622e-05
-2.47702e-05
-2.47797e-05
-2.47909e-05
-2.48035e-05
-2.48176e-05
-2.48331e-05
-2.485e-05
-2.48681e-05
-2.48874e-05
-2.4908e-05
-2.49296e-05
-2.49523e-05
-2.49761e-05
-2.50008e-05
-2.50265e-05
-2.50531e-05
-2.50805e-05
-2.51088e-05
-2.51378e-05
-2.51676e-05
-2.51981e-05
-2.52293e-05
-2.52611e-05
-2.52936e-05
-2.53267e-05
-2.53603e-05
-2.53945e-05
-2.54292e-05
-2.54645e-05
-2.55002e-05
-2.55363e-05
-2.5573e-05
-2.561e-05
-2.56475e-05
-2.56853e-05
-2.57235e-05
-2.57621e-05
-2.5801e-05
-2.58403e-05
-2.58799e-05
-2.59198e-05
-2.596e-05
-2.60004e-05
-2.60412e-05
-2.60822e-05
-2.61234e-05
-2.61649e-05
-2.62066e-05
-2.62485e-05
-2.62906e-05
-2.63329e-05
-2.63753e-05
-2.6418e-05
-2.64607e-05
-2.65037e-05
-2.65467e-05
-2.65899e-05
-2.66331e-05
-2.66765e-05
-2.67199e-05
-2.67633e-05
-2.68069e-05
-2.68504e-05
-2.6894e-05
-2.69375e-05
-2.6981e-05
-2.70245e-05
-2.7068e-05
-2.71113e-05
-2.71546e-05
-2.71978e-05
-2.72408e-05
-2.72837e-05
-2.73264e-05
-2.73689e-05
-2.74112e-05
-2.74533e-05
-2.74951e-05
-2.75366e-05
-2.75779e-05
-2.76188e-05
-2.76593e-05
-2.76995e-05
-2.77393e-05
-2.77787e-05
-2.78177e-05
-2.78561e-05
-2.78941e-05
-2.79316e-05
-2.79686e-05
-2.8005e-05
-2.80408e-05
-2.80761e-05
-2.81107e-05
-2.81447e-05
-2.81781e-05
-2.82108e-05
-2.82428e-05
-2.82741e-05
-2.83047e-05
-2.83345e-05
-2.83636e-05
-2.8392e-05
-2.84196e-05
-2.84464e-05
-2.84724e-05
-2.84976e-05
-2.8522e-05
-2.85456e-05
-2.85684e-05
-2.85904e-05
-2.86115e-05
-2.86318e-05
-2.86513e-05
-2.86699e-05
-2.86877e-05
-2.87047e-05
-2.87209e-05
-2.87362e-05
-2.87507e-05
-2.87643e-05
-2.87772e-05
-2.87892e-05
-2.88005e-05
-2.88109e-05
-2.88206e-05
-2.88294e-05
-2.88375e-05
-2.88448e-05
-2.88514e-05
-2.88572e-05
-2.88622e-05
-2.88666e-05

