-55
-55
-55
-55
-55
-55
-55
-55
-55
-55
-55
-55
-55
-55
-55
-55
-55
-55
-55
-55
-55
-55
-55
-55
-55
-55
-55
-55
-55
-55
-55
-55
-55
-55
-55
-55
-55
-55
-55
-55
-55
-55
-55
-55
-55
-55
-55
-55
-55
-55
-55
-55
-55
-55
-55
-55
-55
-55
-55
-55
-55
-55
-55
-55
-55
-55
-55
-55
-55
-55
-55
-55
-55
-55
-55
-55
-55
-55
-55
-55
-55
-55
-55
-55
-55
-55
-55
-55
-55
-55
-55
-55
-55
-55
-55
-55
-55
-55
-55
-55
-55
-55
-55
-55
-55
-55
-55
-55
-55
-55
-55
-55
-55
-55
-55
-55
-55
-55
-55
-55
-55
-55
-55
-55
-55
-55
-55
-55
-55
-55
-55
-55
-55
-55
-55
-55
-55
-55
-55
-55
-55
-55
-55
-55
-55
-55
-55
-55
-55
-55
-55
-55
-55
-55
-55
-55
-55
-55
-55
-55
-55
-55
-55
-55
-55
-55
-55
-55
-55
-55
-55
-55
-55
-55
-55
-55
-55
-55
-55
-55
-55
-55
-55
-55
-55
-55
-55
-55
-55
-55
-55
-55
-55
-55
-55
-55
-55
-55
-55
-55
-55
-55
-55
-55
-55
-55
-55
-55
-55
-55
-55
-55
-55
-55
-55
-55
-55
-55
-55
-55
-55
-55
-55
-55
-55
-55
-55
-55
-55
-55
-55
-55
-55
-55
-55
-55
-55
-55
-55
-55
-55
-55
-55
-55
-55
-55
-55
-55
-55
-55
-55
-55
-55
-55
-55
-55
-55
-55
-55
-55
-55
-55
-55
-55
-55
-55
-55
-55
-55
-55
-55
-55
-55
-55
-55
-55
-55
-55
-55
-55
-55
-55
-55
-55
-55
-55
-55
-55
-55
-55
-55
-55
-55
-55
-55
-55
-55
-55
-55
-55
-55
-55
-55
-55
-55
-55
-55
-55
-55
-55
-55
-55
-55
-55
-55
-55
-55
-55
-55
-55
-55
-55
-55
-55
-55
-55
-55
-55
-55
-55
-55
-55
-55
-55
-55
-55
-55
-55
-55
-55
-55
-55
-55
-55
-55
-55
-55
-55
-55
-55
-55
-55
-55
-55
-55
-55
-55
-55
-55
-55
-55
-55
-55
-55
-55
-55
-55
-55
-55
-55
-55
-55
-55
-55
-55
-55
-55
-55
-55
-55
-55
-55
-55
-55
-55
-55
-55
-55
-55
-55
-55
-55
-55
-55
-55
-55
-55
-55
-55
-55
-55
-55
-55
-55
-55
-55
-55
-55
-55
-55
-55
-55
-55
-55
-55
-55
-55
-55
-55
-55
-55
-55
-55
-55
-55
-55
-55
-55
-55
-55
-55
-55
-55
-55
-55
-55
-55
-55
-55
-55
-55
-55
-55
-55
-55
-55
-55
-55
-55
-55
-55
-55
-55
-55
-55
-55
-55
-55
-55
-55
-55
-55
-55
-55
-55
-55
-55
-55
-55
-55
-55
-55
-55
-55
-55
-55
-55
-55
-55
-55
-55
-55
-55
-55
-55
-55
-55
-55
-55
-55
-55
-55
-55
-55
-55
-55
-55
-55
-55
-55
-55
-55
-55
-55
-55
-55
-55
-55
-55
-55
-55
-55
-55
-55
-55
-55
-55
-55
-55
-55
-55
-55
-55
-55
-55
-55
-55
-55
-55
-55
-55
-55
-55
-55
-55
-55
-55
-55
-55
-55
-55
-55
-55
-55
-55
-55
-55
-55
-55
-55
-55
-55
-55
-55
-55
-55
-55
-55
-55
-55
-55
-55
-55
-55
-55
-55
-55
-55
-55
-55
-55
-55
-55
-55
-55
-55
-55
-55
-55
-55
-55
-55
-55
-55
-55
-55
-55
-55
-55
-55
-55
-55
-55
-55
-55
-55
-55
-55
-55
-55
-55
-55
-55
-55
-55
-55
-55
-55
-55
-55
-55
-55
-55
-55
-55
-55
-55
-55
-55
-55
-55
-55
-55
-55
-55
-55
-55
-55
-55
-55
-55
-55
-55
-55
-55
-55
-55
-55
-55
-55
-55
-55
-55
-55
-55
-55
-55
-55
-55
-55
-55
-55
-55
-55
-55
-55
-55
-55
-55
-55
-55
-55
-55
-55
-55
-55
-55
-55
-55
-55
-55
-55
-55
-55
-55
-55
-55
-55
-55
-55
-55
-55
-55
-55
-55
-55
-55
-55
-55
-55
-55
-55
-55
-55
-55
-55
-55
-55
-55
-55
-55
-55
-55
-55
-55
-55
-55
-55
-55
-55
-55
-55
-55
-55
-55
-55
-55
-55
-55
-55
-55
-55
-55
-55
-55
-55
-55
-55
-55
-55
-55
-55
-55
-55
-55
-55
-55
-55
-55
-55
-55
-55
-55
-55
-55
-55
-55
-55
-55
-55
-55
-55
-55
-55
-55
-55
-55
-55
-55
-55
-55
-55
-55
-55
-55
-55
-55
-55
-55
-55
-55
-55
-55
-55
-55
-55
-55
-55
-55
-55
-55
-55
-55
-55
-55
-55
-55
-55
-55
-55
-55
-55
-55
-55
-55
-55
-55
-55
-55
-55
-55
-55
-54.9996
-54.9985
-54.9963
-54.9929
-54.9882
-54.9821
-54.9747
-54.9656
-54.9548
-54.942
-54.9267
-54.9088
-54.8882
-54.8649
-54.8392
-54.8112
-54.7811
-54.7491
-54.7155
-54.6804
-54.644
-54.6064
-54.5678
-54.5284
-54.4882
-54.4473
-54.4059
-54.3639
-54.3216
-54.2788
-54.2358
-54.1924
-54.1487
-54.1047
-54.0605
-54.0159
-53.971
-53.9257
-53.88
-53.8338
-53.787
-53.7395
-53.6914
-53.6423
-53.5922
-53.5409
-53.4883
-53.434
-53.3779
-53.3196
-53.2587
-53.1947
-53.1272
-53.0554
-52.9784
-52.895
-52.8037
-52.7023
-52.5878
-52.4557
-52.299
-52.1068
-51.8617
-51.5407
-51.1289
-50.6395
-50.1063
-49.5605
-49.0211
-48.4967
-47.9902
-47.5019
-47.0312
-46.5769
-46.1376
-45.7121
-45.2987
-44.896
-44.5024
-44.1161
-43.7354
-43.3584
-42.9832
-42.6076
-42.2293
-41.8461
-41.4555
-41.0551
-40.6418
-40.2122
-39.7625
-39.2881
-38.7835
-38.2422
-37.6563
-37.0161
-36.3093
-35.5202
-34.6286
-33.6074
-32.42
-31.015
-29.3185
-27.2204
-24.5497
-21.0313
-16.2086
-9.32589
0.70791
14.5059
29.8206
42.375
50.1101
53.8753
55.324
55.6315
55.3956
54.8756
54.1767
53.3421
52.3903
51.3306
50.1681
48.9066
47.5523
46.1111
44.5878
42.9871
41.3134
39.5709
37.7642
35.8977
33.976
32.0038
29.9862
27.9285
25.8364
23.7162
21.5749
19.4203
17.2618
15.1101
12.9783
10.8815
8.83681
6.86157
4.97183
3.18016
1.49431
-0.0830563
-1.55344
-2.92097
-4.19044
-5.36501
-6.44454
-7.42889
-8.33195
-9.18564
-10.0225
-10.8623
-11.7127
-12.5758
-13.4525
-14.3443
-15.2542
-16.1859
-17.1448
-18.1366
-19.168
-20.2466
-21.3802
-22.5773
-23.8464
-25.1953
-26.6311
-28.1582
-29.7773
-31.4831
-33.2628
-35.0936
-36.9434
-38.7728
-40.5416
-42.2162
-43.7745
-45.2103
-46.5251
-47.7246
-48.8157
-49.8054
-50.7002
-51.5058
-52.2281
-52.8726
-53.445
-53.9511
-54.3967
-54.7875
-55.129
-55.4265
-55.6851
-55.9093
-56.1033
-56.2713
-56.4169
-56.5435
-56.6541
-56.7512
-56.8369
-56.9132
-56.9817
-57.0436
-57.1003
-57.1527
-57.2016
-57.248
-57.2924
-57.3355
-57.3778
-57.4199
-57.4622
-57.5051
-57.5489
-57.5938
-57.64
-57.6874
-57.7359
-57.7849
-57.834
-57.8827
-57.9302
-57.9761
-58.0201
-58.0617
-58.101
-58.1378
-58.1719
-58.2036
-58.2327
-58.2593
-58.2835
-58.3055
-58.3252
-58.3429
-58.3587
-58.3726
-58.3849
-58.3955
-58.4048
-58.4127
-58.4195
-58.4252
-58.4298
-58.4337
-58.4367
-58.439
-58.4407
-58.4418
-58.4425
-58.4426
-58.4424
-58.4418
-58.4409
-58.4397
-58.4383
-58.4366
-58.4347
-58.4327
-58.4305
-58.4281
-58.4256
-58.423
-58.4203
-58.4175
-58.4146
-58.4116
-58.4085
-58.4053
-58.4019
-58.3985
-58.3949
-58.3911
-58.3873
-58.3832
-58.3791
-58.3748
-58.3703
-58.3657
-58.361
-58.3561
-58.351
-58.3458
-58.3405
-58.3351
-58.3295
-58.3238
-58.318
-58.312
-58.306
-58.2998
-58.2935
-58.2871
-58.2806
-58.274
-58.2673
-58.2606
-58.2537
-58.2467
-58.2397
-58.2326
-58.2254
-58.2181
-58.2108
-58.2033
-58.1958
-58.1883
-58.1806
-58.1729
-58.1651
-58.1573
-58.1494
-58.1414
-58.1334
-58.1253
-58.1171
-58.1089
-58.1006
-58.0923
-58.0839
-58.0755
-58.067
-58.0584
-58.0498
-58.0411
-58.0324
-58.0236
-58.0147
-58.0058
-57.9969
-57.9879
-57.9788
-57.9697
-57.9605
-57.9513
-57.9421
-57.9327
-57.9234
-57.914
-57.9045
-57.895
-57.8854
-57.8758
-57.8662
-57.8565
-57.8467
-57.8369
-57.8271
-57.8172
-57.8073
-57.7973
-57.7873
-57.7772
-57.7671
-57.7569
-57.7467
-57.7365
-57.7262
-57.7159
-57.7056
-57.6951
-57.6847
-57.6742
-57.6637
-57.6531
-57.6425
-57.6318
-57.6211
-57.6104
-57.5996
-57.5888
-57.5779
-57.567
-57.556
-57.545
-57.534
-57.5229
-57.5117
-57.5005
-57.4893
-57.478
-57.4666
-57.4552
-57.4437
-57.4321
-57.4205
-57.4088
-57.397
-57.3851
-57.3731
-57.3609
-57.3487
-57.3362
-57.3236
-57.3108
-57.2977
-57.2843
-57.2705
-57.2564
-57.2419
-57.2269
-57.2115
-57.1958
-57.1798
-57.1635
-57.1471
-57.1307
-57.1142
-57.0978
-57.0815
-57.0655
-57.0496
-57.0341
-57.0187
-57.0037
-56.989
-56.9746
-56.9605
-56.9467
-56.9332
-56.92
-56.907
-56.8943
-56.8818
-56.8695
-56.8574
-56.8455
-56.8337
-56.822
-56.8105
-56.799
-56.7876
-56.7763
-56.765
-56.7537
-56.7425
-56.7313
-56.7201
-56.7089
-56.6976
-56.6864
-56.6751
-56.6639
-56.6526
-56.6413
-56.6299
-56.6186
-56.6072
-56.5958
-56.5843
-56.5729
-56.5614
-56.5499
-56.5384
-56.5269
-56.5154
-56.5038
-56.4923
-56.4807
-56.4692
-56.4576
-56.4461
-56.4345
-56.423
-56.4114
-56.3999
-56.3884
-56.3769
-56.3654
-56.354
-56.3425
-56.3311
-56.3197
-56.3083
-56.297
-56.2856
-56.2743
-56.263
-56.2517
-56.2405
-56.2293
-56.2181
-56.2068
-56.1957
-56.1845
-56.1733
-56.1621
-56.1509
-56.1397
-56.1285
-56.1173
-56.106
-56.0948
-56.0835
-56.0722
-56.0608
-56.0495
-56.0381
-56.0267
-56.0152
-56.0037
-55.9922
-55.9807
-55.9691
-55.9575
-55.9459
-55.9342
-55.9225
-55.9108
-55.899
-55.8872
-55.8754
-55.8636
-55.8517
-55.8399
-55.828
-55.816
-55.8041
-55.7921
-55.7802
-55.7682
-55.7561
-55.7441
-55.7321
-55.72
-55.708
-55.6959
-55.6838
-55.6717
-55.6596
-55.6475
-55.6354
-55.6233
-55.6111
-55.599
-55.5869
-55.5747
-55.5626
-55.5504
-55.5383
-55.5261
-55.514
-55.5018
-55.4896
-55.4775
-55.4653
-55.4532
-55.441
-55.4288
-55.4167
-55.4045
-55.3924
-55.3802
-55.3681
-55.3559
-55.3438
-55.3317
-55.3195
-55.3074
-55.2953
-55.2831
-55.271
-55.2589
-55.2468
-55.2347
-55.2226
-55.2105
-55.1984
-55.1863
-55.1742
-55.1621
-55.1501
-55.138
-55.1259
-55.1139
-55.1018
-55.0898
-55.0778
-55.0658
-55.0537
-55.0417
-55.0297
-55.0177
-55.0057
-54.9937
-54.9818
-54.9698
-54.9578
-54.9459
-54.9339
-54.922
-54.9101
-54.8982
-54.8862
-54.8743
-54.8624
-54.8505
-54.8387
-54.8268
-54.8149
-54.8031
-54.7912
-54.7794
-54.7676
-54.7558
-54.7439
-54.7321
-54.7204
-54.7086
-54.6968
-54.685
-54.6733
-54.6616
-54.6498
-54.6381
-54.6264
-54.6147
-54.603
-54.5913
-54.5796
-54.568
-54.5563
-54.5447
-54.533
-54.5214
-54.5098
-54.4982
-54.4866
-54.475
-54.4635
-54.4519
-54.4404
-54.4288
-54.4173
-54.4058
-54.3943
-54.3828
-54.3713
-54.3598
-54.3484
-54.3369
-54.3255
-54.3141
-54.3026
-54.2912
-54.2798
-54.2685
-54.2571
-54.2457
-54.2344
-54.223
-54.2117
-54.2004
-54.1891
-54.1778
-54.1665
-54.1553
-54.144
-54.1328
-54.1215
-54.1103
-54.0991
-54.0879
-54.0767
-54.0656
-54.0544
-54.0433
-54.0321
-54.021
-54.0099
-53.9988
-53.9877
-53.9766
-53.9656
-53.9545
-53.9435
-53.9325
-53.9215
-53.9105
-53.8995
-53.8885
-53.8776
-53.8666
-53.8557
-53.8448
-53.8338
-53.8229
-53.8121
-53.8012
-53.7903
-53.7795
-53.7687
-53.7579
-53.747
-53.7363
-53.7255
-53.7147
-53.704
-53.6932
-53.6825
-53.6718
-53.6611
-53.6504
-53.6397
-53.6291
-53.6185
-53.6078
-53.5972
-53.5866
-53.576
-53.5655
-53.5549
-53.5443
-53.5338
-53.5233
-53.5128
-53.5023
-53.4918
-53.4814
-53.4709
-53.4605
-53.4501
-53.4397
-53.4293
-53.4189
-53.4085
-53.3982
-53.3879
-53.3775
-53.3672
-53.357
-53.3467
-53.3364
-53.3262
-53.3159
-53.3057
-53.2955
-53.2853
-53.2752
-53.265
-53.2549
-53.2447
-53.2346
-53.2245
-53.2145
-53.2044
-53.1943
-53.1843
-53.1743
-53.1643
-53.1543
-53.1443
-53.1343
-53.1244
-53.1145
-53.1046
-53.0947
-53.0848
-53.0749
-53.065
-53.0552
-53.0454
-53.0356
-53.0258
-53.016
-53.0062
-52.9965
-52.9868
-52.9771
-52.9674
-52.9577
-52.948
-52.9384
-52.9287
-52.9191
-52.9095
-52.8999
-52.8903
-52.8808
-52.8713
-52.8617
-52.8522
-52.8427
-52.8333
-52.8238
-52.8144
-52.8049
-52.7955
-52.7861
-52.7767
-52.7674
-52.758
-52.7487
-52.7394
-52.7301
-52.7208
-52.7115
-52.7023
-52.6931
-52.6839
-52.6747
-52.6655
-52.6563
-52.6472
-52.638
-52.6289
-52.6198
-52.6107
-52.6017
-52.5926
-52.5836
-52.5746
-52.5656
-52.5566
-52.5476
-52.5387
-52.5297
-52.5208
-52.5119
-52.503
-52.4942
-52.4853
-52.4765
-52.4677
-52.4589
-52.4501
-52.4413
-52.4326
-52.4239
-52.4151
-52.4064
-52.3978
-52.3891
-52.3805
-52.3718
-52.3632
-52.3546
-52.3461
-52.3375
-52.329
-52.3204
-52.3119
-52.3034
-52.295
-52.2865
-52.2781
-52.2697
-52.2613
-52.2529
-52.2445
-52.2362
-52.2278
-52.2195
-52.2112
-52.2029
-52.1947
-52.1864
-52.1782
-52.17
-52.1618
-52.1536
-52.1455
-52.1373
-52.1292
-52.1211
-52.113
-52.1049
-52.0969
-52.0888
-52.0808
-52.0728
-52.0649
-52.0569
-52.0489
-52.041
-52.0331
-52.0252
-52.0173
-52.0095
-52.0016
-51.9938
-51.986
-51.9782
-51.9705
-51.9627
-51.955
-51.9473
-51.9396
-51.9319
-51.9242
-51.9166
-51.909
-51.9014
-51.8938
-51.8862
-51.8786
-51.8711
-51.8636
-51.8561
-51.8486
-51.8412
-51.8337
-51.8263
-51.8189
-51.8115
-51.8041
-51.7968
-51.7894
-51.7821
-51.7748
-51.7675
-51.7603
-51.753
-51.7458
-51.7386
-51.7314
-51.7242
-51.7171
-51.7099
-51.7028
-51.6957
-51.6886
-51.6816
-51.6745
-51.6675
-51.6605
-51.6535
-51.6465
-51.6396
-51.6326
-51.6257
-51.6188
-51.6119
-51.6051
-51.5982
-51.5914
-51.5846
-51.5778
-51.571
-51.5643
-51.5575
-51.5508
-51.5441
-51.5374
-51.5308
-51.5241
-51.5175
-51.5109
-51.5043
-51.4978
-51.4912
-51.4847
-51.4782
-51.4717
-51.4652
-51.4587
-51.4523
-51.4459
-51.4395
-51.4331
-51.4267
-51.4203
-51.414
-51.4077
-51.4014
-51.3951
-51.3889
-51.3826
-51.3764
-51.3702
-51.364
-51.3579
-51.3517
-51.3456
-51.3395
-51.3334
-51.3273
-51.3213
-51.3152
-51.3092
-51.3032
-51.2972
-51.2913
-51.2853
-51.2794
-51.2735
-51.2676
-51.2617
-51.2559
-51.25
-51.2442
-51.2384
-51.2326
-51.2269
-51.2211
-51.2154
-51.2097
-51.204
-51.1983
-51.1927
-51.187
-51.1814
-51.1758
-51.1703
-51.1647
-51.1591
-51.1536
-51.1481
-51.1426
-51.1372
-51.1317
-51.1263
-51.1209
-51.1155
-51.1101
-51.1047
-51.0994
-51.0941
-51.0888
-51.0835
-51.0782
-51.073
-51.0677
-51.0625
-51.0573
-51.0521
-51.047
-51.0418
-51.0367
-51.0316
-51.0265
-51.0215
-51.0164
-51.0114
-51.0064
-51.0014
-50.9964
-50.9914
-50.9865
-50.9816
-50.9767
-50.9718
-50.9669
-50.9621
-50.9572
-50.9524
-50.9476
-50.9428
-50.9381
-50.9333
-50.9286
-50.9239
-50.9192
-50.9145
-50.9099
-50.9052
-50.9006
-50.896
-50.8914
-50.8869
-50.8823
-50.8778
-50.8733
-50.8688
-50.8643
-50.8599
-50.8554
-50.851
-50.8466
-50.8422
-50.8378
-50.8335
-50.8292
-50.8248
-50.8206
-50.8163
-50.812
-50.8078
-50.8035
-50.7993
-50.7951
-50.791
-50.7868
-50.7827
-50.7785
-50.7744
-50.7703
-50.7663
-50.7622
-50.7582
-50.7542
-50.7502
-50.7462
-50.7422
-50.7383
-50.7343
-50.7304
-50.7265
-50.7226
-50.7188
-50.7149
-50.7111
-50.7073
-50.7035
-50.6997
-50.696
-50.6922
-50.6885
-50.6848
-50.6811
-50.6774
-50.6738
-50.6701
-50.6665
-50.6629
-50.6593
-50.6557
-50.6522
-50.6487
-50.6451
-50.6416
-50.6381
-50.6347
-50.6312
-50.6278
-50.6243
-50.6209
-50.6176
-50.6142
-50.6108
-50.6075
-50.6042
-50.6009
-50.5976
-50.5943
-50.591
-50.5878
-50.5846
-50.5814
-50.5782
-50.575
-50.5719
-50.5687
-50.5656
-50.5625
-50.5594
-50.5563
-50.5533
-50.5502
-50.5472
-50.5442
-50.5412
-50.5382
-50.5352
-50.5323
-50.5293
-50.5264
-50.5235
-50.5206
-50.5178
-50.5149
-50.5121
-50.5093
-50.5065
-50.5037
-50.5009
-50.4981
-50.4954
-50.4927
-50.49
-50.4873
-50.4846
-50.4819
-50.4793
-50.4766
-50.474
-50.4714
-50.4688
-50.4662
-50.4637
-50.4611
-50.4586
-50.4561
-50.4536
-50.4511
-50.4486
-50.4462
-50.4438
-50.4413
-50.4389
-50.4365
-50.4342
-50.4318
-50.4294
-50.4271
-50.4248
-50.4225
-50.4202
-50.4179
-50.4157
-50.4134
-50.4112
-50.409
-50.4068
-50.4046
-50.4024
-50.4002
-50.3981
-50.396
-50.3938
-50.3917
-50.3897
-50.3876
-50.3855
-50.3835
-50.3814
-50.3794
-50.3774
-50.3754
-50.3734
-50.3715
-50.3695
-50.3676
-50.3657
-50.3638
-50.3619
-50.36
-50.3581
-50.3563
-50.3544
-50.3526
-50.3508
-50.349
-50.3472
-50.3454
-50.3437
-50.3419
-50.3402
-50.3385
-50.3368
-50.3351
-50.3334
-50.3317
-50.33
-50.3284
-50.3268
-50.3252
-50.3236
-50.322
-50.3204
-50.3188
-50.3173
-50.3157
-50.3142
-50.3127
-50.3112
-50.3097
-50.3082
-50.3067
-50.3053
-50.3038
-50.3024
-50.301
-50.2996
-50.2982
-50.2968
-50.2954
-50.2941
-50.2927
-50.2914
-50.2901
-50.2887
-50.2874
-50.2862
-50.2849
-50.2836
-50.2824
-50.2811
-50.2799
-50.2787
-50.2775
-50.2763
-50.2751
-50.2739
-50.2727
-50.2716
-50.2704
-50.2693
-50.2682
-50.2671
-50.266
-50.2649
-50.2638
-50.2628
-50.2617
-50.2607
-50.2596
-50.2586
-50.2576
-50.2566
-50.2556
-50.2546
-50.2536
-50.2527
-50.2517
-50.2508
-50.2499
-50.2489
-50.248
-50.2471
-50.2462
-50.2454
-50.2445
-50.2436
-50.2428
-50.2419
-50.2411
-50.2403
-50.2395
-50.2387
-50.2379
-50.2371
-50.2363
-50.2356
-50.2348
-50.2341
-50.2333
-50.2326
-50.2319
-50.2312
-50.2305
-50.2298
-50.2291
-50.2284
-50.2277
-50.2271
-50.2264
-50.2258
-50.2252
-50.2245
-50.2239
-50.2233
-50.2227
-50.2221
-50.2216
-50.221
-50.2204
-50.2199
-50.2193
-50.2188
-50.2182
-50.2177
-50.2172
-50.2167
-50.2162
-50.2157
-50.2152
-50.2147
-50.2143
-50.2138
-50.2134
-50.2129
-50.2125
-50.212
-50.2116
-50.2112
-50.2108
-50.2104
-50.21
-50.2096
-50.2092
-50.2089
-50.2085
-50.2081
-50.2078
-50.2074
-50.2071
-50.2068
-50.2064
-50.2061
-50.2058
-50.2055
-50.2052
-50.2049
-50.2046
-50.2043
-50.2041
-50.2038
-50.2035
-50.2033
-50.203
-50.2028
-50.2025
-50.2023
-50.2021
-50.2019
-50.2016
-50.2014
-50.2012
-50.201
-50.2008
-50.2007
-50.2005
-50.2003
-50.2001
-50.2
-50.1998
-50.1996
-50.1995
-50.1994
-50.1992
-50.1991
-50.199
-50.1988
-50.1987
-50.1986
-50.1985
-50.1984
-50.1983
-50.1982
-50.1981
-50.198
-50.1979
-50.1979
-50.1978
-50.1977
-50.1977
-50.1976
-50.1975
-50.1975
-50.1975
-50.1974
-50.1974
-50.1973
-50.1973
-50.1973
-50.1973
-50.1972
-50.1972
-50.1972
-50.1972
-50.1972
-50.1972
-50.1972
-50.1972
-50.1972
-50.1973
-50.1973
-50.1973
-50.1973
-50.1974
-50.1974
-50.1974
-50.1975
-50.1975
-50.1975
-50.1976
-50.1976
-50.1977
-50.1978
-50.1978
-50.1979
-50.1979
-50.198
-50.1981
-50.1982
-50.1982
-50.1983
-50.1984
-50.1985
-50.1986
-50.1987
-50.1987
-50.1988
-50.1989
-50.199
-50.1991
-50.1992
-50.1993
-50.1994
-50.1996
-50.1997
-50.1998
-50.1999
-50.2
-50.2001
-50.2003
-50.2004
-50.2005
-50.2006
-50.2008
-50.2009
-50.201
-50.2011
-50.2013
-50.2014
-50.2015
-50.2017
-50.2018
-50.202
-50.2021
-50.2023
-50.2024
-50.2025
-50.2027
-50.2028
-50.203
-50.2031
-50.2033
-50.2034
-50.2036
-50.2038
-50.2039
-50.2041
-50.2042
-50.2044
-50.2045
-50.2047
-50.2049
-50.205
-50.2052
-50.2053
-50.2055
-50.2057
-50.2058
-50.206
-50.2062
-50.2063
-50.2065
-50.2066
-50.2068
-50.207
-50.2071
-50.2073
-50.2075
-50.2076
-50.2078
-50.208
-50.2081
-50.2083
-50.2085
-50.2086
-50.2088
-50.209
-50.2091
-50.2093
-50.2095
-50.2096
-50.2098
-50.21
-50.2101
-50.2103
-50.2105
-50.2106
-50.2108
-50.2109
-50.2111
-50.2113
-50.2114
-50.2116
-50.2118
-50.2119
-50.2121
-50.2122
-50.2124
-50.2125
-50.2127
-50.2129
-50.213
-50.2132
-50.2133
-50.2135
-50.2136
-50.2138
-50.2139
-50.2141
-50.2142
-50.2144
-50.2145
-50.2146
-50.2148
-50.2149
-50.2151
-50.2152
-50.2154
-50.2155
-50.2156
-50.2158
-50.2159
-50.216
-50.2162
-50.2163
-50.2164
-50.2165
-50.2167
-50.2168
-50.2169
-50.217
-50.2172
-50.2173
-50.2174
-50.2175
-50.2176
-50.2177
-50.2179
-50.218
-50.2181
-50.2182
-50.2183
-50.2184
-50.2185
-50.2186
-50.2187
-50.2188
-50.2189
-50.219
-50.2191
-50.2192
-50.2192
-50.2193
-50.2194
-50.2195
-50.2196
-50.2197
-50.2197
-50.2198
-50.2199
-50.2199
-50.22
-50.2201
-50.2202
-50.2202
-50.2203
-50.2203
-50.2204
-50.2204
-50.2205
-50.2206
-50.2206
-50.2207
-50.2207
-50.2207
-50.2208
-50.2208
-50.2209
-50.2209
-50.2209
-50.221
-50.221
-50.221
-50.221
-50.2211
-50.2211
-50.2211
-50.2211
-50.2211
-50.2211
-50.2211
-50.2211
-50.2212
-50.2212
-50.2212
-50.2212
-50.2211
-50.2211
-50.2211
-50.2211
-50.2211
-50.2211
-50.2211
-50.221
-50.221
-50.221
-50.221
-50.2209
-50.2209
-50.2209
-50.2208
-50.2208
-50.2208
-50.2207
-50.2207
-50.2206
-50.2206
-50.2205
-50.2204
-50.2204
-50.2203
-50.2203
-50.2202
-50.2201
-50.2201
-50.22
-50.2199
-50.2198
-50.2197
-50.2197
-50.2196
-50.2195
-50.2194
-50.2193
-50.2192
-50.2191
-50.219
-50.2189
-50.2188
-50.2187
-50.2186
-50.2185
-50.2184
-50.2182
-50.2181
-50.218
-50.2179
-50.2177
-50.2176
-50.2175
-50.2174
-50.2172
-50.2171
-50.2169
-50.2168
-50.2166
-50.2165
-50.2163
-50.2162
-50.216
-50.2159
-50.2157
-50.2155
-50.2154
-50.2152
-50.215
-50.2149
-50.2147
-50.2145
-50.2143
-50.2141
-50.214
-50.2138
-50.2136
-50.2134
-50.2132
-50.213
-50.2128
-50.2126
-50.2124
-50.2122
-50.212
-50.2118
-50.2115
-50.2113
-50.2111
-50.2109
-50.2107
-50.2104
-50.2102
-50.21
-50.2098
-50.2095
-50.2093
-50.209
-50.2088
-50.2086
-50.2083
-50.2081
-50.2078
-50.2076
-50.2073
-50.207
-50.2068
-50.2065
-50.2063
-50.206
-50.2057
-50.2054
-50.2052
-50.2049
-50.2046
-50.2043
-50.2041
-50.2038
-50.2035
-50.2032
-50.2029
-50.2026
-50.2023
-50.202
-50.2017
-50.2014
-50.2011
-50.2008
-50.2005
-50.2002
-50.1999
-50.1996
-50.1993
-50.1989
-50.1986
-50.1983
-50.198
-50.1977
-50.1973
-50.197
-50.1967
-50.1963
-50.196
-50.1957
-50.1953
-50.195
-50.1946
-50.1943
-50.1939
-50.1936
-50.1932
-50.1929
-50.1925
-50.1922
-50.1918
-50.1915
-50.1911
-50.1907
-50.1904
-50.19
-50.1896
-50.1893
-50.1889
-50.1885
-50.1881
-50.1878
-50.1874
-50.187
-50.1866
-50.1862
-50.1859
-50.1855
-50.1851
-50.1847
-50.1843
-50.1839
-50.1835
-50.1831
-50.1827
-50.1823
-50.1819
-50.1815
-50.1811
-50.1807
-50.1803
-50.1799
-50.1795
-50.1791
-50.1787
-50.1782
-50.1778
-50.1774
-50.177
-50.1766
-50.1762
-50.1757
-50.1753
-50.1749
-50.1745
-50.174
-50.1736
-50.1732
-50.1727
-50.1723
-50.1719
-50.1714
-50.171
-50.1706
-50.1701
-50.1697
-50.1692
-50.1688
-50.1684
-50.1679
-50.1675
-50.167
-50.1666
-50.1661
-50.1657
-50.1652
-50.1648
-50.1643
-50.1639
-50.1634
-50.163
-50.1625
-50.162
-50.1616
-50.1611
-50.1607
-50.1602
-50.1597
-50.1593
-50.1588
-50.1583
-50.1579
-50.1574
-50.1569
-50.1565
-50.156
-50.1555
-50.1551
-50.1546
-50.1541
-50.1536
-50.1532
-50.1527
-50.1522
-50.1517
-50.1513
-50.1508
-50.1503
-50.1498
-50.1494
-50.1489
-50.1484
-50.1479
-50.1474
-50.1469
-50.1465
-50.146
-50.1455
-50.145
-50.1445
-50.144
-50.1436
-50.1431
-50.1426
-50.1421
-50.1416
-50.1411
-50.1406
-50.1402
-50.1397
-50.1392
-50.1387
-50.1382
-50.1377
-50.1372
-50.1367
-50.1362
-50.1357
-50.1353
-50.1348
-50.1343
-50.1338
-50.1333
-50.1328
-50.1323
-50.1318
-50.1313
-50.1308
-50.1303
-50.1298
-50.1293
-50.1288
-50.1284
-50.1279
-50.1274
-50.1269
-50.1264
-50.1259
-50.1254
-50.1249
-50.1244
-50.1239
-50.1234
-50.1229
-50.1224
-50.1219
-50.1214
-50.121
-50.1205
-50.12
-50.1195
-50.119
-50.1185
-50.118
-50.1175
-50.117
-50.1165
-50.116
-50.1155
-50.115
-50.1146
-50.1141
-50.1136
-50.1131
-50.1126
-50.1121
-50.1116
-50.1111
-50.1106
-50.1102
-50.1097
-50.1092
-50.1087
-50.1082
-50.1077
-50.1072
-50.1068
-50.1063
-50.1058
-50.1053
-50.1048
-50.1043
-50.1039
-50.1034
-50.1029
-50.1024
-50.1019
-50.1014
-50.101
-50.1005
-50.1
-50.0995
-50.0991
-50.0986
-50.0981
-50.0976
-50.0972
-50.0967
-50.0962
-50.0957
-50.0953
-50.0948
-50.0943
-50.0939
-50.0934
-50.0929
-50.0925
-50.092
-50.0915
-50.0911
-50.0906
-50.0901
-50.0897
-50.0892
-50.0887
-50.0883
-50.0878
-50.0874
-50.0869
-50.0864
-50.086
-50.0855
-50.0851
-50.0846
-50.0842
-50.0837
-50.0833
-50.0828
-50.0824
-50.0819
-50.0815
-50.081
-50.0806
-50.0801
-50.0797
-50.0792
-50.0788
-50.0784
-50.0779
-50.0775
-50.077
-50.0766
-50.0762
-50.0757
-50.0753
-50.0749
-50.0744
-50.074
-50.0736
-50.0731
-50.0727
-50.0723
-50.0718
-50.0714
-50.071
-50.0706
-50.0702
-50.0697
-50.0693
-50.0689
-50.0685
-50.0681
-50.0676
-50.0672
-50.0668
-50.0664
-50.066
-50.0656
-50.0652
-50.0647
-50.0643
-50.0639
-50.0635
-50.0631
-50.0627
-50.0623
-50.0619
-50.0615
-50.0611
-50.0607
-50.0603
-50.0599
-50.0595
-50.0591
-50.0587
-50.0583
-50.0579
-50.0576
-50.0572
-50.0568
-50.0564
-50.056
-50.0556
-50.0552
-50.0548
-50.0545
-50.0541
-50.0537
-50.0533
-50.0529
-50.0526
-50.0522
-50.0518
-50.0514
-50.0511
-50.0507
-50.0503
-50.05
-50.0496
-50.0492
-50.0489
-50.0485
-50.0481
-50.0478
-50.0474
-50.047
-50.0467
-50.0463
-50.046
-50.0456
-50.0452
-50.0449
-50.0445
-50.0442
-50.0438
-50.0435
-50.0431
-50.0428
-50.0424
-50.0421
-50.0417
-50.0414
-50.041
-50.0407
-50.0403
-50.04
-50.0396
-50.0393
-50.0389
-50.0386
-50.0383
-50.0379
-50.0376
-50.0372
-50.0369
-50.0366
-50.0362
-50.0359
-50.0356
-50.0352
-50.0349
-50.0346
-50.0342
-50.0339
-50.0335
-50.0332
-50.0329
-50.0326
-50.0322
-50.0319
-50.0316
-50.0312
-50.0309
-50.0306
-50.0302
-50.0299
-50.0296
-50.0292
-50.0289
-50.0286
-50.0283
-50.0279
-50.0276
-50.0273
-50.0269
-50.0266
-50.0263
-50.026
-50.0256
-50.0253
-50.025
-50.0246
-50.0243
-50.024
-50.0236
-50.0233
-50.023
-50.0226
-50.0223
-50.022
-50.0216
-50.0213
-50.021
-50.0206
-50.0203
-50.0199
-50.0196
-50.0193
-50.0189
-50.0186
-50.0182
-50.0179
-50.0175
-50.0172
-50.0168
-50.0165
-50.0161
-50.0158
-50.0154
-50.0151
-50.0147
-50.0143
-50.014
-50.0136
-50.0132
-50.0129
-50.0125
-50.0121
-50.0117
-50.0113
-50.011
-50.0106
-50.0102
-50.0098
-50.0094
-50.009
-50.0086
-50.0082
-50.0078
-50.0073
-50.0069
-50.0065
-50.0061
-50.0056
-50.0052
-50.0048
-50.0043
-50.0039
-50.0034
-50.0029
-50.0025
-50.002
-50.0015
-50.001
-50.0005
-50
-49.9995
-49.999
-49.9985
-49.998
-49.9974
-49.9969
-49.9963
-49.9958
-49.9952
-49.9946
-49.994
-49.9934
-49.9928
-49.9922
-49.9916
-49.9909
-49.9903
-49.9896
-49.9889
-49.9882
-49.9875
-49.9868
-49.986
-49.9853
-49.9845
-49.9837
-49.9829
-49.9821
-49.9812
-49.9804
-49.9795
-49.9786
-49.9776
-49.9767
-49.9757
-49.9747
-49.9737
-49.9726
-49.9715
-49.9704
-49.9692
-49.968
-49.9668
-49.9655
-49.9642
-49.9628
-49.9614
-49.96
-49.9585
-49.9569
-49.9553
-49.9536
-49.9518
-49.95
-49.948
-49.946
-49.9439
-49.9417
-49.9394
-49.9369
-49.9343
-49.9315
-49.9286
-49.9254
-49.922
-49.9183
-49.9143
-49.9098
-49.9049
-49.8993
-49.8928
-49.8854
-49.8765
-49.8661
-49.8538
-49.8396
-49.8235
-49.8056
-49.786
-49.765
-49.7425
-49.7189
-49.6941
-49.6683
-49.6416
-49.6141
-49.5859
-49.5569
-49.5273
-49.4971
-49.4663
-49.4349
-49.4029
-49.3704
-49.3372
-49.3035
-49.2691
-49.234
-49.1982
-49.1616
-49.1241
-49.0856
-49.0461
-49.0053
-48.9632
-48.9195
-48.874
-48.8265
-48.7766
-48.7239
-48.6678
-48.6078
-48.543
-48.4723
-48.3941
-48.3064
-48.2063
-48.0894
-47.9493
-47.7765
-47.5572
-47.2761
-46.9255
-46.5154
-46.0693
-45.6104
-45.1548
-44.7108
-44.2821
-43.8694
-43.4722
-43.0897
-42.7203
-42.3629
-42.0159
-41.6781
-41.3483
-41.0252
-40.7078
-40.3946
-40.0844
-39.7758
-39.4675
-39.1579
-38.8455
-38.5286
-38.2053
-37.8736
-37.5312
-37.1755
-36.8036
-36.4121
-35.9969
-35.5533
-35.0755
-34.5564
-33.9873
-33.3571
-32.6517
-31.8528
-30.936
-29.8683
-28.6038
-27.0775
-25.1937
-22.8084
-19.6996
-15.5207
-9.74341
-1.66426
9.18495
21.7911
33.4815
42.0332
47.1549
49.7606
50.8598
51.135
50.9591
50.5167
49.8954
49.1366
48.2625
47.2852
46.2125
45.0495
43.8007
42.4698
41.0605
39.5765
38.0214
36.3989
34.713
32.9678
31.1676
29.3169
27.4205
25.4836
23.512
21.5119
19.4905
17.4563
15.4191
13.391
11.3859
9.41959
7.50899
5.67043
3.91791
2.26154
0.706719
-0.745665
-2.09845
-3.357
-4.52788
-5.6177
-6.63185
-7.57335
-8.44199
-9.23617
-9.96113
-10.6359
-11.2868
-11.9359
-12.5957
-13.2716
-13.9655
-14.678
-15.41
-16.163
-16.9389
-17.7405
-18.5712
-19.4346
-20.3348
-21.2761
-22.263
-23.2995
-24.3895
-25.5359
-26.7401
-28.0015
-29.3169
-30.6791
-32.0772
-33.4955
-34.9141
-36.3105
-37.6619
-38.9477
-40.1526
-41.2676
-42.2899
-43.2214
-44.0679
-44.8362
-45.5332
-46.1655
-46.7389
-47.2587
-47.7297
-48.1561
-48.542
-48.8908
-49.206
-49.4906
-49.7474
-49.979
-50.1878
-50.3759
-50.5456
-50.6987
-50.8374
-50.9633
-51.0782
-51.1834
-51.2804
-51.3701
-51.4536
-51.5318
-51.6054
-51.6752
-51.7418
-51.8058
-51.8677
-51.928
-51.9871
-52.0454
-52.1033
-52.161
-52.2189
-52.277
-52.3356
-52.3947
-52.4541
-52.5137
-52.5731
-52.6321
-52.6902
-52.7469
-52.8019
-52.8549
-52.9056
-52.9538
-52.9996
-53.0427
-53.0834
-53.1216
-53.1573
-53.1908
-53.2221
-53.2512
-53.2784
-53.3037
-53.3273
-53.3492
-53.3696
-53.3886
-53.4062
-53.4226
-53.4378
-53.452
-53.4652
-53.4774
-53.4889
-53.4996
-53.5096
-53.5189
-53.5277
-53.5359
-53.5436
-53.5509
-53.5578
-53.5642
-53.5704
-53.5762
-53.5817
-53.5869
-53.5919
-53.5966
-53.6012
-53.6055
-53.6096
-53.6136
-53.6174
-53.6211
-53.6246
-53.6279
-53.6311
-53.6342
-53.637
-53.6397
-53.6422
-53.6446
-53.6467
-53.6487
-53.6505
-53.6521
-53.6536
-53.6548
-53.6559
-53.6568
-53.6575
-53.6581
-53.6585
-53.6588
-53.6589
-53.6588
-53.6586
-53.6583
-53.6578
-53.6572
-53.6565
-53.6556
-53.6546
-53.6535
-53.6523
-53.651
-53.6495
-53.648
-53.6463
-53.6446
-53.6427
-53.6408
-53.6388
-53.6366
-53.6344
-53.6321
-53.6297
-53.6273
-53.6247
-53.6221
-53.6194
-53.6166
-53.6138
-53.6108
-53.6078
-53.6048
-53.6016
-53.5984
-53.5951
-53.5918
-53.5884
-53.5849
-53.5814
-53.5778
-53.5741
-53.5704
-53.5666
-53.5627
-53.5588
-53.5548
-53.5508
-53.5467
-53.5426
-53.5384
-53.5341
-53.5298
-53.5254
-53.521
-53.5165
-53.5119
-53.5073
-53.5027
-53.498
-53.4933
-53.4885
-53.4836
-53.4787
-53.4738
-53.4688
-53.4637
-53.4586
-53.4535
-53.4483
-53.4431
-53.4378
-53.4325
-53.4271
-53.4217
-53.4163
-53.4108
-53.4053
-53.3997
-53.3941
-53.3884
-53.3827
-53.377
-53.3712
-53.3654
-53.3595
-53.3536
-53.3477
-53.3417
-53.3357
-53.3297
-53.3236
-53.3175
-53.3113
-53.3051
-53.2989
-53.2927
-53.2864
-53.28
-53.2737
-53.2673
-53.2608
-53.2544
-53.2479
-53.2413
-53.2348
-53.2282
-53.2216
-53.2149
-53.2082
-53.2015
-53.1947
-53.188
-53.1812
-53.1743
-53.1674
-53.1605
-53.1536
-53.1467
-53.1397
-53.1327
-53.1256
-53.1186
-53.1115
-53.1043
-53.0972
-53.09
-53.0828
-53.0756
-53.0683
-53.061
-53.0537
-53.0464
-53.039
-53.0317
-53.0242
-53.0168
-53.0094
-53.0019
-52.9944
-52.9868
-52.9793
-52.9717
-52.9641
-52.9565
-52.9489
-52.9412
-52.9335
-52.9258
-52.9181
-52.9103
-52.9025
-52.8947
-52.8869
-52.8791
-52.8712
-52.8633
-52.8554
-52.8475
-52.8396
-52.8316
-52.8236
-52.8156
-52.8076
-52.7996
-52.7915
-52.7835
-52.7754
-52.7673
-52.7591
-52.751
-52.7428
-52.7346
-52.7264
-52.7182
-52.71
-52.7017
-52.6935
-52.6852
-52.6769
-52.6685
-52.6602
-52.6519
-52.6435
-52.6351
-52.6267
-52.6183
-52.6099
-52.6014
-52.593
-52.5845
-52.576
-52.5675
-52.559
-52.5505
-52.5419
-52.5333
-52.5248
-52.5162
-52.5076
-52.499
-52.4903
-52.4817
-52.473
-52.4644
-52.4557
-52.447
-52.4383
-52.4296
-52.4208
-52.4121
-52.4034
-52.3946
-52.3858
-52.377
-52.3682
-52.3594
-52.3506
-52.3418
-52.3329
-52.3241
-52.3152
-52.3063
-52.2974
-52.2885
-52.2796
-52.2707
-52.2618
-52.2528
-52.2439
-52.2349
-52.226
-52.217
-52.208
-52.199
-52.19
-52.181
-52.172
-52.1629
-52.1539
-52.1449
-52.1358
-52.1267
-52.1177
-52.1086
-52.0995
-52.0904
-52.0813
-52.0722
-52.0631
-52.0539
-52.0448
-52.0357
-52.0265
-52.0174
-52.0082
-51.9991
-51.9899
-51.9807
-51.9715
-51.9623
-51.9531
-51.9439
-51.9347
-51.9255
-51.9163
-51.907
-51.8978
-51.8886
-51.8793
-51.8701
-51.8608
-51.8516
-51.8423
-51.833
-51.8238
-51.8145
-51.8052
-51.7959
-51.7866
-51.7773
-51.768
-51.7587
-51.7494
-51.7401
-51.7308
-51.7214
-51.7121
-51.7028
-51.6935
-51.6841
-51.6748
-51.6654
-51.6561
-51.6468
-51.6374
-51.6281
-51.6187
-51.6093
-51.6
-51.5906
-51.5812
-51.5719
-51.5625
-51.5531
-51.5438
-51.5344
-51.525
-51.5156
-51.5062
-51.4968
-51.4875
-51.4781
-51.4687
-51.4593
-51.4499
-51.4405
-51.4311
-51.4217
-51.4123
-51.4029
-51.3935
-51.3841
-51.3747
-51.3653
-51.3559
-51.3465
-51.3371
-51.3277
-51.3183
-51.3089
-51.2995
-51.2901
-51.2807
-51.2713
-51.2619
-51.2525
-51.2431
-51.2337
-51.2243
-51.2149
-51.2055
-51.1961
-51.1867
-51.1773
-51.1679
-51.1585
-51.1491
-51.1397
-51.1303
-51.1209
-51.1115
-51.1022
-51.0928
-51.0834
-51.074
-51.0646
-51.0552
-51.0459
-51.0365
-51.0271
-51.0177
-51.0084
-50.999
-50.9896
-50.9803
-50.9709
-50.9615
-50.9522
-50.9428
-50.9335
-50.9241
-50.9148
-50.9054
-50.8961
-50.8868
-50.8774
-50.8681
-50.8588
-50.8495
-50.8401
-50.8308
-50.8215
-50.8122
-50.8029
-50.7936
-50.7843
-50.775
-50.7657
-50.7564
-50.7471
-50.7378
-50.7285
-50.7193
-50.71
-50.7007
-50.6915
-50.6822
-50.6729
-50.6637
-50.6544
-50.6452
-50.636
-50.6267
-50.6175
-50.6083
-50.5991
-50.5898
-50.5806
-50.5714
-50.5622
-50.553
-50.5438
-50.5347
-50.5255
-50.5163
-50.5071
-50.498
-50.4888
-50.4797
-50.4705
-50.4614
-50.4522
-50.4431
-50.434
-50.4248
-50.4157
-50.4066
-50.3975
-50.3884
-50.3793
-50.3702
-50.3612
-50.3521
-50.343
-50.334
-50.3249
-50.3158
-50.3068
-50.2978
-50.2887
-50.2797
-50.2707
-50.2617
-50.2527
-50.2437
-50.2347
-50.2257
-50.2167
-50.2077
-50.1988
-50.1898
-50.1809
-50.1719
-50.163
-50.1541
-50.1451
-50.1362
-50.1273
-50.1184
-50.1095
-50.1006
-50.0917
-50.0829
-50.074
-50.0651
-50.0563
-50.0475
-50.0386
-50.0298
-50.021
-50.0122
-50.0034
-49.9946
-49.9858
-49.977
-49.9682
-49.9594
-49.9507
-49.9419
-49.9332
-49.9245
-49.9157
-49.907
-49.8983
-49.8896
-49.8809
-49.8722
-49.8636
-49.8549
-49.8462
-49.8376
-49.8289
-49.8203
-49.8117
-49.8031
-49.7945
-49.7859
-49.7773
-49.7687
-49.7601
-49.7515
-49.743
-49.7344
-49.7259
-49.7174
-49.7089
-49.7003
-49.6918
-49.6833
-49.6749
-49.6664
-49.6579
-49.6495
-49.641
-49.6326
-49.6242
-49.6157
-49.6073
-49.5989
-49.5905
-49.5822
-49.5738
-49.5654
-49.5571
-49.5487
-49.5404
-49.5321
-49.5238
-49.5155
-49.5072
-49.4989
-49.4906
-49.4823
-49.4741
-49.4659
-49.4576
-49.4494
-49.4412
-49.433
-49.4248
-49.4166
-49.4084
-49.4003
-49.3921
-49.384
-49.3758
-49.3677
-49.3596
-49.3515
-49.3434
-49.3353
-49.3273
-49.3192
-49.3112
-49.3031
-49.2951
-49.2871
-49.2791
-49.2711
-49.2631
-49.2551
-49.2472
-49.2392
-49.2313
-49.2233
-49.2154
-49.2075
-49.1996
-49.1917
-49.1838
-49.176
-49.1681
-49.1603
-49.1524
-49.1446
-49.1368
-49.129
-49.1212
-49.1135
-49.1057
-49.0979
-49.0902
-49.0825
-49.0748
-49.067
-49.0594
-49.0517
-49.044
-49.0363
-49.0287
-49.021
-49.0134
-49.0058
-48.9982
-48.9906
-48.983
-48.9755
-48.9679
-48.9604
-48.9528
-48.9453
-48.9378
-48.9303
-48.9228
-48.9153
-48.9079
-48.9004
-48.893
-48.8856
-48.8782
-48.8708
-48.8634
-48.856
-48.8486
-48.8413
-48.8339
-48.8266
-48.8193
-48.812
-48.8047
-48.7974
-48.7902
-48.7829
-48.7757
-48.7684
-48.7612
-48.754
-48.7468
-48.7397
-48.7325
-48.7253
-48.7182
-48.7111
-48.704
-48.6969
-48.6898
-48.6827
-48.6756
-48.6686
-48.6615
-48.6545
-48.6475
-48.6405
-48.6335
-48.6265
-48.6196
-48.6126
-48.6057
-48.5988
-48.5919
-48.585
-48.5781
-48.5712
-48.5644
-48.5575
-48.5507
-48.5439
-48.5371
-48.5303
-48.5235
-48.5167
-48.51
-48.5032
-48.4965
-48.4898
-48.4831
-48.4764
-48.4698
-48.4631
-48.4565
-48.4498
-48.4432
-48.4366
-48.43
-48.4234
-48.4169
-48.4103
-48.4038
-48.3973
-48.3908
-48.3843
-48.3778
-48.3713
-48.3649
-48.3585
-48.352
-48.3456
-48.3392
-48.3328
-48.3265
-48.3201
-48.3138
-48.3075
-48.3011
-48.2948
-48.2886
-48.2823
-48.276
-48.2698
-48.2636
-48.2574
-48.2512
-48.245
-48.2388
-48.2326
-48.2265
-48.2204
-48.2143
-48.2082
-48.2021
-48.196
-48.19
-48.1839
-48.1779
-48.1719
-48.1659
-48.1599
-48.1539
-48.148
-48.142
-48.1361
-48.1302
-48.1243
-48.1184
-48.1126
-48.1067
-48.1009
-48.095
-48.0892
-48.0834
-48.0777
-48.0719
-48.0662
-48.0604
-48.0547
-48.049
-48.0433
-48.0376
-48.032
-48.0263
-48.0207
-48.0151
-48.0095
-48.0039
-47.9984
-47.9928
-47.9873
-47.9817
-47.9762
-47.9708
-47.9653
-47.9598
-47.9544
-47.9489
-47.9435
-47.9381
-47.9327
-47.9274
-47.922
-47.9167
-47.9114
-47.906
-47.9008
-47.8955
-47.8902
-47.885
-47.8797
-47.8745
-47.8693
-47.8642
-47.859
-47.8538
-47.8487
-47.8436
-47.8385
-47.8334
-47.8283
-47.8233
-47.8182
-47.8132
-47.8082
-47.8032
-47.7982
-47.7932
-47.7883
-47.7834
-47.7785
-47.7736
-47.7687
-47.7638
-47.759
-47.7541
-47.7493
-47.7445
-47.7397
-47.735
-47.7302
-47.7255
-47.7207
-47.716
-47.7114
-47.7067
-47.702
-47.6974
-47.6928
-47.6882
-47.6836
-47.679
-47.6744
-47.6699
-47.6654
-47.6609
-47.6564
-47.6519
-47.6474
-47.643
-47.6386
-47.6342
-47.6298
-47.6254
-47.621
-47.6167
-47.6124
-47.6081
-47.6038
-47.5995
-47.5952
-47.591
-47.5868
-47.5826
-47.5784
-47.5742
-47.57
-47.5659
-47.5618
-47.5577
-47.5536
-47.5495
-47.5454
-47.5414
-47.5374
-47.5334
-47.5294
-47.5254
-47.5214
-47.5175
-47.5136
-47.5097
-47.5058
-47.5019
-47.4981
-47.4942
-47.4904
-47.4866
-47.4828
-47.4791
-47.4753
-47.4716
-47.4679
-47.4642
-47.4605
-47.4568
-47.4532
-47.4496
-47.4459
-47.4423
-47.4388
-47.4352
-47.4317
-47.4281
-47.4246
-47.4211
-47.4177
-47.4142
-47.4108
-47.4074
-47.404
-47.4006
-47.3972
-47.3939
-47.3905
-47.3872
-47.3839
-47.3806
-47.3774
-47.3741
-47.3709
-47.3677
-47.3645
-47.3613
-47.3582
-47.355
-47.3519
-47.3488
-47.3457
-47.3427
-47.3396
-47.3366
-47.3336
-47.3306
-47.3276
-47.3246
-47.3217
-47.3188
-47.3159
-47.313
-47.3101
-47.3073
-47.3044
-47.3016
-47.2988
-47.296
-47.2933
-47.2905
-47.2878
-47.2851
-47.2824
-47.2797
-47.2771
-47.2744
-47.2718
-47.2692
-47.2666
-47.2641
-47.2615
-47.259
-47.2565
-47.254
-47.2515
-47.249
-47.2466
-47.2442
-47.2418
-47.2394
-47.237
-47.2347
-47.2324
-47.23
-47.2277
-47.2255
-47.2232
-47.221
-47.2188
-47.2165
-47.2144
-47.2122
-47.21
-47.2079
-47.2058
-47.2037
-47.2016
-47.1996
-47.1975
-47.1955
-47.1935
-47.1915
-47.1895
-47.1876
-47.1857
-47.1837
-47.1818
-47.18
-47.1781
-47.1763
-47.1744
-47.1726
-47.1708
-47.1691
-47.1673
-47.1656
-47.1639
-47.1622
-47.1605
-47.1588
-47.1572
-47.1556
-47.154
-47.1524
-47.1508
-47.1492
-47.1477
-47.1462
-47.1447
-47.1432
-47.1417
-47.1403
-47.1389
-47.1375
-47.1361
-47.1347
-47.1333
-47.132
-47.1307
-47.1294
-47.1281
-47.1268
-47.1255
-47.1243
-47.1231
-47.1219
-47.1207
-47.1196
-47.1184
-47.1173
-47.1162
-47.1151
-47.114
-47.1129
-47.1119
-47.1109
-47.1099
-47.1089
-47.1079
-47.1069
-47.106
-47.1051
-47.1042
-47.1033
-47.1024
-47.1016
-47.1007
-47.0999
-47.0991
-47.0983
-47.0976
-47.0968
-47.0961
-47.0954
-47.0947
-47.094
-47.0933
-47.0927
-47.092
-47.0914
-47.0908
-47.0902
-47.0896
-47.0891
-47.0886
-47.088
-47.0875
-47.087
-47.0866
-47.0861
-47.0857
-47.0853
-47.0848
-47.0845
-47.0841
-47.0837
-47.0834
-47.083
-47.0827
-47.0824
-47.0821
-47.0819
-47.0816
-47.0814
-47.0812
-47.081
-47.0808
-47.0806
-47.0804
-47.0803
-47.0801
-47.08
-47.0799
-47.0798
-47.0797
-47.0797
-47.0796
-47.0796
-47.0796
-47.0796
-47.0796
-47.0796
-47.0796
-47.0797
-47.0797
-47.0798
-47.0799
-47.08
-47.0801
-47.0802
-47.0804
-47.0805
-47.0807
-47.0808
-47.081
-47.0812
-47.0814
-47.0817
-47.0819
-47.0821
-47.0824
-47.0827
-47.0829
-47.0832
-47.0835
-47.0838
-47.0842
-47.0845
-47.0848
-47.0852
-47.0855
-47.0859
-47.0863
-47.0867
-47.0871
-47.0875
-47.0879
-47.0883
-47.0888
-47.0892
-47.0896
-47.0901
-47.0906
-47.091
-47.0915
-47.092
-47.0925
-47.093
-47.0935
-47.094
-47.0945
-47.095
-47.0955
-47.096
-47.0965
-47.0971
-47.0976
-47.0981
-47.0987
-47.0992
-47.0997
-47.1003
-47.1008
-47.1013
-47.1019
-47.1024
-47.103
-47.1035
-47.104
-47.1045
-47.1051
-47.1056
-47.1061
-47.1066
-47.1071
-47.1076
-47.108
-47.1085
-47.109
-47.1094
-47.1098
-47.1103
-47.1107
-47.1111
-47.1114
-47.1118
-47.1121
-47.1124
-47.1127
-47.1129
-47.1132
-47.1134
-47.1135
-47.1136
-47.1137
-47.1138
-47.1138
-47.1137
-47.1136
-47.1135
-47.1132
-47.1129
-47.1126
-47.1121
-47.1115
-47.1109
-47.1101
-47.1092
-47.1081
-47.1069
-47.1055
-47.1038
-47.1019
-47.0996
-47.097
-47.0938
-47.0901
-47.0855
-47.08
-47.0732
-47.065
-47.0552
-47.0437
-47.0305
-47.0159
-46.9998
-46.9824
-46.964
-46.9444
-46.924
-46.9027
-46.8807
-46.858
-46.8346
-46.8106
-46.7861
-46.7609
-46.7352
-46.7089
-46.6819
-46.6544
-46.6261
-46.5971
-46.5674
-46.5368
-46.5052
-46.4725
-46.4386
-46.4034
-46.3666
-46.328
-46.2874
-46.2443
-46.1984
-46.149
-46.0956
-46.0371
-45.9724
-45.8998
-45.8169
-45.7204
-45.6056
-45.4654
-45.29
-45.0671
-44.7864
-44.4489
-44.0689
-43.6666
-43.2598
-42.8595
-42.4715
-42.0981
-41.7395
-41.3953
-41.0643
-40.7455
-40.4376
-40.1393
-39.8493
-39.5664
-39.2894
-39.0172
-38.7486
-38.4825
-38.2176
-37.9528
-37.6868
-37.4184
-37.1463
-36.8688
-36.5845
-36.2915
-35.9879
-35.6714
-35.3393
-34.9886
-34.6158
-34.2165
-33.7856
-33.3166
-32.8018
-32.2312
-31.5923
-30.8689
-30.0395
-29.0757
-27.9383
-26.5724
-24.8994
-22.8038
-20.1129
-16.5665
-11.7792
-5.23069
3.56404
14.3612
25.4916
34.8104
41.236
45.0266
46.9824
47.8245
48.0239
47.8457
47.4294
46.8465
46.1345
45.3138
44.3963
43.3894
42.2986
41.1281
39.8814
38.5618
37.1728
35.7176
34.1996
32.6223
30.9896
29.3054
27.574
25.7999
23.988
22.1438
20.2733
18.3836
16.4825
14.5797
12.6862
10.8146
8.97916
7.1944
5.47429
3.83072
2.27241
0.804314
-0.572261
-1.85914
-3.06043
-4.18165
-5.22887
-6.208
-7.12405
-7.98043
-8.7782
-9.51571
-10.1903
-10.8045
-11.3721
-11.9144
-12.451
-12.9947
-13.5515
-14.1239
-14.7123
-15.3169
-15.9379
-16.5759
-17.2318
-17.9071
-18.6034
-19.3227
-20.067
-20.8386
-21.6395
-22.4718
-23.3373
-24.2372
-25.1724
-26.1425
-27.1462
-28.1807
-29.2417
-30.3229
-31.4161
-32.5114
-33.5975
-34.6624
-35.6943
-36.6826
-37.6187
-38.4967
-39.3134
-40.0683
-40.7628
-41.3997
-41.9826
-42.5156
-43.0029
-43.4484
-43.856
-44.2289
-44.5702
-44.8827
-45.169
-45.4313
-45.6717
-45.8921
-46.0941
-46.2792
-46.449
-46.605
-46.7486
-46.8811
-47.0039
-47.118
-47.2245
-47.3242
-47.4179
-47.5064
-47.5903
-47.6701
-47.7465
-47.8199
-47.8908
-47.9594
-48.0263
-48.0918
-48.1561
-48.2196
-48.2824
-48.3448
-48.4069
-48.4689
-48.5307
-48.5926
-48.6543
-48.7157
-48.7768
-48.8373
-48.8969
-48.9554
-49.0126
-49.0682
-49.122
-49.1738
-49.2236
-49.2713
-49.3168
-49.3601
-49.4013
-49.4405
-49.4776
-49.5128
-49.5461
-49.5777
-49.6076
-49.6359
-49.6627
-49.688
-49.7121
-49.7349
-49.7565
-49.777
-49.7965
-49.815
-49.8326
-49.8493
-49.8653
-49.8806
-49.8952
-49.9092
-49.9225
-49.9354
-49.9477
-49.9596
-49.9711
-49.9821
-49.9927
-50.003
-50.013
-50.0227
-50.0321
-50.0412
-50.05
-50.0586
-50.067
-50.0752
-50.0832
-50.091
-50.0986
-50.106
-50.1132
-50.1203
-50.1271
-50.1338
-50.1403
-50.1466
-50.1527
-50.1586
-50.1644
-50.1699
-50.1752
-50.1804
-50.1854
-50.1902
-50.1948
-50.1992
-50.2034
-50.2075
-50.2114
-50.2152
-50.2187
-50.2221
-50.2254
-50.2285
-50.2315
-50.2343
-50.237
-50.2396
-50.242
-50.2443
-50.2465
-50.2485
-50.2505
-50.2523
-50.254
-50.2556
-50.2571
-50.2585
-50.2598
-50.261
-50.2621
-50.2631
-50.264
-50.2648
-50.2655
-50.2662
-50.2667
-50.2672
-50.2676
-50.2679
-50.2682
-50.2684
-50.2684
-50.2685
-50.2684
-50.2683
-50.2681
-50.2678
-50.2675
-50.2671
-50.2666
-50.2661
-50.2655
-50.2648
-50.264
-50.2633
-50.2624
-50.2615
-50.2605
-50.2594
-50.2583
-50.2572
-50.2559
-50.2547
-50.2533
-50.2519
-50.2505
-50.249
-50.2474
-50.2458
-50.2441
-50.2424
-50.2406
-50.2388
-50.2369
-50.235
-50.2331
-50.231
-50.229
-50.2269
-50.2247
-50.2225
-50.2202
-50.2179
-50.2156
-50.2132
-50.2108
-50.2083
-50.2058
-50.2032
-50.2006
-50.198
-50.1953
-50.1926
-50.1898
-50.187
-50.1841
-50.1813
-50.1783
-50.1754
-50.1724
-50.1694
-50.1663
-50.1632
-50.16
-50.1569
-50.1536
-50.1504
-50.1471
-50.1438
-50.1404
-50.137
-50.1336
-50.1302
-50.1267
-50.1231
-50.1196
-50.116
-50.1124
-50.1087
-50.1051
-50.1014
-50.0976
-50.0938
-50.09
-50.0862
-50.0823
-50.0785
-50.0745
-50.0706
-50.0666
-50.0626
-50.0586
-50.0545
-50.0504
-50.0463
-50.0422
-50.038
-50.0338
-50.0296
-50.0253
-50.021
-50.0167
-50.0124
-50.0081
-50.0037
-49.9993
-49.9949
-49.9904
-49.9859
-49.9814
-49.9769
-49.9724
-49.9678
-49.9632
-49.9586
-49.9539
-49.9493
-49.9446
-49.9399
-49.9351
-49.9304
-49.9256
-49.9208
-49.916
-49.9112
-49.9063
-49.9014
-49.8965
-49.8916
-49.8866
-49.8817
-49.8767
-49.8717
-49.8667
-49.8616
-49.8566
-49.8515
-49.8464
-49.8413
-49.8361
-49.831
-49.8258
-49.8206
-49.8154
-49.8101
-49.8049
-49.7996
-49.7943
-49.789
-49.7837
-49.7784
-49.773
-49.7676
-49.7622
-49.7568
-49.7514
-49.7459
-49.7405
-49.735
-49.7295
-49.724
-49.7185
-49.7129
-49.7074
-49.7018
-49.6962
-49.6906
-49.685
-49.6794
-49.6737
-49.6681
-49.6624
-49.6567
-49.651
-49.6452
-49.6395
-49.6338
-49.628
-49.6222
-49.6164
-49.6106
-49.6048
-49.5989
-49.5931
-49.5872
-49.5814
-49.5755
-49.5696
-49.5636
-49.5577
-49.5518
-49.5458
-49.5398
-49.5339
-49.5279
-49.5219
-49.5158
-49.5098
-49.5038
-49.4977
-49.4916
-49.4856
-49.4795
-49.4734
-49.4673
-49.4611
-49.455
-49.4488
-49.4427
-49.4365
-49.4303
-49.4241
-49.4179
-49.4117
-49.4055
-49.3992
-49.393
-49.3867
-49.3805
-49.3742
-49.3679
-49.3616
-49.3553
-49.349
-49.3426
-49.3363
-49.33
-49.3236
-49.3172
-49.3108
-49.3045
-49.2981
-49.2917
-49.2852
-49.2788
-49.2724
-49.2659
-49.2595
-49.253
-49.2465
-49.2401
-49.2336
-49.2271
-49.2206
-49.2141
-49.2075
-49.201
-49.1945
-49.1879
-49.1814
-49.1748
-49.1682
-49.1616
-49.1551
-49.1485
-49.1419
-49.1353
-49.1286
-49.122
-49.1154
-49.1087
-49.1021
-49.0954
-49.0888
-49.0821
-49.0754
-49.0687
-49.062
-49.0553
-49.0486
-49.0419
-49.0352
-49.0285
-49.0217
-49.015
-49.0083
-49.0015
-48.9947
-48.988
-48.9812
-48.9744
-48.9677
-48.9609
-48.9541
-48.9473
-48.9405
-48.9336
-48.9268
-48.92
-48.9132
-48.9063
-48.8995
-48.8926
-48.8858
-48.8789
-48.8721
-48.8652
-48.8583
-48.8514
-48.8445
-48.8377
-48.8308
-48.8239
-48.817
-48.81
-48.8031
-48.7962
-48.7893
-48.7824
-48.7754
-48.7685
-48.7615
-48.7546
-48.7476
-48.7407
-48.7337
-48.7267
-48.7198
-48.7128
-48.7058
-48.6988
-48.6918
-48.6849
-48.6779
-48.6709
-48.6639
-48.6568
-48.6498
-48.6428
-48.6358
-48.6288
-48.6218
-48.6147
-48.6077
-48.6007
-48.5936
-48.5866
-48.5795
-48.5725
-48.5654
-48.5584
-48.5513
-48.5442
-48.5372
-48.5301
-48.523
-48.5159
-48.5089
-48.5018
-48.4947
-48.4876
-48.4805
-48.4734
-48.4663
-48.4592
-48.4521
-48.445
-48.4379
-48.4308
-48.4237
-48.4166
-48.4095
-48.4023
-48.3952
-48.3881
-48.381
-48.3738
-48.3667
-48.3596
-48.3524
-48.3453
-48.3382
-48.331
-48.3239
-48.3167
-48.3096
-48.3024
-48.2953
-48.2881
-48.281
-48.2738
-48.2667
-48.2595
-48.2523
-48.2452
-48.238
-48.2309
-48.2237
-48.2165
-48.2093
-48.2022
-48.195
-48.1878
-48.1806
-48.1735
-48.1663
-48.1591
-48.1519
-48.1448
-48.1376
-48.1304
-48.1232
-48.116
-48.1088
-48.1016
-48.0944
-48.0873
-48.0801
-48.0729
-48.0657
-48.0585
-48.0513
-48.0441
-48.0369
-48.0297
-48.0225
-48.0153
-48.0081
-48.0009
-47.9937
-47.9865
-47.9793
-47.9721
-47.9649
-47.9577
-47.9505
-47.9433
-47.9361
-47.9289
-47.9217
-47.9145
-47.9073
-47.9001
-47.8929
-47.8857
-47.8785
-47.8713
-47.8641
-47.8569
-47.8497
-47.8425
-47.8353
-47.8281
-47.8209
-47.8137
-47.8065
-47.7993
-47.7921
-47.7849
-47.7777
-47.7705
-47.7633
-47.7561
-47.7489
-47.7417
-47.7345
-47.7273
-47.7201
-47.7129
-47.7057
-47.6985
-47.6913
-47.6841
-47.6769
-47.6697
-47.6625
-47.6553
-47.6481
-47.6409
-47.6337
-47.6265
-47.6194
-47.6122
-47.605
-47.5978
-47.5906
-47.5834
-47.5762
-47.5691
-47.5619
-47.5547
-47.5475
-47.5403
-47.5332
-47.526
-47.5188
-47.5116
-47.5045
-47.4973
-47.4901
-47.4829
-47.4758
-47.4686
-47.4614
-47.4543
-47.4471
-47.44
-47.4328
-47.4256
-47.4185
-47.4113
-47.4042
-47.397
-47.3899
-47.3827
-47.3756
-47.3684
-47.3613
-47.3541
-47.347
-47.3398
-47.3327
-47.3255
-47.3184
-47.3113
-47.3041
-47.297
-47.2899
-47.2828
-47.2756
-47.2685
-47.2614
-47.2543
-47.2471
-47.24
-47.2329
-47.2258
-47.2187
-47.2116
-47.2044
-47.1973
-47.1902
-47.1831
-47.176
-47.1689
-47.1618
-47.1547
-47.1476
-47.1405
-47.1335
-47.1264
-47.1193
-47.1122
-47.1051
-47.098
-47.091
-47.0839
-47.0768
-47.0697
-47.0627
-47.0556
-47.0485
-47.0415
-47.0344
-47.0274
-47.0203
-47.0132
-47.0062
-46.9991
-46.9921
-46.9851
-46.978
-46.971
-46.9639
-46.9569
-46.9499
-46.9428
-46.9358
-46.9288
-46.9217
-46.9147
-46.9077
-46.9007
-46.8937
-46.8867
-46.8797
-46.8726
-46.8656
-46.8586
-46.8516
-46.8446
-46.8376
-46.8307
-46.8237
-46.8167
-46.8097
-46.8027
-46.7957
-46.7888
-46.7818
-46.7748
-46.7678
-46.7609
-46.7539
-46.7469
-46.74
-46.733
-46.7261
-46.7191
-46.7122
-46.7052
-46.6983
-46.6913
-46.6844
-46.6775
-46.6705
-46.6636
-46.6567
-46.6498
-46.6428
-46.6359
-46.629
-46.6221
-46.6152
-46.6083
-46.6014
-46.5945
-46.5876
-46.5807
-46.5738
-46.5669
-46.56
-46.5531
-46.5462
-46.5393
-46.5325
-46.5256
-46.5187
-46.5118
-46.505
-46.4981
-46.4913
-46.4844
-46.4775
-46.4707
-46.4638
-46.457
-46.4501
-46.4433
-46.4365
-46.4296
-46.4228
-46.416
-46.4091
-46.4023
-46.3955
-46.3887
-46.3819
-46.3751
-46.3682
-46.3614
-46.3546
-46.3478
-46.341
-46.3342
-46.3275
-46.3207
-46.3139
-46.3071
-46.3003
-46.2935
-46.2868
-46.28
-46.2732
-46.2665
-46.2597
-46.2529
-46.2462
-46.2394
-46.2327
-46.2259
-46.2192
-46.2124
-46.2057
-46.199
-46.1922
-46.1855
-46.1788
-46.172
-46.1653
-46.1586
-46.1519
-46.1452
-46.1385
-46.1317
-46.125
-46.1183
-46.1116
-46.1049
-46.0982
-46.0916
-46.0849
-46.0782
-46.0715
-46.0648
-46.0581
-46.0515
-46.0448
-46.0381
-46.0315
-46.0248
-46.0181
-46.0115
-46.0048
-45.9982
-45.9915
-45.9849
-45.9782
-45.9716
-45.965
-45.9583
-45.9517
-45.9451
-45.9384
-45.9318
-45.9252
-45.9186
-45.912
-45.9054
-45.8987
-45.8921
-45.8855
-45.8789
-45.8723
-45.8657
-45.8591
-45.8525
-45.846
-45.8394
-45.8328
-45.8262
-45.8196
-45.8131
-45.8065
-45.7999
-45.7933
-45.7868
-45.7802
-45.7737
-45.7671
-45.7605
-45.754
-45.7474
-45.7409
-45.7343
-45.7278
-45.7213
-45.7147
-45.7082
-45.7016
-45.6951
-45.6886
-45.6821
-45.6755
-45.669
-45.6625
-45.656
-45.6495
-45.6429
-45.6364
-45.6299
-45.6234
-45.6169
-45.6104
-45.6039
-45.5974
-45.5909
-45.5844
-45.5779
-45.5714
-45.565
-45.5585
-45.552
-45.5455
-45.539
-45.5325
-45.5261
-45.5196
-45.5131
-45.5066
-45.5002
-45.4937
-45.4872
-45.4808
-45.4743
-45.4678
-45.4614
-45.4549
-45.4485
-45.442
-45.4356
-45.4291
-45.4227
-45.4162
-45.4098
-45.4033
-45.3969
-45.3904
-45.384
-45.3775
-45.3711
-45.3646
-45.3582
-45.3518
-45.3453
-45.3389
-45.3325
-45.326
-45.3196
-45.3132
-45.3067
-45.3003
-45.2939
-45.2874
-45.281
-45.2746
-45.2681
-45.2617
-45.2553
-45.2489
-45.2424
-45.236
-45.2296
-45.2232
-45.2167
-45.2103
-45.2039
-45.1974
-45.191
-45.1846
-45.1782
-45.1717
-45.1653
-45.1589
-45.1525
-45.146
-45.1396
-45.1332
-45.1267
-45.1203
-45.1139
-45.1074
-45.101
-45.0946
-45.0881
-45.0817
-45.0752
-45.0688
-45.0624
-45.0559
-45.0495
-45.043
-45.0366
-45.0301
-45.0237
-45.0172
-45.0108
-45.0043
-44.9978
-44.9914
-44.9849
-44.9785
-44.972
-44.9655
-44.959
-44.9526
-44.9461
-44.9396
-44.9331
-44.9266
-44.9201
-44.9136
-44.9071
-44.9006
-44.8941
-44.8876
-44.8811
-44.8745
-44.868
-44.8615
-44.8549
-44.8484
-44.8418
-44.8353
-44.8287
-44.8222
-44.8156
-44.809
-44.8025
-44.7959
-44.7893
-44.7827
-44.7761
-44.7695
-44.7628
-44.7562
-44.7496
-44.7429
-44.7363
-44.7296
-44.723
-44.7163
-44.7096
-44.7029
-44.6962
-44.6895
-44.6828
-44.6761
-44.6694
-44.6626
-44.6559
-44.6491
-44.6423
-44.6355
-44.6287
-44.6219
-44.6151
-44.6083
-44.6014
-44.5945
-44.5877
-44.5808
-44.5739
-44.567
-44.56
-44.5531
-44.5461
-44.5392
-44.5322
-44.5252
-44.5182
-44.5111
-44.5041
-44.497
-44.4899
-44.4828
-44.4757
-44.4685
-44.4613
-44.4542
-44.4469
-44.4397
-44.4325
-44.4252
-44.4179
-44.4106
-44.4032
-44.3959
-44.3885
-44.381
-44.3736
-44.3661
-44.3586
-44.3511
-44.3435
-44.3359
-44.3283
-44.3206
-44.313
-44.3052
-44.2975
-44.2897
-44.2819
-44.274
-44.2661
-44.2582
-44.2502
-44.2422
-44.2341
-44.226
-44.2178
-44.2097
-44.2014
-44.1931
-44.1848
-44.1764
-44.168
-44.1595
-44.1509
-44.1423
-44.1337
-44.125
-44.1162
-44.1073
-44.0984
-44.0895
-44.0804
-44.0713
-44.0622
-44.0529
-44.0436
-44.0342
-44.0247
-44.0151
-44.0054
-43.9957
-43.9858
-43.9758
-43.9658
-43.9556
-43.9454
-43.935
-43.9245
-43.9139
-43.9031
-43.8922
-43.8812
-43.87
-43.8587
-43.8472
-43.8355
-43.8236
-43.8116
-43.7994
-43.7869
-43.7742
-43.7612
-43.748
-43.7345
-43.7207
-43.7065
-43.6919

