-72
-71.9938
-71.9885
-71.9832
-71.9779
-71.9726
-71.9673
-71.9619
-71.9566
-71.9513
-71.946
-71.9407
-71.9354
-71.9301
-71.9248
-71.9196
-71.9143
-71.909
-71.9037
-71.8984
-71.8931
-71.8878
-71.8825
-71.8773
-71.872
-71.8667
-71.8614
-71.8562
-71.8509
-71.8456
-71.8403
-71.8351
-71.8298
-71.8245
-71.8193
-71.814
-71.8088
-71.8035
-71.7983
-71.793
-71.7877
-71.7825
-71.7773
-71.772
-71.7668
-71.7615
-71.7563
-71.7511
-71.7458
-71.7406
-71.7354
-71.7301
-71.7249
-71.7197
-71.7145
-71.7092
-71.704
-71.6988
-71.6936
-71.6884
-71.6832
-71.678
-71.6728
-71.6676
-71.6624
-71.6572
-71.652
-71.6468
-71.6416
-71.6364
-71.6312
-71.6261
-71.6209
-71.6157
-71.6105
-71.6054
-71.6002
-71.595
-71.5899
-71.5847
-71.5795
-71.5744
-71.5692
-71.5641
-71.5589
-71.5538
-71.5486
-71.5435
-71.5384
-71.5332
-71.5281
-71.523
-71.5178
-71.5127
-71.5076
-71.5025
-71.4974
-71.4922
-71.4871
-71.482
-71.4769
-71.4718
-71.4667
-71.4616
-71.4565
-71.4514
-71.4463
-71.4412
-71.4362
-71.4311
-71.426
-71.4209
-71.4158
-71.4108
-71.4057
-71.4006
-71.3956
-71.3905
-71.3855
-71.3804
-71.3754
-71.3703
-71.3653
-71.3602
-71.3552
-71.3501
-71.3451
-71.3401
-71.335
-71.33
-71.325
-71.32
-71.3149
-71.3099
-71.3049
-71.2999
-71.2949
-71.2899
-71.2849
-71.2799
-71.2749
-71.2699
-71.2649
-71.2599
-71.2549
-71.25
-71.245
-71.24
-71.235
-71.2301
-71.2251
-71.2201
-71.2152
-71.2102
-71.2052
-71.2003
-71.1953
-71.1904
-71.1854
-71.1805
-71.1756
-71.1706
-71.1657
-71.1608
-71.1558
-71.1509
-71.146
-71.1411
-71.1361
-71.1312
-71.1263
-71.1214
-71.1165
-71.1116
-71.1067
-71.1018
-71.0969
-71.092
-71.0871
-71.0822
-71.0773
-71.0725
-71.0676
-71.0627
-71.0578
-71.053
-71.0481
-71.0432
-71.0384
-71.0335
-71.0287
-71.0238
-71.019
-71.0141
-71.0093
-71.0044
-70.9996
-70.9947
-70.9899
-70.9851
-70.9803
-70.9754
-70.9706
-70.9658
-70.961
-70.9562
-70.9513
-70.9465
-70.9417
-70.9369
-70.9321
-70.9273
-70.9225
-70.9177
-70.913
-70.9082
-70.9034
-70.8986
-70.8938
-70.889
-70.8843
-70.8795
-70.8747
-70.87
-70.8652
-70.8605
-70.8557
-70.8509
-70.8462
-70.8414
-70.8367
-70.832
-70.8272
-70.8225
-70.8177
-70.813
-70.8083
-70.8036
-70.7988
-70.7941
-70.7894
-70.7847
-70.78
-70.7753
-70.7705
-70.7658
-70.7611
-70.7564
-70.7517
-70.7471
-70.7424
-70.7377
-70.733
-70.7283
-70.7236
-70.7189
-70.7143
-70.7096
-70.7049
-70.7003
-70.6956
-70.6909
-70.6863
-70.6816
-70.677
-70.6723
-70.6677
-70.663
-70.6584
-70.6537
-70.6491
-70.6445
-70.6398
-70.6352
-70.6306
-70.626
-70.6213
-70.6167
-70.6121
-70.6075
-70.6029
-70.5983
-70.5936
-70.589
-70.5844
-70.5798
-70.5752
-70.5707
-70.5661
-70.5615
-70.5569
-70.5523
-70.5477
-70.5431
-70.5386
-70.534
-70.5294
-70.5249
-70.5203
-70.5157
-70.5112
-70.5066
-70.5021
-70.4975
-70.493
-70.4884
-70.4839
-70.4793
-70.4748
-70.4702
-70.4657
-70.4612
-70.4566
-70.4521
-70.4476
-70.4431
-70.4386
-70.434
-70.4295
-70.425
-70.4205
-70.416
-70.4115
-70.407
-70.4025
-70.398
-70.3935
-70.389
-70.3845
-70.38
-70.3755
-70.3711
-70.3666
-70.3621
-70.3576
-70.3531
-70.3487
-70.3442
-70.3397
-70.3353
-70.3308
-70.3264
-70.3219
-70.3174
-70.313
-70.3085
-70.3041
-70.2997
-70.2952
-70.2908
-70.2863
-70.2819
-70.2775
-70.273
-70.2686
-70.2642
-70.2598
-70.2553
-70.2509
-70.2465
-70.2421
-70.2377
-70.2333
-70.2289
-70.2245
-70.2201
-70.2157
-70.2113
-70.2069
-70.2025
-70.1981
-70.1937
-70.1893
-70.1849
-70.1805
-70.1762
-70.1718
-70.1674
-70.163
-70.1587
-70.1543
-70.1499
-70.1456
-70.1412
-70.1369
-70.1325
-70.1281
-70.1238
-70.1194
-70.1151
-70.1108
-70.1064
-70.1021
-70.0977
-70.0934
-70.0891
-70.0847
-70.0804
-70.0761
-70.0717
-70.0674
-70.0631
-70.0588
-70.0545
-70.0501
-70.0458
-70.0415
-70.0372
-70.0329
-70.0286
-70.0243
-70.02
-70.0157
-70.0114
-70.0071
-70.0028
-69.9985
-69.9943
-69.99
-69.9857
-69.9814
-69.9771
-69.9729
-69.9686
-69.9643
-69.96
-69.9558
-69.9515
-69.9472
-69.943
-69.9387
-69.9345
-69.9302
-69.9259
-69.9217
-69.9174
-69.9132
-69.909
-69.9047
-69.9005
-69.8962
-69.892
-69.8878
-69.8835
-69.8793
-69.8751
-69.8708
-69.8666
-69.8624
-69.8582
-69.8539
-69.8497
-69.8455
-69.8413
-69.8371
-69.8329
-69.8287
-69.8245
-69.8202
-69.816
-69.8118
-69.8076
-69.8034
-69.7993
-69.7951
-69.7909
-69.7867
-69.7825
-69.7783
-69.7741
-69.7699
-69.7658
-69.7616
-69.7574
-69.7532
-69.7491
-69.7449
-69.7407
-69.7366
-69.7324
-69.7282
-69.7241
-69.7199
-69.7157
-69.7116
-69.7074
-69.7033
-69.6991
-69.695
-69.6908
-69.6867
-69.6826
-69.6784
-69.6743
-69.6701
-69.666
-69.6619
-69.6577
-69.6536
-69.6495
-69.6453
-69.6412
-69.6371
-69.633
-69.6288
-69.6247
-69.6206
-69.6165
-69.6124
-69.6083
-69.6042
-69.6
-69.5959
-69.5918
-69.5877
-69.5836
-69.5795
-69.5754
-69.5713
-69.5672
-69.5631
-69.559
-69.555
-69.5509
-69.5468
-69.5427
-69.5386
-69.5345
-69.5304
-69.5264
-69.5223
-69.5182
-69.5141
-69.5101
-69.506
-69.5019
-69.4978
-69.4938
-69.4897
-69.4856
-69.4816
-69.4775
-69.4735
-69.4694
-69.4653
-69.4613
-69.4572
-69.4532
-69.4491
-69.4451
-69.441
-69.437
-69.4329
-69.4289
-69.4249
-69.4208
-69.4168
-69.4127
-69.4087
-69.4047
-69.4006
-69.3966
-69.3926
-69.3885
-69.3845
-69.3805
-69.3765
-69.3724
-69.3684
-69.3644
-69.3604
-69.3564
-69.3523
-69.3483
-69.3443
-69.3403
-69.3363
-69.3323
-69.3283
-69.3243
-69.3203
-69.3163
-69.3123
-69.3083
-69.3043
-69.3003
-69.2963
-69.2923
-69.2883
-69.2843
-69.2803
-69.2763
-69.2723
-69.2683
-69.2643
-69.2603
-69.2563
-69.2524
-69.2484
-69.2444
-69.2404
-69.2364
-69.2325
-69.2285
-69.2245
-69.2205
-69.2165
-69.2126
-69.2086
-69.2046
-69.2007
-69.1967
-69.1927
-69.1888
-69.1848
-69.1808
-69.1769
-69.1729
-69.169
-69.165
-69.161
-69.1571
-69.1531
-69.1492
-69.1452
-69.1413
-69.1373
-69.1334
-69.1294
-69.1255
-69.1215
-69.1176
-69.1136
-69.1097
-69.1057
-69.1018
-69.0979
-69.0939
-69.09
-69.086
-69.0821
-69.0782
-69.0742
-69.0703
-69.0664
-69.0624
-69.0585
-69.0546
-69.0506
-69.0467
-69.0428
-69.0389
-69.0349
-69.031
-69.0271
-69.0232
-69.0192
-69.0153
-69.0114
-69.0075
-69.0036
-68.9996
-68.9957
-68.9918
-68.9879
-68.984
-68.9801
-68.9762
-68.9722
-68.9683
-68.9644
-68.9605
-68.9566
-68.9527
-68.9488
-68.9449
-68.941
-68.9371
-68.9332
-68.9293
-68.9254
-68.9215
-68.9176
-68.9137
-68.9098
-68.9059
-68.902
-68.8981
-68.8942
-68.8903
-68.8864
-68.8825
-68.8786
-68.8747
-68.8708
-68.8669
-68.863
-68.8591
-68.8553
-68.8514
-68.8475
-68.8436
-68.8397
-68.8358
-68.8319
-68.828
-68.8242
-68.8203
-68.8164
-68.8125
-68.8086
-68.8047
-68.8009
-68.797
-68.7931
-68.7892
-68.7853
-68.7815
-68.7776
-68.7737
-68.7698
-68.766
-68.7621
-68.7582
-68.7543
-68.7505
-68.7466
-68.7427
-68.7388
-68.735
-68.7311
-68.7272
-68.7234
-68.7195
-68.7156
-68.7117
-68.7079
-68.704
-68.7001
-68.6963
-68.6924
-68.6885
-68.6847
-68.6808
-68.6769
-68.6731
-68.6692
-68.6653
-68.6615
-68.6576
-68.6538
-68.6499
-68.646
-68.6422
-68.6383
-68.6344
-68.6306
-68.6267
-68.6229
-68.619
-68.6151
-68.6113
-68.6074
-68.6036
-68.5997
-68.5958
-68.592
-68.5881
-68.5843
-68.5804
-68.5765
-68.5727
-68.5688
-68.565
-68.5611
-68.5573
-68.5534
-68.5495
-68.5457
-68.5418
-68.538
-68.5341
-68.5303
-68.5264
-68.5225
-68.5187
-68.5148
-68.511
-68.5071
-68.5033
-68.4994
-68.4956
-68.4917
-68.4878
-68.484
-68.4801
-68.4763
-68.4724
-68.4686
-68.4647
-68.4609
-68.457
-68.4532
-68.4493
-68.4454
-68.4416
-68.4377
-68.4339
-68.43
-68.4262
-68.4223
-68.4185
-68.4146
-68.4108
-68.4069
-68.403
-68.3992
-68.3953
-68.3915
-68.3876
-68.3838
-68.3799
-68.3761
-68.3722
-68.3683
-68.3645
-68.3606
-68.3568
-68.3529
-68.3491
-68.3452
-68.3413
-68.3375
-68.3336
-68.3298
-68.3259
-68.322
-68.3182
-68.3143
-68.3105
-68.3066
-68.3028
-68.2989
-68.295
-68.2912
-68.2873
-68.2834
-68.2796
-68.2757
-68.2719
-68.268
-68.2641
-68.2603
-68.2564
-68.2525
-68.2487
-68.2448
-68.241
-68.2371
-68.2332
-68.2294
-68.2255
-68.2216
-68.2178
-68.2139
-68.21
-68.2062
-68.2023
-68.1984
-68.1945
-68.1907
-68.1868
-68.1829
-68.1791
-68.1752
-68.1713
-68.1674
-68.1636
-68.1597
-68.1558
-68.1519
-68.1481
-68.1442
-68.1403
-68.1364
-68.1326
-68.1287
-68.1248
-68.1209
-68.117
-68.1132
-68.1093
-68.1054
-68.1015
-68.0976
-68.0938
-68.0899
-68.086
-68.0821
-68.0782
-68.0743
-68.0704
-68.0665
-68.0627
-68.0588
-68.0549
-68.051
-68.0471
-68.0432
-68.0393
-68.0354
-68.0315
-68.0276
-68.0237
-68.0198
-68.0159
-68.012
-68.0081
-68.0042
-68.0003
-67.9964
-67.9925
-67.9886
-67.9847
-67.9808
-67.9769
-67.973
-67.9691
-67.9652
-67.9613
-67.9574
-67.9534
-67.9495
-67.9456
-67.9417
-67.9378
-67.9339
-67.9299
-67.926
-67.9221
-67.9182
-67.9143
-67.9103
-67.9064
-67.9025
-67.8986
-67.8946
-67.8907
-67.8868
-67.8829
-67.8789
-67.875
-67.8711
-67.8671
-67.8632
-67.8593
-67.8553
-67.8514
-67.8474
-67.8435
-67.8396
-67.8356
-67.8317
-67.8277
-67.8238
-67.8198
-67.8159
-67.8119
-67.808
-67.804
-67.8001
-67.7961
-67.7922
-67.7882
-67.7843
-67.7803
-67.7763
-67.7724
-67.7684
-67.7644
-67.7605
-67.7565
-67.7525
-67.7486
-67.7446
-67.7406
-67.7367
-67.7327
-67.7287
-67.7247
-67.7207
-67.7168
-67.7128
-67.7088
-67.7048
-67.7008
-67.6968
-67.6928
-67.6889
-67.6849
-67.6809
-67.6769
-67.6729
-67.6689
-67.6649
-67.6609
-67.6569
-67.6529
-67.6489
-67.6448
-67.6408
-67.6368
-67.6328
-67.6288
-67.6248
-67.6208
-67.6168
-67.6127
-67.6087
-67.6047
-67.6007
-67.5966
-67.5926
-67.5886
-67.5845
-67.5805
-67.5765
-67.5724
-67.5684
-67.5643
-67.5603
-67.5563
-67.5522
-67.5482
-67.5441
-67.5401
-67.536
-67.532
-67.5279
-67.5238
-67.5198
-67.5157
-67.5117
-67.5076
-67.5035
-67.4994
-67.4954
-67.4913
-67.4872
-67.4831
-67.4791
-67.475
-67.4709
-67.4668
-67.4627
-67.4586
-67.4545
-67.4505
-67.4464
-67.4423
-67.4382
-67.4341
-67.43
-67.4258
-67.4217
-67.4176
-67.4135
-67.4094
-67.4053
-67.4012
-67.397
-67.3929
-67.3888
-67.3847
-67.3805
-67.3764
-67.3723
-67.3681
-67.364
-67.3599
-67.3557
-67.3516
-67.3474
-67.3433
-67.3391
-67.335
-67.3308
-67.3266
-67.3225
-67.3183
-67.3142
-67.31
-67.3058
-67.3016
-67.2975
-67.2933
-67.2891
-67.2849
-67.2807
-67.2766
-67.2724
-67.2682
-67.264
-67.2598
-67.2556
-67.2514
-67.2472
-67.243
-67.2388
-67.2345
-67.2303
-67.2261
-67.2219
-67.2177
-67.2134
-67.2092
-67.205
-67.2007
-67.1965
-67.1923
-67.188
-67.1838
-67.1795
-67.1753
-67.171
-67.1668
-67.1625
-67.1583
-67.154
-67.1497
-67.1455
-67.1412
-67.1369
-67.1326
-67.1284
-67.1241
-67.1198
-67.1155
-67.1112
-67.1069
-67.1026
-67.0983
-67.094
-67.0897
-67.0854
-67.0811
-67.0768
-67.0724
-67.0681
-67.0638
-67.0595
-67.0551
-67.0508
-67.0465
-67.0421
-67.0378
-67.0334
-67.0291
-67.0247
-67.0204
-67.016
-67.0116
-67.0073
-67.0029
-66.9985
-66.9942
-66.9898
-66.9854
-66.981
-66.9766
-66.9722
-66.9678
-66.9634
-66.959
-66.9546
-66.9502
-66.9458
-66.9414
-66.937
-66.9326
-66.9281
-66.9237
-66.9193
-66.9148
-66.9104
-66.9059
-66.9015
-66.8971
-66.8926
-66.8881
-66.8837
-66.8792
-66.8747
-66.8703
-66.8658
-66.8613
-66.8568
-66.8523
-66.8479
-66.8434
-66.8389
-66.8344
-66.8299
-66.8253
-66.8208
-66.8163
-66.8118
-66.8073
-66.8027
-66.7982
-66.7937
-66.7891
-66.7846
-66.78
-66.7755
-66.7709
-66.7664
-66.7618
-66.7572
-66.7527
-66.7481
-66.7435
-66.7389
-66.7343
-66.7297
-66.7251
-66.7205
-66.7159
-66.7113
-66.7067
-66.7021
-66.6975
-66.6929
-66.6882
-66.6836
-66.6789
-66.6743
-66.6697
-66.665
-66.6603
-66.6557
-66.651
-66.6463
-66.6417
-66.637
-66.6323
-66.6276
-66.6229
-66.6182
-66.6135
-66.6088
-66.6041
-66.5994
-66.5947
-66.59
-66.5852
-66.5805
-66.5758
-66.571
-66.5663
-66.5615
-66.5568
-66.552
-66.5472
-66.5425
-66.5377
-66.5329
-66.5281
-66.5233
-66.5185
-66.5137
-66.5089
-66.5041
-66.4993
-66.4945
-66.4896
-66.4848
-66.48
-66.4751
-66.4703
-66.4654
-66.4606
-66.4557
-66.4508
-66.446
-66.4411
-66.4362
-66.4313
-66.4264
-66.4215
-66.4166
-66.4117
-66.4068
-66.4019
-66.3969
-66.392
-66.3871
-66.3821
-66.3772
-66.3722
-66.3673
-66.3623
-66.3573
-66.3524
-66.3474
-66.3424
-66.3374
-66.3324
-66.3274
-66.3224
-66.3174
-66.3123
-66.3073
-66.3023
-66.2972
-66.2922
-66.2871
-66.2821
-66.277
-66.272
-66.2669
-66.2618
-66.2567
-66.2516
-66.2465
-66.2414
-66.2363
-66.2312
-66.2261
-66.2209
-66.2158
-66.2106
-66.2055
-66.2003
-66.1952
-66.19
-66.1848
-66.1797
-66.1745
-66.1693
-66.1641
-66.1589
-66.1536
-66.1484
-66.1432
-66.138
-66.1327
-66.1275
-66.1222
-66.117
-66.1117
-66.1064
-66.1011
-66.0958
-66.0906
-66.0852
-66.0799
-66.0746
-66.0693
-66.064
-66.0586
-66.0533
-66.0479
-66.0426
-66.0372
-66.0318
-66.0264
-66.021
-66.0157
-66.0102
-66.0048
-65.9994
-65.994
-65.9885
-65.9831
-65.9776
-65.9722
-65.9667
-65.9612
-65.9557
-65.9502
-65.9447
-65.9392
-65.9337
-65.9282
-65.9226
-65.9171
-65.9115
-65.9059
-65.9003
-65.8947
-65.8891
-65.8835
-65.8779
-65.8722
-65.8665
-65.8608
-65.8551
-65.8494
-65.8437
-65.8379
-65.8321
-65.8263
-65.8205
-65.8146
-65.8087
-65.8028
-65.7968
-65.7908
-65.7847
-65.7786
-65.7724
-65.7661
-65.7598
-65.7534
-65.7468
-65.7402
-65.7335
-65.7267
-65.7197
-65.7126
-65.7053
-65.6979
-65.6903
-65.6824
-65.6743
-65.6659
-65.657
-65.6477
-65.6379
-65.6274
-65.6164
-65.6046
-65.592
-65.5786
-65.5643
-65.549
-65.5328
-65.5154
-65.4969
-65.4771
-65.456
-65.4333
-65.4088
-65.3821
-65.3522
-65.3176
-65.2769
-65.2291
-65.1737
-65.1104
-65.0394
-64.9605
-64.8738
-64.7795
-64.6775
-64.5677
-64.4501
-64.3243
-64.1897
-64.0455
-63.8903
-63.7216
-63.5354
-63.3238
-63.0707
-62.7419
-62.2774
-61.6349
-60.8521
-59.987
-59.0763
-58.1409
-57.1925
-56.2363
-55.2734
-54.3015
-53.3148
-52.3036
-51.2531
-50.1417
-48.9365
-47.5856
-46.0026
-44.0299
-41.3499
-37.256
-30.2247
-16.9285
1.9585
19.4984
30.6499
37.2734
41.0939
43.1542
44.0695
44.2066
43.7967
42.9997
41.935
40.6952
39.3514
37.9562
36.5465
35.147
33.7736
32.4369
31.1455
29.9115
28.7613
27.7081
26.7246
25.7554
24.7747
23.7768
22.7647
21.7439
20.7198
19.6971
18.6794
17.6695
16.6695
15.6808
14.7046
13.7417
12.7925
11.8573
10.9363
10.0294
9.13666
8.25822
7.39416
6.5443
5.70815
4.88512
4.07475
3.27672
2.49078
1.71681
0.954679
0.204333
-0.534292
-1.26125
-1.9766
-2.68041
-3.37274
-4.05369
-4.72335
-5.38184
-6.02929
-6.66585
-7.29166
-7.90691
-8.51178
-9.10649
-9.69125
-10.2663
-10.8319
-11.3883
-11.9358
-12.4747
-13.0053
-13.5278
-14.0425
-14.5499
-15.0501
-15.5436
-16.0306
-16.5115
-16.9867
-17.4564
-17.9211
-18.381
-18.8366
-19.2882
-19.7362
-20.181
-20.6229
-21.0624
-21.4999
-21.9357
-22.3704
-22.8043
-23.2379
-23.6718
-24.1063
-24.5422
-24.9799
-25.42
-25.8633
-26.3104
-26.762
-27.2188
-27.6815
-28.151
-28.6279
-29.113
-29.6071
-30.111
-30.6255
-31.1513
-31.6893
-32.2401
-32.8047
-33.3839
-33.9788
-34.5911
-35.2231
-35.8776
-36.5576
-37.2661
-38.0052
-38.7759
-39.5779
-40.4097
-41.269
-42.153
-43.0582
-43.9827
-44.9241
-45.8804
-46.8493
-47.8285
-48.8155
-49.8079
-50.8031
-51.7986
-52.7915
-53.7791
-54.7586
-55.7271
-56.6819
-57.6203
-58.5398
-59.4379
-60.3125
-61.1615
-61.9831
-62.7757
-63.5381
-64.2693
-64.9686
-65.6356
-66.2702
-66.8726
-67.4431
-67.9824
-68.4913
-68.9707
-69.4218
-69.8457
-70.2436
-70.617
-70.967
-71.295
-71.6022
-71.8901
-72.1596
-72.4121
-72.6487
-72.8703
-73.0779
-73.2725
-73.455
-73.6261
-73.7866
-73.9373
-74.0788
-74.2116
-74.3364
-74.4536
-74.5637
-74.6672
-74.7645
-74.856
-74.9421
-75.023
-75.0991
-75.1708
-75.2382
-75.3016
-75.3614
-75.4176
-75.4706
-75.5205
-75.5675
-75.6118
-75.6536
-75.693
-75.7301
-75.7651
-75.7981
-75.8292
-75.8585
-75.8862
-75.9123
-75.937
-75.9602
-75.9821
-76.0028
-76.0223
-76.0407
-76.058
-76.0744
-76.0898
-76.1043
-76.118
-76.1308
-76.1429
-76.1543
-76.165
-76.1751
-76.1845
-76.1934
-76.2017
-76.2095
-76.2167
-76.2235
-76.2299
-76.2358
-76.2412
-76.2463
-76.2511
-76.2554
-76.2594
-76.2631
-76.2665
-76.2696
-76.2724
-76.2749
-76.2772
-76.2792
-76.281
-76.2826
-76.2839
-76.2851
-76.286
-76.2868
-76.2873
-76.2877
-76.288
-76.288
-76.2879
-76.2877
-76.2873
-76.2868
-76.2862
-76.2854
-76.2845
-76.2835
-76.2824
-76.2812
-76.2799
-76.2785
-76.277
-76.2754
-76.2737
-76.272
-76.2701
-76.2682
-76.2662
-76.2641
-76.262
-76.2598
-76.2576
-76.2553
-76.2529
-76.2505
-76.248
-76.2454
-76.2429
-76.2402
-76.2376
-76.2348
-76.2321
-76.2293
-76.2264
-76.2236
-76.2207
-76.2177
-76.2147
-76.2117
-76.2087
-76.2056
-76.2026
-76.1994
-76.1963
-76.1931
-76.1899
-76.1867
-76.1835
-76.1802
-76.1769
-76.1737
-76.1703
-76.167
-76.1637
-76.1603
-76.1569
-76.1535
-76.1501
-76.1467
-76.1433
-76.1398
-76.1364
-76.1329
-76.1295
-76.126
-76.1225
-76.119
-76.1155
-76.1119
-76.1084
-76.1049
-76.1013
-76.0978
-76.0942
-76.0907
-76.0871
-76.0835
-76.0799
-76.0764
-76.0728
-76.0692
-76.0656
-76.062
-76.0584
-76.0548
-76.0512
-76.0476
-76.0439
-76.0403
-76.0367
-76.0331
-76.0295
-76.0258
-76.0222
-76.0186
-76.0149
-76.0113
-76.0077
-76.004
-76.0004
-75.9967
-75.9931
-75.9895
-75.9858
-75.9822
-75.9785
-75.9749
-75.9712
-75.9676
-75.9639
-75.9603
-75.9566
-75.953
-75.9493
-75.9457
-75.942
-75.9384
-75.9347
-75.9311
-75.9274
-75.9238
-75.9201
-75.9165
-75.9128
-75.9092
-75.9055
-75.9019
-75.8982
-75.8946
-75.8909
-75.8872
-75.8836
-75.8799
-75.8763
-75.8726
-75.869
-75.8653
-75.8616
-75.858
-75.8543
-75.8507
-75.847
-75.8434
-75.8397
-75.836
-75.8324
-75.8287
-75.8251
-75.8214
-75.8177
-75.8141
-75.8104
-75.8067
-75.8031
-75.7994
-75.7957
-75.7921
-75.7884
-75.7847
-75.7811
-75.7774
-75.7737
-75.77
-75.7664
-75.7627
-75.759
-75.7553
-75.7516
-75.748
-75.7443
-75.7406
-75.7369
-75.7332
-75.7295
-75.7258
-75.7222
-75.7185
-75.7148
-75.7111
-75.7074
-75.7037
-75.7
-75.6963
-75.6926
-75.6889
-75.6852
-75.6814
-75.6777
-75.674
-75.6703
-75.6666
-75.6629
-75.6591
-75.6554
-75.6517
-75.648
-75.6442
-75.6405
-75.6368
-75.633
-75.6293
-75.6256
-75.6218
-75.6181
-75.6143
-75.6106
-75.6068
-75.6031
-75.5993
-75.5955
-75.5918
-75.588
-75.5842
-75.5805
-75.5767
-75.5729
-75.5691
-75.5653
-75.5616
-75.5578
-75.554
-75.5502
-75.5464
-75.5426
-75.5388
-75.535
-75.5312
-75.5274
-75.5235
-75.5197
-75.5159
-75.5121
-75.5083
-75.5044
-75.5006
-75.4968
-75.4929
-75.4891
-75.4852
-75.4814
-75.4775
-75.4737
-75.4698
-75.4659
-75.4621
-75.4582
-75.4543
-75.4505
-75.4466
-75.4427
-75.4388
-75.4349
-75.431
-75.4271
-75.4232
-75.4193
-75.4154
-75.4115
-75.4076
-75.4037
-75.3998
-75.3958
-75.3919
-75.388
-75.384
-75.3801
-75.3761
-75.3722
-75.3683
-75.3643
-75.3603
-75.3564
-75.3524
-75.3484
-75.3445
-75.3405
-75.3365
-75.3325
-75.3285
-75.3245
-75.3206
-75.3166
-75.3126
-75.3085
-75.3045
-75.3005
-75.2965
-75.2925
-75.2885
-75.2844
-75.2804
-75.2764
-75.2723
-75.2683
-75.2642
-75.2602
-75.2561
-75.252
-75.248
-75.2439
-75.2398
-75.2358
-75.2317
-75.2276
-75.2235
-75.2194
-75.2153
-75.2112
-75.2071
-75.203
-75.1989
-75.1948
-75.1907
-75.1865
-75.1824
-75.1783
-75.1742
-75.17
-75.1659
-75.1617
-75.1576
-75.1534
-75.1493
-75.1451
-75.1409
-75.1368
-75.1326
-75.1284
-75.1242
-75.12
-75.1159
-75.1117
-75.1075
-75.1033
-75.0991
-75.0948
-75.0906
-75.0864
-75.0822
-75.078
-75.0737
-75.0695
-75.0653
-75.061
-75.0568
-75.0525
-75.0483
-75.044
-75.0398
-75.0355
-75.0312
-75.027
-75.0227
-75.0184
-75.0141
-75.0098
-75.0056
-75.0013
-74.997
-74.9927
-74.9884
-74.984
-74.9797
-74.9754
-74.9711
-74.9668
-74.9624
-74.9581
-74.9538
-74.9494
-74.9451
-74.9407
-74.9364
-74.932
-74.9277
-74.9233
-74.9189
-74.9146
-74.9102
-74.9058
-74.9014
-74.897
-74.8927
-74.8883
-74.8839
-74.8795
-74.8751
-74.8707
-74.8662
-74.8618
-74.8574
-74.853
-74.8486
-74.8441
-74.8397
-74.8353
-74.8308
-74.8264
-74.8219
-74.8175
-74.813
-74.8086
-74.8041
-74.7996
-74.7952
-74.7907
-74.7862
-74.7817
-74.7773
-74.7728
-74.7683
-74.7638
-74.7593
-74.7548
-74.7503
-74.7458
-74.7413
-74.7368
-74.7322
-74.7277
-74.7232
-74.7187
-74.7141
-74.7096
-74.7051
-74.7005
-74.696
-74.6914
-74.6869
-74.6823
-74.6778
-74.6732
-74.6686
-74.6641
-74.6595
-74.6549
-74.6503
-74.6458
-74.6412
-74.6366
-74.632
-74.6274
-74.6228
-74.6182
-74.6136
-74.609
-74.6044
-74.5998
-74.5952
-74.5905
-74.5859
-74.5813
-74.5767
-74.572
-74.5674
-74.5628
-74.5581
-74.5535
-74.5488
-74.5442
-74.5395
-74.5349
-74.5302
-74.5255
-74.5209
-74.5162
-74.5115
-74.5069
-74.5022
-74.4975
-74.4928
-74.4881
-74.4835
-74.4788
-74.4741
-74.4694
-74.4647
-74.46
-74.4553
-74.4506
-74.4458
-74.4411
-74.4364
-74.4317
-74.427
-74.4223
-74.4175
-74.4128
-74.4081
-74.4033
-74.3986
-74.3939
-74.3891
-74.3844
-74.3796
-74.3749
-74.3701
-74.3654
-74.3606
-74.3558
-74.3511
-74.3463
-74.3415
-74.3368
-74.332
-74.3272
-74.3224
-74.3177
-74.3129
-74.3081
-74.3033
-74.2985
-74.2937
-74.2889
-74.2841
-74.2793
-74.2745
-74.2697
-74.2649
-74.2601
-74.2553
-74.2505
-74.2457
-74.2408
-74.236
-74.2312
-74.2264
-74.2216
-74.2167
-74.2119
-74.2071
-74.2022
-74.1974
-74.1925
-74.1877
-74.1829
-74.178
-74.1732
-74.1683
-74.1635
-74.1586
-74.1537
-74.1489
-74.144
-74.1392
-74.1343
-74.1294
-74.1246
-74.1197
-74.1148
-74.11
-74.1051
-74.1002
-74.0953
-74.0904
-74.0856
-74.0807
-74.0758
-74.0709
-74.066
-74.0611
-74.0562
-74.0513
-74.0464
-74.0415
-74.0366
-74.0317
-74.0268
-74.0219
-74.017
-74.0121
-74.0072
-74.0023
-73.9974
-73.9924
-73.9875
-73.9826
-73.9777
-73.9728
-73.9678
-73.9629
-73.958
-73.9531
-73.9481
-73.9432
-73.9383
-73.9333
-73.9284
-73.9235
-73.9185
-73.9136
-73.9087
-73.9037
-73.8988
-73.8938
-73.8889
-73.8839
-73.879
-73.874
-73.8691
-73.8641
-73.8592
-73.8542
-73.8493
-73.8443
-73.8393
-73.8344
-73.8294
-73.8245
-73.8195
-73.8145
-73.8096
-73.8046
-73.7996
-73.7947
-73.7897
-73.7847
-73.7798
-73.7748
-73.7698
-73.7648
-73.7599
-73.7549
-73.7499
-73.7449
-73.7399
-73.735
-73.73
-73.725
-73.72
-73.715
-73.71
-73.7051
-73.7001
-73.6951
-73.6901
-73.6851
-73.6801
-73.6751
-73.6701
-73.6651
-73.6602
-73.6552
-73.6502
-73.6452
-73.6402
-73.6352
-73.6302
-73.6252
-73.6202
-73.6152
-73.6102
-73.6052
-73.6002
-73.5952
-73.5902
-73.5852
-73.5802
-73.5752
-73.5702
-73.5652
-73.5602
-73.5552
-73.5501
-73.5451
-73.5401
-73.5351
-73.5301
-73.5251
-73.5201
-73.5151
-73.5101
-73.5051
-73.5001
-73.4951
-73.49
-73.485
-73.48
-73.475
-73.47
-73.465
-73.46
-73.455
-73.45
-73.4449
-73.4399
-73.4349
-73.4299
-73.4249
-73.4199
-73.4149
-73.4099
-73.4048
-73.3998
-73.3948
-73.3898
-73.3848
-73.3798
-73.3748
-73.3697
-73.3647
-73.3597
-73.3547
-73.3497
-73.3447
-73.3397
-73.3346
-73.3296
-73.3246
-73.3196
-73.3146
-73.3096
-73.3046
-73.2996
-73.2945
-73.2895
-73.2845
-73.2795
-73.2745
-73.2695
-73.2645
-73.2595
-73.2545
-73.2494
-73.2444
-73.2394
-73.2344
-73.2294
-73.2244
-73.2194
-73.2144
-73.2094
-73.2044
-73.1994
-73.1944
-73.1893
-73.1843
-73.1793
-73.1743
-73.1693
-73.1643
-73.1593
-73.1543
-73.1493
-73.1443
-73.1393
-73.1343
-73.1293
-73.1243
-73.1193
-73.1143
-73.1093
-73.1043
-73.0993
-73.0943
-73.0893
-73.0843
-73.0793
-73.0743
-73.0693
-73.0644
-73.0594
-73.0544
-73.0494
-73.0444
-73.0394
-73.0344
-73.0294
-73.0244
-73.0195
-73.0145
-73.0095
-73.0045
-72.9995
-72.9945
-72.9896
-72.9846
-72.9796
-72.9746
-72.9696
-72.9647
-72.9597
-72.9547
-72.9497
-72.9448
-72.9398
-72.9348
-72.9299
-72.9249
-72.9199
-72.915
-72.91
-72.905
-72.9001
-72.8951
-72.8901
-72.8852
-72.8802
-72.8753
-72.8703
-72.8653
-72.8604
-72.8554
-72.8505
-72.8455
-72.8406
-72.8356
-72.8307
-72.8257
-72.8208
-72.8158
-72.8109
-72.8059
-72.801
-72.7961
-72.7911
-72.7862
-72.7812
-72.7763
-72.7714
-72.7664
-72.7615
-72.7566
-72.7517
-72.7467
-72.7418
-72.7369
-72.732
-72.727
-72.7221
-72.7172
-72.7123
-72.7074
-72.7024
-72.6975
-72.6926
-72.6877
-72.6828
-72.6779
-72.673
-72.6681
-72.6632
-72.6583
-72.6534
-72.6485
-72.6436
-72.6387
-72.6338
-72.6289
-72.624
-72.6191
-72.6142
-72.6093
-72.6044
-72.5996
-72.5947
-72.5898
-72.5849
-72.58
-72.5752
-72.5703
-72.5654
-72.5605
-72.5557
-72.5508
-72.5459
-72.5411
-72.5362
-72.5314
-72.5265
-72.5216
-72.5168
-72.5119
-72.5071
-72.5022
-72.4974
-72.4925
-72.4877
-72.4828
-72.478
-72.4732
-72.4683
-72.4635
-72.4587
-72.4538
-72.449
-72.4442
-72.4393
-72.4345
-72.4297
-72.4249
-72.4201
-72.4152
-72.4104
-72.4056
-72.4008
-72.396
-72.3912
-72.3864
-72.3816
-72.3768
-72.372
-72.3672
-72.3624
-72.3576
-72.3528
-72.348
-72.3432
-72.3384
-72.3336
-72.3289
-72.3241
-72.3193
-72.3145
-72.3098
-72.305
-72.3002
-72.2954
-72.2907
-72.2859
-72.2812
-72.2764
-72.2716
-72.2669
-72.2621
-72.2574
-72.2526
-72.2479
-72.2431
-72.2384
-72.2337
-72.2289
-72.2242
-72.2195
-72.2147
-72.21
-72.2053
-72.2005
-72.1958
-72.1911
-72.1864
-72.1817
-72.1769
-72.1722
-72.1675
-72.1628
-72.1581
-72.1534
-72.1487
-72.144
-72.1393
-72.1346
-72.1299
-72.1252
-72.1206
-72.1159
-72.1112
-72.1065
-72.1018
-72.0972
-72.0925
-72.0878
-72.0832
-72.0785
-72.0738
-72.0692
-72.0645
-72.0598
-72.0552
-72.0505
-72.0459
-72.0412
-72.0366
-72.032
-72.0273
-72.0227
-72.0181
-72.0134
-72.0088
-72.0042
-71.9995
-71.9949
-71.9903
-71.9857
-71.9811
-71.9765
-71.9718
-71.9672
-71.9626
-71.958
-71.9534
-71.9488
-71.9442
-71.9396
-71.9351
-71.9305
-71.9259
-71.9213
-71.9167
-71.9121
-71.9076
-71.903
-71.8984
-71.8939
-71.8893
-71.8847
-71.8802
-71.8756
-71.8711
-71.8665
-71.862
-71.8574
-71.8529
-71.8483
-71.8438
-71.8393
-71.8347
-71.8302
-71.8257
-71.8211
-71.8166
-71.8121
-71.8076
-71.8031
-71.7985
-71.794
-71.7895
-71.785
-71.7805
-71.776
-71.7715
-71.767
-71.7625
-71.7581
-71.7536
-71.7491
-71.7446
-71.7401
-71.7357
-71.7312
-71.7267
-71.7223
-71.7178
-71.7133
-71.7089
-71.7044
-71.7
-71.6955
-71.6911
-71.6866
-71.6822
-71.6777
-71.6733
-71.6689
-71.6644
-71.66
-71.6556
-71.6512
-71.6467
-71.6423
-71.6379
-71.6335
-71.6291
-71.6247
-71.6203
-71.6159
-71.6115
-71.6071
-71.6027
-71.5983
-71.5939
-71.5895
-71.5852
-71.5808
-71.5764
-71.572
-71.5677
-71.5633
-71.5589
-71.5546
-71.5502
-71.5459
-71.5415
-71.5372
-71.5328
-71.5285
-71.5241
-71.5198
-71.5155
-71.5111
-71.5068
-71.5025
-71.4982
-71.4938
-71.4895
-71.4852
-71.4809
-71.4766
-71.4723
-71.468
-71.4637
-71.4594
-71.4551
-71.4508
-71.4465
-71.4422
-71.4379
-71.4336
-71.4294
-71.4251
-71.4208
-71.4166
-71.4123
-71.408
-71.4038
-71.3995
-71.3953
-71.391
-71.3868
-71.3825
-71.3783
-71.374
-71.3698
-71.3656
-71.3613
-71.3571
-71.3529
-71.3487
-71.3444
-71.3402
-71.336
-71.3318
-71.3276
-71.3234
-71.3192
-71.315
-71.3108
-71.3066
-71.3024
-71.2982
-71.2941
-71.2899
-71.2857
-71.2815
-71.2774
-71.2732
-71.269
-71.2649
-71.2607
-71.2565
-71.2524
-71.2482
-71.2441
-71.24
-71.2358
-71.2317
-71.2275
-71.2234
-71.2193
-71.2152
-71.211
-71.2069
-71.2028
-71.1987
-71.1946
-71.1905
-71.1864
-71.1823
-71.1782
-71.1741
-71.17
-71.1659
-71.1618
-71.1577
-71.1536
-71.1495
-71.1455
-71.1414
-71.1373
-71.1333
-71.1292
-71.1251
-71.1211
-71.117
-71.113
-71.1089
-71.1049
-71.1008
-71.0968
-71.0928
-71.0887
-71.0847
-71.0807
-71.0767
-71.0726
-71.0686
-71.0646
-71.0606
-71.0566
-71.0526
-71.0486
-71.0446
-71.0406
-71.0366
-71.0326
-71.0286
-71.0246
-71.0206
-71.0167
-71.0127
-71.0087
-71.0048
-71.0008
-70.9968
-70.9929
-70.9889
-70.985
-70.981
-70.9771
-70.9731
-70.9692
-70.9652
-70.9613
-70.9574
-70.9534
-70.9495
-70.9456
-70.9417
-70.9377
-70.9338
-70.9299
-70.926
-70.9221
-70.9182
-70.9143
-70.9104
-70.9065
-70.9026
-70.8987
-70.8949
-70.891
-70.8871
-70.8832
-70.8794
-70.8755
-70.8716
-70.8678
-70.8639
-70.86
-70.8562
-70.8523
-70.8485
-70.8446
-70.8408
-70.837
-70.8331
-70.8293
-70.8255
-70.8216
-70.8178
-70.814
-70.8102
-70.8064
-70.8026
-70.7987
-70.7949
-70.7911
-70.7873
-70.7835
-70.7798
-70.776
-70.7722
-70.7684
-70.7646
-70.7608
-70.7571
-70.7533
-70.7495
-70.7457
-70.742
-70.7382
-70.7345
-70.7307
-70.727
-70.7232
-70.7195
-70.7157
-70.712
-70.7083
-70.7045
-70.7008
-70.6971
-70.6933
-70.6896
-70.6859
-70.6822
-70.6785
-70.6748
-70.6711
-70.6674
-70.6637
-70.66
-70.6563
-70.6526
-70.6489
-70.6452
-70.6415
-70.6378
-70.6342
-70.6305
-70.6268
-70.6232
-70.6195
-70.6158
-70.6122
-70.6085
-70.6049
-70.6012
-70.5976
-70.5939
-70.5903
-70.5867
-70.583
-70.5794
-70.5758
-70.5721
-70.5685
-70.5649
-70.5613
-70.5577
-70.5541
-70.5505
-70.5468
-70.5432
-70.5396
-70.536
-70.5325
-70.5289
-70.5253
-70.5217
-70.5181
-70.5145
-70.511
-70.5074
-70.5038
-70.5003
-70.4967
-70.4931
-70.4896
-70.486
-70.4825
-70.4789
-70.4754
-70.4718
-70.4683
-70.4648
-70.4612
-70.4577
-70.4542
-70.4506
-70.4471
-70.4436
-70.4401
-70.4366
-70.4331
-70.4295
-70.426
-70.4225
-70.419
-70.4155
-70.412
-70.4086
-70.4051
-70.4016
-70.3981
-70.3946
-70.3911
-70.3877
-70.3842
-70.3807
-70.3773
-70.3738
-70.3703
-70.3669
-70.3634
-70.36
-70.3565
-70.3531
-70.3497
-70.3462
-70.3428
-70.3393
-70.3359
-70.3325
-70.3291
-70.3256
-70.3222
-70.3188
-70.3154
-70.312
-70.3086
-70.3052
-70.3018
-70.2984
-70.295
-70.2916
-70.2882
-70.2848
-70.2814
-70.278
-70.2747
-70.2713
-70.2679
-70.2645
-70.2612
-70.2578
-70.2544
-70.2511
-70.2477
-70.2444
-70.241
-70.2377
-70.2343
-70.231
-70.2276
-70.2243
-70.221
-70.2176
-70.2143
-70.211
-70.2076
-70.2043
-70.201
-70.1977
-70.1944
-70.1911
-70.1878
-70.1845
-70.1812
-70.1779
-70.1746
-70.1713
-70.168
-70.1647
-70.1614
-70.1581
-70.1548
-70.1516
-70.1483
-70.145
-70.1417
-70.1385
-70.1352
-70.132
-70.1287
-70.1254
-70.1222
-70.1189
-70.1157
-70.1124
-70.1092
-70.106
-70.1027
-70.0995
-70.0963
-70.093
-70.0898
-70.0866
-70.0834
-70.0801
-70.0769
-70.0737
-70.0705
-70.0673
-70.0641
-70.0609
-70.0577
-70.0545
-70.0513
-70.0481
-70.0449
-70.0417
-70.0385
-70.0354
-70.0322
-70.029
-70.0258
-70.0227
-70.0195
-70.0163
-70.0132
-70.01
-70.0069
-70.0037
-70.0005
-69.9974
-69.9942
-69.9911
-69.988
-69.9848
-69.9817
-69.9786
-69.9754
-69.9723
-69.9692
-69.966
-69.9629
-69.9598
-69.9567
-69.9536
-69.9505
-69.9473
-69.9442
-69.9411
-69.938
-69.9349
-69.9318
-69.9287
-69.9257
-69.9226
-69.9195
-69.9164
-69.9133
-69.9102
-69.9072
-69.9041
-69.901
-69.898
-69.8949
-69.8918
-69.8888
-69.8857
-69.8826
-69.8796
-69.8765
-69.8735
-69.8704
-69.8674
-69.8644
-69.8613
-69.8583
-69.8553
-69.8522
-69.8492
-69.8462
-69.8431
-69.8401
-69.8371
-69.8341
-69.8311
-69.8281
-69.8251
-69.822
-69.819
-69.816
-69.813
-69.81
-69.807
-69.8041
-69.8011
-69.7981
-69.7951
-69.7921
-69.7891
-69.7861
-69.7832
-69.7802
-69.7772
-69.7743
-69.7713
-69.7683
-69.7654
-69.7624
-69.7595
-69.7565
-69.7535
-69.7506
-69.7476
-69.7447
-69.7418
-69.7388
-69.7359
-69.7329
-69.73
-69.7271
-69.7242
-69.7212
-69.7183
-69.7154
-69.7125
-69.7095
-69.7066
-69.7037
-69.7008
-69.6979
-69.695
-69.6921
-69.6892
-69.6863
-69.6834
-69.6805
-69.6776
-69.6747
-69.6718
-69.6689
-69.6661
-69.6632
-69.6603
-69.6574
-69.6546
-69.6517
-69.6488
-69.6459
-69.6431
-69.6402
-69.6374
-69.6345
-69.6316
-69.6288
-69.6259
-69.6231
-69.6202
-69.6174
-69.6146
-69.6117
-69.6089
-69.606
-69.6032
-69.6004
-69.5975
-69.5947
-69.5919
-69.5891
-69.5862
-69.5834
-69.5806
-69.5778
-69.575
-69.5722
-69.5694
-69.5666
-69.5638
-69.5609
-69.5581
-69.5554
-69.5526
-69.5498
-69.547
-69.5442
-69.5414
-69.5386
-69.5358
-69.533
-69.5303
-69.5275
-69.5247
-69.5219
-69.5192
-69.5164
-69.5136
-69.5109
-69.5081
-69.5054
-69.5026
-69.4998
-69.4971
-69.4943
-69.4916
-69.4888
-69.4861
-69.4834
-69.4806
-69.4779
-69.4751
-69.4724
-69.4697
-69.4669
-69.4642
-69.4615
-69.4588
-69.456
-69.4533
-69.4506
-69.4479
-69.4452
-69.4424
-69.4397
-69.437
-69.4343
-69.4316
-69.4289
-69.4262
-69.4235
-69.4208
-69.4181
-69.4154
-69.4127
-69.41
-69.4074
-69.4047
-69.402
-69.3993
-69.3966
-69.3939
-69.3913
-69.3886
-69.3859
-69.3832
-69.3806
-69.3779
-69.3753
-69.3726
-69.3699
-69.3673
-69.3646
-69.362
-69.3593
-69.3567
-69.354
-69.3514
-69.3487
-69.3461
-69.3434
-69.3408
-69.3381
-69.3355
-69.3329
-69.3302
-69.3276
-69.325
-69.3224
-69.3197
-69.3171
-69.3145
-69.3119
-69.3092
-69.3066
-69.304
-69.3014
-69.2988
-69.2962
-69.2936
-69.291
-69.2884
-69.2858
-69.2832
-69.2806
-69.278
-69.2754
-69.2728
-69.2702
-69.2676
-69.265
-69.2624
-69.2598
-69.2573
-69.2547
-69.2521
-69.2495
-69.247
-69.2444
-69.2418
-69.2392
-69.2367
-69.2341
-69.2315
-69.229
-69.2264
-69.2238
-69.2213
-69.2187
-69.2162
-69.2136
-69.2111
-69.2085
-69.206
-69.2034
-69.2009
-69.1983
-69.1958
-69.1933
-69.1907
-69.1882
-69.1857
-69.1831
-69.1806
-69.1781
-69.1755
-69.173
-69.1705
-69.168
-69.1654
-69.1629
-69.1604
-69.1579
-69.1554
-69.1529
-69.1503
-69.1478
-69.1453
-69.1428
-69.1403
-69.1378
-69.1353
-69.1328
-69.1303
-69.1278
-69.1253
-69.1228
-69.1203
-69.1178
-69.1153
-69.1129
-69.1104
-69.1079
-69.1054
-69.1029
-69.1004
-69.098
-69.0955
-69.093
-69.0905
-69.0881
-69.0856
-69.0831
-69.0806
-69.0782
-69.0757
-69.0733
-69.0708
-69.0683
-69.0659
-69.0634
-69.061
-69.0585
-69.056
-69.0536
-69.0511
-69.0487
-69.0462
-69.0438
-69.0414
-69.0389
-69.0365
-69.034
-69.0316
-69.0292
-69.0267
-69.0243
-69.0219
-69.0194
-69.017
-69.0146
-69.0121
-69.0097
-69.0073
-69.0049
-69.0024
-69
-68.9976
-68.9952
-68.9928
-68.9904
-68.9879
-68.9855
-68.9831
-68.9807
-68.9783
-68.9759
-68.9735
-68.9711
-68.9687
-68.9663
-68.9639
-68.9615
-68.9591
-68.9567
-68.9543
-68.9519
-68.9495
-68.9471
-68.9447
-68.9424
-68.94
-68.9376
-68.9352
-68.9328
-68.9304
-68.9281
-68.9257
-68.9233
-68.9209
-68.9186
-68.9162
-68.9138
-68.9114
-68.9091
-68.9067
-68.9043
-68.902
-68.8996
-68.8972
-68.8949
-68.8925
-68.8902
-68.8878
-68.8854
-68.8831
-68.8807
-68.8784
-68.876
-68.8737
-68.8713
-68.869
-68.8666
-68.8643
-68.8619
-68.8596
-68.8573
-68.8549
-68.8526
-68.8502
-68.8479
-68.8456
-68.8432
-68.8409
-68.8386
-68.8362
-68.8339
-68.8316
-68.8293
-68.8269
-68.8246
-68.8223
-68.82
-68.8176
-68.8153
-68.813
-68.8107
-68.8084
-68.806
-68.8037
-68.8014
-68.7991
-68.7968
-68.7945
-68.7922
-68.7899
-68.7876
-68.7853
-68.7829
-68.7806
-68.7783
-68.776
-68.7737
-68.7714
-68.7691
-68.7668
-68.7645
-68.7623
-68.76
-68.7577
-68.7554
-68.7531
-68.7508
-68.7485
-68.7462
-68.7439
-68.7416
-68.7394
-68.7371
-68.7348
-68.7325
-68.7302
-68.728
-68.7257
-68.7234
-68.7211
-68.7189
-68.7166
-68.7143
-68.712
-68.7098
-68.7075
-68.7052
-68.703
-68.7007
-68.6984
-68.6962
-68.6939
-68.6916
-68.6894
-68.6871
-68.6848
-68.6826
-68.6803
-68.6781
-68.6758
-68.6736
-68.6713
-68.6691
-68.6668
-68.6645
-68.6623
-68.66
-68.6578
-68.6556
-68.6533
-68.6511
-68.6488
-68.6466
-68.6443
-68.6421
-68.6398
-68.6376
-68.6354
-68.6331
-68.6309
-68.6287
-68.6264
-68.6242
-68.6219
-68.6197
-68.6175
-68.6152
-68.613
-68.6108
-68.6086
-68.6063
-68.6041
-68.6019
-68.5997
-68.5974
-68.5952
-68.593
-68.5908
-68.5885
-68.5863
-68.5841
-68.5819
-68.5797
-68.5774
-68.5752
-68.573
-68.5708
-68.5686
-68.5664
-68.5642
-68.5619
-68.5597
-68.5575
-68.5553
-68.5531
-68.5509
-68.5487
-68.5465
-68.5443
-68.5421
-68.5399
-68.5377
-68.5355
-68.5333
-68.5311
-68.5289
-68.5267
-68.5245
-68.5223
-68.5201
-68.5179
-68.5157
-68.5135
-68.5113
-68.5091
-68.5069
-68.5047
-68.5025
-68.5003
-68.4982
-68.496
-68.4938
-68.4916
-68.4894
-68.4872
-68.485
-68.4828
-68.4807
-68.4785
-68.4763
-68.4741
-68.4719
-68.4698
-68.4676
-68.4654
-68.4632
-68.461
-68.4589
-68.4567
-68.4545
-68.4523
-68.4502
-68.448
-68.4458
-68.4436
-68.4415
-68.4393
-68.4371
-68.435
-68.4328
-68.4306
-68.4285
-68.4263
-68.4241
-68.422
-68.4198
-68.4176
-68.4155
-68.4133
-68.4111
-68.409
-68.4068
-68.4047
-68.4025
-68.4003
-68.3982
-68.396
-68.3939
-68.3917
-68.3895
-68.3874
-68.3852
-68.3831
-68.3809
-68.3788
-68.3766
-68.3745
-68.3723
-68.3702
-68.368
-68.3659
-68.3637
-68.3616
-68.3594
-68.3573
-68.3551
-68.353
-68.3508
-68.3487
-68.3465
-68.3444
-68.3422
-68.3401
-68.3379
-68.3358
-68.3337
-68.3315
-68.3294
-68.3272
-68.3251
-68.3229
-68.3208
-68.3187
-68.3165
-68.3144
-68.3122
-68.3101
-68.308
-68.3058
-68.3037
-68.3016
-68.2994
-68.2973
-68.2952
-68.293
-68.2909
-68.2888
-68.2866
-68.2845
-68.2824
-68.2802
-68.2781
-68.276
-68.2738
-68.2717
-68.2696
-68.2675
-68.2653
-68.2632
-68.2611
-68.2589
-68.2568
-68.2547
-68.2526
-68.2504
-68.2483
-68.2462
-68.2441
-68.2419
-68.2398
-68.2377
-68.2356
-68.2334
-68.2313
-68.2292
-68.2271
-68.225
-68.2228
-68.2207
-68.2186
-68.2165
-68.2144
-68.2122
-68.2101
-68.208
-68.2059
-68.2038
-68.2017
-68.1995
-68.1974
-68.1953
-68.1932
-68.1911
-68.189
-68.1868
-68.1847
-68.1826
-68.1805
-68.1784
-68.1763
-68.1742
-68.172
-68.1699
-68.1678
-68.1657
-68.1636
-68.1615
-68.1594
-68.1573
-68.1552
-68.153
-68.1509
-68.1488
-68.1467
-68.1446
-68.1425
-68.1404
-68.1383
-68.1362
-68.1341
-68.132
-68.1299
-68.1277
-68.1256
-68.1235
-68.1214
-68.1193
-68.1172
-68.1151
-68.113
-68.1109
-68.1088
-68.1067
-68.1046
-68.1025
-68.1004
-68.0983
-68.0962
-68.0941
-68.092
-68.0899
-68.0878
-68.0857
-68.0836
-68.0815
-68.0794
-68.0773
-68.0752
-68.0731
-68.0709
-68.0688
-68.0667
-68.0646
-68.0625
-68.0604
-68.0583
-68.0562
-68.0541
-68.052
-68.0499
-68.0479
-68.0458
-68.0437
-68.0416
-68.0395
-68.0374
-68.0353
-68.0332
-68.0311
-68.029
-68.0269
-68.0248
-68.0227
-68.0206
-68.0185
-68.0164
-68.0143
-68.0122
-68.0101
-68.008
-68.0059
-68.0038
-68.0017
-67.9996
-67.9975
-67.9954
-67.9933
-67.9912
-67.9891
-67.987
-67.9849
-67.9828
-67.9808
-67.9787
-67.9766
-67.9745
-67.9724
-67.9703
-67.9682
-67.9661
-67.964
-67.9619
-67.9598
-67.9577
-67.9556
-67.9535
-67.9514
-67.9493
-67.9472
-67.9451
-67.943
-67.941
-67.9389
-67.9368
-67.9347
-67.9326
-67.9305
-67.9284
-67.9263
-67.9242
-67.9221
-67.92
-67.9179
-67.9158
-67.9137
-67.9116
-67.9095
-67.9075
-67.9054
-67.9033
-67.9012
-67.8991
-67.897
-67.8949
-67.8928
-67.8907
-67.8886
-67.8865
-67.8844
-67.8823
-67.8802
-67.8781
-67.876
-67.8739
-67.8719
-67.8698
-67.8677
-67.8656
-67.8635
-67.8614
-67.8593
-67.8572
-67.8551
-67.853
-67.8509
-67.8488
-67.8467
-67.8446
-67.8425
-67.8404
-67.8383
-67.8362
-67.8342
-67.8321
-67.83
-67.8279
-67.8258
-67.8237
-67.8216
-67.8195
-67.8174
-67.8153
-67.8132
-67.8111
-67.809
-67.8069
-67.8048
-67.8027
-67.8006
-67.7985
-67.7964
-67.7943
-67.7922
-67.7901
-67.788
-67.7859
-67.7838
-67.7817
-67.7796
-67.7775
-67.7754
-67.7733
-67.7712
-67.7691
-67.767
-67.7649
-67.7628
-67.7607
-67.7586
-67.7565
-67.7544
-67.7523
-67.7502
-67.7481
-67.746
-67.7439
-67.7418
-67.7397
-67.7376
-67.7355
-67.7334
-67.7313
-67.7292
-67.7271
-67.725
-67.7229
-67.7208
-67.7187
-67.7166
-67.7145
-67.7124
-67.7103
-67.7082
-67.7061
-67.704
-67.7019
-67.6998
-67.6977
-67.6956
-67.6935
-67.6914
-67.6893
-67.6872
-67.685
-67.6829
-67.6808
-67.6787
-67.6766
-67.6745
-67.6724
-67.6703
-67.6682
-67.6661
-67.664
-67.6619
-67.6597
-67.6576
-67.6555
-67.6534
-67.6513
-67.6492
-67.6471
-67.645
-67.6429
-67.6407
-67.6386
-67.6365
-67.6344
-67.6323
-67.6302
-67.6281
-67.626
-67.6238
-67.6217
-67.6196
-67.6175
-67.6154
-67.6133
-67.6111
-67.609
-67.6069
-67.6048
-67.6027
-67.6006
-67.5984
-67.5963
-67.5942
-67.5921
-67.59
-67.5878
-67.5857
-67.5836
-67.5815
-67.5794
-67.5772
-67.5751
-67.573
-67.5709
-67.5687
-67.5666
-67.5645
-67.5624
-67.5602
-67.5581
-67.556
-67.5539
-67.5517
-67.5496
-67.5475
-67.5454
-67.5432
-67.5411
-67.539
-67.5369
-67.5347
-67.5326
-67.5305
-67.5283
-67.5262
-67.5241
-67.5219
-67.5198
-67.5177
-67.5155
-67.5134
-67.5113
-67.5091
-67.507
-67.5049
-67.5027
-67.5006
-67.4985
-67.4963
-67.4942
-67.4921
-67.4899
-67.4878
-67.4856
-67.4835
-67.4814
-67.4792
-67.4771
-67.4749
-67.4728
-67.4707
-67.4685
-67.4664
-67.4642
-67.4621
-67.4599
-67.4578
-67.4557
-67.4535
-67.4514
-67.4492
-67.4471
-67.4449
-67.4428
-67.4406
-67.4385
-67.4363
-67.4342
-67.432
-67.4299
-67.4277
-67.4256
-67.4234
-67.4213
-67.4191
-67.417
-67.4148
-67.4126
-67.4105
-67.4083
-67.4062
-67.404
-67.4019
-67.3997
-67.3975
-67.3954
-67.3932
-67.3911
-67.3889
-67.3867
-67.3846
-67.3824
-67.3803
-67.3781
-67.3759
-67.3738
-67.3716
-67.3694
-67.3673
-67.3651
-67.3629
-67.3608
-67.3586
-67.3564
-67.3543
-67.3521
-67.3499
-67.3478
-67.3456
-67.3434
-67.3412
-67.3391
-67.3369
-67.3347
-67.3325
-67.3304
-67.3282
-67.326
-67.3238
-67.3217
-67.3195
-67.3173
-67.3151
-67.3129
-67.3108
-67.3086
-67.3064
-67.3042
-67.302
-67.2998
-67.2977
-67.2955
-67.2933
-67.2911
-67.2889
-67.2867
-67.2845
-67.2824
-67.2802
-67.278
-67.2758
-67.2736
-67.2714
-67.2692
-67.267
-67.2648
-67.2626
-67.2604
-67.2582
-67.256
-67.2538
-67.2516
-67.2494
-67.2472
-67.245
-67.2428
-67.2406
-67.2384
-67.2362
-67.234
-67.2318
-67.2296
-67.2274
-67.2252
-67.223
-67.2208
-67.2186
-67.2164
-67.2142
-67.212
-67.2098
-67.2076
-67.2053
-67.2031
-67.2009
-67.1987
-67.1965
-67.1943
-67.1921
-67.1898
-67.1876
-67.1854
-67.1832
-67.181
-67.1787
-67.1765
-67.1743
-67.1721
-67.1699
-67.1676
-67.1654
-67.1632
-67.161
-67.1587
-67.1565
-67.1543
-67.152
-67.1498
-67.1476
-67.1454
-67.1431
-67.1409
-67.1387
-67.1364
-67.1342
-67.132
-67.1297
-67.1275
-67.1252
-67.123
-67.1208
-67.1185
-67.1163
-67.114
-67.1118
-67.1096
-67.1073
-67.1051
-67.1028
-67.1006
-67.0983
-67.0961
-67.0938
-67.0916
-67.0893
-67.0871
-67.0848
-67.0826
-67.0803
-67.0781
-67.0758
-67.0736
-67.0713
-67.069
-67.0668
-67.0645
-67.0623
-67.06
-67.0577
-67.0555
-67.0532
-67.0509
-67.0487
-67.0464
-67.0442
-67.0419
-67.0396
-67.0373
-67.0351
-67.0328
-67.0305
-67.0283
-67.026
-67.0237
-67.0214
-67.0192
-67.0169
-67.0146
-67.0123
-67.01
-67.0078
-67.0055
-67.0032
-67.0009
-66.9986
-66.9964
-66.9941
-66.9918
-66.9895
-66.9872
-66.9849
-66.9826
-66.9803
-66.978
-66.9758
-66.9735
-66.9712
-66.9689
-66.9666
-66.9643
-66.962
-66.9597
-66.9574
-66.9551
-66.9528
-66.9505
-66.9482
-66.9459
-66.9436
-66.9413
-66.9389
-66.9366
-66.9343
-66.932
-66.9297
-66.9274
-66.9251
-66.9228
-66.9205
-66.9181
-66.9158
-66.9135
-66.9112
-66.9089
-66.9065
-66.9042
-66.9019
-66.8996
-66.8973
-66.8949
-66.8926
-66.8903
-66.8879
-66.8856
-66.8833
-66.881
-66.8786
-66.8763
-66.874
-66.8716
-66.8693
-66.867
-66.8646
-66.8623
-66.8599
-66.8576
-66.8553
-66.8529
-66.8506
-66.8482
-66.8459
-66.8435
-66.8412
-66.8388
-66.8365
-66.8341
-66.8318
-66.8294
-66.8271
-66.8247
-66.8224
-66.82
-66.8176
-66.8153
-66.8129
-66.8106
-66.8082
-66.8058
-66.8035
-66.8011
-66.7987
-66.7964
-66.794
-66.7916
-66.7893
-66.7869
-66.7845
-66.7821
-66.7798
-66.7774
-66.775
-66.7726
-66.7702
-66.7679
-66.7655
-66.7631
-66.7607
-66.7583
-66.7559
-66.7536
-66.7512
-66.7488
-66.7464
-66.744
-66.7416
-66.7392
-66.7368
-66.7344
-66.732
-66.7296
-66.7272
-66.7248
-66.7224
-66.72
-66.7176
-66.7152
-66.7128
-66.7104
-66.708
-66.7056
-66.7032
-66.7008
-66.6983
-66.6959
-66.6935
-66.6911
-66.6887
-66.6863
-66.6838
-66.6814
-66.679
-66.6766
-66.6741
-66.6717
-66.6693
-66.6669
-66.6644
-66.662
-66.6596
-66.6571
-66.6547
-66.6523
-66.6498
-66.6474
-66.645
-66.6425
-66.6401
-66.6376
-66.6352
-66.6327
-66.6303
-66.6278
-66.6254
-66.623
-66.6205
-66.618
-66.6156
-66.6131
-66.6107
-66.6082
-66.6058
-66.6033
-66.6008
-66.5984
-66.5959
-66.5935
-66.591
-66.5885
-66.5861
-66.5836
-66.5811
-66.5786
-66.5762
-66.5737
-66.5712
-66.5687
-66.5663
-66.5638
-66.5613
-66.5588
-66.5563
-66.5538
-66.5514
-66.5489
-66.5464
-66.5439
-66.5414
-66.5389
-66.5364
-66.5339
-66.5314
-66.5289
-66.5264
-66.5239
-66.5214
-66.5189
-66.5164
-66.5139
-66.5114
-66.5089
-66.5064
-66.5039
-66.5014
-66.4988
-66.4963
-66.4938
-66.4913
-66.4888
-66.4863
-66.4837
-66.4812
-66.4787
-66.4762
-66.4736
-66.4711
-66.4686
-66.466
-66.4635
-66.461
-66.4584
-66.4559
-66.4534
-66.4508
-66.4483
-66.4457
-66.4432
-66.4407
-66.4381
-66.4356
-66.433
-66.4305
-66.4279
-66.4254
-66.4228
-66.4202
-66.4177
-66.4151
-66.4126
-66.41
-66.4074
-66.4049
-66.4023
-66.3997
-66.3972
-66.3946
-66.392
-66.3895
-66.3869
-66.3843
-66.3817
-66.3792
-66.3766
-66.374
-66.3714
-66.3688
-66.3662
-66.3636
-66.3611
-66.3585
-66.3559
-66.3533
-66.3507
-66.3481
-66.3455
-66.3429
-66.3403
-66.3377
-66.3351
-66.3325
-66.3299
-66.3273
-66.3247
-66.322
-66.3194
-66.3168
-66.3142
-66.3116
-66.309
-66.3063
-66.3037
-66.3011
-66.2985
-66.2958
-66.2932
-66.2906
-66.288
-66.2853
-66.2827
-66.2801
-66.2774
-66.2748
-66.2721
-66.2695
-66.2669
-66.2642
-66.2616
-66.2589
-66.2563
-66.2536
-66.251
-66.2483
-66.2456
-66.243
-66.2403
-66.2377
-66.235
-66.2323
-66.2297
-66.227
-66.2243
-66.2217
-66.219
-66.2163
-66.2137
-66.211
-66.2083
-66.2056
-66.2029
-66.2003
-66.1976
-66.1949
-66.1922
-66.1895
-66.1868
-66.1841
-66.1814
-66.1787
-66.176
-66.1733
-66.1706
-66.1679
-66.1652
-66.1625
-66.1598
-66.1571
-66.1544
-66.1517
-66.149
-66.1462
-66.1435
-66.1408
-66.1381
-66.1354
-66.1326
-66.1299
-66.1272
-66.1244
-66.1217
-66.119
-66.1162
-66.1135
-66.1108
-66.108
-66.1053
-66.1025
-66.0998
-66.097
-66.0943
-66.0915
-66.0888
-66.086
-66.0833
-66.0805
-66.0778
-66.075
-66.0722
-66.0695
-66.0667
-66.0639
-66.0612
-66.0584
-66.0556
-66.0529
-66.0501
-66.0473
-66.0445
-66.0417
-66.0389
-66.0362
-66.0334
-66.0306
-66.0278
-66.025
-66.0222
-66.0194
-66.0166
-66.0138
-66.011
-66.0082
-66.0054
-66.0026
-65.9998
-65.997
-65.9941
-65.9913
-65.9885
-65.9857
-65.9829
-65.98
-65.9772
-65.9744
-65.9716
-65.9687
-65.9659
-65.9631
-65.9602
-65.9574
-65.9546
-65.9517
-65.9489
-65.946
-65.9432
-65.9403
-65.9375
-65.9346
-65.9318
-65.9289
-65.926
-65.9232
-65.9203
-65.9174
-65.9146
-65.9117
-65.9088
-65.906
-65.9031
-65.9002
-65.8973
-65.8945
-65.8916
-65.8887
-65.8858
-65.8829
-65.88
-65.8771
-65.8742
-65.8713
-65.8684
-65.8655
-65.8626
-65.8597
-65.8568
-65.8539
-65.851
-65.8481
-65.8452
-65.8422
-65.8393
-65.8364
-65.8335
-65.8305
-65.8276
-65.8247
-65.8218
-65.8188
-65.8159
-65.8129
-65.81
-65.8071
-65.8041
-65.8012
-65.7982
-65.7953
-65.7923
-65.7894
-65.7864
-65.7834
-65.7805
-65.7775
-65.7745
-65.7716
-65.7686
-65.7656
-65.7627
-65.7597
-65.7567
-65.7537
-65.7507
-65.7478
-65.7448
-65.7418
-65.7388
-65.7358
-65.7328
-65.7298
-65.7268
-65.7238
-65.7208
-65.7178
-65.7148
-65.7118
-65.7087
-65.7057
-65.7027
-65.6997
-65.6967
-65.6936
-65.6906
-65.6876
-65.6845
-65.6815
-65.6785
-65.6754
-65.6724
-65.6693
-65.6663
-65.6632
-65.6602
-65.6571
-65.6541
-65.651
-65.648
-65.6449
-65.6418
-65.6388
-65.6357
-65.6326
-65.6296
-65.6265
-65.6234
-65.6203
-65.6172
-65.6142
-65.6111
-65.608
-65.6049
-65.6018
-65.5987
-65.5956
-65.5925
-65.5894
-65.5863
-65.5832
-65.5801
-65.5769
-65.5738
-65.5707
-65.5676
-65.5645
-65.5613
-65.5582
-65.5551
-65.5519
-65.5488
-65.5457
-65.5425
-65.5394
-65.5362
-65.5331
-65.5299
-65.5268
-65.5236
-65.5205
-65.5173
-65.5141
-65.511
-65.5078
-65.5046
-65.5015
-65.4983
-65.4951
-65.4919
-65.4887
-65.4855
-65.4824
-65.4792
-65.476
-65.4728
-65.4696
-65.4664
-65.4632
-65.46
-65.4568
-65.4535
-65.4503
-65.4471
-65.4439
-65.4407
-65.4374
-65.4342
-65.431
-65.4277
-65.4245
-65.4213
-65.418
-65.4148
-65.4115
-65.4083
-65.405
-65.4018
-65.3985
-65.3953
-65.392
-65.3887
-65.3855
-65.3822
-65.3789
-65.3756
-65.3724
-65.3691
-65.3658
-65.3625
-65.3592
-65.3559
-65.3526
-65.3493
-65.346
-65.3427
-65.3394
-65.3361
-65.3328
-65.3295
-65.3262
-65.3228
-65.3195
-65.3162
-65.3129
-65.3095
-65.3062
-65.3028
-65.2995
-65.2962
-65.2928
-65.2895
-65.2861
-65.2828
-65.2794
-65.276
-65.2727
-65.2693
-65.2659
-65.2626
-65.2592
-65.2558
-65.2524
-65.249
-65.2456
-65.2423
-65.2389
-65.2355
-65.2321
-65.2287
-65.2253
-65.2218
-65.2184
-65.215
-65.2116
-65.2082
-65.2047
-65.2013
-65.1979
-65.1945
-65.191
-65.1876
-65.1841
-65.1807
-65.1772
-65.1738
-65.1703
-65.1669
-65.1634
-65.1599
-65.1565
-65.153
-65.1495
-65.1461
-65.1426
-65.1391
-65.1356
-65.1321
-65.1286
-65.1251
-65.1216
-65.1181
-65.1146
-65.1111
-65.1076
-65.1041
-65.1006
-65.097
-65.0935
-65.09
-65.0864
-65.0829
-65.0794
-65.0758
-65.0723
-65.0687
-65.0652
-65.0616
-65.0581
-65.0545
-65.0509
-65.0474
-65.0438
-65.0402
-65.0366
-65.033
-65.0295
-65.0259
-65.0223
-65.0187
-65.0151
-65.0115
-65.0079
-65.0042
-65.0006
-64.997
-64.9934
-64.9898
-64.9861
-64.9825
-64.9789
-64.9752
-64.9716
-64.9679
-64.9643
-64.9606
-64.957
-64.9533
-64.9497
-64.946
-64.9423
-64.9386
-64.935
-64.9313
-64.9276
-64.9239
-64.9202
-64.9165
-64.9128
-64.9091
-64.9054
-64.9017
-64.898
-64.8942
-64.8905
-64.8868
-64.8831
-64.8793
-64.8756
-64.8718
-64.8681
-64.8644
-64.8606
-64.8568
-64.8531
-64.8493
-64.8455
-64.8418
-64.838
-64.8342
-64.8304
-64.8266
-64.8228
-64.819
-64.8152
-64.8114
-64.8076
-64.8038
-64.8
-64.7962
-64.7924
-64.7885
-64.7847
-64.7809
-64.777
-64.7732
-64.7693
-64.7655
-64.7616
-64.7578
-64.7539
-64.75
-64.7461
-64.7423
-64.7384
-64.7345
-64.7306
-64.7267
-64.7228
-64.7189
-64.715
-64.7111
-64.7072
-64.7033
-64.6993
-64.6954
-64.6915
-64.6875
-64.6836
-64.6797
-64.6757
-64.6718
-64.6678
-64.6638
-64.6599
-64.6559
-64.6519
-64.6479
-64.644
-64.64
-64.636
-64.632
-64.628
-64.624
-64.62
-64.6159
-64.6119
-64.6079
-64.6039
-64.5998
-64.5958
-64.5918
-64.5877
-64.5837
-64.5796
-64.5755
-64.5715
-64.5674
-64.5633
-64.5592
-64.5552
-64.5511
-64.547
-64.5429
-64.5388
-64.5347
-64.5306
-64.5264
-64.5223
-64.5182
-64.5141
-64.5099
-64.5058
-64.5016
-64.4975
-64.4933
-64.4892
-64.485
-64.4808
-64.4766
-64.4725
-64.4683
-64.4641
-64.4599
-64.4557
-64.4515
-64.4473
-64.4431
-64.4388
-64.4346
-64.4304
-64.4261
-64.4219
-64.4176
-64.4134
-64.4091
-64.4049
-64.4006
-64.3963
-64.3921
-64.3878
-64.3835
-64.3792
-64.3749
-64.3706
-64.3663
-64.362
-64.3576
-64.3533
-64.349
-64.3446
-64.3403
-64.336
-64.3316
-64.3272
-64.3229
-64.3185
-64.3141
-64.3098
-64.3054
-64.301
-64.2966
-64.2922
-64.2878
-64.2834
-64.2789
-64.2745
-64.2701
-64.2656
-64.2612
-64.2567
-64.2523
-64.2478
-64.2434
-64.2389
-64.2344
-64.2299
-64.2254
-64.2209
-64.2164
-64.2119
-64.2074
-64.2029
-64.1984
-64.1938
-64.1893
-64.1848
-64.1802
-64.1757
-64.1711
-64.1665
-64.162
-64.1574
-64.1528
-64.1482
-64.1436
-64.139
-64.1344
-64.1298
-64.1251
-64.1205
-64.1159
-64.1112
-64.1066
-64.1019
-64.0973
-64.0926
-64.0879
-64.0832
-64.0785
-64.0738
-64.0691
-64.0644
-64.0597
-64.055
-64.0503
-64.0455
-64.0408
-64.036
-64.0313
-64.0265
-64.0218
-64.017
-64.0122
-64.0074
-64.0026
-63.9978
-63.993
-63.9882
-63.9834
-63.9785
-63.9737
-63.9688
-63.964
-63.9591
-63.9543
-63.9494
-63.9445
-63.9396
-63.9347
-63.9298
-63.9249
-63.92
-63.9151
-63.9101
-63.9052
-63.9003
-63.8953
-63.8903
-63.8854
-63.8804
-63.8754
-63.8704
-63.8654
-63.8604
-63.8554
-63.8504
-63.8453
-63.8403
-63.8353
-63.8302
-63.8251
-63.8201
-63.815
-63.8099
-63.8048
-63.7997
-63.7946
-63.7895
-63.7844
-63.7792
-63.7741
-63.7689
-63.7638
-63.7586
-63.7534
-63.7483
-63.7431
-63.7379
-63.7327
-63.7275
-63.7222
-63.717
-63.7118
-63.7065
-63.7012
-63.696
-63.6907
-63.6854
-63.6801
-63.6748
-63.6695
-63.6642
-63.6589
-63.6535
-63.6482
-63.6428
-63.6375
-63.6321
-63.6267
-63.6213
-63.6159
-63.6105
-63.6051
-63.5997
-63.5942
-63.5888
-63.5833
-63.5779
-63.5724
-63.5669
-63.5614
-63.5559
-63.5504
-63.5449
-63.5393
-63.5338
-63.5282
-63.5227
-63.5171
-63.5115
-63.5059
-63.5003
-63.4947
-63.4891
-63.4835
-63.4778
-63.4722
-63.4665
-63.4609
-63.4552
-63.4495
-63.4438
-63.4381
-63.4323
-63.4266
-63.4209
-63.4151
-63.4093
-63.4036
-63.3978
-63.392
-63.3862
-63.3803
-63.3745
-63.3687
-63.3628
-63.357
-63.3511
-63.3452
-63.3393
-63.3334
-63.3275
-63.3215
-63.3156
-63.3096
-63.3037
-63.2977
-63.2917
-63.2857
-63.2797
-63.2737
-63.2676
-63.2616
-63.2555
-63.2494
-63.2434
-63.2373
-63.2312
-63.225
-63.2189
-63.2128
-63.2066
-63.2004
-63.1942
-63.1881
-63.1818
-63.1756
-63.1694
-63.1631
-63.1569
-63.1506
-63.1443
-63.138
-63.1317
-63.1254
-63.1191
-63.1127
-63.1063
-63.1
-63.0936
-63.0872
-63.0807
-63.0743
-63.0679
-63.0614
-63.0549
-63.0484
-63.0419
-63.0354
-63.0289
-63.0223
-63.0158
-63.0092
-63.0026
-62.996
-62.9894
-62.9828
-62.9761
-62.9695
-62.9628
-62.9561
-62.9494
-62.9427
-62.9359
-62.9292
-62.9224
-62.9156
-62.9088
-62.902
-62.8952
-62.8883
-62.8815
-62.8746
-62.8677
-62.8608
-62.8538
-62.8469
-62.8399
-62.833
-62.826
-62.819
-62.8119
-62.8049
-62.7978
-62.7907
-62.7837
-62.7765
-62.7694
-62.7623
-62.7551
-62.7479
-62.7407
-62.7335
-62.7263
-62.719
-62.7117
-62.7044
-62.6971
-62.6898
-62.6825
-62.6751
-62.6677
-62.6603
-62.6529
-62.6455
-62.638
-62.6305
-62.623
-62.6155
-62.608
-62.6004
-62.5928
-62.5852
-62.5776
-62.57
-62.5623
-62.5546
-62.5469
-62.5392
-62.5315
-62.5237
-62.5159
-62.5081
-62.5003
-62.4925
-62.4846
-62.4767
-62.4688
-62.4608
-62.4529
-62.4449
-62.4369
-62.4289
-62.4208
-62.4128
-62.4047
-62.3966
-62.3884
-62.3802
-62.3721
-62.3639
-62.3556
-62.3474
-62.3391
-62.3308
-62.3224
-62.3141
-62.3057
-62.2973
-62.2889
-62.2804
-62.2719
-62.2634
-62.2549
-62.2463
-62.2377
-62.2291
-62.2205
-62.2118
-62.2031
-62.1944
-62.1856
-62.1768
-62.168
-62.1592
-62.1503
-62.1415
-62.1325
-62.1236
-62.1146
-62.1056
-62.0966
-62.0875
-62.0784
-62.0693
-62.0601
-62.051
-62.0417
-62.0325
-62.0232
-62.0139
-62.0046
-61.9952
-61.9858
-61.9764
-61.9669
-61.9574
-61.9479
-61.9383
-61.9287
-61.9191
-61.9094
-61.8997
-61.8899
-61.8802
-61.8704
-61.8605
-61.8506
-61.8407
-61.8308
-61.8208
-61.8108
-61.8007
-61.7906
-61.7805
-61.7703
-61.7601
-61.7498
-61.7395
-61.7292
-61.7189
-61.7084
-61.698
-61.6875
-61.677
-61.6664
-61.6558
-61.6451
-61.6344
-61.6237
-61.6129
-61.6021
-61.5912
-61.5803
-61.5694
-61.5584
-61.5473
-61.5362
-61.5251
-61.5139
-61.5027
-61.4914
-61.4801
-61.4687
-61.4573
-61.4458
-61.4343
-61.4227
-61.4111
-61.3994
-61.3877
-61.3759
-61.3641
-61.3522
-61.3403
-61.3283
-61.3163
-61.3042
-61.292
-61.2798
-61.2676
-61.2552
-61.2429
-61.2304
-61.2179
-61.2054
-61.1928
-61.1801
-61.1674
-61.1546
-61.1417
-61.1288
-61.1158
-61.1028
-61.0897
-61.0765
-61.0633
-61.05
-61.0366
-61.0232
-61.0097
-60.9961
-60.9824
-60.9687
-60.9549
-60.9411
-60.9271
-60.9131
-60.8991
-60.8849
-60.8707
-60.8564
-60.842
-60.8275
-60.813
-60.7983
-60.7836
-60.7688
-60.754
-60.739
-60.724
-60.7088
-60.6936
-60.6783
-60.6629
-60.6474
-60.6319
-60.6162
-60.6004
-60.5846
-60.5686
-60.5526
-60.5365
-60.5202
-60.5039
-60.4874
-60.4709
-60.4542
-60.4375
-60.4206
-60.4036
-60.3865
-60.3693
-60.352
-60.3346
-60.3171
-60.2994
-60.2816
-60.2637
-60.2457
-60.2276
-60.2093
-60.1909
-60.1724
-60.1538
-60.135
-60.1161
-60.097
-60.0778
-60.0585
-60.0391
-60.0194
-59.9997
-59.9798
-59.9597
-59.9395
-59.9192
-59.8986
-59.878
-59.8571
-59.8361
-59.8149
-59.7936
-59.7721
-59.7504
-59.7285
-59.7065
-59.6843
-59.6619
-59.6392
-59.6165
-59.5935
-59.5703
-59.5469
-59.5233
-59.4995
-59.4755
-59.4513
-59.4268
-59.4021
-59.3772
-59.3521
-59.3267
-59.3011
-59.2753
-59.2492
-59.2228
-59.1962
-59.1694
-59.1422
-59.1148
-59.0871
-59.0592
-59.0309
-59.0023
-58.9735
-58.9443
-58.9149
-58.8851
-58.855
-58.8245
-58.7937
-58.7626
-58.7311
-58.6993
-58.6671
-58.6345
-58.6015
-58.5682
-58.5344
-58.5002
-58.4656
-58.4306
-58.3951
-58.3592
-58.3228
-58.286
-58.2486
-58.2108
-58.1725
-58.1336
-58.0942
-58.0543
-58.0138
-57.9727
-57.931
-57.8887
-57.8458
-57.8023
-57.7581
-57.7132
-57.6676
-57.6213
-57.5742
-57.5264
-57.4778
-57.4284
-57.3782
-57.3271
-57.2752
-57.2223
-57.1684
-57.1136
-57.0578
-57.0009
-56.943
-56.884
-56.8237
-56.7623
-56.6997
-56.6357
-56.5705
-56.5038
-56.4357
-56.3661
-56.2949
-56.2221
-56.1475
-56.0713
-55.9931
-55.9131
-55.831
-55.7468
-55.6604
-55.5716
-55.4804
-55.3867
-55.2903
-55.191
-55.0887
-54.9832
-54.8744
-54.7621
-54.646
-54.5258
-54.4015
-54.2726
-54.1388
-53.9999
-53.8554
-53.7049
-53.548
-53.3841
-53.2127
-53.033
-52.8444
-52.646
-52.4369
-52.2158
-51.9816
-51.7327
-51.4674
-51.1835
-50.8786
-50.5495
-50.1925
-49.8031
-49.3752
-48.9012
-48.3711
-47.7712
-47.0822
-46.2763
-45.3118
-44.1228
-42.5897
-40.5314
-37.6559
-33.4691
-25.6608
-14.4155
0.0352287
13.2362
22.8925
29.6842
34.4585
37.7878
40.0277
41.4066
42.0754
42.1403
41.6884
40.8038
39.5728
38.0824
36.4138
34.6375
32.8102
30.9744
29.1598
27.3858
25.6639
23.9998
22.3952
20.8496
19.3604
17.9247
16.539
15.1997
13.9034
12.6469
11.4273
10.2421
9.08907
7.96616
6.87171
5.80427
4.76259
3.74564
2.75252
1.7825
0.834929
-0.0907196
-0.994912
-1.87806
-2.74052
-3.58264
-4.40474
-5.20715
-5.99019
-6.75422
-7.49959
-8.2267
-8.93598
-9.62785
-10.3028
-10.9614
-11.6041
-12.2315
-12.8442
-13.4429
-14.028
-14.6003
-15.1605
-15.7091
-16.2469
-16.7745
-17.2925
-17.8017
-18.3026
-18.7959
-19.2823
-19.7624
-20.2368
-20.7062
-21.1711
-21.6322
-22.09
-22.5452
-22.9984
-23.4501
-23.901
-24.3517
-24.8027
-25.2548
-25.7083
-26.1641
-26.6227
-27.0846
-27.5505
-28.0211
-28.4968
-28.9782
-29.4658
-29.9602
-30.4617
-30.9707
-31.4875
-32.0124
-32.5456
-33.0871
-33.6374
-34.197
-34.7669
-35.3487
-35.9444
-36.5562
-37.1865
-37.8369
-38.5086
-39.2018
-39.9158
-40.6493
-41.4005
-42.1675
-42.9479
-43.7403
-44.543
-45.3548
-46.1742
-46.9999
-47.8306
-48.6652
-49.5025
-50.3411
-51.1799
-52.0176
-52.8528
-53.6842
-54.5103
-55.3299
-56.1413
-56.9431
-57.7339
-58.5122
-59.2765
-60.0254
-60.7576
-61.472
-62.1672
-62.8423
-63.4964
-64.1287
-64.7385
-65.3253
-65.8889
-66.429
-66.9456
-67.4388
-67.9088
-68.3559
-68.7807
-69.1837
-69.5655
-69.9267
-70.2682
-70.5907
-70.895
-71.182
-71.4524
-71.707
-71.9468
-72.1723
-72.3846
-72.5842
-72.7719
-72.9483
-73.1142
-73.2702
-73.4168
-73.5547
-73.6843
-73.8062
-73.9208
-74.0287
-74.1301
-74.2255
-74.3153
-74.3998
-74.4793
-74.5541
-74.6246
-74.6909
-74.7533
-74.8121
-74.8675
-74.9196
-74.9687
-75.0149
-75.0584
-75.0993
-75.1379
-75.1742
-75.2083
-75.2404
-75.2707
-75.2991
-75.3258
-75.3509
-75.3745
-75.3966
-75.4174
-75.4369
-75.4552
-75.4723
-75.4883
-75.5032
-75.5172
-75.5302
-75.5423
-75.5536
-75.564
-75.5737
-75.5827
-75.591
-75.5986
-75.6055
-75.6119
-75.6177
-75.6229
-75.6277
-75.6319
-75.6357
-75.639
-75.6418
-75.6443
-75.6464
-75.648
-75.6494
-75.6504
-75.651
-75.6514
-75.6514
-75.6511
-75.6506
-75.6498
-75.6488
-75.6475
-75.646
-75.6443
-75.6423
-75.6402
-75.6378
-75.6353
-75.6326
-75.6297
-75.6266
-75.6234
-75.6201
-75.6166
-75.6129
-75.6092
-75.6053
-75.6013
-75.5971
-75.5929
-75.5885
-75.5841
-75.5795
-75.5749
-75.5701
-75.5653
-75.5604
-75.5554
-75.5503
-75.5452
-75.54
-75.5347
-75.5294
-75.524
-75.5185
-75.513
-75.5075
-75.5019
-75.4962
-75.4905
-75.4848
-75.479
-75.4731
-75.4673
-75.4614
-75.4554
-75.4495
-75.4435
-75.4374
-75.4314
-75.4253
-75.4192
-75.4131
-75.4069
-75.4007
-75.3945
-75.3883
-75.3821
-75.3758
-75.3696
-75.3633
-75.357
-75.3507
-75.3444
-75.3381
-75.3317
-75.3254
-75.319
-75.3127
-75.3063
-75.2999
-75.2935
-75.2872
-75.2808
-75.2744
-75.268
-75.2616
-75.2552
-75.2488
-75.2424
-75.2359
-75.2295
-75.2231
-75.2167
-75.2103
-75.2039
-75.1975
-75.1911
-75.1847
-75.1783
-75.1718
-75.1654
-75.159
-75.1526
-75.1462
-75.1399
-75.1335
-75.1271
-75.1207
-75.1143
-75.1079
-75.1016
-75.0952
-75.0888
-75.0825
-75.0761
-75.0698
-75.0634
-75.0571
-75.0508
-75.0444
-75.0381
-75.0318
-75.0254
-75.0191
-75.0128
-75.0065
-75.0002
-74.9939
-74.9876
-74.9814
-74.9751
-74.9688
-74.9625
-74.9563
-74.95
-74.9437
-74.9375
-74.9312
-74.925
-74.9188
-74.9125
-74.9063
-74.9001
-74.8938
-74.8876
-74.8814
-74.8752
-74.869
-74.8628
-74.8566
-74.8504
-74.8442
-74.8381
-74.8319
-74.8257
-74.8195
-74.8134
-74.8072
-74.801
-74.7949
-74.7887
-74.7826
-74.7764
-74.7703
-74.7641
-74.758
-74.7519
-74.7457
-74.7396
-74.7335
-74.7273
-74.7212
-74.7151
-74.709
-74.7029
-74.6968
-74.6906
-74.6845
-74.6784
-74.6723
-74.6662
-74.6601
-74.654
-74.6479
-74.6418
-74.6357
-74.6296
-74.6235
-74.6175
-74.6114
-74.6053
-74.5992
-74.5931
-74.587
-74.5809
-74.5749
-74.5688
-74.5627
-74.5566
-74.5505
-74.5444
-74.5384
-74.5323
-74.5262
-74.5201
-74.514
-74.508
-74.5019
-74.4958
-74.4897
-74.4836
-74.4775
-74.4715
-74.4654
-74.4593
-74.4532
-74.4471
-74.4411
-74.435
-74.4289
-74.4228
-74.4167
-74.4106
-74.4045
-74.3984
-74.3923
-74.3863
-74.3802
-74.3741
-74.368
-74.3619
-74.3558
-74.3497
-74.3436
-74.3375
-74.3314
-74.3253
-74.3191
-74.313
-74.3069
-74.3008
-74.2947
-74.2886
-74.2825
-74.2763
-74.2702
-74.2641
-74.258
-74.2518
-74.2457
-74.2396
-74.2334
-74.2273
-74.2212
-74.215
-74.2089
-74.2027
-74.1966
-74.1904
-74.1843
-74.1781
-74.172
-74.1658
-74.1596
-74.1535
-74.1473
-74.1411
-74.1349
-74.1288
-74.1226
-74.1164
-74.1102
-74.104
-74.0978
-74.0916
-74.0854
-74.0792
-74.073
-74.0668
-74.0606
-74.0544
-74.0482
-74.042
-74.0358
-74.0295
-74.0233
-74.0171
-74.0108
-74.0046
-73.9984
-73.9921
-73.9859
-73.9796
-73.9734
-73.9671
-73.9609
-73.9546
-73.9483
-73.9421
-73.9358
-73.9295
-73.9233
-73.917
-73.9107
-73.9044
-73.8981
-73.8918
-73.8855
-73.8792
-73.8729
-73.8666
-73.8603
-73.854
-73.8477
-73.8413
-73.835
-73.8287
-73.8224
-73.816
-73.8097
-73.8033
-73.797
-73.7907
-73.7843
-73.7779
-73.7716
-73.7652
-73.7589
-73.7525
-73.7461
-73.7397
-73.7334
-73.727
-73.7206
-73.7142
-73.7078
-73.7014
-73.695
-73.6886
-73.6822
-73.6758
-73.6694
-73.663
-73.6565
-73.6501
-73.6437
-73.6373
-73.6308
-73.6244
-73.618
-73.6115
-73.6051
-73.5986
-73.5922
-73.5857
-73.5792
-73.5728
-73.5663
-73.5598
-73.5534
-73.5469
-73.5404
-73.5339
-73.5274
-73.5209
-73.5144
-73.508
-73.5015
-73.4949
-73.4884
-73.4819
-73.4754
-73.4689
-73.4624
-73.4559
-73.4493
-73.4428
-73.4363
-73.4297
-73.4232
-73.4166
-73.4101
-73.4036
-73.397
-73.3904
-73.3839
-73.3773
-73.3708
-73.3642
-73.3576
-73.351
-73.3445
-73.3379
-73.3313
-73.3247
-73.3181
-73.3115
-73.3049
-73.2984
-73.2917
-73.2851
-73.2785
-73.2719
-73.2653
-73.2587
-73.2521
-73.2455
-73.2388
-73.2322
-73.2256
-73.2189
-73.2123
-73.2057
-73.199
-73.1924
-73.1857
-73.1791
-73.1724
-73.1658
-73.1591
-73.1525
-73.1458
-73.1391
-73.1325
-73.1258
-73.1191
-73.1124
-73.1058
-73.0991
-73.0924
-73.0857
-73.079
-73.0723
-73.0656
-73.0589
-73.0522
-73.0455
-73.0388
-73.0321
-73.0254
-73.0187
-73.012
-73.0053
-72.9986
-72.9918
-72.9851
-72.9784
-72.9717
-72.9649
-72.9582
-72.9515
-72.9447
-72.938
-72.9312
-72.9245
-72.9178
-72.911
-72.9043
-72.8975
-72.8907
-72.884
-72.8772
-72.8705
-72.8637
-72.8569
-72.8502
-72.8434
-72.8366
-72.8299
-72.8231
-72.8163
-72.8095
-72.8027
-72.796
-72.7892
-72.7824
-72.7756
-72.7688
-72.762
-72.7552
-72.7484
-72.7416
-72.7348
-72.728
-72.7212
-72.7144
-72.7076
-72.7008
-72.694
-72.6872
-72.6804
-72.6736
-72.6667
-72.6599
-72.6531
-72.6463
-72.6395
-72.6326
-72.6258
-72.619
-72.6121
-72.6053
-72.5985
-72.5917
-72.5848
-72.578
-72.5711
-72.5643
-72.5575
-72.5506
-72.5438
-72.5369
-72.5301
-72.5233
-72.5164
-72.5096
-72.5027
-72.4959
-72.489
-72.4822
-72.4753
-72.4684
-72.4616
-72.4547
-72.4479
-72.441
-72.4342
-72.4273
-72.4204
-72.4136
-72.4067
-72.3998
-72.393
-72.3861
-72.3792
-72.3724
-72.3655
-72.3586
-72.3518
-72.3449
-72.338
-72.3311
-72.3243
-72.3174
-72.3105
-72.3036
-72.2968
-72.2899
-72.283
-72.2761
-72.2693
-72.2624
-72.2555
-72.2486
-72.2417
-72.2348
-72.228
-72.2211
-72.2142
-72.2073
-72.2004
-72.1935
-72.1867
-72.1798
-72.1729
-72.166
-72.1591
-72.1522
-72.1453
-72.1385
-72.1316
-72.1247
-72.1178
-72.1109
-72.104
-72.0971
-72.0902
-72.0833
-72.0765
-72.0696
-72.0627
-72.0558
-72.0489
-72.042
-72.0351
-72.0282
-72.0213
-72.0145
-72.0076
-72.0007
-71.9938
-71.9869
-71.98
-71.9731
-71.9662
-71.9593
-71.9525
-71.9456
-71.9387
-71.9318
-71.9249
-71.918
-71.9111
-71.9042
-71.8974
-71.8905
-71.8836
-71.8767
-71.8698
-71.8629
-71.856
-71.8492
-71.8423
-71.8354
-71.8285
-71.8216
-71.8147
-71.8079
-71.801
-71.7941
-71.7872
-71.7803
-71.7735
-71.7666
-71.7597
-71.7528
-71.746
-71.7391
-71.7322
-71.7253
-71.7185
-71.7116
-71.7047
-71.6978
-71.691
-71.6841
-71.6772
-71.6704
-71.6635
-71.6566
-71.6498
-71.6429
-71.636
-71.6292
-71.6223
-71.6155
-71.6086
-71.6017
-71.5949
-71.588
-71.5812
-71.5743
-71.5675
-71.5606
-71.5538
-71.5469
-71.5401
-71.5332
-71.5264
-71.5195
-71.5127
-71.5058
-71.499
-71.4922
-71.4853
-71.4785
-71.4716
-71.4648
-71.458
-71.4511
-71.4443
-71.4375
-71.4307
-71.4238
-71.417
-71.4102
-71.4034
-71.3965
-71.3897
-71.3829
-71.3761
-71.3693
-71.3624
-71.3556
-71.3488
-71.342
-71.3352
-71.3284
-71.3216
-71.3148
-71.308
-71.3012
-71.2944
-71.2876
-71.2808
-71.274
-71.2672
-71.2604
-71.2536
-71.2468
-71.2401
-71.2333
-71.2265
-71.2197
-71.2129
-71.2062
-71.1994
-71.1926
-71.1858
-71.1791
-71.1723
-71.1655
-71.1588
-71.152
-71.1453
-71.1385
-71.1317
-71.125
-71.1182
-71.1115
-71.1047
-71.098
-71.0913
-71.0845
-71.0778
-71.071
-71.0643
-71.0576
-71.0508
-71.0441
-71.0374
-71.0307
-71.0239
-71.0172
-71.0105
-71.0038
-70.9971
-70.9904
-70.9836
-70.9769
-70.9702
-70.9635
-70.9568
-70.9501
-70.9434
-70.9367
-70.9301
-70.9234
-70.9167
-70.91
-70.9033
-70.8966
-70.89
-70.8833
-70.8766
-70.8699
-70.8633
-70.8566
-70.85
-70.8433
-70.8366
-70.83
-70.8233
-70.8167
-70.81
-70.8034
-70.7968
-70.7901
-70.7835
-70.7768
-70.7702
-70.7636
-70.757
-70.7503
-70.7437
-70.7371
-70.7305
-70.7239
-70.7173
-70.7106
-70.704
-70.6974
-70.6908
-70.6842
-70.6777
-70.6711
-70.6645
-70.6579
-70.6513
-70.6447
-70.6381
-70.6316
-70.625
-70.6184
-70.6119
-70.6053
-70.5987
-70.5922
-70.5856
-70.5791
-70.5725
-70.566
-70.5594
-70.5529
-70.5464
-70.5398
-70.5333
-70.5268
-70.5203
-70.5137
-70.5072
-70.5007
-70.4942
-70.4877
-70.4812
-70.4747
-70.4682
-70.4617
-70.4552
-70.4487
-70.4422
-70.4357
-70.4292
-70.4228
-70.4163
-70.4098
-70.4033
-70.3969
-70.3904
-70.3839
-70.3775
-70.371
-70.3646
-70.3581
-70.3517
-70.3453
-70.3388
-70.3324
-70.3259
-70.3195
-70.3131
-70.3067
-70.3003
-70.2938
-70.2874
-70.281
-70.2746
-70.2682
-70.2618
-70.2554
-70.249
-70.2426
-70.2363
-70.2299
-70.2235
-70.2171
-70.2108
-70.2044
-70.198
-70.1917
-70.1853
-70.179
-70.1726
-70.1663
-70.1599
-70.1536
-70.1472
-70.1409
-70.1346
-70.1282
-70.1219
-70.1156
-70.1093
-70.103
-70.0967
-70.0904
-70.0841
-70.0778
-70.0715
-70.0652
-70.0589
-70.0526
-70.0463
-70.0401
-70.0338
-70.0275
-70.0212
-70.015
-70.0087
-70.0025
-69.9962
-69.99
-69.9837
-69.9775
-69.9712
-69.965
-69.9588
-69.9526
-69.9463
-69.9401
-69.9339
-69.9277
-69.9215
-69.9153
-69.9091
-69.9029
-69.8967
-69.8905
-69.8843
-69.8781
-69.872
-69.8658
-69.8596
-69.8534
-69.8473
-69.8411
-69.835
-69.8288
-69.8227
-69.8165
-69.8104
-69.8043
-69.7981
-69.792
-69.7859
-69.7797
-69.7736
-69.7675
-69.7614
-69.7553
-69.7492
-69.7431
-69.737
-69.7309
-69.7248
-69.7188
-69.7127
-69.7066
-69.7005
-69.6945
-69.6884
-69.6823
-69.6763
-69.6702
-69.6642
-69.6581
-69.6521
-69.6461
-69.64
-69.634
-69.628
-69.622
-69.616
-69.6099
-69.6039
-69.5979
-69.5919
-69.5859
-69.5799
-69.574
-69.568
-69.562
-69.556
-69.55
-69.5441
-69.5381
-69.5321
-69.5262
-69.5202
-69.5143
-69.5083
-69.5024
-69.4965
-69.4905
-69.4846
-69.4787
-69.4728
-69.4668
-69.4609
-69.455
-69.4491
-69.4432
-69.4373
-69.4314
-69.4255
-69.4197
-69.4138
-69.4079
-69.402
-69.3962
-69.3903
-69.3844
-69.3786
-69.3727
-69.3669
-69.361
-69.3552
-69.3494
-69.3435
-69.3377
-69.3319
-69.3261
-69.3203
-69.3145
-69.3086
-69.3028
-69.297
-69.2913
-69.2855
-69.2797
-69.2739
-69.2681
-69.2623
-69.2566
-69.2508
-69.245
-69.2393
-69.2335
-69.2278
-69.222
-69.2163
-69.2106
-69.2048
-69.1991
-69.1934
-69.1877
-69.1819
-69.1762
-69.1705
-69.1648
-69.1591
-69.1534
-69.1477
-69.1421
-69.1364
-69.1307
-69.125
-69.1193
-69.1137
-69.108
-69.1024
-69.0967
-69.0911
-69.0854
-69.0798
-69.0741
-69.0685
-69.0629
-69.0573
-69.0516
-69.046
-69.0404
-69.0348
-69.0292
-69.0236
-69.018
-69.0124
-69.0068
-69.0012
-68.9957
-68.9901
-68.9845
-68.979
-68.9734
-68.9678
-68.9623
-68.9567
-68.9512
-68.9456
-68.9401
-68.9346
-68.929
-68.9235
-68.918
-68.9125
-68.907
-68.9015
-68.896
-68.8905
-68.885
-68.8795
-68.874
-68.8685
-68.863
-68.8576
-68.8521
-68.8466
-68.8412
-68.8357
-68.8303
-68.8248
-68.8194
-68.8139
-68.8085
-68.8031
-68.7976
-68.7922
-68.7868
-68.7814
-68.776
-68.7706
-68.7651
-68.7597
-68.7544
-68.749
-68.7436
-68.7382
-68.7328
-68.7274
-68.7221
-68.7167
-68.7114
-68.706
-68.7006
-68.6953
-68.6899
-68.6846
-68.6793
-68.6739
-68.6686
-68.6633
-68.658
-68.6527
-68.6473
-68.642
-68.6367
-68.6314
-68.6261
-68.6209
-68.6156
-68.6103
-68.605
-68.5997
-68.5945
-68.5892
-68.5839
-68.5787
-68.5734
-68.5682
-68.5629
-68.5577
-68.5525
-68.5472
-68.542
-68.5368
-68.5316
-68.5263
-68.5211
-68.5159
-68.5107
-68.5055
-68.5003
-68.4951
-68.4899
-68.4848
-68.4796
-68.4744
-68.4692
-68.4641
-68.4589
-68.4537
-68.4486
-68.4434
-68.4383
-68.4332
-68.428
-68.4229
-68.4178
-68.4126
-68.4075
-68.4024
-68.3973
-68.3922
-68.3871
-68.382
-68.3769
-68.3718
-68.3667
-68.3616
-68.3565
-68.3514
-68.3464
-68.3413
-68.3362
-68.3312
-68.3261
-68.3211
-68.316
-68.311
-68.3059
-68.3009
-68.2959
-68.2908
-68.2858
-68.2808
-68.2758
-68.2708
-68.2658
-68.2608
-68.2558
-68.2508
-68.2458
-68.2408
-68.2358
-68.2308
-68.2258
-68.2209
-68.2159
-68.2109
-68.206
-68.201
-68.1961
-68.1911
-68.1862
-68.1812
-68.1763
-68.1714
-68.1664
-68.1615
-68.1566
-68.1517
-68.1468
-68.1419
-68.137
-68.1321
-68.1272
-68.1223
-68.1174
-68.1125
-68.1076
-68.1027
-68.0979
-68.093
-68.0881
-68.0833
-68.0784
-68.0736
-68.0687
-68.0639
-68.059
-68.0542
-68.0494
-68.0445
-68.0397
-68.0349
-68.0301
-68.0252
-68.0204
-68.0156
-68.0108
-68.006
-68.0012
-67.9964
-67.9916
-67.9869
-67.9821
-67.9773
-67.9725
-67.9678
-67.963
-67.9582
-67.9535
-67.9487
-67.944
-67.9392
-67.9345
-67.9298
-67.925
-67.9203
-67.9156
-67.9108
-67.9061
-67.9014
-67.8967
-67.892
-67.8873
-67.8826
-67.8779
-67.8732
-67.8685
-67.8638
-67.8591
-67.8545
-67.8498
-67.8451
-67.8405
-67.8358
-67.8311
-67.8265
-67.8218
-67.8172
-67.8125
-67.8079
-67.8033
-67.7986
-67.794
-67.7894
-67.7848
-67.7801
-67.7755
-67.7709
-67.7663
-67.7617
-67.7571
-67.7525
-67.7479
-67.7433
-67.7387
-67.7342
-67.7296
-67.725
-67.7204
-67.7159
-67.7113
-67.7067
-67.7022
-67.6976
-67.6931
-67.6885
-67.684
-67.6795
-67.6749
-67.6704
-67.6659
-67.6613
-67.6568
-67.6523
-67.6478
-67.6433
-67.6388
-67.6343
-67.6298
-67.6253
-67.6208
-67.6163
-67.6118
-67.6073
-67.6029
-67.5984
-67.5939
-67.5894
-67.585
-67.5805
-67.5761
-67.5716
-67.5672
-67.5627
-67.5583
-67.5538
-67.5494
-67.545
-67.5405
-67.5361
-67.5317
-67.5273
-67.5228
-67.5184
-67.514
-67.5096
-67.5052
-67.5008
-67.4964
-67.492
-67.4876
-67.4833
-67.4789
-67.4745
-67.4701
-67.4658
-67.4614
-67.457
-67.4527
-67.4483
-67.4439
-67.4396
-67.4352
-67.4309
-67.4266
-67.4222
-67.4179
-67.4136
-67.4092
-67.4049
-67.4006
-67.3963
-67.3919
-67.3876
-67.3833
-67.379
-67.3747
-67.3704
-67.3661
-67.3618
-67.3575
-67.3533
-67.349
-67.3447
-67.3404
-67.3361
-67.3319
-67.3276
-67.3233
-67.3191
-67.3148
-67.3106
-67.3063
-67.3021
-67.2978
-67.2936
-67.2893
-67.2851
-67.2809
-67.2766
-67.2724
-67.2682
-67.264
-67.2598
-67.2555
-67.2513
-67.2471
-67.2429
-67.2387
-67.2345
-67.2303
-67.2261
-67.222
-67.2178
-67.2136
-67.2094
-67.2052
-67.2011
-67.1969
-67.1927
-67.1886
-67.1844
-67.1802
-67.1761
-67.1719
-67.1678
-67.1636
-67.1595
-67.1554
-67.1512
-67.1471
-67.143
-67.1388
-67.1347
-67.1306
-67.1265
-67.1223
-67.1182
-67.1141
-67.11
-67.1059
-67.1018
-67.0977
-67.0936
-67.0895
-67.0854
-67.0813
-67.0773
-67.0732
-67.0691
-67.065
-67.061
-67.0569
-67.0528
-67.0488
-67.0447
-67.0406
-67.0366
-67.0325
-67.0285
-67.0244
-67.0204
-67.0163
-67.0123
-67.0083
-67.0042
-67.0002
-66.9962
-66.9922
-66.9881
-66.9841
-66.9801
-66.9761
-66.9721
-66.9681
-66.9641
-66.9601
-66.9561
-66.9521
-66.9481
-66.9441
-66.9401
-66.9361
-66.9321
-66.9281
-66.9242
-66.9202
-66.9162
-66.9122
-66.9083
-66.9043
-66.9004
-66.8964
-66.8924
-66.8885
-66.8845
-66.8806
-66.8766
-66.8727
-66.8688
-66.8648
-66.8609
-66.8569
-66.853
-66.8491
-66.8452
-66.8412
-66.8373
-66.8334
-66.8295
-66.8256
-66.8217
-66.8178
-66.8138
-66.8099
-66.806
-66.8021
-66.7983
-66.7944
-66.7905
-66.7866
-66.7827
-66.7788
-66.7749
-66.7711
-66.7672
-66.7633
-66.7594
-66.7556
-66.7517
-66.7478
-66.744
-66.7401
-66.7363
-66.7324
-66.7286
-66.7247
-66.7209
-66.717
-66.7132
-66.7093
-66.7055
-66.7017
-66.6978
-66.694
-66.6902
-66.6864
-66.6825
-66.6787
-66.6749
-66.6711
-66.6673
-66.6635
-66.6596
-66.6558
-66.652
-66.6482
-66.6444
-66.6406
-66.6368
-66.633
-66.6293
-66.6255
-66.6217
-66.6179
-66.6141
-66.6103
-66.6066
-66.6028
-66.599
-66.5952
-66.5915
-66.5877
-66.5839
-66.5802
-66.5764
-66.5727
-66.5689
-66.5652
-66.5614
-66.5576
-66.5539
-66.5502
-66.5464
-66.5427
-66.5389
-66.5352
-66.5315
-66.5277
-66.524
-66.5203
-66.5165
-66.5128
-66.5091
-66.5054
-66.5017
-66.4979
-66.4942
-66.4905
-66.4868
-66.4831
-66.4794
-66.4757
-66.472
-66.4683
-66.4646
-66.4609
-66.4572
-66.4535
-66.4498
-66.4461
-66.4425
-66.4388
-66.4351
-66.4314
-66.4277
-66.4241
-66.4204
-66.4167
-66.413
-66.4094
-66.4057
-66.402
-66.3984
-66.3947
-66.3911
-66.3874
-66.3837
-66.3801
-66.3764
-66.3728
-66.3691
-66.3655
-66.3619
-66.3582
-66.3546
-66.3509
-66.3473
-66.3437
-66.34
-66.3364
-66.3328
-66.3291
-66.3255
-66.3219
-66.3183
-66.3147
-66.311
-66.3074
-66.3038
-66.3002
-66.2966
-66.293
-66.2894
-66.2858
-66.2821
-66.2785
-66.2749
-66.2713
-66.2677
-66.2642
-66.2606
-66.257
-66.2534
-66.2498
-66.2462
-66.2426
-66.239
-66.2354
-66.2319
-66.2283
-66.2247
-66.2211
-66.2176
-66.214
-66.2104
-66.2068
-66.2033
-66.1997
-66.1961
-66.1926
-66.189
-66.1855
-66.1819
-66.1783
-66.1748
-66.1712
-66.1677
-66.1641
-66.1606
-66.157
-66.1535
-66.1499
-66.1464
-66.1428
-66.1393
-66.1358
-66.1322
-66.1287
-66.1252
-66.1216
-66.1181
-66.1146
-66.111
-66.1075
-66.104
-66.1005
-66.0969
-66.0934
-66.0899
-66.0864
-66.0828
-66.0793
-66.0758
-66.0723
-66.0688
-66.0653
-66.0618
-66.0583
-66.0548
-66.0512
-66.0477
-66.0442
-66.0407
-66.0372
-66.0337
-66.0302
-66.0267
-66.0233
-66.0198
-66.0163
-66.0128
-66.0093
-66.0058
-66.0023
-65.9988
-65.9953
-65.9919
-65.9884
-65.9849
-65.9814
-65.9779
-65.9745
-65.971
-65.9675
-65.964
-65.9606
-65.9571
-65.9536
-65.9501
-65.9467
-65.9432
-65.9397
-65.9363
-65.9328
-65.9293
-65.9259
-65.9224
-65.919
-65.9155
-65.9121
-65.9086
-65.9051
-65.9017
-65.8982
-65.8948
-65.8913
-65.8879
-65.8844
-65.881
-65.8775
-65.8741
-65.8707
-65.8672
-65.8638
-65.8603
-65.8569
-65.8534
-65.85
-65.8466
-65.8431
-65.8397
-65.8363
-65.8328
-65.8294
-65.826
-65.8225
-65.8191
-65.8157
-65.8122
-65.8088
-65.8054
-65.802
-65.7985
-65.7951
-65.7917
-65.7883
-65.7849
-65.7814
-65.778
-65.7746
-65.7712
-65.7678
-65.7644
-65.7609
-65.7575
-65.7541
-65.7507
-65.7473
-65.7439
-65.7405
-65.7371
-65.7336
-65.7302
-65.7268
-65.7234
-65.72
-65.7166
-65.7132
-65.7098
-65.7064
-65.703
-65.6996
-65.6962
-65.6928
-65.6894
-65.686
-65.6826
-65.6792
-65.6758
-65.6724
-65.669
-65.6656
-65.6623
-65.6589
-65.6555
-65.6521
-65.6487
-65.6453
-65.6419
-65.6385
-65.6351
-65.6317
-65.6284
-65.625
-65.6216
-65.6182
-65.6148
-65.6114
-65.6081
-65.6047
-65.6013
-65.5979
-65.5945
-65.5912
-65.5878
-65.5844
-65.581
-65.5776
-65.5743
-65.5709
-65.5675
-65.5641
-65.5608
-65.5574
-65.554
-65.5506
-65.5473
-65.5439
-65.5405
-65.5372
-65.5338
-65.5304
-65.527
-65.5237
-65.5203
-65.5169
-65.5136
-65.5102
-65.5068
-65.5035
-65.5001
-65.4967
-65.4934
-65.49
-65.4866
-65.4833
-65.4799
-65.4765
-65.4732
-65.4698
-65.4664
-65.4631
-65.4597
-65.4564
-65.453
-65.4496
-65.4463
-65.4429
-65.4396
-65.4362
-65.4328
-65.4295
-65.4261
-65.4228
-65.4194
-65.416
-65.4127
-65.4093
-65.406
-65.4026
-65.3993
-65.3959
-65.3925
-65.3892
-65.3858
-65.3825
-65.3791
-65.3758
-65.3724
-65.3691
-65.3657
-65.3623
-65.359
-65.3556
-65.3523
-65.3489
-65.3456
-65.3422
-65.3389
-65.3355
-65.3322
-65.3288
-65.3255
-65.3221
-65.3187
-65.3154
-65.312
-65.3087
-65.3053
-65.302
-65.2986
-65.2953
-65.2919
-65.2886
-65.2852
-65.2819
-65.2785
-65.2752
-65.2718
-65.2685
-65.2651
-65.2618
-65.2584
-65.255
-65.2517
-65.2483
-65.245
-65.2416
-65.2383
-65.2349
-65.2316
-65.2282
-65.2249
-65.2215
-65.2182
-65.2148
-65.2115
-65.2081
-65.2048
-65.2014
-65.198
-65.1947
-65.1913
-65.188
-65.1846
-65.1813
-65.1779
-65.1746
-65.1712
-65.1679
-65.1645
-65.1611
-65.1578
-65.1544
-65.1511
-65.1477
-65.1444
-65.141
-65.1376
-65.1343
-65.1309
-65.1276
-65.1242
-65.1209
-65.1175
-65.1141
-65.1108
-65.1074
-65.1041
-65.1007
-65.0973
-65.094
-65.0906
-65.0873
-65.0839
-65.0805
-65.0772
-65.0738
-65.0705
-65.0671
-65.0637
-65.0604
-65.057
-65.0536
-65.0503
-65.0469
-65.0435
-65.0402
-65.0368
-65.0334
-65.0301
-65.0267
-65.0233
-65.02
-65.0166
-65.0132
-65.0099
-65.0065
-65.0031
-64.9997
-64.9964
-64.993
-64.9896
-64.9862
-64.9829
-64.9795
-64.9761
-64.9727
-64.9694
-64.966
-64.9626
-64.9592
-64.9559
-64.9525
-64.9491
-64.9457
-64.9423
-64.939
-64.9356
-64.9322
-64.9288
-64.9254
-64.922
-64.9186
-64.9153
-64.9119
-64.9085
-64.9051
-64.9017
-64.8983
-64.8949
-64.8915
-64.8881
-64.8848
-64.8814
-64.878
-64.8746
-64.8712
-64.8678
-64.8644
-64.861
-64.8576
-64.8542
-64.8508
-64.8474
-64.844
-64.8406
-64.8372
-64.8338
-64.8304
-64.827
-64.8236
-64.8202
-64.8168
-64.8134
-64.8099
-64.8065
-64.8031
-64.7997
-64.7963
-64.7929
-64.7895
-64.7861
-64.7826
-64.7792
-64.7758
-64.7724
-64.769
-64.7655
-64.7621
-64.7587
-64.7553
-64.7519
-64.7484
-64.745
-64.7416
-64.7382
-64.7347
-64.7313
-64.7279
-64.7244
-64.721
-64.7176
-64.7141
-64.7107
-64.7073
-64.7038
-64.7004
-64.6969
-64.6935
-64.6901
-64.6866
-64.6832
-64.6797
-64.6763
-64.6728
-64.6694
-64.6659
-64.6625
-64.659
-64.6556
-64.6521
-64.6487
-64.6452
-64.6418
-64.6383
-64.6348
-64.6314
-64.6279
-64.6245
-64.621
-64.6175
-64.6141
-64.6106
-64.6071
-64.6036
-64.6002
-64.5967
-64.5932
-64.5898
-64.5863
-64.5828
-64.5793
-64.5758
-64.5724
-64.5689
-64.5654
-64.5619
-64.5584
-64.5549
-64.5514
-64.548
-64.5445
-64.541
-64.5375
-64.534
-64.5305
-64.527
-64.5235
-64.52
-64.5165
-64.513
-64.5095
-64.506
-64.5024
-64.4989
-64.4954
-64.4919
-64.4884
-64.4849
-64.4814
-64.4778
-64.4743
-64.4708
-64.4673
-64.4638
-64.4602
-64.4567
-64.4532
-64.4496
-64.4461
-64.4426
-64.439
-64.4355
-64.432
-64.4284
-64.4249
-64.4213
-64.4178
-64.4142
-64.4107
-64.4071
-64.4036
-64.4
-64.3965
-64.3929
-64.3894
-64.3858
-64.3822
-64.3787
-64.3751
-64.3716
-64.368
-64.3644
-64.3608
-64.3573
-64.3537
-64.3501
-64.3465
-64.343
-64.3394
-64.3358
-64.3322
-64.3286
-64.325
-64.3214
-64.3178
-64.3142
-64.3106
-64.307
-64.3034
-64.2998
-64.2962
-64.2926
-64.289
-64.2854
-64.2818
-64.2782
-64.2746
-64.271
-64.2673
-64.2637
-64.2601
-64.2565
-64.2528
-64.2492
-64.2456
-64.2419
-64.2383
-64.2347
-64.231
-64.2274
-64.2237
-64.2201
-64.2164
-64.2128
-64.2091
-64.2055
-64.2018
-64.1982
-64.1945
-64.1909
-64.1872
-64.1835
-64.1799
-64.1762
-64.1725
-64.1688
-64.1652
-64.1615
-64.1578
-64.1541
-64.1504
-64.1467
-64.143
-64.1394
-64.1357
-64.132
-64.1283
-64.1246
-64.1209
-64.1171
-64.1134
-64.1097
-64.106
-64.1023
-64.0986
-64.0949
-64.0911
-64.0874
-64.0837
-64.0799
-64.0762
-64.0725
-64.0687
-64.065
-64.0613
-64.0575
-64.0538
-64.05
-64.0463
-64.0425
-64.0388
-64.035
-64.0312
-64.0275
-64.0237
-64.0199
-64.0162
-64.0124
-64.0086
-64.0048
-64.001
-63.9973
-63.9935
-63.9897
-63.9859
-63.9821
-63.9783
-63.9745
-63.9707
-63.9669
-63.9631
-63.9593
-63.9555
-63.9516
-63.9478
-63.944
-63.9402
-63.9363
-63.9325
-63.9287
-63.9248
-63.921
-63.9172
-63.9133
-63.9095
-63.9056
-63.9018
-63.8979
-63.8941
-63.8902
-63.8863
-63.8825
-63.8786
-63.8747
-63.8708
-63.867
-63.8631
-63.8592
-63.8553
-63.8514
-63.8475
-63.8436
-63.8397
-63.8358
-63.8319
-63.828
-63.8241
-63.8202
-63.8163
-63.8123
-63.8084
-63.8045
-63.8006
-63.7966
-63.7927
-63.7888
-63.7848
-63.7809
-63.7769
-63.773
-63.769
-63.765
-63.7611
-63.7571
-63.7532
-63.7492
-63.7452
-63.7412
-63.7372
-63.7333
-63.7293
-63.7253
-63.7213
-63.7173
-63.7133
-63.7093
-63.7053
-63.7013
-63.6972
-63.6932
-63.6892
-63.6852
-63.6811
-63.6771
-63.6731
-63.669
-63.665
-63.6609
-63.6569
-63.6528
-63.6488
-63.6447
-63.6407
-63.6366
-63.6325
-63.6284
-63.6244
-63.6203
-63.6162
-63.6121
-63.608
-63.6039
-63.5998
-63.5957
-63.5916
-63.5875
-63.5834
-63.5792
-63.5751
-63.571
-63.5669
-63.5627
-63.5586
-63.5544
-63.5503
-63.5461
-63.542
-63.5378
-63.5337
-63.5295
-63.5253
-63.5212
-63.517
-63.5128
-63.5086
-63.5044
-63.5002
-63.496
-63.4918
-63.4876
-63.4834
-63.4792
-63.475
-63.4707
-63.4665
-63.4623
-63.458
-63.4538
-63.4495
-63.4453
-63.441
-63.4368
-63.4325
-63.4283
-63.424
-63.4197
-63.4154
-63.4111
-63.4068
-63.4026
-63.3983
-63.394
-63.3896
-63.3853
-63.381
-63.3767
-63.3724
-63.368
-63.3637
-63.3594
-63.355
-63.3507
-63.3463
-63.342
-63.3376
-63.3332
-63.3289
-63.3245
-63.3201
-63.3157
-63.3113
-63.3069
-63.3025
-63.2981
-63.2937
-63.2893
-63.2849
-63.2805
-63.276
-63.2716
-63.2672
-63.2627
-63.2583
-63.2538
-63.2493
-63.2449
-63.2404
-63.2359
-63.2314
-63.227
-63.2225
-63.218
-63.2135
-63.209
-63.2045
-63.1999
-63.1954
-63.1909
-63.1864
-63.1818
-63.1773
-63.1727
-63.1682
-63.1636
-63.159
-63.1545
-63.1499
-63.1453
-63.1407
-63.1361
-63.1315
-63.1269
-63.1223
-63.1177
-63.1131
-63.1085
-63.1038
-63.0992
-63.0945
-63.0899
-63.0852
-63.0806
-63.0759
-63.0712
-63.0666
-63.0619
-63.0572
-63.0525
-63.0478
-63.0431
-63.0384
-63.0336
-63.0289
-63.0242
-63.0194
-63.0147
-63.0099
-63.0052
-63.0004
-62.9956
-62.9909
-62.9861
-62.9813
-62.9765
-62.9717
-62.9669
-62.9621
-62.9573
-62.9524
-62.9476
-62.9428
-62.9379
-62.9331
-62.9282
-62.9233
-62.9185
-62.9136
-62.9087
-62.9038
-62.8989
-62.894
-62.8891
-62.8841
-62.8792
-62.8743
-62.8693
-62.8644
-62.8594
-62.8545
-62.8495
-62.8445
-62.8395
-62.8346
-62.8296
-62.8246
-62.8195
-62.8145
-62.8095
-62.8045
-62.7994
-62.7944
-62.7893
-62.7843
-62.7792
-62.7741
-62.769
-62.7639
-62.7588
-62.7537
-62.7486
-62.7435
-62.7383
-62.7332
-62.728
-62.7229
-62.7177
-62.7126
-62.7074
-62.7022
-62.697
-62.6918
-62.6866
-62.6814
-62.6761
-62.6709
-62.6657
-62.6604
-62.6551
-62.6499
-62.6446
-62.6393
-62.634
-62.6287
-62.6234
-62.6181
-62.6128
-62.6074
-62.6021
-62.5967
-62.5914
-62.586
-62.5806
-62.5752
-62.5698
-62.5644
-62.559
-62.5536
-62.5481
-62.5427
-62.5372
-62.5318
-62.5263
-62.5208
-62.5153
-62.5098
-62.5043
-62.4988
-62.4933
-62.4878
-62.4822
-62.4766
-62.4711
-62.4655
-62.4599
-62.4543
-62.4487
-62.4431
-62.4375
-62.4319
-62.4262
-62.4206
-62.4149
-62.4092
-62.4035
-62.3978
-62.3921
-62.3864
-62.3807
-62.375
-62.3692
-62.3634
-62.3577
-62.3519
-62.3461
-62.3403
-62.3345
-62.3287
-62.3228
-62.317
-62.3111
-62.3053
-62.2994
-62.2935
-62.2876
-62.2817
-62.2758
-62.2699
-62.2639
-62.258
-62.252
-62.246
-62.24
-62.234
-62.228
-62.222
-62.2159
-62.2099
-62.2038
-62.1977
-62.1917
-62.1856
-62.1794
-62.1733
-62.1672
-62.161
-62.1549
-62.1487
-62.1425
-62.1363
-62.1301
-62.1239
-62.1176
-62.1114
-62.1051
-62.0989
-62.0926
-62.0863
-62.0799
-62.0736
-62.0673
-62.0609
-62.0545
-62.0482
-62.0418
-62.0354
-62.0289
-62.0225
-62.016
-62.0096
-62.0031
-61.9966
-61.9901
-61.9835
-61.977
-61.9705
-61.9639
-61.9573
-61.9507
-61.9441
-61.9375
-61.9308
-61.9242
-61.9175
-61.9108
-61.9041
-61.8974
-61.8906
-61.8839
-61.8771
-61.8703
-61.8635
-61.8567
-61.8499
-61.843
-61.8362
-61.8293
-61.8224
-61.8155
-61.8085
-61.8016
-61.7946
-61.7876
-61.7806
-61.7736
-61.7666
-61.7595
-61.7525
-61.7454
-61.7383
-61.7312
-61.724
-61.7169
-61.7097
-61.7025
-61.6953
-61.688
-61.6808
-61.6735
-61.6662
-61.6589
-61.6516
-61.6443
-61.6369
-61.6295
-61.6221
-61.6147
-61.6072
-61.5998
-61.5923
-61.5848
-61.5773
-61.5697
-61.5622
-61.5546
-61.547
-61.5393
-61.5317
-61.524
-61.5163
-61.5086
-61.5009
-61.4931
-61.4854
-61.4776
-61.4697
-61.4619
-61.454
-61.4461
-61.4382
-61.4303
-61.4223
-61.4143
-61.4063
-61.3983
-61.3902
-61.3822
-61.3741
-61.3659
-61.3578
-61.3496
-61.3414
-61.3332
-61.3249
-61.3167
-61.3084
-61.3
-61.2917
-61.2833
-61.2749
-61.2665
-61.258
-61.2495
-61.241
-61.2325
-61.2239
-61.2153
-61.2067
-61.1981
-61.1894
-61.1807
-61.172
-61.1632
-61.1544
-61.1456
-61.1367
-61.1279
-61.119
-61.11
-61.101
-61.092
-61.083
-61.074
-61.0649
-61.0557
-61.0466
-61.0374
-61.0282
-61.0189
-61.0096
-61.0003
-60.991
-60.9816
-60.9722
-60.9627
-60.9532
-60.9437
-60.9342
-60.9246
-60.9149
-60.9053
-60.8956
-60.8858
-60.8761
-60.8663
-60.8564
-60.8465
-60.8366
-60.8267
-60.8167
-60.8066
-60.7966
-60.7864
-60.7763
-60.7661
-60.7559
-60.7456
-60.7353
-60.7249
-60.7145
-60.7041
-60.6936
-60.6831
-60.6725
-60.6619
-60.6512
-60.6405
-60.6298
-60.619
-60.6082
-60.5973
-60.5864
-60.5754
-60.5644
-60.5533
-60.5422
-60.531
-60.5198
-60.5085
-60.4972
-60.4858
-60.4744
-60.4629
-60.4514
-60.4399
-60.4282
-60.4165
-60.4048
-60.393
-60.3812
-60.3693
-60.3573
-60.3453
-60.3333
-60.3211
-60.3089
-60.2967
-60.2844
-60.272
-60.2596
-60.2471
-60.2346
-60.222
-60.2093
-60.1966
-60.1838
-60.1709
-60.158
-60.145
-60.1319
-60.1188
-60.1056
-60.0923
-60.079
-60.0656
-60.0521
-60.0385
-60.0249
-60.0112
-59.9974
-59.9836
-59.9696
-59.9556
-59.9415
-59.9274
-59.9131
-59.8988
-59.8844
-59.8699
-59.8553
-59.8407
-59.8259
-59.8111
-59.7962
-59.7812
-59.7661
-59.7509
-59.7356
-59.7202
-59.7047
-59.6892
-59.6735
-59.6577
-59.6419
-59.6259
-59.6098
-59.5937
-59.5774
-59.561
-59.5445
-59.528
-59.5113
-59.4944
-59.4775
-59.4605
-59.4433
-59.426
-59.4086
-59.3911
-59.3735
-59.3557
-59.3378
-59.3198
-59.3017
-59.2834
-59.265
-59.2465
-59.2278
-59.209
-59.19
-59.1709
-59.1517
-59.1323
-59.1127
-59.093
-59.0732
-59.0532
-59.033
-59.0127
-58.9922
-58.9716
-58.9508
-58.9298
-58.9086
-58.8873
-58.8657
-58.844
-58.8222
-58.8001
-58.7778
-58.7554
-58.7327
-58.7098
-58.6868
-58.6635
-58.64
-58.6163
-58.5924
-58.5683
-58.5439
-58.5193
-58.4944
-58.4694
-58.4441
-58.4185
-58.3927
-58.3666
-58.3402
-58.3136
-58.2868
-58.2596
-58.2322
-58.2044
-58.1764
-58.1481
-58.1194
-58.0905
-58.0612
-58.0316
-58.0017
-57.9714
-57.9408
-57.9099
-57.8785
-57.8468
-57.8148
-57.7823
-57.7494
-57.7162
-57.6825
-57.6484
-57.6139
-57.5789
-57.5434
-57.5075
-57.4712
-57.4343
-57.3969
-57.3591
-57.3207
-57.2817
-57.2422
-57.2022
-57.1615
-57.1203
-57.0784
-57.0359
-56.9928
-56.949
-56.9045
-56.8592
-56.8133
-56.7666
-56.7192
-56.6709
-56.6218
-56.5719
-56.5211
-56.4694
-56.4168
-56.3632
-56.3086
-56.253
-56.1964
-56.1386
-56.0797
-56.0196
-55.9583
-55.8957
-55.8318
-55.7665
-55.6998
-55.6316
-55.5619
-55.4906
-55.4176
-55.3429
-55.2663
-55.1878
-55.1074
-55.0248
-54.9401
-54.8531
-54.7637
-54.6717
-54.5771
-54.4797
-54.3794
-54.2759
-54.1691
-54.0589
-53.9449
-53.827
-53.7049
-53.5784
-53.4471
-53.3107
-53.1688
-53.0211
-52.867
-52.7061
-52.5377
-52.3613
-52.1761
-51.9813
-51.776
-51.559
-51.3291
-51.0848
-50.8244
-50.5459
-50.2468
-49.9241
-49.5743
-49.1928
-48.7739
-48.3104
-47.7925
-47.2072
-46.5363
-45.7539
-44.8215
-43.679
-42.2203
-40.2885
-37.6344
-33.855
-26.9788
-17.2125
-4.37123
8.40241
18.2958
25.4818
30.6938
34.4731
37.1669
39.0029
40.1325
40.6577
40.6523
40.1801
39.3055
38.0976
36.6285
34.9682
33.1804
31.3188
29.4261
27.5345
25.6666
23.8378
22.0574
20.3307
18.6597
17.0445
15.4839
13.9759
12.5179
11.1075
9.74202
8.41903
7.13625
5.89162
4.68331
3.50971
2.3694
1.26117
0.183985
-0.86308
-1.88081
-2.86992
-3.83105
-4.7648
-5.67174
-6.55245
-7.40754
-8.23763
-9.04336
-9.82545
-10.5846
-11.3217
-12.0376
-12.7331
-13.4092
-14.0668
-14.707
-15.3307
-15.9391
-16.533
-17.1137
-17.6821
-18.2392
-18.7861
-19.3239
-19.8535
-20.3759
-20.8922
-21.4032
-21.9101
-22.4136
-22.9149
-23.4147
-23.9141
-24.4141
-24.9155
-25.4193
-25.9264
-26.4378
-26.9544
-27.4771
-28.0069
-28.5446
-29.091
-29.6469
-30.2129
-30.7895
-31.3773
-31.9763
-32.5867
-33.2085
-33.8417
-34.4868
-35.1446
-35.8167
-36.5045
-37.2097
-37.9329
-38.6742
-39.4323
-40.2055
-40.9912
-41.7868
-42.5896
-43.3974
-44.2085
-45.0217
-45.8357
-46.6496
-47.4627
-48.2742
-49.0836
-49.8902
-50.6935
-51.4928
-52.2874
-53.0766
-53.8596
-54.6356
-55.4037
-56.1629
-56.9123
-57.6508
-58.3775
-59.0912
-59.791
-60.4759
-61.1449
-61.7971
-62.4317
-63.048
-63.6453
-64.223
-64.7807
-65.3181
-65.835
-66.3312
-66.8068
-67.2619
-67.6967
-68.1115
-68.5068
-68.8829
-69.2403
-69.5798
-69.9018
-70.207
-70.4961
-70.7698
-71.0287
-71.2736
-71.505
-71.7236
-71.9302
-72.1253
-72.3096
-72.4835
-72.6477
-72.8028
-72.9491
-73.0873
-73.2178
-73.3409
-73.4572
-73.567
-73.6707
-73.7687
-73.8612
-73.9487
-74.0313
-74.1093
-74.1831
-74.2528
-74.3186
-74.3809
-74.4397
-74.4954
-74.5479
-74.5976
-74.6446
-74.689
-74.7309
-74.7705
-74.8079
-74.8433
-74.8767
-74.9082
-74.9379
-74.966
-74.9924
-75.0174
-75.0409
-75.063
-75.0838
-75.1034
-75.1218
-75.1391
-75.1553
-75.1705
-75.1847
-75.198
-75.2105
-75.222
-75.2328
-75.2428
-75.2521
-75.2607
-75.2686
-75.2759
-75.2826
-75.2886
-75.2942
-75.2992
-75.3036
-75.3076
-75.3112
-75.3143
-75.3169
-75.3191
-75.321
-75.3225
-75.3236
-75.3243
-75.3248
-75.3249
-75.3247
-75.3242
-75.3234
-75.3224
-75.3211
-75.3196
-75.3178
-75.3158
-75.3135
-75.3111
-75.3084
-75.3056
-75.3026
-75.2994
-75.296
-75.2924
-75.2887
-75.2849
-75.2809
-75.2767
-75.2725
-75.2681
-75.2635
-75.2589
-75.2541
-75.2492
-75.2442
-75.2392
-75.234
-75.2287
-75.2233
-75.2179
-75.2124
-75.2068
-75.2011
-75.1953
-75.1895
-75.1836
-75.1776
-75.1716
-75.1655
-75.1594
-75.1532
-75.147
-75.1407
-75.1344
-75.128
-75.1216
-75.1151
-75.1086
-75.1021
-75.0955
-75.0889
-75.0823
-75.0756
-75.0689
-75.0622
-75.0554
-75.0486
-75.0418
-75.035
-75.0282
-75.0213
-75.0144
-75.0076
-75.0006
-74.9937
-74.9868
-74.9798
-74.9728
-74.9659
-74.9589
-74.9519
-74.9448
-74.9378
-74.9308
-74.9237
-74.9167
-74.9097
-74.9026
-74.8955
-74.8885
-74.8814
-74.8743
-74.8672
-74.8602
-74.8531
-74.846
-74.8389
-74.8318
-74.8247
-74.8176
-74.8105
-74.8034
-74.7964
-74.7893
-74.7822
-74.7751
-74.768
-74.7609
-74.7538
-74.7468
-74.7397
-74.7326
-74.7255
-74.7185
-74.7114
-74.7043
-74.6973
-74.6902
-74.6831
-74.6761
-74.669
-74.662
-74.655
-74.6479
-74.6409
-74.6339
-74.6268
-74.6198
-74.6128
-74.6058
-74.5988
-74.5918
-74.5848
-74.5778
-74.5708
-74.5638
-74.5568
-74.5499
-74.5429
-74.5359
-74.5289
-74.522
-74.515
-74.5081
-74.5011
-74.4942
-74.4872
-74.4803
-74.4734
-74.4664
-74.4595
-74.4526
-74.4457
-74.4388
-74.4319
-74.4249
-74.418
-74.4111
-74.4043
-74.3974
-74.3905
-74.3836
-74.3767
-74.3698
-74.363
-74.3561
-74.3492
-74.3423
-74.3355
-74.3286
-74.3218
-74.3149
-74.3081
-74.3012
-74.2944
-74.2875
-74.2807
-74.2738
-74.267
-74.2602
-74.2533
-74.2465
-74.2397
-74.2328
-74.226
-74.2192
-74.2124
-74.2055
-74.1987
-74.1919
-74.1851
-74.1783
-74.1715
-74.1647
-74.1578
-74.151
-74.1442
-74.1374
-74.1306
-74.1238
-74.117
-74.1102
-74.1034
-74.0966
-74.0898
-74.083
-74.0762
-74.0694
-74.0626
-74.0558
-74.049
-74.0422
-74.0354
-74.0286
-74.0218
-74.015
-74.0082
-74.0014
-73.9946
-73.9878
-73.981
-73.9742
-73.9674
-73.9606
-73.9537
-73.9469
-73.9401
-73.9333
-73.9265
-73.9197
-73.9129
-73.9061
-73.8993
-73.8925
-73.8857
-73.8788
-73.872
-73.8652
-73.8584
-73.8516
-73.8447
-73.8379
-73.8311
-73.8243
-73.8174
-73.8106
-73.8038
-73.797
-73.7901
-73.7833
-73.7764
-73.7696
-73.7628
-73.7559
-73.7491
-73.7422
-73.7354
-73.7285
-73.7217
-73.7148
-73.708
-73.7011
-73.6942
-73.6874
-73.6805
-73.6737
-73.6668
-73.6599
-73.653
-73.6462
-73.6393
-73.6324
-73.6255
-73.6186
-73.6117
-73.6049
-73.598
-73.5911
-73.5842
-73.5773
-73.5704
-73.5635
-73.5565
-73.5496
-73.5427
-73.5358
-73.5289
-73.522
-73.515
-73.5081
-73.5012
-73.4943
-73.4873
-73.4804
-73.4734

