-55
-55
-55.0142
-55.029
-55.0431
-55.0563
-55.0687
-55.0804
-55.0913
-55.1016
-55.1112
-55.1201
-55.1286
-55.1364
-55.1438
-55.1507
-55.1571
-55.1631
-55.1687
-55.1738
-55.1787
-55.1832
-55.1873
-55.1912
-55.1948
-55.198
-55.2011
-55.2039
-55.2065
-55.2088
-55.211
-55.2129
-55.2147
-55.2163
-55.2177
-55.219
-55.2202
-55.2212
-55.2221
-55.2228
-55.2235
-55.224
-55.2245
-55.2248
-55.2251
-55.2252
-55.2253
-55.2253
-55.2253
-55.2252
-55.225
-55.2247
-55.2244
-55.224
-55.2236
-55.2232
-55.2227
-55.2221
-55.2215
-55.2209
-55.2202
-55.2196
-55.2188
-55.2181
-55.2173
-55.2165
-55.2156
-55.2148
-55.2139
-55.213
-55.2121
-55.2111
-55.2102
-55.2092
-55.2082
-55.2072
-55.2062
-55.2052
-55.2042
-55.2031
-55.2021
-55.201
-55.1999
-55.1988
-55.1977
-55.1966
-55.1955
-55.1944
-55.1933
-55.1922
-55.191
-55.1899
-55.1888
-55.1876
-55.1865
-55.1854
-55.1842
-55.1831
-55.1819
-55.1808
-55.1796
-55.1785
-55.1773
-55.1761
-55.175
-55.1738
-55.1727
-55.1715
-55.1704
-55.1692
-55.1681
-55.1669
-55.1658
-55.1646
-55.1635
-55.1623
-55.1612
-55.16
-55.1589
-55.1578
-55.1566
-55.1555
-55.1544
-55.1532
-55.1521
-55.151
-55.1499
-55.1487
-55.1476
-55.1465
-55.1454
-55.1443
-55.1432
-55.1421
-55.141
-55.1399
-55.1388
-55.1377
-55.1367
-55.1356
-55.1345
-55.1334
-55.1324
-55.1313
-55.1303
-55.1292
-55.1282
-55.1271
-55.1261
-55.125
-55.124
-55.123
-55.122
-55.121
-55.1199
-55.1189
-55.1179
-55.1169
-55.1159
-55.1149
-55.114
-55.113
-55.112
-55.111
-55.1101
-55.1091
-55.1081
-55.1072
-55.1062
-55.1053
-55.1044
-55.1034
-55.1025
-55.1016
-55.1007
-55.0997
-55.0988
-55.0979
-55.097
-55.0961
-55.0953
-55.0944
-55.0935
-55.0926
-55.0918
-55.0909
-55.09
-55.0892
-55.0883
-55.0875
-55.0867
-55.0858
-55.085
-55.0842
-55.0834
-55.0825
-55.0817
-55.0809
-55.0801
-55.0793
-55.0786
-55.0778
-55.077
-55.0762
-55.0755
-55.0747
-55.074
-55.0732
-55.0725
-55.0717
-55.071
-55.0703
-55.0695
-55.0688
-55.0681
-55.0674
-55.0667
-55.066
-55.0653
-55.0646
-55.0639
-55.0632
-55.0626
-55.0619
-55.0612
-55.0606
-55.0599
-55.0593
-55.0586
-55.058
-55.0574
-55.0567
-55.0561
-55.0555
-55.0549
-55.0543
-55.0536
-55.053
-55.0525
-55.0519
-55.0513
-55.0507
-55.0501
-55.0495
-55.049
-55.0484
-55.0479
-55.0473
-55.0468
-55.0462
-55.0457
-55.0452
-55.0446
-55.0441
-55.0436
-55.0431
-55.0426
-55.042
-55.0415
-55.041
-55.0406
-55.0401
-55.0396
-55.0391
-55.0386
-55.0382
-55.0377
-55.0372
-55.0368
-55.0363
-55.0359
-55.0354
-55.035
-55.0346
-55.0341
-55.0337
-55.0333
-55.0329
-55.0324
-55.032
-55.0316
-55.0312
-55.0308
-55.0304
-55.03
-55.0296
-55.0293
-55.0289
-55.0285
-55.0281
-55.0278
-55.0274
-55.0271
-55.0267
-55.0263
-55.026
-55.0257
-55.0253
-55.025
-55.0246
-55.0243
-55.024
-55.0237
-55.0234
-55.023
-55.0227
-55.0224
-55.0221
-55.0218
-55.0215
-55.0212
-55.0209
-55.0206
-55.0204
-55.0201
-55.0198
-55.0195
-55.0193
-55.019
-55.0187
-55.0185
-55.0182
-55.018
-55.0177
-55.0175
-55.0172
-55.017
-55.0167
-55.0165
-55.0163
-55.0161
-55.0158
-55.0156
-55.0154
-55.0152
-55.015
-55.0147
-55.0145
-55.0143
-55.0141
-55.0139
-55.0137
-55.0135
-55.0133
-55.0132
-55.013
-55.0128
-55.0126
-55.0124
-55.0123
-55.0121
-55.0119
-55.0117
-55.0116
-55.0114
-55.0113
-55.0111
-55.0109
-55.0108
-55.0106
-55.0105
-55.0103
-55.0102
-55.0101
-55.0099
-55.0098
-55.0096
-55.0095
-55.0094
-55.0093
-55.0091
-55.009
-55.0089
-55.0088
-55.0087
-55.0085
-55.0084
-55.0083
-55.0082
-55.0081
-55.008
-55.0079
-55.0078
-55.0077
-55.0076
-55.0075
-55.0074
-55.0073
-55.0072
-55.0071
-55.0071
-55.007
-55.0069
-55.0068
-55.0067
-55.0067
-55.0066
-55.0065
-55.0064
-55.0064
-55.0063
-55.0062
-55.0062
-55.0061
-55.006
-55.006
-55.0059
-55.0059
-55.0058
-55.0058
-55.0057
-55.0056
-55.0056
-55.0055
-55.0055
-55.0055
-55.0054
-55.0054
-55.0053
-55.0053
-55.0052
-55.0052
-55.0052
-55.0051
-55.0051
-55.0051
-55.005
-55.005
-55.005
-55.0049
-55.0049
-55.0049
-55.0049
-55.0048
-55.0048
-55.0048
-55.0048
-55.0048
-55.0047
-55.0047
-55.0047
-55.0047
-55.0047
-55.0047
-55.0047
-55.0046
-55.0046
-55.0046
-55.0046
-55.0046
-55.0046
-55.0046
-55.0046
-55.0046
-55.0046
-55.0046
-55.0046
-55.0046
-55.0046
-55.0046
-55.0046
-55.0046
-55.0046
-55.0046
-55.0046
-55.0046
-55.0046
-55.0046
-55.0046
-55.0046
-55.0046
-55.0046
-55.0047
-55.0047
-55.0047
-55.0047
-55.0047
-55.0047
-55.0047
-55.0047
-55.0048
-55.0048
-55.0048
-55.0048
-55.0048
-55.0048
-55.0049
-55.0049
-55.0049
-55.0049
-55.0049
-55.005
-55.005
-55.005
-55.005
-55.005
-55.0051
-55.0051
-55.0051
-55.0051
-55.0052
-55.0052
-55.0052
-55.0052
-55.0053
-55.0053
-55.0053
-55.0053
-55.0054
-55.0054
-55.0054
-55.0054
-55.0055
-55.0055
-55.0055
-55.0056
-55.0056
-55.0056
-55.0056
-55.0057
-55.0057
-55.0057
-55.0058
-55.0058
-55.0058
-55.0059
-55.0059
-55.0059
-55.0059
-55.006
-55.006
-55.006
-55.0061
-55.0061
-55.0061
-55.0062
-55.0062
-55.0062
-55.0063
-55.0063
-55.0063
-55.0064
-55.0064
-55.0064
-55.0065
-55.0065
-55.0065
-55.0066
-55.0066
-55.0066
-55.0067
-55.0067
-55.0067
-55.0068
-55.0068
-55.0069
-55.0069
-55.0069
-55.007
-55.007
-55.007
-55.0071
-55.0071
-55.0071
-55.0072
-55.0072
-55.0072
-55.0073
-55.0073
-55.0073
-55.0074
-55.0074
-55.0074
-55.0075
-55.0075
-55.0076
-55.0076
-55.0076
-55.0077
-55.0077
-55.0077
-55.0078
-55.0078
-55.0078
-55.0079
-55.0079
-55.0079
-55.008
-55.008
-55.008
-55.0081
-55.0081
-55.0081
-55.0082
-55.0082
-55.0082
-55.0083
-55.0083
-55.0083
-55.0084
-55.0084
-55.0084
-55.0085
-55.0085
-55.0085
-55.0086
-55.0086
-55.0086
-55.0087
-55.0087
-55.0087
-55.0088
-55.0088
-55.0088
-55.0089
-55.0089
-55.0089
-55.009
-55.009
-55.009
-55.0091
-55.0091
-55.0091
-55.0091
-55.0092
-55.0092
-55.0092
-55.0093
-55.0093
-55.0093
-55.0094
-55.0094
-55.0094
-55.0094
-55.0095
-55.0095
-55.0095
-55.0096
-55.0096
-55.0096
-55.0096
-55.0097
-55.0097
-55.0097
-55.0098
-55.0098
-55.0098
-55.0098
-55.0099
-55.0099
-55.0099
-55.0099
-55.01
-55.01
-55.01
-55.0101
-55.0101
-55.0101
-55.0101
-55.0102
-55.0102
-55.0102
-55.0102
-55.0103
-55.0103
-55.0103
-55.0103
-55.0104
-55.0104
-55.0104
-55.0104
-55.0105
-55.0105
-55.0105
-55.0105
-55.0105
-55.0106
-55.0106
-55.0106
-55.0106
-55.0107
-55.0107
-55.0107
-55.0107
-55.0107
-55.0108
-55.0108
-55.0108
-55.0108
-55.0109
-55.0109
-55.0109
-55.0109
-55.0109
-55.011
-55.011
-55.011
-55.011
-55.011
-55.0111
-55.0111
-55.0111
-55.0111
-55.0111
-55.0111
-55.0112
-55.0112
-55.0112
-55.0112
-55.0112
-55.0113
-55.0113
-55.0113
-55.0113
-55.0113
-55.0113
-55.0114
-55.0114
-55.0114
-55.0114
-55.0114
-55.0114
-55.0115
-55.0115
-55.0115
-55.0115
-55.0115
-55.0115
-55.0115
-55.0116
-55.0116
-55.0116
-55.0116
-55.0116
-55.0116
-55.0116
-55.0117
-55.0117
-55.0117
-55.0117
-55.0117
-55.0117
-55.0117
-55.0117
-55.0118
-55.0118
-55.0118
-55.0118
-55.0118
-55.0118
-55.0118
-55.0118
-55.0119
-55.0119
-55.0119
-55.0119
-55.0119
-55.0119
-55.0119
-55.0119
-55.0119
-55.012
-55.012
-55.012
-55.012
-55.012
-55.012
-55.012
-55.012
-55.012
-55.012
-55.012
-55.0121
-55.0121
-55.0121
-55.0121
-55.0121
-55.0121
-55.0121
-55.0121
-55.0121
-55.0121
-55.0121
-55.0122
-55.0122
-55.0122
-55.0122
-55.0122
-55.0122
-55.0122
-55.0122
-55.0122
-55.0122
-55.0122
-55.0122
-55.0122
-55.0122
-55.0122
-55.0123
-55.0123
-55.0123
-55.0123
-54.0903
-53.0065
-51.9961
-51.115
-50.3618
-49.7199
-49.1709
-48.6989
-48.2901
-47.9324
-47.6118
-47.3108
-47.0109
-46.6963
-46.3563
-45.9852
-45.5793
-45.1345
-44.6451
-44.1019
-43.4911
-42.7928
-41.9772
-41.0008
-39.7974
-38.2627
-36.2291
-33.4228
-29.4103
-23.5802
-15.3423
-4.95557
5.67405
15.5072
24.0555
30.0502
33.0136
33.7406
33.2848
32.3259
31.1696
29.9185
28.5955
27.2022
25.7381
24.2071
22.6175
20.9811
19.3118
17.6257
15.9406
14.2753
12.649
11.0805
9.58638
8.18031
6.87114
5.66249
4.55292
3.53693
2.60626
1.75133
0.96227
0.229769
-0.454543
-1.0979
-1.70641
-2.28513
-2.83824
-3.36921
-3.8809
-4.37571
-4.85569
-5.32261
-5.77802
-6.22332
-6.65973
-7.08842
-7.51045
-7.9268
-8.33844
-8.74628
-9.1512
-9.5541
-9.95586
-10.3574
-10.7595
-11.1632
-11.5695
-11.9794
-12.394
-12.8145
-13.2421
-13.6783
-14.1245
-14.5826
-15.0544
-15.542
-16.0478
-16.5747
-17.1257
-17.7045
-18.3152
-18.9625
-19.6521
-20.3902
-21.1843
-22.0429
-22.9758
-23.994
-25.1098
-26.3365
-27.6876
-29.1758
-30.8106
-32.5948
-34.5306
-36.5906
-38.7209
-40.8412
-42.8587
-44.6924
-46.2959
-47.6588
-48.797
-49.7389
-50.5155
-51.1555
-51.6838
-52.1211
-52.4842
-52.7866
-53.0392
-53.2506
-53.4277
-53.5762
-53.7008
-53.8053
-53.893
-53.9665
-54.0282
-54.0799
-54.1232
-54.1595
-54.1897
-54.2149
-54.2357
-54.2529
-54.2669
-54.2783
-54.2874
-54.2944
-54.2999
-54.3038
-54.3065
-54.3082
-54.3089
-54.3088
-54.308
-54.3065
-54.3045
-54.3021
-54.2992
-54.2959
-54.2923
-54.2884
-54.2842
-54.2797
-54.275
-54.2701
-54.265
-54.2597
-54.2542
-54.2486
-54.2428
-54.2368
-54.2307
-54.2245
-54.2181
-54.2115
-54.2049
-54.1981
-54.1912
-54.1842
-54.177
-54.1698
-54.1624
-54.1549
-54.1473
-54.1396
-54.1317
-54.1238
-54.1157
-54.1076
-54.0993
-54.091
-54.0825
-54.0739
-54.0653
-54.0565
-54.0476
-54.0387
-54.0296
-54.0205
-54.0112
-54.0019
-53.9925
-53.9829
-53.9733
-53.9636
-53.9538
-53.944
-53.934
-53.924
-53.9138
-53.9036
-53.8933
-53.883
-53.8725
-53.862
-53.8514
-53.8407
-53.83
-53.8191
-53.8082
-53.7972
-53.7862
-53.7751
-53.7639
-53.7526
-53.7413
-53.7298
-53.7184
-53.7068
-53.6952
-53.6835
-53.6718
-53.66
-53.6481
-53.6362
-53.6242
-53.6122
-53.6
-53.5879
-53.5756
-53.5633
-53.551
-53.5385
-53.5261
-53.5135
-53.5009
-53.4883
-53.4756
-53.4628
-53.45
-53.4371
-53.4242
-53.4112
-53.3982
-53.3851
-53.3719
-53.3587
-53.3455
-53.3322
-53.3188
-53.3054
-53.292
-53.2785
-53.2649
-53.2513
-53.2376
-53.2239
-53.2102
-53.1964
-53.1825
-53.1686
-53.1547
-53.1407
-53.1267
-53.1126
-53.0984
-53.0843
-53.07
-53.0558
-53.0415
-53.0271
-53.0127
-52.9983
-52.9838
-52.9693
-52.9547
-52.9401
-52.9254
-52.9107
-52.896
-52.8812
-52.8664
-52.8515
-52.8366
-52.8217
-52.8067
-52.7917
-52.7766
-52.7615
-52.7464
-52.7312
-52.716
-52.7008
-52.6855
-52.6702
-52.6548
-52.6394
-52.624
-52.6086
-52.5931
-52.5775
-52.562
-52.5464
-52.5307
-52.515
-52.4993
-52.4836
-52.4678
-52.452
-52.4362
-52.4203
-52.4044
-52.3885
-52.3725
-52.3565
-52.3405
-52.3244
-52.3083
-52.2922
-52.276
-52.2598
-52.2436
-52.2274
-52.2111
-52.1948
-52.1785
-52.1621
-52.1457
-52.1293
-52.1128
-52.0963
-52.0798
-52.0633
-52.0467
-52.0301
-52.0134
-51.9968
-51.9801
-51.9634
-51.9466
-51.9299
-51.913
-51.8962
-51.8794
-51.8625
-51.8456
-51.8286
-51.8116
-51.7946
-51.7776
-51.7606
-51.7435
-51.7264
-51.7092
-51.6921
-51.6749
-51.6577
-51.6404
-51.6231
-51.6058
-51.5885
-51.5711
-51.5537
-51.5363
-51.5189
-51.5014
-51.4839
-51.4664
-51.4488
-51.4312
-51.4136
-51.396
-51.3783
-51.3606
-51.3429
-51.3251
-51.3074
-51.2896
-51.2717
-51.2538
-51.2359
-51.218
-51.2001
-51.1821
-51.164
-51.146
-51.1279
-51.1098
-51.0917
-51.0735
-51.0553
-51.0371
-51.0188
-51.0005
-50.9822
-50.9638
-50.9454
-50.927
-50.9085
-50.89
-50.8715
-50.853
-50.8344
-50.8157
-50.7971
-50.7784
-50.7597
-50.7409
-50.7221
-50.7033
-50.6844
-50.6655
-50.6465
-50.6275
-50.6085
-50.5894
-50.5703
-50.5512
-50.532
-50.5128
-50.4935
-50.4742
-50.4549
-50.4355
-50.4161
-50.3966
-50.3771
-50.3575
-50.3379
-50.3182
-50.2985
-50.2788
-50.259
-50.2392
-50.2193
-50.1993
-50.1793
-50.1593
-50.1392
-50.1191
-50.0989
-50.0786
-50.0583
-50.0379
-50.0175
-49.9971
-49.9765
-49.9559
-49.9353
-49.9146
-49.8938
-49.873
-49.8521
-49.8311
-49.8101
-49.789
-49.7678
-49.7466
-49.7253
-49.7039
-49.6825
-49.661
-49.6394
-49.6177
-49.596
-49.5741
-49.5522
-49.5303
-49.5082
-49.486
-49.4638
-49.4415
-49.4191
-49.3965
-49.3739
-49.3512
-49.3285
-49.3056
-49.2826
-49.2595
-49.2363
-49.213
-49.1896
-49.166
-49.1424
-49.1187
-49.0948
-49.0708
-49.0467
-49.0225
-48.9981
-48.9736
-48.949
-48.9242
-48.8993
-48.8742
-48.849
-48.8237
-48.7982
-48.7726
-48.7467
-48.7208
-48.6946
-48.6683
-48.6418
-48.6151
-48.5883
-48.5612
-48.534
-48.5066
-48.4789
-48.4511
-48.423
-48.3947
-48.3662
-48.3375
-48.3085
-48.2793
-48.2498
-48.2201
-48.1901
-48.1598
-48.1292
-48.0984
-48.0672
-48.0358
-48.004
-47.9719
-47.9395
-47.9067
-47.8736
-47.8401
-47.8062
-47.7719
-47.7372
-47.7021
-47.6666
-47.6306
-47.5941
-47.5572
-47.5198
-47.4818
-47.4433
-47.4043
-47.3646
-47.3244
-47.2836
-47.2421
-47.1999
-47.157
-47.1134
-47.069
-47.0238
-46.9778
-46.9309
-46.8831
-46.8343
-46.7846
-46.7338
-46.6819
-46.6288
-46.5745
-46.519
-46.4621
-46.4037
-46.3439
-46.2825
-46.2194
-46.1546
-46.0878
-46.0191
-45.9482
-45.875
-45.7994
-45.7212
-45.6402
-45.5562
-45.4691
-45.3784
-45.284
-45.1855
-45.0827
-44.975
-44.8621
-44.7435
-44.6185
-44.4867
-44.3471
-44.199
-44.0415
-43.8732
-43.6929
-43.4991
-43.2897
-43.0626
-42.815
-42.5436
-42.2443
-41.9118
-41.54
-41.1209
-40.6439
-40.0954
-39.4569
-38.7037
-37.8011
-36.701
-35.335
-33.6064
-31.3801
-28.4769
-24.6851
-19.8114
-13.8083
-6.93918
0.326297
7.84683
15.3603
21.8284
26.204
28.3381
28.8297
28.3827
27.4712
26.336
25.0794
23.7413
22.3388
20.8833
19.3863
17.8611
16.3227
14.7877
13.2733
11.797
10.3753
9.02239
7.7493
6.56272
5.46492
4.45407
3.52519
2.67125
1.88417
1.15575
0.47821
-0.155468
-0.751406
-1.31482
-1.85009
-2.36086
-2.85018
-3.32058
-3.77419
-4.21283
-4.63805
-5.05119
-5.45345
-5.84589
-6.22945
-6.60501
-6.97335
-7.33521
-7.69128
-8.04221
-8.38861
-8.73106
-9.07013
-9.40636
-9.74029
-10.0724
-10.4033
-10.7335
-11.0635
-11.3938
-11.7249
-12.0576
-12.3922
-12.7295
-13.0702
-13.4148
-13.7641
-14.1189
-14.4801
-14.8486
-15.2254
-15.6116
-16.0083
-16.4169
-16.8389
-17.2759
-17.7296
-18.2021
-18.6955
-19.2123
-19.7552
-20.3272
-20.9316
-21.572
-22.2522
-22.9765
-23.7491
-24.5745
-25.457
-26.4004
-27.4076
-28.4803
-29.6178
-30.8163
-32.0682
-33.3672
-34.6951
-36.0281
-37.3385
-38.5969
-39.7768
-40.8575
-41.8269
-42.6813
-43.4245
-44.0646
-44.6124
-45.0792
-45.4759
-45.8125
-46.0977
-46.3393
-46.5439
-46.717
-46.8635
-46.9875
-47.0923
-47.1809
-47.2559
-47.3192
-47.3727
-47.4178
-47.4559
-47.4881
-47.5152
-47.538
-47.5572
-47.5734
-47.587
-47.5984
-47.608
-47.616
-47.6227
-47.6282
-47.6329
-47.6367
-47.6399
-47.6425
-47.6446
-47.6464
-47.6477
-47.6488
-47.6496
-47.6502
-47.6507
-47.6509
-47.651
-47.651
-47.6508
-47.6506
-47.6502
-47.6498
-47.6492
-47.6486
-47.648
-47.6472
-47.6464
-47.6454
-47.6445
-47.6434
-47.6423
-47.6411
-47.6398
-47.6385
-47.6371
-47.6356
-47.6341
-47.6324
-47.6307
-47.6289
-47.6271
-47.6251
-47.6231
-47.621
-47.6189
-47.6166
-47.6143
-47.6119
-47.6094
-47.6068
-47.6042
-47.6015
-47.5987
-47.5958
-47.5928
-47.5897
-47.5866
-47.5834
-47.5801
-47.5767
-47.5732
-47.5697
-47.5661
-47.5624
-47.5586
-47.5547
-47.5508
-47.5467
-47.5426
-47.5384
-47.5341
-47.5298
-47.5253
-47.5208
-47.5162
-47.5115
-47.5068
-47.5019
-47.497
-47.492
-47.487
-47.4818
-47.4766
-47.4713
-47.4659
-47.4604
-47.4549
-47.4492
-47.4435
-47.4378
-47.4319
-47.426
-47.42
-47.4139
-47.4077
-47.4015
-47.3952
-47.3888
-47.3823
-47.3758
-47.3692
-47.3625
-47.3557
-47.3489
-47.342
-47.335
-47.3279
-47.3208
-47.3135
-47.3062
-47.2989
-47.2914
-47.2839
-47.2763
-47.2687
-47.2609
-47.2531
-47.2453
-47.2373
-47.2293
-47.2212
-47.213
-47.2047
-47.1964
-47.188
-47.1795
-47.171
-47.1624
-47.1537
-47.1449
-47.1361
-47.1272
-47.1182
-47.1091
-47.1
-47.0907
-47.0815
-47.0721
-47.0627
-47.0531
-47.0436
-47.0339
-47.0242
-47.0144
-47.0045
-46.9945
-46.9845
-46.9744
-46.9642
-46.9539
-46.9436
-46.9331
-46.9226
-46.9121
-46.9014
-46.8907
-46.8799
-46.869
-46.858
-46.847
-46.8358
-46.8246
-46.8134
-46.802
-46.7905
-46.779
-46.7674
-46.7557
-46.7439
-46.7321
-46.7202
-46.7081
-46.696
-46.6838
-46.6716
-46.6592
-46.6467
-46.6342
-46.6216
-46.6089
-46.5961
-46.5832
-46.5702
-46.5571
-46.544
-46.5307
-46.5174
-46.504
-46.4904
-46.4768
-46.4631
-46.4493
-46.4353
-46.4213
-46.4072
-46.393
-46.3787
-46.3643
-46.3498
-46.3351
-46.3204
-46.3056
-46.2906
-46.2756
-46.2605
-46.2452
-46.2298
-46.2143
-46.1987
-46.183
-46.1672
-46.1512
-46.1352
-46.119
-46.1027
-46.0862
-46.0697
-46.053
-46.0362
-46.0192
-46.0022
-45.9849
-45.9676
-45.9501
-45.9325
-45.9148
-45.8968
-45.8788
-45.8606
-45.8423
-45.8238
-45.8051
-45.7863
-45.7674
-45.7482
-45.7289
-45.7095
-45.6899
-45.6701
-45.6501
-45.6299
-45.6096
-45.5891
-45.5684
-45.5475
-45.5264
-45.5051
-45.4836
-45.4619
-45.44
-45.4179
-45.3956
-45.373
-45.3502
-45.3272
-45.304
-45.2805
-45.2567
-45.2327
-45.2084
-45.1839
-45.1591
-45.1341
-45.1087
-45.0831
-45.0571
-45.0309
-45.0043
-44.9774
-44.9502
-44.9227
-44.8948
-44.8666
-44.8379
-44.809
-44.7796
-44.7498
-44.7197
-44.6891
-44.6581
-44.6266
-44.5947
-44.5623
-44.5294
-44.496
-44.4621
-44.4277
-44.3927
-44.3571
-44.3209
-44.2842
-44.2468
-44.2087
-44.1699
-44.1305
-44.0903
-44.0493
-44.0075
-43.9649
-43.9215
-43.8771
-43.8318
-43.7855
-43.7382
-43.6898
-43.6403
-43.5897
-43.5377
-43.4845
-43.43
-43.374
-43.3165
-43.2574
-43.1967
-43.1341
-43.0697
-43.0033
-42.9348
-42.8641
-42.791
-42.7153
-42.6369
-42.5556
-42.4713
-42.3835
-42.2922
-42.197
-42.0976
-41.9938
-41.8851
-41.7712
-41.6516
-41.5259
-41.3934
-41.2535
-41.1054
-40.9483
-40.7811
-40.6028
-40.412
-40.207
-39.9861
-39.7471
-39.4873
-39.2035
-38.892
-38.5481
-38.1659
-37.7385
-37.2569
-36.7097
-36.0828
-35.3578
-34.5112
-33.5129
-32.3243
-30.8969
-29.1724
-27.0816
-24.5506
-21.5125
-17.9238
-13.7838
-9.13713
-4.0373
1.50693
7.37833
13.0269
17.6367
20.6775
22.1619
22.4621
22.0069
21.1195
19.9965
18.7454
17.4233
16.0627
14.6861
13.3119
11.9568
10.6368
9.3659
8.15594
7.0153
5.94875
4.95739
4.03926
3.19006
2.40404
1.6748
0.995823
0.360972
-0.235349
-0.798064
-1.33143
-1.83906
-2.32403
-2.78894
-3.23599
-3.66704
-4.08371
-4.48739
-4.8793
-5.2605
-5.63197
-5.99455
-6.34903
-6.69612
-7.03647
-7.3707
-7.69937
-8.02301
-8.34213
-8.65719
-8.96865
-9.27695
-9.58252
-9.88576
-10.1871
-10.4868
-10.7855
-11.0834
-11.3809
-11.6785
-11.9766
-12.2755
-12.5757
-12.8776
-13.1817
-13.4885
-13.7985
-14.1122
-14.4301
-14.753
-15.0814
-15.416
-15.7576
-16.1069
-16.465
-16.8326
-17.2109
-17.6009
-18.0038
-18.4211
-18.8541
-19.3043
-19.7735
-20.2634
-20.776
-21.3133
-21.8775
-22.4707
-23.0952
-23.7531
-24.4465
-25.177
-25.946
-26.754
-27.6008
-28.4847
-29.4027
-30.3499
-31.3193
-32.3049
-33.2958
-34.279
-35.2403
-36.1656
-37.0419
-37.8584
-38.6074
-39.2847
-39.8896
-40.4239
-40.8917
-41.2985
-41.6502
-41.953
-42.2128
-42.4352
-42.6253
-42.7873
-42.9253
-43.0426
-43.1422
-43.2266
-43.298
-43.3582
-43.4089
-43.4515
-43.4872
-43.5169
-43.5415
-43.5618
-43.5785
-43.5919
-43.6027
-43.6112
-43.6177
-43.6226
-43.626
-43.6283
-43.6295
-43.6298
-43.6293
-43.6283
-43.6266
-43.6246
-43.6221
-43.6192
-43.6161
-43.6127
-43.6091
-43.6053
-43.6013
-43.5972
-43.5929
-43.5886
-43.5841
-43.5795
-43.5749
-43.5701
-43.5653
-43.5604
-43.5555
-43.5505
-43.5454
-43.5402
-43.535
-43.5297
-43.5243
-43.5189
-43.5134
-43.5079
-43.5022
-43.4966
-43.4908
-43.485
-43.4791
-43.4731
-43.4671
-43.461
-43.4548
-43.4485
-43.4422
-43.4358
-43.4293
-43.4227
-43.4161
-43.4094
-43.4026
-43.3957
-43.3887
-43.3817
-43.3745
-43.3673
-43.36
-43.3526
-43.3451
-43.3375
-43.3299
-43.3221
-43.3143
-43.3063
-43.2983
-43.2902
-43.282
-43.2736
-43.2652
-43.2567
-43.2481
-43.2394
-43.2306
-43.2218
-43.2128
-43.2037
-43.1945
-43.1852
-43.1758
-43.1663
-43.1567
-43.147
-43.1371
-43.1272
-43.1172
-43.1071
-43.0968
-43.0864
-43.076
-43.0654
-43.0547
-43.0439
-43.033
-43.0219
-43.0108
-42.9995
-42.9881
-42.9766
-42.9649
-42.9532
-42.9413
-42.9293
-42.9172
-42.9049
-42.8925
-42.88
-42.8673
-42.8546
-42.8416
-42.8286
-42.8154
-42.8021
-42.7886
-42.775
-42.7612
-42.7473
-42.7333
-42.7191
-42.7047
-42.6902
-42.6756
-42.6608
-42.6458
-42.6306
-42.6153
-42.5999
-42.5842
-42.5684
-42.5525
-42.5363
-42.52
-42.5035
-42.4868
-42.4699
-42.4528
-42.4356
-42.4181
-42.4004
-42.3826
-42.3645
-42.3462
-42.3278
-42.309
-42.2901
-42.271
-42.2516
-42.232
-42.2121
-42.1921
-42.1718
-42.1512
-42.1304
-42.1093
-42.088
-42.0664
-42.0446
-42.0224
-42
-41.9773
-41.9544
-41.9311
-41.9076
-41.8837
-41.8595
-41.835
-41.8102
-41.785
-41.7595
-41.7337
-41.7075
-41.6809
-41.654
-41.6267
-41.599
-41.5709
-41.5424
-41.5134
-41.4841
-41.4543
-41.424
-41.3933
-41.362
-41.3303
-41.2981
-41.2654
-41.2321
-41.1982
-41.1638
-41.1288
-41.0932
-41.057
-41.0201
-40.9825
-40.9442
-40.9052
-40.8655
-40.825
-40.7837
-40.7416
-40.6986
-40.6547
-40.6098
-40.564
-40.5172
-40.4694
-40.4204
-40.3703
-40.319
-40.2665
-40.2126
-40.1574
-40.1007
-40.0425
-39.9828
-39.9213
-39.8581
-39.7931
-39.7261
-39.6571
-39.5858
-39.5123
-39.4362
-39.3576
-39.2762
-39.1918
-39.1043
-39.0134
-38.9189
-38.8204
-38.7178
-38.6107
-38.4987
-38.3814
-38.2584
-38.1292
-37.9932
-37.8498
-37.6982
-37.5377
-37.3673
-37.1859
-36.9925
-36.7855
-36.5634
-36.3243
-36.066
-35.7861
-35.4815
-35.1488
-34.7838
-34.3816
-33.9364
-33.4411
-32.8874
-32.2654
-31.5631
-30.7664
-29.8593
-28.822
-27.6318
-26.2632
-24.6879
-22.8756
-20.795
-18.4147
-15.7038
-12.6335
-9.17936
-5.32898
-1.10929
3.33263
7.63554
11.3009
13.9462
15.4711
16.0211
15.8507
15.208
14.283
13.2044
12.0539
10.8828
9.72387
8.59856
7.52095
6.49972
5.53934
4.6409
3.80291
3.02208
2.29404
1.61387
0.976614
0.377501
-0.187838
-0.723307
-1.23233
-1.71788
-2.18251
-2.6284
-3.05746
-3.47132
-3.87138
-4.25889
-4.63495
-5.00051
-5.35646
-5.70356
-6.04254
-6.37403
-6.69864
-7.0169
-7.32934
-7.63642
-7.9386
-8.23629
-8.52988
-8.81976
-9.10629
-9.38981
-9.67065
-9.94914
-10.2256
-10.5003
-10.7736
-11.0458
-11.3171
-11.5879
-11.8585
-12.1291
-12.4002
-12.6719
-12.9446
-13.2187
-13.4944
-13.7722
-14.0524
-14.3354
-14.6216
-14.9114
-15.2054
-15.5039
-15.8074
-16.1166
-16.432
-16.7542
-17.0839
-17.4218
-17.7686
-18.1251
-18.4923
-18.871
-19.2622
-19.6668
-20.0861
-20.5211
-20.9729
-21.4429
-21.932
-22.4416
-22.9728
-23.5265
-24.1035
-24.7046
-25.33
-25.9796
-26.6527
-27.348
-28.0635
-28.7963
-29.5425
-30.2974
-31.0553
-31.8118
-32.5597
-33.2918
-34.0005
-34.6789
-35.321
-35.9219
-36.4779
-36.9873
-37.4493
-37.8649
-38.2357
-38.5643
-38.8538
-39.1075
-39.3289
-39.5212
-39.6878
-39.8316
-39.9553
-40.0614
-40.1521
-40.2294
-40.295
-40.3504
-40.3971
-40.4361
-40.4684
-40.495
-40.5166
-40.5339
-40.5475
-40.5578
-40.5653
-40.5704
-40.5734
-40.5746
-40.5742
-40.5724
-40.5694
-40.5654
-40.5605
-40.5548
-40.5484
-40.5415
-40.534
-40.526
-40.5177
-40.509
-40.4999
-40.4906
-40.4811
-40.4713
-40.4613
-40.4511
-40.4407
-40.4302
-40.4195
-40.4087
-40.3978
-40.3867
-40.3755
-40.3642
-40.3528
-40.3412
-40.3296
-40.3178
-40.306
-40.294
-40.2819
-40.2697
-40.2574
-40.245
-40.2325
-40.2198
-40.2071
-40.1942
-40.1812
-40.1681
-40.1549
-40.1415
-40.1281
-40.1145
-40.1007
-40.0869
-40.0729
-40.0588
-40.0445
-40.0301
-40.0155
-40.0008
-39.986
-39.971
-39.9559
-39.9406
-39.9252
-39.9096
-39.8938
-39.8779
-39.8618
-39.8455
-39.8291
-39.8125
-39.7957
-39.7787
-39.7615
-39.7442
-39.7267
-39.7089
-39.691
-39.6729
-39.6546
-39.6361
-39.6173
-39.5984
-39.5792
-39.5598
-39.5402
-39.5203
-39.5003
-39.48
-39.4594
-39.4386
-39.4175
-39.3962
-39.3746
-39.3528
-39.3307
-39.3083
-39.2856
-39.2627
-39.2394
-39.2158
-39.192
-39.1678
-39.1433
-39.1185
-39.0933
-39.0678
-39.042
-39.0157
-38.9892
-38.9622
-38.9349
-38.9071
-38.879
-38.8505
-38.8215
-38.7921
-38.7622
-38.7319
-38.7012
-38.6699
-38.6381
-38.6059
-38.5731
-38.5397
-38.5059
-38.4714
-38.4364
-38.4007
-38.3644
-38.3275
-38.2899
-38.2516
-38.2126
-38.1729
-38.1324
-38.0911
-38.0491
-38.0061
-37.9623
-37.9176
-37.872
-37.8253
-37.7777
-37.729
-37.6792
-37.6282
-37.5761
-37.5227
-37.468
-37.412
-37.3545
-37.2955
-37.235
-37.1729
-37.109
-37.0434
-36.9758
-36.9063
-36.8347
-36.7608
-36.6846
-36.606
-36.5247
-36.4407
-36.3537
-36.2636
-36.1701
-36.0731
-35.9724
-35.8675
-35.7584
-35.6445
-35.5257
-35.4015
-35.2715
-35.1352
-34.9922
-34.8417
-34.6833
-34.5161
-34.3394
-34.1523
-33.9537
-33.7425
-33.5175
-33.2771
-33.0197
-32.7434
-32.4461
-32.1252
-31.7779
-31.4011
-30.991
-30.5437
-30.0542
-29.5168
-28.9248
-28.2706
-27.5455
-26.7393
-25.8403
-24.8352
-23.7086
-22.4431
-21.0186
-19.4128
-17.6008
-15.5567
-13.2554
-10.6778
-7.81974
-4.70761
-1.42413
1.86065
4.8895
7.38831
9.17249
10.2042
10.5708
10.4231
9.91983
9.19567
8.35179
7.45814
6.56006
5.68503
4.84822
4.05666
3.31217
2.61348
1.95762
1.34088
0.759344
0.209246
-0.312852
-0.810008
-1.28489
-1.7398
-2.17672
-2.59737
-3.00322
-3.39555
-3.77551
-4.14409
-4.50217
-4.85055
-5.18996
-5.52105
-5.84442
-6.16062
-6.47016
-6.77351
-7.07112
-7.36338
-7.6507
-7.93343
-8.2119
-8.48646
-8.7574
-9.02502
-9.28961
-9.55142
-9.81073
-10.0678
-10.3228
-10.5761
-10.8279
-11.0783
-11.3277
-11.5762
-11.8241
-12.0716
-12.319
-12.5664
-12.8141
-13.0623
-13.3113
-13.5613
-13.8125
-14.0653
-14.3199
-14.5766
-14.8356
-15.0973
-15.362
-15.63
-15.9016
-16.1773
-16.4574
-16.7423
-17.0325
-17.3283
-17.6303
-17.9389
-18.2548
-18.5783
-18.9101
-19.2507
-19.6008
-19.961
-20.3319
-20.7142
-21.1085
-21.5154
-21.9356
-22.3695
-22.8176
-23.2804
-23.7581
-24.2507
-24.7582
-25.2803
-25.8163
-26.3653
-26.926
-27.4965
-28.075
-28.6587
-29.2447
-29.8298
-30.4102
-30.9824
-31.5423
-32.0878
-32.6151
-33.1206
-33.6013
-34.0548
-34.4794
-34.8738
-35.2375
-35.5708
-35.8741
-36.1485
-36.3954
-36.6164
-36.8132
-36.9878
-37.1419
-37.2774
-37.3961
-37.4995
-37.5893
-37.6668
-37.7334
-37.7903
-37.8386
-37.8791
-37.9129
-37.9406
-37.9629
-37.9806
-37.994
-38.0037
-38.0101
-38.0137
-38.0146
-38.0133
-38.0099
-38.0048
-37.998
-37.9899
-37.9804
-37.9698
-37.9582
-37.9457
-37.9324
-37.9183
-37.9036
-37.8883
-37.8724
-37.856
-37.8391
-37.8218
-37.8041
-37.7861
-37.7676
-37.7489
-37.7299
-37.7105
-37.6909
-37.671
-37.6508
-37.6304
-37.6097
-37.5888
-37.5676
-37.5462
-37.5246
-37.5027
-37.4805
-37.4582
-37.4355
-37.4127
-37.3896
-37.3662
-37.3426
-37.3188
-37.2946
-37.2702
-37.2456
-37.2207
-37.1955
-37.17
-37.1442
-37.1181
-37.0917
-37.065
-37.038
-37.0107
-36.9831
-36.9551
-36.9267
-36.898
-36.869
-36.8396
-36.8097
-36.7796
-36.749
-36.7179
-36.6865
-36.6547
-36.6224
-36.5896
-36.5564
-36.5227
-36.4885
-36.4538
-36.4185
-36.3828
-36.3465
-36.3096
-36.2721
-36.234
-36.1954
-36.156
-36.116
-36.0754
-36.034
-35.9919
-35.9491
-35.9055
-35.8611
-35.8159
-35.7698
-35.7228
-35.6749
-35.6261
-35.5763
-35.5254
-35.4736
-35.4206
-35.3664
-35.3111
-35.2545
-35.1967
-35.1375
-35.0769
-35.0149
-34.9513
-34.8862
-34.8194
-34.7508
-34.6804
-34.6082
-34.5339
-34.4575
-34.3789
-34.2979
-34.2146
-34.1286
-34.0399
-33.9483
-33.8537
-33.7559
-33.6547
-33.5498
-33.4411
-33.3283
-33.2111
-33.0892
-32.9624
-32.8303
-32.6925
-32.5486
-32.3981
-32.2406
-32.0754
-31.902
-31.7198
-31.5279
-31.3255
-31.1118
-30.8857
-30.6464
-30.3925
-30.1225
-29.835
-29.5279
-29.1993
-28.847
-28.4682
-28.0601
-27.6192
-27.1419
-26.6236
-26.0595
-25.4438
-24.77
-24.0306
-23.217
-22.3193
-21.3266
-20.2262
-19.0045
-17.6468
-16.1383
-14.4658
-12.62
-10.5996
-8.41722
-6.10657
-3.73149
-1.39166
0.782634
2.65381
4.1127
5.10772
5.65146
5.80553
5.65593
5.29127
4.78899
4.20963
3.59655
2.97835
2.37235
1.78784
1.22886
0.696204
0.188888
-0.294932
-0.7574
-1.20064
-1.6266
-2.03701
-2.43333
-2.81684
-3.18861
-3.54957
-3.90052
-4.24216
-4.57513
-4.89997
-5.21722
-5.52733
-5.83075
-6.12788
-6.41909
-6.70476
-6.98521
-7.26076
-7.53173
-7.79838
-8.061
-8.31984
-8.57516
-8.82719
-9.07615
-9.32227
-9.56576
-9.80682
-10.0457
-10.2824
-10.5174
-10.7506
-10.9824
-11.2128
-11.4421
-11.6704
-11.898
-12.1248
-12.3512
-12.5773
-12.8032
-13.0291
-13.2553
-13.4818
-13.7088
-13.9366
-14.1653
-14.395
-14.6261
-14.8585
-15.0927
-15.3287
-15.5669
-15.8073
-16.0502
-16.296
-16.5447
-16.7968
-17.0523
-17.3117
-17.5751
-17.8429
-18.1154
-18.3929
-18.6757
-18.9641
-19.2584
-19.559
-19.8662
-20.1803
-20.5017
-20.8306
-21.1674
-21.5123
-21.8655
-22.2272
-22.5977
-22.9768
-23.3647
-23.7612
-24.1661
-24.5792
-24.9998
-25.4275
-25.8614
-26.3006
-26.7439
-27.19
-27.6375
-28.0848
-28.53
-28.9713
-29.4068
-29.8345
-30.2525
-30.6589
-31.052
-31.431
-31.7944
-32.1409
-32.4696
-32.7797
-33.0706
-33.3423
-33.5946
-33.8279
-34.0426
-34.2393
-34.4187
-34.5816
-34.7289
-34.8615
-34.9804
-35.0866
-35.1809
-35.2642
-35.3374
-35.4014
-35.457
-35.5047
-35.5454
-35.5796
-35.608
-35.631
-35.6491
-35.6628
-35.6725
-35.6785
-35.6813
-35.6809
-35.6779
-35.6723
-35.6644
-35.6545
-35.6426
-35.629
-35.6137
-35.597
-35.5789
-35.5595
-35.539
-35.5174
-35.4947
-35.4711
-35.4466
-35.4213
-35.3951
-35.3682
-35.3406
-35.3123
-35.2833
-35.2536
-35.2234
-35.1925
-35.161
-35.129
-35.0963
-35.0632
-35.0294
-34.9951
-34.9602
-34.9248
-34.8888
-34.8522
-34.8151
-34.7774
-34.7391
-34.7002
-34.6607
-34.6207
-34.58
-34.5386
-34.4967
-34.454
-34.4107
-34.3667
-34.322
-34.2766
-34.2304
-34.1835
-34.1357
-34.0872
-34.0378
-33.9876
-33.9364
-33.8844
-33.8313
-33.7774
-33.7223
-33.6663
-33.6091
-33.5509
-33.4914
-33.4308
-33.3689
-33.3057
-33.2411
-33.1751
-33.1077
-33.0387
-32.9682
-32.896
-32.822
-32.7463
-32.6687
-32.5891
-32.5074
-32.4236
-32.3376
-32.2491
-32.1582
-32.0647
-31.9684
-31.8692
-31.767
-31.6616
-31.5528
-31.4404
-31.3243
-31.2041
-31.0798
-30.9509
-30.8174
-30.679
-30.5352
-30.3858
-30.2304
-30.0684
-29.8994
-29.723
-29.5385
-29.3454
-29.1429
-28.9304
-28.707
-28.4718
-28.2238
-27.962
-27.685
-27.3916
-27.0802
-26.7491
-26.3965
-26.0201
-25.6175
-25.1862
-24.723
-24.2247
-23.6872
-23.1065
-22.4776
-21.7953
-21.0536
-20.2463
-19.3666
-18.4073
-17.3617
-16.2234
-14.9876
-13.6524
-12.2198
-10.6984
-9.10515
-7.46774
-5.82609
-4.2319
-2.74495
-1.42562
-0.324855
0.525047
1.11536
1.46003
1.58999
1.54533
1.368
1.09654
0.763108
0.392639
0.00322278
-0.392802
-0.787543
-1.17633
-1.55667
-1.92751
-2.28862
-2.64024
-2.98284
-3.31697
-3.6432
-3.96202
-4.2739
-4.57926
-4.87845
-5.17179
-5.45958
-5.74207
-6.01951
-6.29213
-6.56016
-6.82379
-7.08325
-7.33871
-7.59037
-7.83841
-8.08303
-8.32438
-8.56265
-8.798
-9.03058
-9.26057
-9.4881
-9.71333
-9.93641
-10.1575
-10.3767
-10.5941
-10.81
-11.0244
-11.2374
-11.4492
-11.6599
-11.8697
-12.0786
-12.2867
-12.4943
-12.7013
-12.908
-13.1144
-13.3207
-13.527
-13.7334
-13.94
-14.1469
-14.3543
-14.5623
-14.7711
-14.9806
-15.1912
-15.4028
-15.6157
-15.83
-16.0458
-16.2632
-16.4825
-16.7037
-16.9271
-17.1527
-17.3807
-17.6113
-17.8447
-18.0809
-18.3202
-18.5627
-18.8087
-19.0582
-19.3114
-19.5684
-19.8295
-20.0948
-20.3643
-20.6383
-20.9168
-21.1999
-21.4876
-21.7801
-22.0773
-22.3792
-22.6858
-22.9968
-23.3123
-23.6319
-23.9555
-24.2826
-24.6129
-24.9459
-25.2811
-25.618
-25.9557
-26.2937
-26.631
-26.967
-27.3005
-27.6309
-27.957
-28.2781
-28.593
-28.901
-29.2011
-29.4925
-29.7745
-30.0464
-30.3077
-30.5577
-30.7963
-31.0229
-31.2381
-31.4414
-31.633
-31.8127
-31.9808
-32.1373
-32.2827
-32.4171
-32.5409
-32.6546
-32.7585
-32.853
-32.9388
-33.016
-33.0854
-33.1471
-33.2018
-33.2498
-33.2916
-33.3275
-33.3579
-33.3831
-33.4035
-33.4195
-33.4312
-33.439
-33.4431
-33.4438
-33.4412
-33.4357
-33.4274
-33.4163
-33.4029
-33.387
-33.369
-33.3489
-33.3269
-33.3029
-33.2773
-33.2499
-33.2209
-33.1904
-33.1584
-33.1251
-33.0903
-33.0542
-33.0169
-32.9783
-32.9385
-32.8974
-32.8553
-32.8119
-32.7675
-32.7218
-32.6751
-32.6273
-32.5783
-32.5282
-32.477
-32.4247
-32.3712
-32.3166
-32.2608
-32.2038
-32.1456
-32.0862
-32.0255
-31.9635
-31.9003
-31.8356
-31.7697
-31.7023
-31.6334
-31.563
-31.4911
-31.4176
-31.3425
-31.2656
-31.187
-31.1065
-31.0242
-30.9398
-30.8536
-30.7652
-30.6747
-30.5819
-30.4868
-30.3892
-30.2889
-30.186
-30.0801
-29.9713
-29.8594
-29.7441
-29.6253
-29.5029
-29.3766
-29.2462
-29.1116
-28.9724
-28.8283
-28.6793
-28.5248
-28.3646
-28.1983
-28.0256
-27.846
-27.659
-27.4643
-27.2611
-27.049
-26.8273
-26.5953
-26.3523
-26.0973
-25.8295
-25.5478
-25.2512
-24.9383
-24.608
-24.2586
-23.8886
-23.4962
-23.0794
-22.6361
-22.164
-21.6607
-21.1234
-20.5493
-19.9356
-19.2793
-18.5775
-17.8275
-17.0272
-16.175
-15.2705
-14.315
-13.3116
-12.2662
-11.1879
-10.0897
-8.98811
-7.9036
-6.85941
-5.88015
-4.98968
-4.20859
-3.55197
-3.02779
-2.63643
-2.37134
-2.22058
-2.1688
-2.19928
-2.29555
-2.44257
-2.6274
-2.83943
-3.0703
-3.31363
-3.56475
-3.82029
-4.07788
-4.33592
-4.59333
-4.84938
-5.10362
-5.35576
-5.6056
-5.85304
-6.098
-6.34046
-6.58039
-6.8178
-7.0527
-7.28511
-7.51507
-7.7426
-7.96776
-8.1906
-8.41117
-8.62954
-8.84577
-9.05993
-9.2721
-9.48235
-9.69075
-9.89738
-10.1023
-10.3057
-10.5075
-10.7079
-10.9069
-11.1046
-11.3012
-11.4966
-11.691
-11.8844
-12.077
-12.2687
-12.4598
-12.6502
-12.84
-13.0294
-13.2184
-13.4071
-13.5955
-13.7838
-13.9719
-14.1601
-14.3484
-14.5368
-14.7255
-14.9145
-15.1038
-15.2937
-15.4841
-15.6752
-15.867
-16.0596
-16.2531
-16.4475
-16.643
-16.8397
-17.0376
-17.2368
-17.4374
-17.6395
-17.8431
-18.0483
-18.2553
-18.4641
-18.6747
-18.8872
-19.1018
-19.3184
-19.5372
-19.7581
-19.9812
-20.2066
-20.4343
-20.6643
-20.8965
-21.1311
-21.3679
-21.607
-21.8483
-22.0916
-22.337
-22.5842
-22.8333
-23.0839
-23.3359
-23.5891
-23.8433
-24.0982
-24.3535
-24.6088
-24.8639
-25.1183
-25.3718
-25.6238
-25.874
-26.1219
-26.3671
-26.6091
-26.8475
-27.0819
-27.3118
-27.5368
-27.7565
-27.9706
-28.1786
-28.3803
-28.5753
-28.7635
-28.9447
-29.1185
-29.285
-29.444
-29.5954
-29.7392
-29.8755
-30.0042
-30.1255
-30.2394
-30.3461
-30.4456
-30.5382
-30.6241
-30.7033
-30.7762
-30.8429
-30.9036
-30.9586
-31.008
-31.0523
-31.0915
-31.1259
-31.1556
-31.1808
-31.2018
-31.2186
-31.2315
-31.2407
-31.2461
-31.2482
-31.2469
-31.2424
-31.2349
-31.2244
-31.2111
-31.1951
-31.1765
-31.1554
-31.1319
-31.106
-31.0779
-31.0476
-31.0151
-30.9806
-30.9441
-30.9056
-30.8652
-30.8229
-30.7788
-30.7328
-30.6851
-30.6356
-30.5844
-30.5314
-30.4767
-30.4203
-30.3622
-30.3023
-30.2407
-30.1773
-30.1122
-30.0454
-29.9767
-29.9062
-29.8338
-29.7596
-29.6835
-29.6054
-29.5253
-29.4431
-29.3589
-29.2725
-29.1839
-29.093
-28.9998
-28.9041
-28.8059
-28.7051
-28.6017
-28.4954
-28.3863
-28.2742
-28.1589
-28.0404
-27.9185
-27.7931
-27.664
-27.531
-27.3939
-27.2526
-27.1069
-26.9565
-26.8012
-26.6408
-26.4749
-26.3033
-26.1256
-25.9416
-25.7508
-25.5529
-25.3474
-25.1339
-24.912
-24.681
-24.4404
-24.1896
-23.9279
-23.6548
-23.3693
-23.0707
-22.7582
-22.4308
-22.0876
-21.7276
-21.3498
-20.9531
-20.5363
-20.0985
-19.6386
-19.1555
-18.6485
-18.1168
-17.56
-16.978
-16.371
-15.7401
-15.0867
-14.4133
-13.7231
-13.0204
-12.3108
-11.6006
-10.8975
-10.2098
-9.54641
-8.91628
-8.32811
-7.78969
-7.30746
-6.88609
-6.52822
-6.23442
-6.0033
-5.83175
-5.71536
-5.64886
-5.62649
-5.64242
-5.69099
-5.767
-5.86574
-5.98311
-6.11561
-6.2603
-6.41474
-6.57693
-6.74526
-6.91843
-7.09536
-7.27523
-7.45733
-7.64112
-7.82614
-8.01202
-8.19846
-8.3852
-8.57203
-8.75879
-8.94533
-9.13152
-9.31728
-9.50252
-9.68718
-9.87121
-10.0546
-10.2372
-10.4192
-10.6004
-10.7809
-10.9606
-11.1397
-11.318
-11.4957
-11.6727
-11.849
-12.0248
-12.1999
-12.3745
-12.5486
-12.7222
-12.8954
-13.0682
-13.2406
-13.4127
-13.5845
-13.7561
-13.9275
-14.0987
-14.2699
-14.4409
-14.612
-14.7831
-14.9542
-15.1255
-15.297
-15.4687
-15.6406
-15.8128
-15.9854
-16.1583
-16.3317
-16.5056
-16.68
-16.855
-17.0305
-17.2067
-17.3836
-17.5613
-17.7396
-17.9188
-18.0988
-18.2797
-18.4614
-18.644
-18.8276
-19.0121
-19.1976
-19.3841
-19.5715
-19.7599
-19.9493
-20.1396
-20.3309
-20.5232
-20.7163
-20.9103
-21.105
-21.3006
-21.4968
-21.6937
-21.891
-22.0889
-22.287
-22.4854
-22.6839
-22.8824
-23.0807
-23.2787
-23.4761
-23.6729
-23.8689
-24.0638
-24.2574
-24.4496
-24.6402
-24.8289
-25.0155
-25.1998
-25.3816
-25.5606
-25.7367
-25.9096
-26.0792
-26.2452
-26.4074
-26.5657
-26.72
-26.87
-27.0156
-27.1567
-27.2932
-27.4249
-27.5519
-27.674
-27.7912
-27.9034
-28.0106
-28.1129
-28.2102
-28.3025
-28.3898
-28.4723
-28.5499
-28.6227
-28.6907
-28.7541
-28.813
-28.8673
-28.9172
-28.9629
-29.0043
-29.0415
-29.0748
-29.1041
-29.1296
-29.1514
-29.1696
-29.1842
-29.1954
-29.2033
-29.2079
-29.2094
-29.2078
-29.2032
-29.1957
-29.1853
-29.1722
-29.1564
-29.138
-29.117
-29.0935
-29.0675
-29.0392
-29.0085
-28.9755
-28.9402
-28.9026
-28.8629
-28.8211
-28.777
-28.7309
-28.6827
-28.6323
-28.58
-28.5255
-28.4691
-28.4105
-28.35
-28.2874
-28.2227
-28.156
-28.0872
-28.0163
-27.9433
-27.8682
-27.791
-27.7116
-27.6299
-27.5461
-27.4599
-27.3714
-27.2806
-27.1873
-27.0916
-26.9933
-26.8924
-26.7889
-26.6826
-26.5735
-26.4616
-26.3466
-26.2286
-26.1074
-25.9829
-25.855
-25.7236
-25.5885
-25.4497
-25.307
-25.1602
-25.0092
-24.8537
-24.6937
-24.5289
-24.3592
-24.1842
-24.0039
-23.8179
-23.626
-23.428
-23.2235
-23.0124
-22.7942
-22.5687
-22.3357
-22.0946
-21.8453
-21.5874
-21.3205
-21.0443
-20.7585
-20.4628
-20.1568
-19.8404
-19.5134
-19.1754
-18.8266
-18.4667
-18.0961
-17.7148
-17.3233
-16.9222
-16.512
-16.0939
-15.669
-15.2387
-14.8048
-14.3692
-13.9342
-13.5023
-13.076
-12.6583
-12.2521
-11.8602
-11.4856
-11.131
-10.7988
-10.4911
-10.2098
-9.95612
-9.73081
-9.53423
-9.36624
-9.22626
-9.11336
-9.02629
-8.96355
-8.92351
-8.90442
-8.90451
-8.92201
-8.95521
-9.00251
-9.06237
-9.13341
-9.21436
-9.30405
-9.40147
-9.50568
-9.61588
-9.73133
-9.85141
-9.97554
-10.1032
-10.2341
-10.3676
-10.5036
-10.6417
-10.7817
-10.9232
-11.0662
-11.2104
-11.3557
-11.5019
-11.649
-11.7967
-11.9451
-12.094
-12.2433
-12.3931
-12.5432
-12.6936
-12.8442
-12.9951
-13.1462
-13.2974
-13.4489
-13.6004
-13.7521
-13.904
-14.0559
-14.208
-14.3602
-14.5125
-14.665
-14.8176
-14.9704
-15.1233
-15.2765
-15.4298
-15.5833
-15.737
-15.8909
-16.0451
-16.1995
-16.3542
-16.5092
-16.6644
-16.82
-16.9759
-17.1321
-17.2887
-17.4457
-17.603
-17.7607
-17.9187
-18.0772
-18.236
-18.3952
-18.5548
-18.7148
-18.8752
-19.036
-19.1971
-19.3586
-19.5204
-19.6826
-19.845
-20.0077
-20.1706
-20.3338
-20.4971
-20.6605
-20.8239
-20.9874
-21.1509
-21.3143
-21.4774
-21.6404
-21.803
-21.9653
-22.127
-22.2882
-22.4487
-22.6085
-22.7673
-22.9253
-23.0821
-23.2377
-23.392
-23.5449
-23.6962
-23.8459
-23.9937
-24.1397
-24.2836
-24.4254
-24.5649
-24.702
-24.8366
-24.9686
-25.0979
-25.2243
-25.3479
-25.4685
-25.586
-25.7003
-25.8114
-25.9191
-26.0235
-26.1245
-26.2221
-26.3161
-26.4066
-26.4936
-26.577
-26.6568
-26.733
-26.8056
-26.8746
-26.9401
-27.002
-27.0603
-27.1152
-27.1666
-27.2145
-27.2591
-27.3002
-27.3381
-27.3726
-27.404
-27.4321
-27.4572
-27.4791
-27.498
-27.514
-27.527
-27.5372
-27.5445
-27.549
-27.5509
-27.5501
-27.5466
-27.5406
-27.532
-27.521
-27.5076
-27.4917
-27.4735
-27.453
-27.4302
-27.4052
-27.3779
-27.3485
-27.3169
-27.2833
-27.2475
-27.2097
-27.1698
-27.1279
-27.084
-27.0381
-26.9902
-26.9404
-26.8886
-26.8349
-26.7792
-26.7216
-26.6621
-26.6007
-26.5373
-26.472
-26.4048
-26.3356
-26.2645
-26.1914
-26.1164
-26.0393
-25.9603
-25.8792
-25.7961
-25.7109
-25.6236
-25.5342
-25.4426
-25.3488
-25.2528
-25.1546
-25.0541
-24.9512
-24.8459
-24.7382
-24.628
-24.5153
-24.4
-24.282
-24.1614
-24.038
-23.9117
-23.7825
-23.6504
-23.5152
-23.3769
-23.2353
-23.0905
-22.9424
-22.7908
-22.6356
-22.4769
-22.3144
-22.1482
-21.978
-21.804
-21.6258
-21.4436
-21.2572
-21.0665
-20.8715
-20.6722
-20.4685
-20.2603
-20.0477
-19.8307
-19.6094
-19.3837
-19.1538
-18.9197
-18.6817
-18.4399
-18.1946
-17.9461
-17.6946
-17.4406
-17.1845
-16.9268
-16.668
-16.4088
-16.1498
-15.8918
-15.6355
-15.3817
-15.1312
-14.8851
-14.644
-14.4091
-14.181
-13.9607
-13.7491
-13.5469
-13.3548
-13.1735
-13.0035
-12.8454
-12.6994
-12.5659
-12.445
-12.3368
-12.2413
-12.1583
-12.0876
-12.029
-11.9821
-11.9465
-11.9218
-11.9075
-11.9031
-11.9081
-11.922
-11.9443
-11.9745
-12.0121
-12.0566
-12.1075
-12.1644
-12.227
-12.2948
-12.3673
-12.4444
-12.5257
-12.6108
-12.6995
-12.7915
-12.8866
-12.9845
-13.0851
-13.1881
-13.2934
-13.4008
-13.5102
-13.6215
-13.7344
-13.8489
-13.9649
-14.0823
-14.201
-14.3208
-14.4419
-14.5639
-14.687
-14.8111
-14.936
-15.0618
-15.1883
-15.3156
-15.4437
-15.5724
-15.7018
-15.8319
-15.9625
-16.0937
-16.2255
-16.3578
-16.4907
-16.624
-16.7578
-16.8921
-17.0269
-17.1621
-17.2977
-17.4338
-17.5702
-17.707
-17.8442
-17.9818
-18.1197
-18.2579
-18.3965
-18.5353
-18.6744
-18.8138
-18.9534
-19.0932
-19.2332
-19.3734
-19.5137
-19.6541
-19.7946
-19.9351
-20.0756
-20.2161
-20.3565
-20.4968
-20.6369
-20.7768
-20.9165
-21.0558
-21.1947
-21.3332
-21.4712
-21.6087
-21.7456
-21.8817
-22.0171
-22.1517
-22.2853
-22.418
-22.5496
-22.6801
-22.8094
-22.9374
-23.064
-23.1892
-23.3128
-23.4349
-23.5552
-23.6738
-23.7905
-23.9053
-24.0181
-24.1288
-24.2375
-24.3439
-24.448
-24.5498
-24.6492
-24.7462
-24.8407
-24.9326
-25.022
-25.1088
-25.1928
-25.2742
-25.3529
-25.4288
-25.502
-25.5724
-25.64
-25.7048
-25.7668
-25.8261
-25.8825
-25.9361
-25.9869
-26.0349
-26.0802
-26.1227
-26.1626
-26.1997
-26.2341
-26.2659
-26.295
-26.3215
-26.3455
-26.3669
-26.3858
-26.4023
-26.4163
-26.4278
-26.437
-26.4439
-26.4484
-26.4507
-26.4507
-26.4485
-26.4442
-26.4377
-26.4291
-26.4184
-26.4056
-26.3909
-26.3741
-26.3554
-26.3348
-26.3122
-26.2878
-26.2615
-26.2334
-26.2035
-26.1718
-26.1384
-26.1032
-26.0663
-26.0277
-25.9874
-25.9455
-25.9019
-25.8566
-25.8097
-25.7613
-25.7112
-25.6595
-25.6062
-25.5514
-25.495
-25.437
-25.3775
-25.3164
-25.2538
-25.1896
-25.1239
-25.0566
-24.9878
-24.9175
-24.8456
-24.7721
-24.6971
-24.6205
-24.5424
-24.4626
-24.3813
-24.2984
-24.2139
-24.1278
-24.0401
-23.9507
-23.8597
-23.767
-23.6726
-23.5766
-23.4789
-23.3794
-23.2782
-23.1753
-23.0706
-22.9642
-22.8559
-22.7459
-22.634
-22.5203
-22.4047
-22.2873
-22.168
-22.0468
-21.9238
-21.7988
-21.6719
-21.5432
-21.4125
-21.2799
-21.1455
-21.0091
-20.871
-20.7309
-20.5891
-20.4455
-20.3001
-20.1531
-20.0044
-19.8542
-19.7025
-19.5493
-19.3949
-19.2393
-19.0825
-18.9249
-18.7664
-18.6072
-18.4476
-18.2877
-18.1276
-17.9677
-17.8081
-17.6491
-17.4909
-17.3337
-17.178
-17.0238
-16.8716
-16.7215
-16.574
-16.4293
-16.2877
-16.1495
-16.015
-15.8845
-15.7583
-15.6365
-15.5196
-15.4077
-15.301
-15.1998
-15.1042
-15.0143
-14.9303
-14.8523
-14.7805
-14.7147
-14.6551
-14.6017
-14.5545
-14.5134
-14.4784
-14.4494
-14.4264
-14.4091
-14.3976
-14.3916
-14.3911
-14.3959
-14.4058
-14.4206
-14.4403
-14.4647
-14.4935
-14.5266
-14.5639
-14.6052
-14.6502
-14.699
-14.7513
-14.8069
-14.8658
-14.9277
-14.9926
-15.0603
-15.1306
-15.2035
-15.2789
-15.3566
-15.4366
-15.5187
-15.6028
-15.6888
-15.7768
-15.8664
-15.9578
-16.0508
-16.1454
-16.2414
-16.3389
-16.4377
-16.5378
-16.6392
-16.7418
-16.8455
-16.9503
-17.0561
-17.163
-17.2708
-17.3796
-17.4892
-17.5997
-17.711
-17.8231
-17.9359
-18.0494
-18.1636
-18.2785
-18.394
-18.51
-18.6266
-18.7438
-18.8614
-18.9794
-19.0979
-19.2168
-19.336
-19.4555
-19.5754
-19.6954
-19.8157
-19.9362
-20.0567
-20.1774
-20.2981
-20.4189
-20.5396
-20.6602
-20.7807
-20.901
-21.021
-21.1408
-21.2603
-21.3794
-21.4981
-21.6162
-21.7338
-21.8508
-21.9671
-22.0827
-22.1975
-22.3115
-22.4245
-22.5366
-22.6476
-22.7576
-22.8663
-22.9739
-23.0801
-23.185
-23.2885
-23.3905
-23.491
-23.5899
-23.6872
-23.7828
-23.8766
-23.9686
-24.0587
-24.147
-24.2333
-24.3176
-24.4
-24.4802
-24.5583
-24.6344
-24.7082
-24.7799
-24.8494
-24.9167
-24.9817
-25.0444
-25.1049
-25.1631
-25.219
-25.2726
-25.3239
-25.3729
-25.4197
-25.4641
-25.5062
-25.5461
-25.5837
-25.6191
-25.6522
-25.6831
-25.7119
-25.7384
-25.7627
-25.7849
-25.805
-25.823
-25.8389
-25.8528
-25.8646
-25.8745

