-72
-72.0329
-72.0645
-72.0948
-72.1239
-72.1518
-72.1787
-72.2045
-72.2293
-72.2531
-72.2761
-72.2982
-72.3195
-72.3399
-72.3596
-72.3786
-72.3969
-72.4146
-72.4315
-72.4479
-72.4637
-72.4789
-72.4936
-72.5078
-72.5214
-72.5346
-72.5473
-72.5595
-72.5714
-72.5828
-72.5938
-72.6044
-72.6147
-72.6246
-72.6342
-72.6434
-72.6523
-72.6609
-72.6693
-72.6773
-72.685
-72.6925
-72.6998
-72.7068
-72.7135
-72.72
-72.7263
-72.7324
-72.7383
-72.7439
-72.7494
-72.7547
-72.7598
-72.7647
-72.7695
-72.7741
-72.7785
-72.7828
-72.7869
-72.7909
-72.7947
-72.7984
-72.802
-72.8054
-72.8087
-72.8119
-72.815
-72.818
-72.8208
-72.8236
-72.8262
-72.8288
-72.8312
-72.8336
-72.8358
-72.838
-72.8401
-72.8421
-72.844
-72.8458
-72.8476
-72.8492
-72.8508
-72.8524
-72.8538
-72.8552
-72.8566
-72.8578
-72.859
-72.8602
-72.8612
-72.8623
-72.8632
-72.8641
-72.865
-72.8658
-72.8666
-72.8673
-72.8679
-72.8685
-72.8691
-72.8696
-72.8701
-72.8705
-72.8709
-72.8713
-72.8716
-72.8718
-72.8721
-72.8723
-72.8724
-72.8726
-72.8727
-72.8727
-72.8728
-72.8728
-72.8727
-72.8727
-72.8726
-72.8725
-72.8723
-72.8721
-72.8719
-72.8717
-72.8715
-72.8712
-72.8709
-72.8706
-72.8702
-72.8699
-72.8695
-72.8691
-72.8686
-72.8682
-72.8677
-72.8672
-72.8667
-72.8662
-72.8656
-72.8651
-72.8645
-72.8639
-72.8633
-72.8627
-72.862
-72.8614
-72.8607
-72.86
-72.8593
-72.8586
-72.8579
-72.8571
-72.8564
-72.8556
-72.8549
-72.8541
-72.8533
-72.8525
-72.8517
-72.8508
-72.85
-72.8492
-72.8483
-72.8475
-72.8466
-72.8457
-72.8448
-72.8439
-72.843
-72.8421
-72.8412
-72.8403
-72.8393
-72.8384
-72.8375
-72.8365
-72.8355
-72.8346
-72.8336
-72.8326
-72.8317
-72.8307
-72.8297
-72.8287
-72.8277
-72.8267
-72.8257
-72.8247
-72.8237
-72.8227
-72.8217
-72.8206
-72.8196
-72.8186
-72.8175
-72.8165
-72.8155
-72.8144
-72.8134
-72.8124
-72.8113
-72.8103
-72.8092
-72.8082
-72.8071
-72.8061
-72.805
-72.804
-72.8029
-72.8018
-72.8008
-72.7997
-72.7987
-72.7976
-72.7965
-72.7955
-72.7944
-72.7934
-72.7923
-72.7912
-72.7902
-72.7891
-72.7881
-72.787
-72.7859
-72.7849
-72.7838
-72.7828
-72.7817
-72.7807
-72.7796
-72.7786
-72.7775
-72.7764
-72.7754
-72.7743
-72.7733
-72.7723
-72.7712
-72.7702
-72.7691
-72.7681
-72.767
-72.766
-72.765
-72.7639
-72.7629
-72.7619
-72.7608
-72.7598
-72.7588
-72.7578
-72.7568
-72.7557
-72.7547
-72.7537
-72.7527
-72.7517
-72.7507
-72.7497
-72.7487
-72.7477
-72.7467
-72.7457
-72.7447
-72.7437
-72.7427
-72.7417
-72.7408
-72.7398
-72.7388
-72.7378
-72.7369
-72.7359
-72.7349
-72.734
-72.733
-72.7321
-72.7311
-72.7302
-72.7292
-72.7283
-72.7273
-72.7264
-72.7255
-72.7245
-72.7236
-72.7227
-72.7217
-72.7208
-72.7199
-72.719
-72.7181
-72.7172
-72.7163
-72.7154
-72.7145
-72.7136
-72.7127
-72.7118
-72.7109
-72.71
-72.7092
-72.7083
-72.7074
-72.7066
-72.7057
-72.7048
-72.704
-72.7031
-72.7023
-72.7014
-72.7006
-72.6997
-72.6989
-72.6981
-72.6972
-72.6964
-72.6956
-72.6948
-72.6939
-72.6931
-72.6923
-72.6915
-72.6907
-72.6899
-72.6891
-72.6883
-72.6875
-72.6867
-72.686
-72.6852
-72.6844
-72.6836
-72.6829
-72.6821
-72.6813
-72.6806
-72.6798
-72.679
-72.6783
-72.6776
-72.6768
-72.6761
-72.6753
-72.6746
-72.6739
-72.6731
-72.6724
-72.6717
-72.671
-72.6703
-72.6696
-72.6688
-72.6681
-72.6674
-72.6667
-72.666
-72.6654
-72.6647
-72.664
-72.6633
-72.6626
-72.6619
-72.6613
-72.6606
-72.6599
-72.6593
-72.6586
-72.658
-72.6573
-72.6567
-72.656
-72.6554
-72.6547
-72.6541
-72.6535
-72.6528
-72.6522
-72.6516
-72.6509
-72.6503
-72.6497
-72.6491
-72.6485
-72.6479
-72.6473
-72.6467
-72.6461
-72.6455
-72.6449
-72.6443
-72.6437
-72.6431
-72.6425
-72.642
-72.6414
-72.6408
-72.6403
-72.6397
-72.6391
-72.6386
-72.638
-72.6375
-72.6369
-72.6364
-72.6358
-72.6353
-72.6347
-72.6342
-72.6336
-72.6331
-72.6326
-72.6321
-72.6315
-72.631
-72.6305
-72.63
-72.6295
-72.629
-72.6284
-72.6279
-72.6274
-72.6269
-72.6264
-72.6259
-72.6254
-72.625
-72.6245
-72.624
-72.6235
-72.623
-72.6225
-72.6221
-72.6216
-72.6211
-72.6207
-72.6202
-72.6197
-72.6193
-72.6188
-72.6184
-72.6179
-72.6174
-72.617
-72.6166
-72.6161
-72.6157
-72.6152
-72.6148
-72.6144
-72.6139
-72.6135
-72.6131
-72.6126
-72.6122
-72.6118
-72.6114
-72.611
-72.6105
-72.6101
-72.6097
-72.6093
-72.6089
-72.6085
-72.6081
-72.6077
-72.6073
-72.6069
-72.6065
-72.6061
-72.6057
-72.6053
-72.6049
-72.6046
-72.6042
-72.6038
-72.6034
-72.603
-72.6027
-72.6023
-72.6019
-72.6016
-72.6012
-72.6008
-72.6005
-72.6001
-72.5998
-72.5994
-72.599
-72.5987
-72.5983
-72.598
-72.5976
-72.5973
-72.597
-72.5966
-72.5963
-72.5959
-72.5956
-72.5953
-72.5949
-72.5946
-72.5943
-72.5939
-72.5936
-72.5933
-72.593
-72.5926
-72.5923
-72.592
-72.5917
-72.5914
-72.5911
-72.5907
-72.5904
-72.5901
-72.5898
-72.5895
-72.5892
-72.5889
-72.5886
-72.5883
-72.588
-72.5877
-72.5874
-72.5871
-72.5868
-72.5865
-72.5862
-72.586
-72.5857
-72.5854
-72.5851
-72.5848
-72.5845
-72.5843
-72.584
-72.5837
-72.5834
-72.5832
-72.5829
-72.5826
-72.5823
-72.5821
-72.5818
-72.5815
-72.5813
-72.581
-72.5808
-72.5805
-72.5802
-72.58
-72.5797
-72.5795
-72.5792
-72.579
-72.5787
-72.5784
-72.5782
-72.5779
-72.5777
-72.5775
-72.5772
-72.577
-72.5767
-72.5765
-72.5762
-72.576
-72.5758
-72.5755
-72.5753
-72.5751
-72.5748
-72.5746
-72.5744
-72.5741
-72.5739
-72.5737
-72.5734
-72.5732
-72.573
-72.5728
-72.5725
-72.5723
-72.5721
-72.5719
-72.5717
-72.5714
-72.5712
-72.571
-72.5708
-72.5706
-72.5704
-72.5702
-72.5699
-72.5697
-72.5695
-72.5693
-72.5691
-72.5689
-72.5687
-72.5685
-72.5683
-72.5681
-72.5679
-72.5677
-72.5675
-72.5673
-72.5671
-72.5669
-72.5667
-72.5665
-72.5663
-72.5661
-72.5659
-72.5657
-72.5655
-72.5653
-72.5651
-72.5649
-72.5647
-72.5646
-72.5644
-72.5642
-72.564
-72.5638
-72.5636
-72.5634
-72.5633
-72.5631
-72.5629
-72.5627
-72.5625
-72.5623
-72.5622
-72.562
-72.5618
-72.5616
-72.5615
-72.5613
-72.5611
-72.5609
-72.5608
-72.5606
-72.5604
-72.5602
-72.5601
-72.5599
-72.5597
-72.5596
-72.5594
-72.5592
-72.5591
-72.5589
-72.5587
-72.5586
-72.5584
-72.5582
-72.5581
-72.5579
-72.5577
-72.5576
-72.5574
-72.5572
-72.5571
-72.5569
-72.5568
-72.5566
-72.5565
-72.5563
-72.5561
-72.556
-72.5558
-72.5557
-72.5555
-72.5554
-72.5552
-72.555
-72.5549
-72.5547
-72.5546
-72.5544
-72.5543
-72.5541
-72.554
-72.5538
-72.5537
-72.5535
-72.5534
-72.5532
-72.5531
-72.5529
-72.5528
-72.5527
-72.5525
-72.5524
-72.5522
-72.5521
-72.5519
-72.5518
-72.5516
-72.5515
-72.5514
-72.5512
-72.5511
-72.5509
-72.5508
-72.5507
-72.5505
-72.5504
-72.5502
-72.5501
-72.55
-72.5498
-72.5497
-72.5495
-72.5494
-72.5493
-72.5491
-72.549
-72.5489
-72.5487
-72.5486
-72.5485
-72.5483
-72.5482
-72.5481
-72.5479
-72.5478
-72.5477
-72.5475
-72.5474
-72.5473
-72.5471
-72.547
-72.5469
-72.5467
-72.5466
-72.5465
-72.5464
-72.5462
-72.5461
-72.546
-72.5458
-72.5457
-72.5456
-72.5455
-72.5453
-72.5452
-72.5451
-72.545
-72.5448
-72.5447
-72.5446
-72.5445
-72.5443
-72.5442
-72.5441
-72.544
-72.5438
-72.5437
-72.5436
-72.5435
-72.5433
-72.5432
-72.5431
-72.543
-72.5429
-72.5427
-72.5426
-72.5425
-72.5424
-72.5423
-72.5421
-72.542
-72.5419
-72.5418
-72.5417
-72.5415
-72.5414
-72.5413
-72.5412
-72.5411
-72.5409
-72.5408
-72.5407
-72.5406
-72.5405
-72.5404
-72.5402
-72.5401
-72.54
-72.5399
-72.5398
-72.5397
-72.5395
-72.5394
-72.5393
-72.5392
-72.5391
-72.539
-72.5389
-72.5387
-72.5386
-72.5385
-72.5384
-72.5383
-72.5382
-72.5381
-72.5379
-72.5378
-72.5377
-72.5376
-72.5375
-72.5374
-72.5373
-72.5372
-72.537
-72.5369
-72.5368
-72.5367
-72.5366
-72.5365
-72.5364
-72.5363
-72.5362
-72.5361
-72.5359
-72.5358
-72.5357
-72.5356
-72.5355
-72.5354
-72.5353
-72.5352
-72.5351
-72.535
-72.5348
-72.5347
-72.5346
-72.5345
-72.5344
-72.5343
-72.5342
-72.5341
-72.534
-72.5339
-72.5338
-72.5337
-72.5336
-72.5334
-72.5333
-72.5332
-72.5331
-72.533
-72.5329
-72.5328
-72.5327
-72.5326
-72.5325
-72.5324
-72.5323
-72.5322
-72.5321
-72.532
-72.5319
-72.5317
-72.5316
-72.5315
-72.5314
-72.5313
-72.5312
-72.5311
-72.531
-72.5309
-72.5308
-72.5307
-72.5306
-72.5305
-72.5304
-72.5303
-72.5302
-72.5301
-72.53
-72.5299
-72.5298
-72.5297
-72.5296
-72.5295
-72.5294
-72.5292
-72.5291
-72.529
-72.5289
-72.5288
-72.5287
-72.5286
-72.5285
-72.5284
-72.5283
-72.5282
-72.5281
-72.528
-72.5279
-72.5278
-72.5277
-72.5276
-72.5275
-72.5274
-72.5273
-72.5272
-72.5271
-72.527
-72.5269
-72.5268
-72.5267
-72.5266
-72.5265
-72.5264
-72.5263
-72.5262
-72.5261
-72.526
-72.5259
-72.5258
-72.5257
-72.5256
-72.5255
-72.5254
-72.5253
-72.5252
-72.5251
-72.525
-72.5249
-72.5248
-72.5247
-72.5246
-72.5245
-72.5244
-72.5243
-72.5242
-72.5241
-72.524
-72.5239
-72.5238
-72.5237
-72.5236
-72.5235
-72.5234
-72.5233
-72.5232
-72.5231
-72.523
-72.5229
-72.5228
-72.5227
-72.5226
-72.5225
-72.5224
-72.5223
-72.5222
-72.5221
-72.522
-72.5219
-72.5218
-72.5217
-72.5216
-72.5215
-72.5214
-72.5213
-72.5212
-72.5211
-72.521
-72.5209
-72.5208
-72.5207
-72.5206
-72.5205
-72.5204
-72.5203
-72.5202
-72.5201
-72.52
-72.5199
-72.5198
-72.5197
-72.5196
-72.5195
-72.5194
-72.5193
-72.5193
-72.5192
-72.5191
-72.519
-72.5189
-72.5188
-72.5187
-72.5186
-72.5185
-72.5184
-72.5183
-72.5182
-72.5181
-72.518
-72.5179
-72.5178
-72.5177
-72.5176
-72.5175

