-55
-55
-55
-55
-55
-55
-55
-55
-55
-55
-55
-55
-55
-55
-55
-55
-55
-55
-55
-55
-55
-55
-55
-55
-55
-55
-55
-55
-55
-55
-55
-55
-55
-55
-55
-55
-55
-55
-55
-55
-55
-55
-55
-55
-55
-55
-55
-55
-55
-55
-55
-55
-55
-55
-55
-55
-55
-55
-55
-55
-55
-55
-55
-55
-55
-55
-55
-55
-55
-55
-55
-55
-55
-55
-55
-55
-55
-55
-55
-55
-55
-55
-55
-55
-55
-55
-55
-55
-55
-55
-55
-55
-55
-55
-55
-55
-55
-55
-55
-55
-55
-55
-55
-55
-55
-55
-55
-55
-55
-55
-55
-55
-55
-55
-55
-55
-55
-55
-55
-55
-55
-55
-55
-55
-55
-55
-55
-55
-55
-55
-55
-55
-55
-55
-55
-55
-55
-55
-55
-55
-55
-55
-55
-55
-55
-55
-55
-55
-55
-55
-55
-55
-55
-55
-55
-55
-55
-55
-55
-55
-55
-55
-55
-55
-55
-55
-55
-55
-55
-55
-55
-55
-55
-55
-55
-55
-55
-55
-55
-55
-55
-55
-55
-55
-55
-55
-55
-55
-55
-55
-55
-55
-55
-55
-55
-55
-55
-55
-55
-55
-55
-55
-55
-55
-55
-55
-55
-55
-55
-55
-55
-55
-55
-55
-55
-55
-55
-55
-55
-55
-55
-55
-55
-55
-55
-55
-55
-55
-55
-55
-55
-55
-55
-55
-55
-55
-55
-55
-55
-55
-55
-55
-55
-55
-55
-55
-55
-55
-55
-55
-55
-55
-55
-55
-55
-55
-55
-55
-55
-55
-55
-55
-55
-55
-55
-55
-55
-55
-55
-55
-55
-55
-55
-55
-55
-55
-55
-55
-55
-55
-55
-55
-55
-55
-55
-55
-55
-55
-55
-55
-55
-55
-55
-55
-55
-55
-55
-55
-55
-55
-55
-55
-55
-55
-55
-55
-55
-55
-55
-55
-55
-55
-55
-55
-55
-55
-55
-55
-55
-55
-55
-55
-55
-55
-55
-55
-55
-55
-55
-55
-55
-55
-55
-55
-55
-55
-55
-55
-55
-55
-55
-55
-55
-55
-55
-55
-55
-55
-55
-55
-55
-55
-55
-55
-55
-55
-55
-55
-55
-55
-55
-55
-55
-55
-55
-55
-55
-55
-55
-55
-55
-55
-55
-55
-55
-55
-55
-55
-55
-55
-55
-55
-55
-55
-55
-55
-55
-55
-55
-55
-55
-55
-55
-55
-55
-55
-55
-55
-55
-55
-55
-55
-55
-55
-55
-55
-55
-55
-55
-55
-55
-55
-55
-55
-55
-55
-55
-55
-55
-55
-55
-55
-55
-55
-55
-55
-55
-55
-55
-55
-55
-55
-55
-55
-55
-55
-55
-55
-55
-55
-55
-55
-55
-55
-55
-55
-55
-55
-55
-55
-55
-55
-55
-55
-55
-55
-55
-55
-55
-55
-55
-55
-55
-55
-55
-55
-55
-55
-55
-55
-55
-55
-55
-55
-55
-55
-55
-55
-55
-55
-55
-55
-55
-55
-55
-55
-55
-55
-55
-55
-55
-55
-55
-55
-55
-55
-55
-55
-55
-55
-55
-55
-55
-55
-55
-55
-55
-55
-55
-55
-55
-55
-55
-55
-55
-55
-55
-55
-55
-55
-55
-55
-55
-55
-55
-55
-55
-55
-55
-55
-55
-55
-55
-55
-55
-55
-55
-55
-55
-55
-55
-55
-55
-55
-55
-55
-55
-55
-55
-55
-55
-55
-55
-55
-55
-55
-55
-55
-55
-55
-55
-55
-55
-55
-55
-55
-55
-55
-55
-55
-55
-55
-55
-55
-55
-55
-55
-55
-55
-55
-55
-55
-55
-55
-55
-55
-55
-55
-55
-55
-55
-55
-55
-55
-55
-55
-55
-55
-55
-55
-55
-55
-55
-55
-55
-55
-55
-55
-55
-55
-55
-55
-55
-55
-55
-55
-55
-55
-55
-55
-55
-55
-55
-55
-55
-55
-55
-55
-55
-55
-55
-55
-55
-55
-55
-55
-55
-55
-55
-55
-55
-55
-55
-55
-55
-55
-55
-55
-55
-55
-55
-55
-55
-55
-55
-55
-55
-55
-55
-55
-55
-55
-55
-55
-55
-55
-55
-55
-55
-55
-55
-55
-55
-55
-55
-55
-55
-55
-55
-55
-55
-55
-55
-55
-55
-55
-55
-55
-55
-55
-55
-55
-55
-55
-55
-55
-55
-55
-55
-55
-55
-55
-55
-55
-55
-55
-55
-55
-55
-55
-55
-55
-55
-55
-55
-55
-55
-55
-55
-55
-55
-55
-55
-55
-55
-55
-55
-55
-55
-55
-55
-55
-55
-55
-55
-55
-55
-55
-55
-55
-55
-55
-55
-55
-55
-55
-55
-55
-55
-55
-55
-55
-55
-55
-55
-55
-55
-55
-55
-55
-55
-55
-55
-55
-55
-55
-55
-55
-55
-55
-55
-55
-55
-55
-55
-55
-55
-55
-55
-55
-55
-55
-55
-55
-55
-55
-55
-55
-55
-55
-55
-55
-55
-55
-55
-55
-55
-55
-55
-55
-55
-55
4.70128
5.00555
5.04841
5.13198
5.29756
5.61107
6.17128
7.11685
8.62461
10.886
14.0506
18.1468
23.0186
28.3261
33.6302
38.5252
42.7394
46.159
48.7958
50.7352
52.0916
52.9797
53.5009
53.7376
53.7542
53.599
53.3079
52.9068
52.4146
51.8444
51.2059
50.5058
49.7491
48.9395
48.08
47.1733
46.2217
45.2282
44.1962
43.1301
42.0363
40.9243
39.8088
38.7135
37.6724
36.7154
35.8325
34.9729
34.0816
33.125
32.0918
30.984
29.8088
28.5748
27.2905
25.9635
24.6005
23.2078
21.7909
20.3549
18.9045
17.4444
15.9787
14.5116
13.0473
11.5898
10.143
8.71082
7.29695
5.9049
4.53787
3.1987
1.88979
0.613104
-0.629885
-1.8381
-3.01082
-4.14756
-5.24814
-6.31287
-7.34269
-8.33908
-9.30382
-10.2388
-11.1461
-12.0275
-12.885
-13.7204
-14.5357
-15.3325
-16.1127
-16.878
-17.6299
-18.3702
-19.1003
-19.8219
-20.5363
-21.2452
-21.9499
-22.6518
-23.3523
-24.0528
-24.7545
-25.4588
-26.1668
-26.8795
-27.598
-28.3228
-29.0545
-29.7934
-30.5392
-31.2916
-32.0496
-32.8119
-33.5768
-34.3422
-35.1058
-35.8651
-36.6177
-37.361
-38.093
-38.8116
-39.5152
-40.2025
-40.8725
-41.5244
-42.1577
-42.7721
-43.368
-43.9457
-44.5059
-45.0491
-45.576
-46.0871
-46.5831
-47.0646
-47.5323
-47.9869
-48.429
-48.8594
-49.2786
-49.6874
-50.0864
-50.4762
-50.8575
-51.2306
-51.5961
-51.9545
-52.3059
-52.6508
-52.9892
-53.3215
-53.6476
-53.9677
-54.2819
-54.5901
-54.8923
-55.1887
-55.4793
-55.7639
-56.0428
-56.3158
-56.5831
-56.8446
-57.1004
-57.3505
-57.5949
-57.8336
-58.0668
-58.2944
-58.5165
-58.7332
-58.9444
-59.1504
-59.3511
-59.5465
-59.7369
-59.9223
-60.1027
-60.2782
-60.449
-60.6151
-60.7766
-60.9336
-61.0861
-61.2344
-61.3784
-61.5183
-61.6542
-61.786
-61.914
-62.0382
-62.1587
-62.2756
-62.3889
-62.4987
-62.6052
-62.7083
-62.8083
-62.905
-62.9987
-63.0894
-63.1771
-63.262
-63.3441
-63.4234
-63.5001
-63.5742
-63.6458
-63.715
-63.7817
-63.8461
-63.9082
-63.9682
-64.026
-64.0817
-64.1353
-64.187
-64.2368
-64.2847
-64.3308
-64.3751
-64.4177
-64.4587
-64.498
-64.5358
-64.572
-64.6068
-64.6401
-64.6721
-64.7027
-64.732
-64.76
-64.7868
-64.8124
-64.8369
-64.8602
-64.8824
-64.9036
-64.9238
-64.943
-64.9612
-64.9785
-64.9948
-65.0103
-65.025
-65.0388
-65.0518
-65.0641
-65.0756
-65.0864
-65.0964
-65.1058
-65.1145
-65.1226
-65.1301
-65.1369
-65.1432
-65.1489
-65.1541
-65.1587
-65.1628
-65.1664
-65.1695
-65.1722
-65.1743
-65.1761
-65.1774
-65.1783
-65.1788
-65.1789
-65.1786
-65.178
-65.177
-65.1756
-65.1739
-65.1719
-65.1696
-65.1669
-65.164
-65.1608
-65.1573
-65.1535
-65.1494
-65.1451
-65.1406
-65.1358
-65.1307
-65.1255
-65.12
-65.1143
-65.1084
-65.1023
-65.096
-65.0895
-65.0828
-65.076
-65.0689
-65.0617
-65.0544
-65.0468
-65.0392
-65.0313
-65.0234
-65.0152
-65.007
-64.9986
-64.9901
-64.9814
-64.9726
-64.9638
-64.9547
-64.9456
-64.9364
-64.9271
-64.9176
-64.9081
-64.8985
-64.8887
-64.8789
-64.869
-64.859
-64.8489
-64.8388
-64.8285
-64.8182
-64.8078
-64.7974
-64.7869
-64.7763
-64.7656
-64.7549
-64.7441
-64.7332
-64.7223
-64.7114
-64.7003
-64.6893
-64.6781
-64.667
-64.6558
-64.6445
-64.6332
-64.6218
-64.6104
-64.599
-64.5875
-64.576
-64.5644
-64.5528
-64.5412
-64.5295
-64.5178
-64.5061
-64.4944
-64.4826
-64.4708
-64.4589
-64.4471
-64.4352
-64.4233
-64.4113
-64.3994
-64.3874
-64.3754
-64.3633
-64.3513
-64.3392
-64.3272
-64.3151
-64.3029
-64.2908
-64.2787
-64.2665
-64.2543
-64.2422
-64.23
-64.2177
-64.2055
-64.1933
-64.181
-64.1688
-64.1565
-64.1443
-64.132
-64.1197
-64.1074
-64.0951
-64.0828
-64.0705
-64.0582
-64.0459
-64.0335
-64.0212
-64.0089
-63.9965
-63.9842
-63.9719
-63.9595
-63.9472
-63.9348
-63.9225
-63.9101
-63.8978
-63.8854
-63.8731
-63.8608
-63.8484
-63.8361
-63.8237
-63.8114
-63.799
-63.7867
-63.7744
-63.762
-63.7497
-63.7374
-63.725
-63.7127
-63.7004
-63.6881
-63.6758
-63.6635
-63.6512
-63.6389
-63.6266
-63.6143
-63.602
-63.5898
-63.5775
-63.5652
-63.553
-63.5407
-63.5285
-63.5162
-63.504
-63.4918
-63.4795
-63.4673
-63.4551
-63.4429
-63.4307
-63.4185
-63.4064
-63.3942
-63.382
-63.3699
-63.3577
-63.3456
-63.3335
-63.3213
-63.3092
-63.2971
-63.285
-63.2729
-63.2608
-63.2488
-63.2367
-63.2246
-63.2126
-63.2005
-63.1885
-63.1765
-63.1645
-63.1525
-63.1405
-63.1285
-63.1165
-63.1045
-63.0926
-63.0806
-63.0687
-63.0568
-63.0448
-63.0329
-63.021
-63.0091
-62.9972
-62.9853
-62.9735
-62.9616
-62.9498
-62.9379
-62.9261
-62.9143
-62.9025
-62.8907
-62.8789
-62.8671
-62.8553
-62.8436
-62.8318
-62.8201
-62.8083
-62.7966
-62.7849
-62.7732
-62.7615
-62.7498
-62.7381
-62.7264
-62.7148
-62.7031
-62.6915
-62.6799
-62.6682
-62.6566
-62.645
-62.6334
-62.6218
-62.6103
-62.5987
-62.5872
-62.5756
-62.5641
-62.5525
-62.541
-62.5295
-62.518
-62.5065
-62.4951
-62.4836
-62.4721
-62.4607
-62.4492
-62.4378
-62.4264
-62.415
-62.4036
-62.3922
-62.3808
-62.3694
-62.358
-62.3467
-62.3353
-62.324
-62.3126
-62.3013
-62.29
-62.2787
-62.2674
-62.2561
-62.2448
-62.2335
-62.2223
-62.211
-62.1998
-62.1885
-62.1773
-62.1661
-62.1549
-62.1437
-62.1325
-62.1213
-62.1101
-62.0989
-62.0878
-62.0766
-62.0655
-62.0543
-62.0432
-62.0321
-62.021
-62.0099
-61.9988
-61.9877
-61.9766
-61.9655
-61.9545
-61.9434
-61.9323
-61.9213
-61.9103
-61.8992
-61.8882
-61.8772
-61.8662
-61.8552
-61.8442
-61.8332
-61.8222
-61.8113
-61.8003
-61.7893
-61.7784
-61.7675
-61.7565
-61.7456
-61.7347
-61.7238
-61.7128
-61.7019
-61.6911
-61.6802
-61.6693
-61.6584
-61.6475
-61.6367
-61.6258
-61.615
-61.6041
-61.5933
-61.5825
-61.5716
-61.5608
-61.55
-61.5392
-61.5284
-61.5176
-61.5068
-61.496
-61.4852
-61.4745
-61.4637
-61.4529
-61.4422
-61.4314
-61.4207
-61.4099
-61.3992
-61.3885
-61.3778
-61.367
-61.3563
-61.3456
-61.3349
-61.3242
-61.3135
-61.3028
-61.2921
-61.2814
-61.2708
-61.2601
-61.2494
-61.2387
-61.2281
-61.2174
-61.2068
-61.1961
-61.1855
-61.1748
-61.1642
-61.1536
-61.1429
-61.1323
-61.1217
-61.1111
-61.1004
-61.0898
-61.0792
-61.0686
-61.058
-61.0474
-61.0368
-61.0262
-61.0156
-61.005
-60.9945
-60.9839
-60.9733
-60.9627
-60.9521
-60.9416
-60.931
-60.9204
-60.9099
-60.8993
-60.8887
-60.8782
-60.8676
-60.8571
-60.8465
-60.8359
-60.8254
-60.8148
-60.8043
-60.7938
-60.7832
-60.7727
-60.7621
-60.7516
-60.741
-60.7305
-60.72
-60.7094
-60.6989
-60.6883
-60.6778
-60.6673
-60.6567
-60.6462
-60.6357
-60.6251
-60.6146
-60.6041
-60.5935
-60.583
-60.5725
-60.5619
-60.5514
-60.5409
-60.5303
-60.5198
-60.5093
-60.4987
-60.4882
-60.4777
-60.4671
-60.4566
-60.446
-60.4355
-60.425
-60.4144
-60.4039
-60.3933
-60.3828
-60.3722
-60.3617
-60.3511
-60.3406
-60.33
-60.3194
-60.3089
-60.2983
-60.2878
-60.2772
-60.2666
-60.256
-60.2455
-60.2349
-60.2243
-60.2137
-60.2031
-60.1926
-60.182
-60.1714
-60.1608
-60.1502
-60.1396
-60.129
-60.1184
-60.1077
-60.0971
-60.0865
-60.0759
-60.0653
-60.0546
-60.044
-60.0334
-60.0227
-60.0121
-60.0014
-59.9908
-59.9801
-59.9694
-59.9588
-59.9481
-59.9374
-59.9267
-59.916
-59.9053
-59.8946
-59.8839
-59.8732
-59.8625
-59.8518
-59.8411
-59.8303
-59.8196
-59.8089
-59.7981
-59.7874
-59.7766
-59.7658
-59.7551
-59.7443
-59.7335
-59.7227
-59.7119
-59.7011
-59.6903
-59.6795
-59.6687
-59.6579
-59.647
-59.6362
-59.6253
-59.6145
-59.6036
-59.5927
-59.5819
-59.571
-59.5601
-59.5492
-59.5383
-59.5274
-59.5165
-59.5055
-59.4946
-59.4837
-59.4727
-59.4618
-59.4508
-59.4398
-59.4288
-59.4178
-59.4068
-59.3958
-59.3848
-59.3738
-59.3628
-59.3517
-59.3407
-59.3296
-59.3185
-59.3075
-59.2964
-59.2853
-59.2742
-59.2631
-59.2519
-59.2408
-59.2297
-59.2185
-59.2074
-59.1962
-59.185
-59.1738
-59.1626
-59.1514
-59.1402
-59.129
-59.1177
-59.1065
-59.0952
-59.084
-59.0727
-59.0614
-59.0501
-59.0388
-59.0275
-59.0162
-59.0048
-58.9935
-58.9821
-58.9707
-58.9594
-58.948
-58.9366
-58.9252
-58.9137
-58.9023
-58.8909
-58.8794
-58.8679
-58.8565
-58.845
-58.8335
-58.8219
-58.8104
-58.7989
-58.7873
-58.7758
-58.7642
-58.7526
-58.741
-58.7294
-58.7178
-58.7062
-58.6945
-58.6829
-58.6712
-58.6596
-58.6479
-58.6362
-58.6244
-58.6127
-58.601
-58.5892
-58.5775
-58.5657
-58.5539
-58.5421
-58.5303
-58.5185
-58.5067
-58.4948
-58.4829
-58.4711
-58.4592
-58.4473
-58.4354
-58.4235
-58.4115
-58.3996
-58.3876
-58.3756
-58.3636
-58.3516
-58.3396
-58.3276
-58.3156
-58.3035
-58.2914
-58.2794
-58.2673
-58.2552
-58.243
-58.2309
-58.2188
-58.2066
-58.1944
-58.1823
-58.1701
-58.1578
-58.1456
-58.1334
-58.1211
-58.1089
-58.0966
-58.0843
-58.072
-58.0597
-58.0473
-58.035
-58.0226
-58.0103
-57.9979
-57.9855
-57.9731
-57.9606
-57.9482
-57.9357
-57.9233
-57.9108
-57.8983
-57.8858
-57.8732
-57.8607
-57.8482
-57.8356
-57.823
-57.8104
-57.7978
-57.7852
-57.7726
-57.7599
-57.7472
-57.7346
-57.7219
-57.7092
-57.6965
-57.6837
-57.671
-57.6582
-57.6454
-57.6327
-57.6198
-57.607
-57.5942
-57.5814
-57.5685
-57.5556
-57.5427
-57.5298
-57.5169
-57.504
-57.4911
-57.4781
-57.4651
-57.4521
-57.4391
-57.4261
-57.4131
-57.4001
-57.387
-57.3739
-57.3609
-57.3478
-57.3347
-57.3215
-57.3084
-57.2952
-57.2821
-57.2689
-57.2557
-57.2425
-57.2293
-57.216
-57.2028
-57.1895
-57.1763
-57.163
-57.1497
-57.1363
-57.123
-57.1097
-57.0963
-57.0829
-57.0695
-57.0561
-57.0427
-57.0293
-57.0158
-57.0024
-56.9889
-56.9754
-56.9619
-56.9484
-56.9349
-56.9214
-56.9078
-56.8942
-56.8807
-56.8671
-56.8534
-56.8398
-56.8262
-56.8125
-56.7989
-56.7852
-56.7715
-56.7578
-56.7441
-56.7304
-56.7166
-56.7029
-56.6891
-56.6753
-56.6615
-56.6477
-56.6339
-56.62
-56.6062
-56.5923
-56.5784
-56.5646
-56.5507
-56.5367
-56.5228
-56.5089
-56.4949
-56.4809
-56.467
-56.453
-56.4389
-56.4249
-56.4109
-56.3968
-56.3828
-56.3687
-56.3546
-56.3405
-56.3264
-56.3123
-56.2981
-56.284
-56.2698
-56.2556
-56.2414
-56.2272
-56.213
-56.1988
-56.1846
-56.1703
-56.156
-56.1417
-56.1275
-56.1131
-56.0988
-56.0845
-56.0702
-56.0558
-56.0414
-56.027
-56.0127
-55.9982
-55.9838
-55.9694
-55.955
-55.9405
-55.926
-55.9115
-55.897
-55.8825
-55.868
-55.8535
-55.8389
-55.8244
-55.8098
-55.7952
-55.7807
-55.766
-55.7514
-55.7368
-55.7222
-55.7075
-55.6928
-55.6782
-55.6635
-55.6488
-55.6341
-55.6193
-55.6046
-55.5898
-55.5751
-55.5603
-55.5455
-55.5307
-55.5159
-55.5011
-55.4862
-55.4714
-55.4565
-55.4417
-55.4268
-55.4119
-55.397
-55.3821
-55.3671
-55.3522
-55.3372
-55.3223
-55.3073
-55.2923
-55.2773
-55.2623
-55.2473
-55.2322
-55.2172
-55.2021
-55.1871
-55.172
-55.1569
-55.1418
-55.1266
-55.1115
-55.0964
-55.0812
-55.066
-55.0509
-55.0357
-55.0205
-55.0053
-54.99
-54.9748
-54.9595
-54.9443
-54.929
-54.9137
-54.8984
-54.8831
-54.8678
-54.8525
-54.8371
-54.8218
-54.8064
-54.791
-54.7756
-54.7602
-54.7448
-54.7294
-54.7139
-54.6985
-54.683
-54.6675
-54.652
-54.6365
-54.621
-54.6055
-54.59
-54.5744
-54.5589
-54.5433
-54.5277
-54.5121
-54.4965
-54.4809
-54.4652
-54.4496
-54.4339
-54.4182
-54.4026
-54.3869
-54.3712
-54.3554
-54.3397
-54.3239
-54.3082
-54.2924
-54.2766
-54.2608
-54.245
-54.2292
-54.2133
-54.1975
-54.1816
-54.1658
-54.1499
-54.134
-54.118
-54.1021
-54.0862
-54.0702
-54.0542
-54.0382
-54.0222
-54.0062
-53.9902
-53.9742
-53.9581
-53.942
-53.926
-53.9099
-53.8938
-53.8776
-53.8615
-53.8453
-53.8292
-53.813
-53.7968
-53.7806
-53.7644
-53.7481
-53.7319
-53.7156
-53.6993
-53.683
-53.6667
-53.6503
-53.634
-53.6176
-53.6012
-53.5848
-53.5684
-53.552
-53.5356
-53.5191
-53.5026
-53.4861
-53.4696
-53.4531
-53.4365
-53.42
-53.4034
-53.3868
-53.3702
-53.3536
-53.3369
-53.3203
-53.3036
-53.2869
-53.2701
-53.2534
-53.2367
-53.2199
-53.2031
-53.1863
-53.1694
-53.1526
-53.1357
-53.1188
-53.1019
-53.085
-53.068
-53.051
-53.0341
-53.017
-53
-52.983
-52.9659
-52.9488
-52.9317
-52.9145
-52.8974
-52.8802
-52.863
-52.8457
-52.8285
-52.8112
-52.7939
-52.7766
-52.7592
-52.7419
-52.7245
-52.707
-52.6896
-52.6721
-52.6546
-52.6371
-52.6196
-52.602
-52.5844
-52.5668
-52.5491
-52.5314
-52.5137
-52.496
-52.4782
-52.4604
-52.4426
-52.4247
-52.4069
-52.389
-52.371
-52.353
-52.335
-52.317
-52.299
-52.2809
-52.2627
-52.2446
-52.2264
-52.2082
-52.1899
-52.1716
-52.1533
-52.1349
-52.1165
-52.0981
-52.0796
-52.0611
-52.0426
-52.024
-52.0054
-51.9867
-51.968
-51.9493
-51.9305
-51.9117
-51.8929
-51.874
-51.8551
-51.8361
-51.8171
-51.798
-51.7789
-51.7598
-51.7406
-51.7213
-51.702
-51.6827
-51.6633
-51.6439
-51.6244
-51.6049
-51.5853
-51.5657
-51.546
-51.5263
-51.5065
-51.4867
-51.4668
-51.4469
-51.4269
-51.4069
-51.3867
-51.3666
-51.3464
-51.3261
-51.3057
-51.2853
-51.2649
-51.2444
-51.2238
-51.2031
-51.1824
-51.1616
-51.1408
-51.1199
-51.0989
-51.0778
-51.0567
-51.0355
-51.0143
-50.9929
-50.9715
-50.95
-50.9284
-50.9068
-50.8851
-50.8633
-50.8414
-50.8194
-50.7973
-50.7752
-50.753
-50.7307
-50.7083
-50.6858
-50.6632
-50.6405
-50.6177
-50.5948
-50.5719
-50.5488
-50.5256
-50.5023
-50.4789
-50.4555
-50.4319
-50.4081
-50.3843
-50.3604
-50.3363
-50.3122
-50.2879
-50.2635
-50.2389
-50.2143
-50.1895
-50.1646
-50.1395
-50.1143
-50.089
-50.0636
-50.038
-50.0122
-49.9863
-49.9603
-49.9341
-49.9077
-49.8812
-49.8545
-49.8277
-49.8007
-49.7735
-49.7461
-49.7186
-49.6909
-49.663
-49.6349
-49.6066
-49.5782
-49.5495
-49.5206
-49.4915
-49.4622
-49.4327
-49.403
-49.373
-49.3428
-49.3124
-49.2817
-49.2508
-49.2196
-49.1882
-49.1565
-49.1246
-49.0924
-49.0599
-49.0271
-48.994
-48.9606
-48.9269
-48.8929
-48.8586
-48.8239
-48.7889
-48.7536
-48.7179
-48.6818
-48.6454
-48.6086
-48.5714
-48.5338
-48.4957
-48.4573
-48.4184
-48.3791
-48.3393
-48.299
-48.2583
-48.2171
-48.1753
-48.133
-48.0902
-48.0468
-48.0029
-47.9583
-47.9131
-47.8673
-47.8209
-47.7738
-47.726
-47.6775
-47.6282
-47.5782
-47.5274
-47.4757
-47.4232
-47.3699
-47.3156
-47.2604
-47.2043
-47.1471
-47.0888
-47.0295
-46.969
-46.9074
-46.8445
-46.7803
-46.7148
-46.648
-46.5796
-46.5098
-46.4383
-46.3652
-46.2904
-46.2137
-46.1351
-46.0545
-45.9718
-45.8868
-45.7995
-45.7097
-45.6173
-45.5221
-45.4239
-45.3226
-45.2179
-45.1097
-44.9976
-44.8814
-44.7608
-44.6354
-44.5048
-44.3686
-44.2263
-44.0773
-43.9209
-43.7564
-43.5827
-43.3988
-43.2033
-42.9946
-42.7706
-42.5286
-42.2652
-41.9759
-41.6542
-41.2914
-40.8744
-40.3839
-39.7914
-39.0588
-38.1493
-37.0525
-35.7918
-34.4036
-32.9131
-31.3227
-29.6105
-27.7287
-25.5971
-23.0884
-20.0014
-16.0138
-10.614
-3.05769
7.3744
20.2272
33.1114
43.4027
50.1692
54.0187
55.9935
56.9238
57.3142
57.432
57.4085
57.306
57.1534
56.9638
56.7431
56.4935
56.2156
55.9092
55.5735
55.2076
54.8105
54.3812
53.9187
53.4223
52.8909
52.3235
51.7189
51.0758
50.3931
49.6698
48.9051
48.0983
47.249
46.3569
45.422
44.4444
43.4244
42.3624
41.2592
40.1157
38.9329
37.7119
36.4542
35.1614
33.8351
32.4772
31.0896
29.6744
28.2339
26.7703
25.2862
23.7839
22.2662
20.7357
19.1955
17.6484
16.0976
14.5465
12.9986
11.4576
9.92734
8.41184
6.91508
5.44095
3.99313
2.57495
1.18929
-0.161505
-1.47562
-2.75179
-3.98926
-5.18774
-6.34737
-7.46862
-8.55227
-9.59937
-10.6111
-11.589
-12.5344
-13.4491
-14.3346
-15.1928
-16.0253
-16.834
-17.6204
-18.3864
-19.1337
-19.8638
-20.5785
-21.2793
-21.9679
-22.6457
-23.3144
-23.9755
-24.6303
-25.2803
-25.9269
-26.5712
-27.2145
-27.8576
-28.5015
-29.1468
-29.7937
-30.4425
-31.093
-31.7447
-32.397
-33.049
-33.6994
-34.347
-34.9903
-35.6281
-36.259
-36.8816
-37.495
-38.0982
-38.6903
-39.271
-39.8397
-40.3962
-40.9404
-41.4723
-41.9919
-42.4994
-42.995
-43.479
-43.9517
-44.4135
-44.8647
-45.3054
-45.7361
-46.1569
-46.5682
-46.9702
-47.3631
-47.7472
-48.1228
-48.49
-48.849
-49.2002
-49.5437
-49.8797
-50.2084
-50.5301
-50.8448
-51.1528
-51.4542
-51.7492
-52.0379
-52.3206
-52.5973
-52.8681
-53.1333
-53.3929
-53.647
-53.8958
-54.1393
-54.3777
-54.611
-54.8394
-55.0629
-55.2816
-55.4955
-55.7049
-55.9096
-56.1099
-56.3058
-56.4972
-56.6844
-56.8674
-57.0462
-57.2208
-57.3914
-57.5581
-57.7207
-57.8795
-58.0345
-58.1858
-58.3333
-58.4771
-58.6174
-58.7542
-58.8874
-59.0172
-59.1437
-59.2668
-59.3867
-59.5034
-59.6169
-59.7274
-59.8348
-59.9392
-60.0407
-60.1394
-60.2352
-60.3283
-60.4187
-60.5064
-60.5916
-60.6742
-60.7543
-60.832
-60.9073
-60.9802
-61.0509
-61.1194
-61.1857
-61.2499
-61.312
-61.3721
-61.4303
-61.4865
-61.5408
-61.5933
-61.6439
-61.6929
-61.7401
-61.7857
-61.8297
-61.8721
-61.913
-61.9524
-61.9903
-62.0268
-62.062
-62.0958
-62.1283
-62.1595
-62.1895
-62.2183
-62.2459
-62.2724
-62.2978
-62.3221
-62.3454
-62.3676
-62.3889
-62.4092
-62.4286
-62.4471
-62.4647
-62.4814
-62.4973
-62.5124
-62.5267
-62.5403
-62.5531
-62.5652
-62.5765
-62.5872
-62.5973
-62.6067
-62.6154
-62.6236
-62.6312
-62.6382
-62.6446
-62.6505
-62.6559
-62.6607
-62.6651
-62.6689
-62.6723
-62.6753
-62.6777
-62.6798
-62.6814
-62.6827
-62.6835
-62.6839
-62.684
-62.6837
-62.683
-62.682
-62.6806
-62.6789
-62.6769
-62.6746
-62.6719
-62.669
-62.6658
-62.6623
-62.6585
-62.6544
-62.6501
-62.6456
-62.6408
-62.6357
-62.6304
-62.6249
-62.6191
-62.6132
-62.607
-62.6006
-62.594
-62.5872
-62.5802
-62.573
-62.5657
-62.5581
-62.5504
-62.5425
-62.5345
-62.5262
-62.5178
-62.5093
-62.5006
-62.4918
-62.4828
-62.4736
-62.4643
-62.4549
-62.4454
-62.4357
-62.4259
-62.416
-62.4059
-62.3957
-62.3854
-62.375
-62.3645
-62.3538
-62.3431
-62.3322
-62.3213
-62.3102
-62.2991
-62.2878
-62.2765
-62.265
-62.2535
-62.2419
-62.2302
-62.2184
-62.2065
-62.1945
-62.1825
-62.1703
-62.1581
-62.1458
-62.1335
-62.1211
-62.1086
-62.096
-62.0833
-62.0706
-62.0578
-62.045
-62.0321
-62.0191
-62.0061
-61.993
-61.9798
-61.9666
-61.9533
-61.94
-61.9266
-61.9132
-61.8997
-61.8861
-61.8726
-61.8589
-61.8452
-61.8315
-61.8177
-61.8038
-61.79
-61.776
-61.7621
-61.748
-61.734
-61.7199
-61.7057
-61.6915
-61.6773
-61.6631
-61.6488
-61.6344
-61.6201
-61.6056
-61.5912
-61.5767
-61.5622
-61.5477
-61.5331
-61.5185
-61.5038
-61.4892
-61.4744
-61.4597
-61.445
-61.4302
-61.4153
-61.4005
-61.3856
-61.3707
-61.3558
-61.3408
-61.3259
-61.3108
-61.2958
-61.2808
-61.2657
-61.2506
-61.2355
-61.2203
-61.2052
-61.19
-61.1748
-61.1596
-61.1443
-61.1291
-61.1138
-61.0985
-61.0832
-61.0678
-61.0525
-61.0371
-61.0217
-61.0063
-60.9909
-60.9755
-60.96
-60.9445
-60.9291
-60.9136
-60.8981
-60.8825
-60.867
-60.8515
-60.8359
-60.8203
-60.8048
-60.7892
-60.7736
-60.7579
-60.7423
-60.7267
-60.711
-60.6954
-60.6797
-60.664
-60.6483
-60.6326
-60.6169
-60.6012
-60.5855
-60.5698
-60.554
-60.5383
-60.5225
-60.5068
-60.491
-60.4753
-60.4595
-60.4437
-60.4279
-60.4121
-60.3963
-60.3805
-60.3647
-60.3489
-60.3331
-60.3172
-60.3014
-60.2856
-60.2698
-60.2539
-60.2381
-60.2222
-60.2064
-60.1905
-60.1747
-60.1588
-60.143
-60.1271
-60.1112
-60.0954
-60.0795
-60.0637
-60.0478
-60.0319
-60.0161
-60.0002
-59.9843
-59.9684
-59.9526
-59.9367
-59.9208
-59.905
-59.8891
-59.8732
-59.8574
-59.8415
-59.8256
-59.8098
-59.7939
-59.778
-59.7622
-59.7463
-59.7305
-59.7146
-59.6987
-59.6829
-59.667
-59.6512
-59.6354
-59.6195
-59.6037
-59.5878
-59.572
-59.5562
-59.5404
-59.5245
-59.5087
-59.4929
-59.4771
-59.4613
-59.4455
-59.4297
-59.4139
-59.3981
-59.3823
-59.3665
-59.3507
-59.335
-59.3192
-59.3034
-59.2877
-59.2719
-59.2562
-59.2404
-59.2247
-59.209
-59.1932
-59.1775
-59.1618
-59.1461
-59.1304
-59.1147
-59.099
-59.0833
-59.0676
-59.052
-59.0363
-59.0206
-59.005
-58.9893
-58.9737
-58.9581
-58.9424
-58.9268
-58.9112
-58.8956
-58.88
-58.8644
-58.8488
-58.8333
-58.8177
-58.8021
-58.7866
-58.771
-58.7555
-58.74
-58.7245
-58.7089
-58.6934
-58.6779
-58.6625
-58.647
-58.6315
-58.616
-58.6006
-58.5851
-58.5697
-58.5543
-58.5389
-58.5235
-58.5081
-58.4927
-58.4773
-58.4619
-58.4465
-58.4312
-58.4158
-58.4005
-58.3852
-58.3699
-58.3546
-58.3393
-58.324
-58.3087
-58.2934
-58.2782
-58.2629
-58.2477
-58.2324
-58.2172
-58.202
-58.1868
-58.1716
-58.1564
-58.1413
-58.1261
-58.111
-58.0958
-58.0807
-58.0656
-58.0505
-58.0354
-58.0203
-58.0052
-57.9902
-57.9751
-57.9601
-57.945
-57.93
-57.915
-57.9
-57.885
-57.87
-57.8551
-57.8401
-57.8252
-57.8103
-57.7953
-57.7804
-57.7655
-57.7506
-57.7358
-57.7209
-57.7061
-57.6912
-57.6764
-57.6616
-57.6468
-57.632
-57.6172
-57.6024
-57.5877
-57.5729
-57.5582
-57.5435
-57.5288
-57.5141
-57.4994
-57.4847
-57.47
-57.4554
-57.4408
-57.4261
-57.4115
-57.3969
-57.3823
-57.3678
-57.3532
-57.3386
-57.3241
-57.3096
-57.2951
-57.2806
-57.2661
-57.2516
-57.2371
-57.2227
-57.2082
-57.1938
-57.1794
-57.165
-57.1506
-57.1362
-57.1219
-57.1075
-57.0932
-57.0789
-57.0646
-57.0503
-57.036
-57.0217
-57.0075
-56.9932
-56.979
-56.9648
-56.9506
-56.9364
-56.9222
-56.908
-56.8939
-56.8797
-56.8656
-56.8515
-56.8374
-56.8233
-56.8092
-56.7952
-56.7811
-56.7671
-56.7531
-56.7391
-56.7251
-56.7111
-56.6971
-56.6832
-56.6692
-56.6553
-56.6414
-56.6275
-56.6136
-56.5997
-56.5859
-56.572
-56.5582
-56.5444
-56.5306
-56.5168
-56.503
-56.4893
-56.4755
-56.4618
-56.4481
-56.4344
-56.4207
-56.407
-56.3933
-56.3797
-56.366
-56.3524
-56.3388
-56.3252
-56.3116
-56.2981
-56.2845
-56.271
-56.2574
-56.2439
-56.2304
-56.2169
-56.2035
-56.19
-56.1766
-56.1631
-56.1497
-56.1363
-56.1229
-56.1096
-56.0962
-56.0829
-56.0695
-56.0562
-56.0429
-56.0296
-56.0164
-56.0031
-55.9899
-55.9766
-55.9634
-55.9502
-55.937
-55.9238
-55.9107
-55.8975
-55.8844
-55.8713
-55.8582
-55.8451
-55.832
-55.8189
-55.8059
-55.7929
-55.7798
-55.7668
-55.7538
-55.7409
-55.7279
-55.715
-55.702
-55.6891
-55.6762
-55.6633
-55.6504
-55.6376
-55.6247
-55.6119
-55.5991
-55.5863
-55.5735
-55.5607
-55.5479
-55.5352
-55.5224
-55.5097
-55.497
-55.4843
-55.4716
-55.459
-55.4463
-55.4337
-55.4211
-55.4085
-55.3959
-55.3833
-55.3707
-55.3582
-55.3456
-55.3331
-55.3206
-55.3081
-55.2956
-55.2832
-55.2707
-55.2583
-55.2459
-55.2334
-55.221
-55.2087
-55.1963
-55.1839
-55.1716
-55.1593
-55.147
-55.1347
-55.1224
-55.1101
-55.0979
-55.0856
-55.0734
-55.0612
-55.049
-55.0368
-55.0246
-55.0125
-55.0003
-54.9882
-54.9761
-54.964
-54.9519
-54.9398
-54.9278
-54.9157
-54.9037
-54.8917
-54.8797
-54.8677
-54.8557
-54.8438
-54.8318
-54.8199
-54.808
-54.7961
-54.7842
-54.7723
-54.7604
-54.7486
-54.7367
-54.7249
-54.7131
-54.7013
-54.6895
-54.6778
-54.666
-54.6543
-54.6426
-54.6308
-54.6191
-54.6075
-54.5958
-54.5841
-54.5725
-54.5609
-54.5492
-54.5376
-54.526
-54.5145
-54.5029
-54.4914
-54.4798
-54.4683
-54.4568
-54.4453
-54.4338
-54.4223
-54.4109
-54.3994
-54.388
-54.3766
-54.3652
-54.3538
-54.3424
-54.3311
-54.3197
-54.3084
-54.2971
-54.2858
-54.2745
-54.2632
-54.2519
-54.2407
-54.2294
-54.2182
-54.207
-54.1958
-54.1846
-54.1734
-54.1622
-54.1511
-54.1399
-54.1288
-54.1177
-54.1066
-54.0955
-54.0844
-54.0734
-54.0623
-54.0513
-54.0403
-54.0293
-54.0183
-54.0073
-53.9963
-53.9854
-53.9744
-53.9635
-53.9526
-53.9417
-53.9308
-53.9199
-53.909
-53.8981
-53.8873
-53.8765
-53.8657
-53.8548
-53.844
-53.8333
-53.8225
-53.8117
-53.801
-53.7903
-53.7795
-53.7688
-53.7581
-53.7474
-53.7368
-53.7261
-53.7155
-53.7048
-53.6942
-53.6836
-53.673
-53.6624
-53.6518
-53.6413
-53.6307
-53.6202
-53.6097
-53.5991
-53.5886
-53.5781
-53.5677
-53.5572
-53.5467
-53.5363
-53.5259
-53.5154
-53.505
-53.4946
-53.4842
-53.4739
-53.4635
-53.4532
-53.4428
-53.4325
-53.4222
-53.4119
-53.4016
-53.3913
-53.381
-53.3708
-53.3605
-53.3503
-53.34
-53.3298
-53.3196
-53.3094
-53.2992
-53.2891
-53.2789
-53.2688
-53.2586
-53.2485
-53.2384
-53.2283
-53.2182
-53.2081
-53.198
-53.188
-53.1779
-53.1679
-53.1578
-53.1478
-53.1378
-53.1278
-53.1178
-53.1078
-53.0979
-53.0879
-53.078
-53.068
-53.0581
-53.0482
-53.0383
-53.0284
-53.0185
-53.0086
-52.9988
-52.9889
-52.9791
-52.9693
-52.9594
-52.9496
-52.9398
-52.93
-52.9202
-52.9105
-52.9007
-52.891
-52.8812
-52.8715
-52.8618
-52.852
-52.8423
-52.8326
-52.823
-52.8133
-52.8036
-52.794
-52.7843
-52.7747
-52.765
-52.7554
-52.7458
-52.7362
-52.7266
-52.717
-52.7075
-52.6979
-52.6884
-52.6788
-52.6693
-52.6597
-52.6502
-52.6407
-52.6312
-52.6217
-52.6122
-52.6028
-52.5933
-52.5839
-52.5744
-52.565
-52.5555
-52.5461
-52.5367
-52.5273
-52.5179
-52.5085
-52.4991
-52.4898
-52.4804
-52.471
-52.4617
-52.4524
-52.443
-52.4337
-52.4244
-52.4151
-52.4058
-52.3965
-52.3872
-52.3779
-52.3687
-52.3594
-52.3502
-52.3409
-52.3317
-52.3225
-52.3132
-52.304
-52.2948
-52.2856
-52.2764
-52.2672
-52.2581
-52.2489
-52.2397
-52.2306
-52.2214
-52.2123
-52.2032
-52.194
-52.1849
-52.1758
-52.1667
-52.1576
-52.1485
-52.1394
-52.1304
-52.1213
-52.1122
-52.1032
-52.0941
-52.0851
-52.076
-52.067
-52.058
-52.0489
-52.0399
-52.0309
-52.0219
-52.0129
-52.0039
-51.995
-51.986
-51.977
-51.968
-51.9591
-51.9501
-51.9412
-51.9322
-51.9233
-51.9144
-51.9055
-51.8965
-51.8876
-51.8787
-51.8698
-51.8609
-51.852
-51.8431
-51.8342
-51.8254
-51.8165
-51.8076
-51.7988
-51.7899
-51.7811
-51.7722
-51.7634
-51.7545
-51.7457
-51.7369
-51.728
-51.7192
-51.7104
-51.7016
-51.6928
-51.684
-51.6752
-51.6664
-51.6576
-51.6488
-51.64
-51.6313
-51.6225
-51.6137
-51.6049
-51.5962
-51.5874
-51.5787
-51.5699
-51.5612
-51.5524
-51.5437
-51.5349
-51.5262
-51.5175
-51.5087
-51.5
-51.4913
-51.4826
-51.4738
-51.4651
-51.4564
-51.4477
-51.439
-51.4303
-51.4216
-51.4129
-51.4042
-51.3955
-51.3868
-51.3781
-51.3694
-51.3607
-51.352
-51.3434
-51.3347
-51.326
-51.3173
-51.3086
-51.3
-51.2913
-51.2826
-51.2739
-51.2653
-51.2566
-51.2479
-51.2393
-51.2306
-51.2219
-51.2133
-51.2046
-51.196
-51.1873
-51.1786
-51.17
-51.1613
-51.1527
-51.144
-51.1353
-51.1267
-51.118
-51.1094
-51.1007
-51.092
-51.0834
-51.0747
-51.066
-51.0574
-51.0487
-51.0401
-51.0314
-51.0227
-51.0141
-51.0054
-50.9967
-50.9881
-50.9794
-50.9707
-50.962
-50.9534
-50.9447
-50.936
-50.9273
-50.9186
-50.9099
-50.9013
-50.8926
-50.8839
-50.8752
-50.8665
-50.8578
-50.8491
-50.8404
-50.8317
-50.823
-50.8142
-50.8055
-50.7968
-50.7881
-50.7793
-50.7706
-50.7619
-50.7531
-50.7444
-50.7356
-50.7269
-50.7181
-50.7094
-50.7006
-50.6918
-50.6831
-50.6743
-50.6655
-50.6567
-50.6479
-50.6391
-50.6303
-50.6215
-50.6127
-50.6038
-50.595
-50.5862
-50.5773
-50.5685
-50.5596
-50.5508
-50.5419
-50.533
-50.5242
-50.5153
-50.5064
-50.4975
-50.4886
-50.4796
-50.4707
-50.4618
-50.4528
-50.4439
-50.4349
-50.426
-50.417
-50.408
-50.399
-50.39
-50.381
-50.372
-50.3629
-50.3539
-50.3448
-50.3358
-50.3267
-50.3176
-50.3085
-50.2994
-50.2903
-50.2812
-50.2721
-50.2629
-50.2538
-50.2446
-50.2354
-50.2262
-50.217
-50.2078
-50.1985
-50.1893
-50.18
-50.1708
-50.1615
-50.1522
-50.1429
-50.1336
-50.1242
-50.1149
-50.1055
-50.0961
-50.0867
-50.0773
-50.0679
-50.0584
-50.049
-50.0395
-50.03
-50.0205
-50.011
-50.0014
-49.9918
-49.9823
-49.9727
-49.9631
-49.9534
-49.9438
-49.9341
-49.9244
-49.9147
-49.905
-49.8952
-49.8855
-49.8757
-49.8659
-49.856
-49.8462
-49.8363
-49.8264
-49.8165
-49.8066
-49.7966
-49.7866
-49.7766
-49.7666
-49.7565
-49.7465
-49.7364
-49.7262
-49.7161
-49.7059
-49.6957
-49.6855
-49.6752
-49.6649
-49.6546
-49.6443
-49.6339
-49.6235
-49.6131
-49.6026
-49.5922
-49.5816
-49.5711
-49.5605
-49.5499
-49.5393
-49.5286
-49.5179
-49.5072
-49.4964
-49.4856
-49.4748
-49.4639
-49.453
-49.4421
-49.4311
-49.4201
-49.4091
-49.398
-49.3869
-49.3757
-49.3645
-49.3533
-49.342
-49.3307
-49.3193
-49.3079
-49.2965
-49.285
-49.2735
-49.2619
-49.2503
-49.2386
-49.2269
-49.2152
-49.2034
-49.1915
-49.1796
-49.1677
-49.1557
-49.1436
-49.1315
-49.1194
-49.1072
-49.0949
-49.0826
-49.0703
-49.0578
-49.0454
-49.0328
-49.0202
-49.0076
-48.9949
-48.9821
-48.9693
-48.9564
-48.9434
-48.9304
-48.9173
-48.9042
-48.891
-48.8777
-48.8644
-48.8509
-48.8374
-48.8239
-48.8102
-48.7965
-48.7827
-48.7689
-48.7549
-48.7409
-48.7268
-48.7126
-48.6984
-48.684
-48.6696
-48.6551
-48.6405
-48.6258
-48.611
-48.5961
-48.5812
-48.5661
-48.551
-48.5357
-48.5204
-48.5049
-48.4893
-48.4737
-48.4579
-48.442
-48.4261
-48.41
-48.3938
-48.3774
-48.361
-48.3444
-48.3278
-48.311
-48.294
-48.277
-48.2598
-48.2425
-48.225
-48.2074
-48.1897
-48.1718
-48.1538
-48.1357
-48.1174
-48.0989
-48.0803
-48.0615
-48.0426
-48.0235
-48.0043
-47.9848
-47.9652
-47.9455
-47.9255
-47.9054
-47.8851
-47.8646
-47.8438
-47.8229
-47.8018
-47.7805
-47.759
-47.7373
-47.7153
-47.6932
-47.6708
-47.6481
-47.6253
-47.6022
-47.5788
-47.5552
-47.5313
-47.5072
-47.4828
-47.4581
-47.4332
-47.4079
-47.3824
-47.3566
-47.3304
-47.304
-47.2772
-47.2501
-47.2226
-47.1948
-47.1667
-47.1382
-47.1093
-47.0801
-47.0504
-47.0204
-46.9899
-46.959
-46.9277
-46.896
-46.8638
-46.8311
-46.7979
-46.7643
-46.7302
-46.6955
-46.6603
-46.6245
-46.5882
-46.5513
-46.5139
-46.4757
-46.437
-46.3976
-46.3575
-46.3168
-46.2753
-46.2331
-46.1901
-46.1464
-46.1018
-46.0564
-46.0101
-45.9629
-45.9148
-45.8657
-45.8157
-45.7646
-45.7124
-45.6591
-45.6047
-45.5491
-45.4922
-45.4341
-45.3746
-45.3137
-45.2514
-45.1876
-45.1221
-45.0551
-44.9863
-44.9157
-44.8433
-44.7689
-44.6924
-44.6138
-44.5329
-44.4497
-44.3639
-44.2755
-44.1844
-44.0903
-43.9931
-43.8927
-43.7888
-43.6812
-43.5697
-43.454
-43.3339
-43.209
-43.079
-42.9435
-42.8022
-42.6545
-42.4998
-42.3377
-42.1674
-41.9881
-41.799
-41.599
-41.3869
-41.1613
-40.9204
-40.662
-40.3836
-40.0819
-39.7524
-39.3897
-38.9858
-38.5303
-38.0077
-37.396
-36.6638
-35.7713
-34.6835
-33.3888
-31.8995
-30.2292
-28.3692
-26.2748
-23.8541
-20.9505
-17.3102
-12.5312
-6.01223
2.96216
14.5578
27.2834
38.558
46.6894
51.6797
54.409
55.7812
56.417
56.6715
56.7285
56.6789
56.5662
56.4111
56.2233
56.0072
55.7645
55.4957
55.2006
54.8787
54.5294
54.1519
53.7454
53.3091
52.8418
52.3423
51.8094
51.2418
50.6385
49.9987
49.3214
48.6061
47.8523
47.0596
46.2278
45.3569
44.4469
43.4981
42.511
41.4861
40.4242
39.3261
38.1929
37.0259
35.8262
34.5954
33.3351
32.047
30.7328
29.3945
28.0341
26.6536
25.2552
23.8412
22.4138
20.9754
19.5285
18.0756
16.6195
15.1628
13.7085
12.2595
10.8189
9.39001
7.97587
6.57968
5.20446
3.85304
2.52797
1.23148
-0.0345738
-1.26872
-2.46985
-3.63722
-4.77043
-5.86936
-6.93415
-7.96517
-8.96298
-9.92831
-10.862
-11.7651
-12.6386
-13.4836
-14.3014
-15.0932
-15.8602
-16.6037
-17.3251
-18.0255
-18.7063
-19.3688
-20.0144
-20.6443
-21.2598
-21.8623
-22.453
-23.0333
-23.6044
-24.1677
-24.7242
-25.2753
-25.822
-26.3654
-26.9064
-27.4459
-27.9847
-28.5232
-29.0621
-29.6016
-30.1418
-30.6827
-31.2241
-31.7656
-32.3068
-32.8471
-33.3857
-33.922
-34.4551
-34.9842
-35.5087
-36.0276
-36.5405
-37.0468
-37.5459
-38.0374
-38.5212
-38.9969
-39.4644
-39.9236
-40.3745
-40.8171
-41.2514
-41.6777
-42.0959
-42.5062
-42.9089
-43.3041
-43.692
-44.0727
-44.4466
-44.8136
-45.174
-45.528
-45.8756
-46.2171
-46.5525
-46.882
-47.2058
-47.5239
-47.8366
-48.1438
-48.4458
-48.7426
-49.0344
-49.3212
-49.6031
-49.8803
-50.1528
-50.4207
-50.6841
-50.943
-51.1976
-51.4479
-51.6939
-51.9357
-52.1735
-52.4071
-52.6367
-52.8623
-53.0839
-53.3017
-53.5155
-53.7256
-53.9318
-54.1343
-54.333
-54.528
-54.7194
-54.9071
-55.0911
-55.2716
-55.4484
-55.6217
-55.7915
-55.9578
-56.1206
-56.28
-56.4359
-56.5885
-56.7377
-56.8836
-57.0261
-57.1654
-57.3014
-57.4343
-57.5639
-57.6905
-57.8139
-57.9343
-58.0516
-58.166
-58.2774
-58.3859
-58.4916
-58.5944
-58.6945
-58.7918
-58.8864
-58.9784
-59.0678
-59.1547
-59.2391
-59.321
-59.4005
-59.4776
-59.5524
-59.625
-59.6953
-59.7635
-59.8295
-59.8935
-59.9554
-60.0154
-60.0734
-60.1296
-60.1838
-60.2363
-60.2871
-60.3361
-60.3835
-60.4292
-60.4733
-60.5159
-60.5571
-60.5967
-60.6349
-60.6718
-60.7073
-60.7415
-60.7744
-60.8061
-60.8366
-60.866
-60.8942
-60.9213
-60.9473
-60.9723
-60.9963
-61.0194
-61.0414
-61.0626
-61.0829
-61.1023
-61.1209
-61.1386
-61.1556
-61.1718
-61.1873
-61.202
-61.2161
-61.2294
-61.2422
-61.2542
-61.2657
-61.2766
-61.2869
-61.2966
-61.3058
-61.3144
-61.3226
-61.3302
-61.3374
-61.3441
-61.3504
-61.3562
-61.3615
-61.3665
-61.3711
-61.3752
-61.379
-61.3825
-61.3856
-61.3883
-61.3907
-61.3928
-61.3945
-61.396
-61.3971
-61.398
-61.3986
-61.3989
-61.3989
-61.3987
-61.3982
-61.3975
-61.3966
-61.3954
-61.394
-61.3924
-61.3906
-61.3885
-61.3863
-61.3839
-61.3812
-61.3784
-61.3754
-61.3723
-61.369
-61.3655
-61.3618
-61.358
-61.354
-61.3499
-61.3456
-61.3412
-61.3367
-61.332
-61.3272
-61.3222
-61.3171
-61.3119
-61.3066
-61.3012
-61.2957
-61.29
-61.2842
-61.2784
-61.2724
-61.2663
-61.2601
-61.2539
-61.2475
-61.241
-61.2345
-61.2278
-61.2211
-61.2143
-61.2074
-61.2004
-61.1934
-61.1862
-61.179
-61.1717
-61.1644
-61.157
-61.1495
-61.1419
-61.1343
-61.1266
-61.1188
-61.111
-61.1031
-61.0952
-61.0872
-61.0791
-61.071
-61.0628
-61.0546
-61.0463
-61.038
-61.0296
-61.0211
-61.0127
-61.0041
-60.9956
-60.9869
-60.9783
-60.9695
-60.9608
-60.952
-60.9431
-60.9343
-60.9253
-60.9164
-60.9074
-60.8983
-60.8893
-60.8801
-60.871
-60.8618
-60.8526
-60.8433
-60.834
-60.8247
-60.8154
-60.806
-60.7966
-60.7871
-60.7777
-60.7682
-60.7586
-60.7491
-60.7395
-60.7299
-60.7202
-60.7106
-60.7009
-60.6912
-60.6814
-60.6717
-60.6619
-60.6521
-60.6423
-60.6324
-60.6225
-60.6126
-60.6027
-60.5928
-60.5828
-60.5729
-60.5629
-60.5529
-60.5428
-60.5328
-60.5227
-60.5126
-60.5025
-60.4924
-60.4823
-60.4721
-60.462
-60.4518
-60.4416
-60.4314
-60.4212
-60.4109
-60.4007
-60.3904
-60.3801
-60.3698
-60.3595
-60.3492
-60.3389
-60.3286
-60.3182
-60.3079
-60.2975
-60.2871
-60.2767
-60.2663
-60.2559
-60.2455
-60.2351
-60.2246
-60.2142
-60.2037
-60.1933
-60.1828
-60.1723
-60.1618
-60.1513
-60.1408
-60.1303
-60.1198
-60.1093
-60.0988
-60.0882
-60.0777
-60.0672
-60.0566
-60.0461
-60.0355
-60.0249
-60.0144
-60.0038
-59.9932
-59.9826
-59.972
-59.9614
-59.9508
-59.9402
-59.9296
-59.919
-59.9084
-59.8978
-59.8872
-59.8766
-59.866
-59.8553
-59.8447
-59.8341
-59.8235
-59.8128
-59.8022
-59.7916
-59.7809
-59.7703
-59.7596
-59.749
-59.7384
-59.7277
-59.7171
-59.7064
-59.6958
-59.6852
-59.6745
-59.6639
-59.6532
-59.6426
-59.6319
-59.6213
-59.6107
-59.6
-59.5894
-59.5787
-59.5681
-59.5575
-59.5468
-59.5362
-59.5256
-59.5149
-59.5043
-59.4937
-59.483
-59.4724
-59.4618
-59.4512
-59.4405
-59.4299
-59.4193
-59.4087
-59.3981
-59.3875
-59.3769
-59.3663
-59.3557
-59.3451
-59.3345
-59.3239
-59.3133
-59.3027
-59.2921
-59.2815
-59.2709
-59.2604
-59.2498
-59.2392
-59.2287
-59.2181
-59.2075
-59.197
-59.1864
-59.1759
-59.1654
-59.1548
-59.1443
-59.1337
-59.1232
-59.1127
-59.1022
-59.0917
-59.0812
-59.0707
-59.0602
-59.0497
-59.0392
-59.0287
-59.0182
-59.0077
-58.9973
-58.9868
-58.9763
-58.9659
-58.9554
-58.945
-58.9345
-58.9241
-58.9136
-58.9032
-58.8928
-58.8824
-58.872
-58.8616
-58.8512
-58.8408
-58.8304
-58.82
-58.8096
-58.7992
-58.7889
-58.7785
-58.7681
-58.7578
-58.7474
-58.7371
-58.7268
-58.7164
-58.7061
-58.6958
-58.6855
-58.6752
-58.6649
-58.6546
-58.6443
-58.634
-58.6238
-58.6135
-58.6032
-58.593
-58.5827
-58.5725
-58.5622
-58.552
-58.5418
-58.5316
-58.5214
-58.5111
-58.5009
-58.4908
-58.4806
-58.4704
-58.4602
-58.45
-58.4399
-58.4297
-58.4196
-58.4094
-58.3993
-58.3892
-58.3791
-58.3689
-58.3588
-58.3487
-58.3386
-58.3286
-58.3185
-58.3084
-58.2983
-58.2883
-58.2782
-58.2682
-58.2581
-58.2481
-58.2381
-58.2281
-58.2181
-58.208
-58.198
-58.1881
-58.1781
-58.1681
-58.1581
-58.1482
-58.1382
-58.1283
-58.1183
-58.1084
-58.0985
-58.0885
-58.0786
-58.0687
-58.0588
-58.0489
-58.039
-58.0292
-58.0193
-58.0094
-57.9996
-57.9897
-57.9799
-57.9701
-57.9602
-57.9504
-57.9406
-57.9308
-57.921
-57.9112
-57.9014
-57.8917
-57.8819
-57.8721
-57.8624
-57.8526
-57.8429
-57.8332
-57.8234
-57.8137
-57.804
-57.7943
-57.7846
-57.7749
-57.7653
-57.7556
-57.7459
-57.7363
-57.7266
-57.717
-57.7073
-57.6977
-57.6881
-57.6785
-57.6689
-57.6593
-57.6497
-57.6401
-57.6305
-57.621
-57.6114
-57.6019
-57.5923
-57.5828
-57.5733
-57.5637
-57.5542
-57.5447
-57.5352
-57.5257
-57.5163
-57.5068
-57.4973
-57.4878
-57.4784
-57.4689
-57.4595
-57.4501
-57.4407
-57.4312
-57.4218
-57.4124
-57.403
-57.3937
-57.3843
-57.3749
-57.3656
-57.3562
-57.3469
-57.3375
-57.3282
-57.3189
-57.3095
-57.3002
-57.2909
-57.2816
-57.2724
-57.2631
-57.2538
-57.2446
-57.2353
-57.226
-57.2168
-57.2076
-57.1984
-57.1891
-57.1799
-57.1707
-57.1615
-57.1523
-57.1432
-57.134
-57.1248
-57.1157
-57.1065
-57.0974
-57.0883
-57.0791
-57.07
-57.0609
-57.0518
-57.0427
-57.0336
-57.0246
-57.0155
-57.0064
-56.9974
-56.9883
-56.9793
-56.9702
-56.9612
-56.9522
-56.9432
-56.9342
-56.9252
-56.9162
-56.9072
-56.8983
-56.8893
-56.8803
-56.8714
-56.8624
-56.8535
-56.8446
-56.8357
-56.8268
-56.8179
-56.809
-56.8001
-56.7912
-56.7823
-56.7735
-56.7646
-56.7557
-56.7469
-56.7381
-56.7292
-56.7204
-56.7116
-56.7028
-56.694
-56.6852
-56.6764
-56.6677
-56.6589
-56.6502
-56.6414
-56.6327
-56.6239
-56.6152
-56.6065
-56.5978
-56.5891
-56.5804
-56.5717
-56.563
-56.5543
-56.5456
-56.537
-56.5283
-56.5197
-56.5111
-56.5024
-56.4938
-56.4852
-56.4766
-56.468
-56.4594
-56.4508
-56.4422
-56.4337
-56.4251
-56.4165
-56.408
-56.3995
-56.3909
-56.3824
-56.3739
-56.3654
-56.3569
-56.3484
-56.3399
-56.3314
-56.323
-56.3145
-56.306
-56.2976
-56.2891
-56.2807
-56.2723
-56.2639
-56.2555
-56.247
-56.2387
-56.2303
-56.2219
-56.2135
-56.2051
-56.1968
-56.1884
-56.1801
-56.1717
-56.1634
-56.1551
-56.1468
-56.1385
-56.1302
-56.1219
-56.1136
-56.1053
-56.0971
-56.0888
-56.0805
-56.0723
-56.064
-56.0558
-56.0476
-56.0394
-56.0312
-56.023
-56.0148
-56.0066
-55.9984
-55.9902
-55.982
-55.9739
-55.9657
-55.9576
-55.9495
-55.9413
-55.9332
-55.9251
-55.917
-55.9089
-55.9008
-55.8927
-55.8846
-55.8765
-55.8685
-55.8604
-55.8524
-55.8443
-55.8363
-55.8283
-55.8202
-55.8122
-55.8042
-55.7962
-55.7882
-55.7803
-55.7723
-55.7643
-55.7563
-55.7484
-55.7404
-55.7325
-55.7246
-55.7166
-55.7087
-55.7008
-55.6929
-55.685
-55.6771
-55.6692
-55.6614
-55.6535
-55.6456
-55.6378
-55.6299
-55.6221
-55.6142
-55.6064
-55.5986
-55.5908
-55.583
-55.5752
-55.5674
-55.5596
-55.5518
-55.5441
-55.5363
-55.5285
-55.5208
-55.5131
-55.5053
-55.4976
-55.4899
-55.4822
-55.4745
-55.4668
-55.4591
-55.4514
-55.4437
-55.436
-55.4284
-55.4207
-55.4131
-55.4054
-55.3978
-55.3902
-55.3825
-55.3749
-55.3673
-55.3597
-55.3521
-55.3445
-55.337
-55.3294
-55.3218
-55.3143
-55.3067
-55.2992
-55.2916
-55.2841
-55.2766
-55.2691
-55.2615
-55.254
-55.2465
-55.2391
-55.2316
-55.2241
-55.2166
-55.2092
-55.2017
-55.1943
-55.1868
-55.1794
-55.172
-55.1645
-55.1571
-55.1497
-55.1423
-55.1349
-55.1275
-55.1202
-55.1128
-55.1054
-55.0981
-55.0907
-55.0834
-55.076
-55.0687
-55.0614
-55.054
-55.0467
-55.0394
-55.0321
-55.0248
-55.0175
-55.0103
-55.003
-54.9957
-54.9885
-54.9812
-54.974
-54.9667
-54.9595
-54.9523
-54.945
-54.9378
-54.9306
-54.9234
-54.9162
-54.9091
-54.9019
-54.8947
-54.8875
-54.8804
-54.8732
-54.8661
-54.8589
-54.8518
-54.8447
-54.8376
-54.8304
-54.8233
-54.8162
-54.8091
-54.8021
-54.795
-54.7879
-54.7808
-54.7738
-54.7667
-54.7597
-54.7526
-54.7456
-54.7386
-54.7315
-54.7245
-54.7175
-54.7105
-54.7035
-54.6965
-54.6895
-54.6826
-54.6756
-54.6686
-54.6617
-54.6547
-54.6478
-54.6408
-54.6339
-54.627
-54.6201
-54.6131
-54.6062
-54.5993
-54.5924
-54.5855
-54.5787
-54.5718
-54.5649
-54.5581
-54.5512
-54.5444
-54.5375
-54.5307
-54.5238
-54.517
-54.5102
-54.5034
-54.4966
-54.4898
-54.483
-54.4762
-54.4694
-54.4626
-54.4559
-54.4491
-54.4423
-54.4356
-54.4288
-54.4221
-54.4154
-54.4086
-54.4019
-54.3952
-54.3885
-54.3818
-54.3751
-54.3684
-54.3617
-54.3551
-54.3484
-54.3417
-54.3351
-54.3284
-54.3218
-54.3151
-54.3085
-54.3018
-54.2952
-54.2886
-54.282
-54.2754
-54.2688
-54.2622
-54.2556
-54.249
-54.2425
-54.2359
-54.2293
-54.2228
-54.2162
-54.2097
-54.2031
-54.1966
-54.1901
-54.1835
-54.177
-54.1705
-54.164
-54.1575
-54.151
-54.1445
-54.138
-54.1316
-54.1251
-54.1186
-54.1122
-54.1057
-54.0993
-54.0928
-54.0864
-54.08
-54.0735
-54.0671
-54.0607
-54.0543
-54.0479
-54.0415
-54.0351
-54.0287
-54.0224
-54.016
-54.0096
-54.0033
-53.9969
-53.9906
-53.9842
-53.9779
-53.9715
-53.9652
-53.9589
-53.9526
-53.9463
-53.94
-53.9337
-53.9274
-53.9211
-53.9148
-53.9085
-53.9023
-53.896
-53.8897
-53.8835
-53.8772
-53.871
-53.8647
-53.8585
-53.8523
-53.8461
-53.8398
-53.8336
-53.8274
-53.8212
-53.815
-53.8088
-53.8027
-53.7965
-53.7903
-53.7841
-53.778
-53.7718
-53.7657
-53.7595
-53.7534
-53.7472
-53.7411
-53.735
-53.7289
-53.7228
-53.7167
-53.7105
-53.7044
-53.6984
-53.6923
-53.6862
-53.6801
-53.674
-53.668
-53.6619
-53.6558
-53.6498
-53.6438
-53.6377
-53.6317
-53.6256
-53.6196
-53.6136
-53.6076
-53.6016
-53.5956
-53.5896
-53.5836
-53.5776
-53.5716
-53.5656
-53.5596
-53.5537
-53.5477
-53.5417
-53.5358
-53.5298
-53.5239
-53.518
-53.512
-53.5061
-53.5002
-53.4943
-53.4883
-53.4824
-53.4765
-53.4706
-53.4647
-53.4588
-53.453
-53.4471
-53.4412
-53.4353
-53.4295
-53.4236
-53.4177
-53.4119
-53.4061
-53.4002
-53.3944
-53.3885
-53.3827
-53.3769
-53.3711
-53.3653
-53.3595
-53.3537
-53.3479
-53.3421
-53.3363
-53.3305
-53.3247
-53.3189
-53.3132
-53.3074
-53.3016
-53.2959
-53.2901
-53.2844
-53.2786
-53.2729
-53.2672
-53.2614
-53.2557
-53.25
-53.2443
-53.2386
-53.2329
-53.2272
-53.2215
-53.2158
-53.2101
-53.2044
-53.1987
-53.1931
-53.1874
-53.1817
-53.1761
-53.1704
-53.1648
-53.1591
-53.1535
-53.1478
-53.1422
-53.1366
-53.131
-53.1253
-53.1197
-53.1141
-53.1085
-53.1029
-53.0973
-53.0917
-53.0861
-53.0805
-53.0749
-53.0694
-53.0638
-53.0582
-53.0527
-53.0471
-53.0415
-53.036
-53.0304
-53.0249
-53.0194
-53.0138
-53.0083
-53.0028
-52.9973
-52.9917
-52.9862
-52.9807
-52.9752
-52.9697
-52.9642
-52.9587
-52.9532
-52.9477
-52.9423
-52.9368
-52.9313
-52.9258
-52.9204
-52.9149
-52.9095
-52.904
-52.8986
-52.8931
-52.8877
-52.8822
-52.8768
-52.8714
-52.8659
-52.8605
-52.8551
-52.8497
-52.8443
-52.8389
-52.8335
-52.8281
-52.8227
-52.8173
-52.8119
-52.8065
-52.8011
-52.7958
-52.7904
-52.785
-52.7797
-52.7743
-52.7689
-52.7636
-52.7582
-52.7529
-52.7476
-52.7422
-52.7369
-52.7316
-52.7262
-52.7209
-52.7156
-52.7103
-52.705
-52.6997
-52.6943
-52.689
-52.6837
-52.6785
-52.6732
-52.6679
-52.6626
-52.6573
-52.652
-52.6468
-52.6415
-52.6362
-52.631
-52.6257
-52.6204
-52.6152
-52.6099
-52.6047
-52.5995
-52.5942
-52.589
-52.5838
-52.5785
-52.5733
-52.5681
-52.5629
-52.5576
-52.5524
-52.5472
-52.542
-52.5368
-52.5316
-52.5264
-52.5212
-52.516
-52.5109
-52.5057
-52.5005
-52.4953
-52.4901
-52.485
-52.4798
-52.4746
-52.4695
-52.4643
-52.4592
-52.454
-52.4489
-52.4437
-52.4386
-52.4334
-52.4283
-52.4232
-52.418
-52.4129
-52.4078
-52.4027
-52.3976
-52.3924
-52.3873
-52.3822
-52.3771
-52.372
-52.3669
-52.3618
-52.3567
-52.3516
-52.3465
-52.3415
-52.3364
-52.3313
-52.3262
-52.3211
-52.3161
-52.311
-52.3059
-52.3009
-52.2958
-52.2908
-52.2857
-52.2806
-52.2756
-52.2705
-52.2655
-52.2605
-52.2554
-52.2504
-52.2454
-52.2403
-52.2353
-52.2303
-52.2252
-52.2202
-52.2152
-52.2102
-52.2052
-52.2002
-52.1952
-52.1901
-52.1851
-52.1801
-52.1751
-52.1701
-52.1652
-52.1602
-52.1552
-52.1502
-52.1452
-52.1402
-52.1352
-52.1303
-52.1253
-52.1203
-52.1154
-52.1104
-52.1054
-52.1005
-52.0955
-52.0905
-52.0856
-52.0806
-52.0757
-52.0707
-52.0658
-52.0608
-52.0559
-52.051
-52.046
-52.0411
-52.0361
-52.0312
-52.0263
-52.0214
-52.0164
-52.0115
-52.0066
-52.0017
-51.9967
-51.9918
-51.9869
-51.982
-51.9771
-51.9722
-51.9673
-51.9624
-51.9575
-51.9526
-51.9477
-51.9428
-51.9379
-51.933
-51.9281
-51.9232
-51.9183
-51.9134
-51.9085
-51.9037
-51.8988
-51.8939
-51.889
-51.8841
-51.8793
-51.8744
-51.8695
-51.8647
-51.8598
-51.8549
-51.8501
-51.8452
-51.8403
-51.8355
-51.8306
-51.8258
-51.8209
-51.8161
-51.8112
-51.8064
-51.8015
-51.7967
-51.7918
-51.787
-51.7821
-51.7773
-51.7724
-51.7676
-51.7628
-51.7579
-51.7531
-51.7483
-51.7434
-51.7386
-51.7338
-51.7289
-51.7241
-51.7193
-51.7145
-51.7096
-51.7048
-51.7
-51.6952
-51.6903
-51.6855
-51.6807
-51.6759
-51.6711
-51.6663
-51.6614
-51.6566
-51.6518
-51.647
-51.6422
-51.6374
-51.6326
-51.6278
-51.623
-51.6182
-51.6134
-51.6086
-51.6038
-51.599
-51.5942
-51.5894
-51.5846
-51.5798
-51.575
-51.5702
-51.5654
-51.5606
-51.5558
-51.551
-51.5462
-51.5414
-51.5366
-51.5318
-51.527
-51.5222
-51.5174
-51.5126
-51.5078
-51.5031
-51.4983
-51.4935
-51.4887
-51.4839
-51.4791
-51.4743
-51.4695
-51.4648
-51.46
-51.4552
-51.4504
-51.4456
-51.4408
-51.436
-51.4313
-51.4265
-51.4217
-51.4169
-51.4121
-51.4073
-51.4026
-51.3978
-51.393
-51.3882
-51.3834
-51.3786
-51.3739
-51.3691
-51.3643
-51.3595
-51.3547
-51.3499
-51.3452
-51.3404
-51.3356
-51.3308
-51.326
-51.3212
-51.3164
-51.3117
-51.3069
-51.3021
-51.2973
-51.2925
-51.2877
-51.2829
-51.2782
-51.2734
-51.2686
-51.2638
-51.259
-51.2542
-51.2494
-51.2446
-51.2398
-51.235
-51.2302
-51.2254
-51.2206
-51.2159
-51.2111
-51.2063
-51.2015
-51.1967
-51.1919
-51.1871
-51.1823
-51.1775
-51.1727
-51.1678
-51.163
-51.1582
-51.1534
-51.1486
-51.1438
-51.139
-51.1342
-51.1294
-51.1246
-51.1197
-51.1149
-51.1101
-51.1053
-51.1005
-51.0957
-51.0908
-51.086
-51.0812
-51.0764
-51.0715
-51.0667
-51.0619
-51.057
-51.0522
-51.0474
-51.0425
-51.0377
-51.0328
-51.028
-51.0232
-51.0183
-51.0135
-51.0086
-51.0038
-50.9989
-50.9941
-50.9892
-50.9843
-50.9795
-50.9746
-50.9698
-50.9649
-50.96
-50.9552
-50.9503
-50.9454
-50.9405
-50.9357
-50.9308
-50.9259
-50.921
-50.9161
-50.9112
-50.9063
-50.9014
-50.8965
-50.8916
-50.8867
-50.8818
-50.8769
-50.872
-50.8671
-50.8622
-50.8573
-50.8523
-50.8474
-50.8425
-50.8376
-50.8326
-50.8277
-50.8228
-50.8178
-50.8129
-50.8079
-50.803
-50.798
-50.7931
-50.7881
-50.7831
-50.7782
-50.7732
-50.7682
-50.7633
-50.7583
-50.7533
-50.7483
-50.7433
-50.7383
-50.7333
-50.7283
-50.7233
-50.7183
-50.7133
-50.7083
-50.7033
-50.6983
-50.6932
-50.6882
-50.6832
-50.6781
-50.6731
-50.6681
-50.663
-50.6579
-50.6529
-50.6478
-50.6428
-50.6377
-50.6326
-50.6275
-50.6225
-50.6174
-50.6123
-50.6072
-50.6021
-50.597
-50.5919
-50.5867
-50.5816
-50.5765
-50.5714
-50.5662
-50.5611
-50.5559
-50.5508
-50.5456
-50.5405
-50.5353
-50.5301
-50.525
-50.5198
-50.5146
-50.5094
-50.5042
-50.499
-50.4938
-50.4886
-50.4834
-50.4781
-50.4729
-50.4677
-50.4624
-50.4572
-50.4519
-50.4466
-50.4414
-50.4361
-50.4308
-50.4255
-50.4202
-50.4149
-50.4096
-50.4043
-50.399
-50.3937
-50.3883
-50.383
-50.3777
-50.3723
-50.367
-50.3616
-50.3562
-50.3508
-50.3454
-50.3401
-50.3346
-50.3292
-50.3238
-50.3184
-50.313
-50.3075
-50.3021
-50.2966
-50.2912
-50.2857
-50.2802
-50.2747
-50.2692
-50.2637
-50.2582
-50.2527
-50.2472
-50.2416
-50.2361
-50.2305
-50.225
-50.2194
-50.2138
-50.2082
-50.2026
-50.197
-50.1914
-50.1858
-50.1802
-50.1745
-50.1689
-50.1632
-50.1575
-50.1519
-50.1462
-50.1405
-50.1348
-50.129
-50.1233
-50.1176
-50.1118
-50.1061
-50.1003
-50.0945
-50.0887
-50.0829
-50.0771
-50.0713
-50.0654
-50.0596
-50.0537
-50.0479
-50.042
-50.0361
-50.0302
-50.0243
-50.0183
-50.0124
-50.0064
-50.0005
-49.9945
-49.9885
-49.9825
-49.9765
-49.9705
-49.9644
-49.9584
-49.9523
-49.9463
-49.9402
-49.9341
-49.9279
-49.9218
-49.9157
-49.9095
-49.9033
-49.8972
-49.891
-49.8848
-49.8785
-49.8723
-49.866
-49.8598
-49.8535
-49.8472
-49.8409
-49.8345
-49.8282
-49.8218
-49.8154
-49.809
-49.8026
-49.7962
-49.7898
-49.7833
-49.7768
-49.7703
-49.7638
-49.7573
-49.7508
-49.7442
-49.7376
-49.731
-49.7244
-49.7178
-49.7111
-49.7045
-49.6978
-49.6911
-49.6844
-49.6776
-49.6709
-49.6641
-49.6573
-49.6505
-49.6436
-49.6368
-49.6299
-49.623
-49.6161
-49.6092
-49.6022
-49.5952
-49.5882
-49.5812
-49.5741
-49.5671
-49.56
-49.5529
-49.5457
-49.5386
-49.5314
-49.5242
-49.517
-49.5097
-49.5025
-49.4952
-49.4878

