-55
-55
-55
-55
-55
-55
-55
-55
-55
-55
-55
-55
-55
-55
-55
-55
-55
-55
-55
-55
-55
-55
-55
-55
-55
-55
-55
-55
-55
-55
-55
-55
-55
-55
-55
-55
-55
-55
-55
-55
-55
-55
-55
-55
-55
-55
-55
-55
-55
-55
-55
-55
-55
-55
-55
-55
-55
-55
-55
-55
-55
-55
-55
-55
-55
-55
-55
-55
-55
-55
-55
-55
-55
-55
-55
-55
-55
-55
-55
-55
-55
-55
-55
-55
-55
-55
-55
-55
-55
-55
-55
-55
-55
-55
-55
-55
-55
-55
-55
-55
-55
-55
-55
-55
-55
-55
-55
-55
-55
-55
-55
-55
-55
-55
-55
-55
-55
-55
-55
-55
-55
-55
-55
-55
-55
-55
-55
-55
-55
-55
-55
-55
-55
-55
-55
-55
-55
-55
-55
-55
-55
-55
-55
-55
-55
-55
-55
-55
-55
-55
-55
-55
-55
-55
-55
-55
-55
-55
-55
-55
-55
-55
-55
-55
-55
-55
-55
-55
-55
-55
-55
-55
-55
-55
-55
-55
-55
-55
-55
-55
-55
-55
-55
-55
-55
-55
-55
-55
-55
-55
-55
-55
-55
-55
-55
-55
-55
-55
-55
-55
-55
-55
-55
-55
-55
-55
-55
-55
-55
-55
-55
-55
-55
-55
-55
-55
-55
-55
-55
-55
-55
-55
-55
-55
-55
-55
-55
-55
-55
-55
-55
-55
-55
-55
-55
-55
-55
-55
-55
-55
-55
-55
-55
-55
-55
-55
-55
-55
-55
-55
-55
-55
-55
-55
-55
-55
-55
-55
-55
-55
-55
-55
-55
-55
-55
-55
-55
-55
-55
-55
-55
-55
-55
-55
-55
-55
-55
-55
-55
-55
-55
-55
-55
-55
-55
-55
-55
-55
-55
-55
-55
-55
-55
-55
-55
-55
-55
-55
-55
-55
-55
-55
-55
-55
-55
-55
-55
-55
-55
-55
-55
-55
-55
-55
-55
-55
-55
-55
-55
-55
-55
-55
-55
-55
-55
-55
-55
-55
-55
-55
-55
-55
-55
-55
-55
-55
-55
-55
-55
-55
-55
-55
-55
-55
-55
-55
-55
-55
-55
-55
-55
-55
-55
-55
-55
-55
-55
-55
-55
-55
-55
-55
-55
-55
-55
-55
-55
-55
-55
-55
-55
-55
-55
-55
-55
-55
-55
-55
-55
-55
-55
-55
-55
-55
-55
-55
-55
-55
-55
-55
-55
-55
-55
-55
-55
-55
-55
-55
-55
-55
-55
-55
-55
-55
-55
-55
-55
-55
-55
-55
-55
-55
-55
-55
-55
-55
-55
-55
-55
-55
-55
-55
-55
-55
-55
-55
-55
-55
-55
-55
-55
-55
-55
-55
-55
-55
-55
-55
-55
-55
-55
-55
-55
-55
-55
-55
-55
-55
-55
-55
-55
-55
-55
-55
-55
-55
-55
-55
-55
-55
-55
-55
-55
-55
-55
-55
-55
-55
-55
-55
-55
-55
-55
-55
-55
-55
-55
-55
-55
-55
-55
-55
-55
-55
-55
-55
-55
-55
-55
-55
-55
-55
-55
-55
-55
-55
-55
-55
-55
-55
-55
-55
-55
-55
-55
-55
-55
-55
-55
-55
-55
-55
-55
-55
-55
-55
-55
-55
-55
-55
-55
-55
-55
-55
-55
-55
-55
-55
-55
-55
-55
-55
-55
-55
-55
-55
-55
-55
-55
-55
-55
-55
-55
-55
-55
-55
-55
-55
-55
-55
-55
-55
-55
-55
-55
-55
-55
-55
-55
-55
-55
-55
-55
-55
-55
-55
-55
-55
-55
-55
-55
-55
-55
-55
-55
-55
-55
-55
-55
-55
-55
-55
-55
-55
-55
-55
-55
-55
-55
-55
-55
-55
-55
-55
-55
-55
-55
-55
-55
-55
-55
-55
-55
-55
-55
-55
-55
-55
-55
-55
-55
-55
-55
-55
-55
-55
-55
-55
-55
-55
-55
-55
-55
-55
-55
-55
-55
-55
-55
-55
-55
-55
-55
-55
-55
-55
-55
-55
-55
-55
-55
-55
-55
-55
-55
-55
-55
-55
-55
-55
-55
-55
-55
-55
-55
-55
-55
-55
-55
-55
-55
-55
-55
-55
-55
-55
-55
-55
-55
-55
-55
-55
-55
-55
-55
-55
-55
-55
-55
-55
-55
-55
-55
-55
-55
-55
-55
-55
-55
-55
-55
-55
-55
-55
-55
-55
-55
-55
-55
-55
-55
-55
-55
-55
-55
-55
-55
-55
-55
-55
-55
-55
-55
-55
-55
-55
-55
-55
-55
-55
-55
-55
-55
-55
-55
-55
-55
-55
-55
-55
-55
-55
-55
-55
-55
-55
-55
-55
-55
-55
-55
-55
-55
-55
-55
-55
-55
-55
-55
-55
-55
-55
-55
-55
-55
-55
-55
-55
-55
-55
-55
-55
-55
-55
-55
-55
-55
-55
-55
-55
-55
-55
-55
-55
-55
-55
-55
-55
-55
-55
-55
-55
-55
-55
-55
-55
-55
-55
-55
-55
-55
-55
-55
-55
-55
-55
-55
-55
-55
-55
-55
-55
-54.5832
-54.1733
-53.7718
-53.3779
-52.9905
-52.6083
-52.2291
-51.8499
-51.4665
-51.0734
-50.6642
-50.2323
-49.7724
-49.2815
-48.7596
-48.2097
-47.6361
-47.0438
-46.4373
-45.8205
-45.1957
-44.5644
-43.9268
-43.2823
-42.6292
-41.9651
-41.2867
-40.5896
-39.8686
-39.1171
-38.3267
-37.4874
-36.5859
-35.6058
-34.5251
-33.3147
-31.9345
-30.3282
-28.413
-26.0638
-23.0827
-19.1456
-13.7063
-5.87248
5.48733
20.3065
35.4023
47.0183
54.0531
57.6104
59.1863
59.7995
59.977
59.9558
59.8354
59.6563
59.435
59.1782
58.8885
58.5664
58.2118
57.8241
57.4024
56.9458
56.4532
55.9235
55.3559
54.7493
54.103
53.4166
52.6897
51.9224
51.1157
50.2711
49.3922
48.4848
47.5591
46.6297
45.7066
44.7796
43.8235
42.8151
41.7431
40.6058
39.4066
38.1507
36.8431
35.4887
34.0918
32.6562
31.1857
29.6835
28.153
26.5974
25.02
23.424
21.8126
20.1892
18.5572
16.9204
15.2824
13.6473
12.0194
10.403
8.8028
7.22343
5.66943
4.14506
2.65417
1.20005
-0.214614
-1.58787
-2.91862
-4.20661
-5.45234
-6.65687
-7.8217
-8.94863
-10.0397
-11.0972
-12.1234
-13.1208
-14.0919
-15.0393
-15.9653
-16.8726
-17.7635
-18.6404
-19.5058
-20.3617
-21.2104
-22.0541
-22.8947
-23.7344
-24.5751
-25.4186
-26.2667
-27.1211
-27.9831
-28.8541
-29.7349
-30.6259
-31.5268
-32.4369
-33.3546
-34.2774
-35.2025
-36.1262
-37.0447
-37.9543
-38.8513
-39.7324
-40.595
-41.4369
-42.2566
-43.0529
-43.8255
-44.5746
-45.3005
-46.0032
-46.6832
-47.341
-47.9768
-48.5912
-49.1846
-49.7577
-50.311
-50.8451
-51.3607
-51.8583
-52.3388
-52.8027
-53.2508
-53.6837
-54.1021
-54.5068
-54.8983
-55.2772
-55.6441
-55.9996
-56.3441
-56.678
-57.0017
-57.3156
-57.62
-57.9151
-58.2013
-58.4788
-58.7478
-59.0084
-59.261
-59.5057
-59.7427
-59.9722
-60.1943
-60.4093
-60.6173
-60.8184
-61.013
-61.201
-61.3827
-61.5583
-61.7278
-61.8915
-62.0495
-62.202
-62.3491
-62.4909
-62.6277
-62.7596
-62.8867
-63.0092
-63.1272
-63.2409
-63.3503
-63.4558
-63.5572
-63.6549
-63.749
-63.8394
-63.9265
-64.0102
-64.0907
-64.1682
-64.2426
-64.3142
-64.3829
-64.449
-64.5125
-64.5735
-64.632
-64.6882
-64.7421
-64.7938
-64.8435
-64.891
-64.9366
-64.9804
-65.0222
-65.0623
-65.1007
-65.1374
-65.1725
-65.206
-65.2381
-65.2687
-65.298
-65.3258
-65.3524
-65.3777
-65.4018
-65.4248
-65.4466
-65.4673
-65.4869
-65.5056
-65.5232
-65.5399
-65.5557
-65.5706
-65.5846
-65.5978
-65.6102
-65.6218
-65.6327
-65.6428
-65.6522
-65.661
-65.6691
-65.6766
-65.6835
-65.6898
-65.6955
-65.7006
-65.7053
-65.7094
-65.713
-65.7161
-65.7187
-65.721
-65.7227
-65.7241
-65.725
-65.7255
-65.7257
-65.7254
-65.7248
-65.7239
-65.7226
-65.721
-65.7191
-65.7169
-65.7143
-65.7115
-65.7084
-65.7051
-65.7014
-65.6976
-65.6934
-65.689
-65.6844
-65.6796
-65.6746
-65.6693
-65.6638
-65.6582
-65.6523
-65.6463
-65.64
-65.6336
-65.6271
-65.6203
-65.6134
-65.6064
-65.5992
-65.5918
-65.5843
-65.5767
-65.5689
-65.561
-65.553
-65.5448
-65.5365
-65.5281
-65.5196
-65.511
-65.5023
-65.4935
-65.4846
-65.4755
-65.4664
-65.4572
-65.4479
-65.4385
-65.4291
-65.4195
-65.4099
-65.4002
-65.3904
-65.3806
-65.3706
-65.3606
-65.3506
-65.3405
-65.3303
-65.32
-65.3097
-65.2994
-65.2889
-65.2785
-65.2679
-65.2574
-65.2467
-65.2361
-65.2254
-65.2146
-65.2038
-65.1929
-65.182
-65.1711
-65.1601
-65.1491
-65.1381
-65.127
-65.1159
-65.1048
-65.0936
-65.0824
-65.0711
-65.0599
-65.0486
-65.0373
-65.0259
-65.0145
-65.0031
-64.9917
-64.9803
-64.9688
-64.9573
-64.9458
-64.9343
-64.9227
-64.9112
-64.8996
-64.888
-64.8763
-64.8647
-64.8531
-64.8414
-64.8297
-64.818
-64.8063
-64.7946
-64.7829
-64.7711
-64.7594
-64.7476
-64.7358
-64.724
-64.7122
-64.7004
-64.6886
-64.6768
-64.665
-64.6532
-64.6413
-64.6295
-64.6176
-64.6058
-64.5939
-64.582
-64.5702
-64.5583
-64.5464
-64.5345
-64.5226
-64.5107
-64.4988
-64.4869
-64.475
-64.4631
-64.4512
-64.4393
-64.4274
-64.4155
-64.4036
-64.3917
-64.3798
-64.3679
-64.356
-64.3441
-64.3322
-64.3203
-64.3083
-64.2964
-64.2845
-64.2726
-64.2607
-64.2488
-64.2369
-64.225
-64.2131
-64.2013
-64.1894
-64.1775
-64.1656
-64.1537
-64.1418
-64.1299
-64.1181
-64.1062
-64.0943
-64.0825
-64.0706
-64.0588
-64.0469
-64.0351
-64.0232
-64.0114
-63.9995
-63.9877
-63.9759
-63.964
-63.9522
-63.9404
-63.9286
-63.9168
-63.905
-63.8932
-63.8814
-63.8696
-63.8578
-63.846
-63.8343
-63.8225
-63.8107
-63.799
-63.7872
-63.7755
-63.7637
-63.752
-63.7402
-63.7285
-63.7168
-63.7051
-63.6933
-63.6816
-63.6699
-63.6582
-63.6465
-63.6348
-63.6232
-63.6115
-63.5998
-63.5881
-63.5765
-63.5648
-63.5532
-63.5415
-63.5299
-63.5182
-63.5066
-63.495
-63.4834
-63.4717
-63.4601
-63.4485
-63.4369
-63.4253
-63.4137
-63.4021
-63.3906
-63.379
-63.3674
-63.3558
-63.3443
-63.3327
-63.3212
-63.3096
-63.2981
-63.2865
-63.275
-63.2635
-63.2519
-63.2404
-63.2289
-63.2174
-63.2059
-63.1944
-63.1829
-63.1714
-63.1599
-63.1484
-63.1369
-63.1254
-63.114
-63.1025
-63.091
-63.0796
-63.0681
-63.0567
-63.0452
-63.0338
-63.0223
-63.0109
-62.9994
-62.988
-62.9766
-62.9651
-62.9537
-62.9423
-62.9309
-62.9194
-62.908
-62.8966
-62.8852
-62.8738
-62.8624
-62.851
-62.8396
-62.8282
-62.8168
-62.8054
-62.794
-62.7827
-62.7713
-62.7599
-62.7485
-62.7371
-62.7258
-62.7144
-62.703
-62.6916
-62.6803
-62.6689
-62.6575
-62.6461
-62.6348
-62.6234
-62.612
-62.6007
-62.5893
-62.578
-62.5666
-62.5552
-62.5439
-62.5325
-62.5211
-62.5098
-62.4984
-62.487
-62.4757
-62.4643
-62.453
-62.4416
-62.4302
-62.4189
-62.4075
-62.3961
-62.3848
-62.3734
-62.362
-62.3506
-62.3393
-62.3279
-62.3165
-62.3051
-62.2937
-62.2824
-62.271
-62.2596
-62.2482
-62.2368
-62.2254
-62.214
-62.2026
-62.1912
-62.1798
-62.1684
-62.157
-62.1455
-62.1341
-62.1227
-62.1113
-62.0998
-62.0884
-62.077
-62.0655
-62.0541
-62.0426
-62.0312
-62.0197
-62.0082
-61.9968
-61.9853
-61.9738
-61.9623
-61.9508
-61.9393
-61.9278
-61.9163
-61.9048
-61.8933
-61.8818
-61.8702
-61.8587
-61.8471
-61.8356
-61.824
-61.8125
-61.8009
-61.7893
-61.7777
-61.7661
-61.7545
-61.7429
-61.7313
-61.7197
-61.708
-61.6964
-61.6847
-61.6731
-61.6614
-61.6497
-61.6381
-61.6264
-61.6147
-61.603
-61.5912
-61.5795
-61.5678
-61.556
-61.5443
-61.5325
-61.5207
-61.5089
-61.4971
-61.4853
-61.4735
-61.4617
-61.4498
-61.438
-61.4261
-61.4143
-61.4024
-61.3905
-61.3786
-61.3667
-61.3547
-61.3428
-61.3308
-61.3189
-61.3069
-61.2949
-61.2829
-61.2709
-61.2588
-61.2468
-61.2348
-61.2227
-61.2106
-61.1985
-61.1864
-61.1743
-61.1621
-61.15
-61.1378
-61.1256
-61.1135
-61.1012
-61.089
-61.0768
-61.0645
-61.0523
-61.04
-61.0277
-61.0154
-61.0031
-60.9907
-60.9784
-60.966
-60.9536
-60.9412
-60.9288
-60.9163
-60.9039
-60.8914
-60.8789
-60.8664
-60.8539
-60.8413
-60.8288
-60.8162
-60.8036
-60.791
-60.7784
-60.7657
-60.7531
-60.7404
-60.7277
-60.715
-60.7022
-60.6895
-60.6767
-60.6639
-60.6511
-60.6383
-60.6254
-60.6126
-60.5997
-60.5868
-60.5739
-60.5609
-60.548
-60.535
-60.522
-60.5089
-60.4959
-60.4828
-60.4697
-60.4566
-60.4435
-60.4304
-60.4172
-60.404
-60.3908
-60.3776
-60.3643
-60.351
-60.3378
-60.3244
-60.3111
-60.2977
-60.2844
-60.271
-60.2575
-60.2441
-60.2306
-60.2171
-60.2036
-60.1901
-60.1765
-60.1629
-60.1493
-60.1357
-60.122
-60.1084
-60.0947
-60.081
-60.0672
-60.0534
-60.0397
-60.0258
-60.012
-59.9981
-59.9843
-59.9704
-59.9564
-59.9425
-59.9285
-59.9145
-59.9005
-59.8864
-59.8723
-59.8582
-59.8441
-59.8299
-59.8158
-59.8016
-59.7873
-59.7731
-59.7588
-59.7445
-59.7302
-59.7158
-59.7015
-59.687
-59.6726
-59.6582
-59.6437
-59.6292
-59.6147
-59.6001
-59.5855
-59.5709
-59.5563
-59.5416
-59.5269
-59.5122
-59.4975
-59.4827
-59.4679
-59.4531
-59.4383
-59.4234
-59.4085
-59.3936
-59.3786
-59.3637
-59.3487
-59.3336
-59.3186
-59.3035
-59.2884
-59.2733
-59.2581
-59.2429
-59.2277
-59.2124
-59.1972
-59.1819
-59.1666
-59.1512
-59.1358
-59.1204
-59.105
-59.0895
-59.074
-59.0585
-59.043
-59.0274
-59.0118
-58.9962
-58.9805
-58.9649
-58.9492
-58.9334
-58.9177
-58.9019
-58.8861
-58.8702
-58.8544
-58.8385
-58.8225
-58.8066
-58.7906
-58.7746
-58.7585
-58.7425
-58.7264
-58.7103
-58.6941
-58.678
-58.6618
-58.6455
-58.6293
-58.613
-58.5967
-58.5803
-58.564
-58.5476
-58.5311
-58.5147
-58.4982
-58.4817
-58.4652
-58.4486
-58.432
-58.4154
-58.3988
-58.3821
-58.3654
-58.3487
-58.3319
-58.3151
-58.2983
-58.2815
-58.2646
-58.2477
-58.2308
-58.2139
-58.1969
-58.1799
-58.1629
-58.1458
-58.1287
-58.1116
-58.0945
-58.0773
-58.0601
-58.0429
-58.0257
-58.0084
-57.9911
-57.9738
-57.9564
-57.9391
-57.9217
-57.9042
-57.8868
-57.8693
-57.8518
-57.8342
-57.8167
-57.7991
-57.7814
-57.7638
-57.7461
-57.7284
-57.7107
-57.6929
-57.6752
-57.6574
-57.6395
-57.6217
-57.6038
-57.5859
-57.5679
-57.55
-57.532
-57.514
-57.4959
-57.4779
-57.4598
-57.4417
-57.4235
-57.4054
-57.3872
-57.369
-57.3507
-57.3324
-57.3142
-57.2958
-57.2775
-57.2591
-57.2407
-57.2223
-57.2039
-57.1854
-57.1669
-57.1484
-57.1298
-57.1113
-57.0927
-57.0741
-57.0554
-57.0368
-57.0181
-56.9994
-56.9806
-56.9619
-56.9431
-56.9243
-56.9054
-56.8866
-56.8677
-56.8488
-56.8299
-56.8109
-56.792
-56.773
-56.7539
-56.7349
-56.7158
-56.6967
-56.6776
-56.6585
-56.6393
-56.6202
-56.6009
-56.5817
-56.5625
-56.5432
-56.5239
-56.5046
-56.4853
-56.4659
-56.4465
-56.4271
-56.4077
-56.3882
-56.3688
-56.3493
-56.3298
-56.3102
-56.2907
-56.2711
-56.2515
-56.2319
-56.2123
-56.1926
-56.1729
-56.1532
-56.1335
-56.1137
-56.094
-56.0742
-56.0544
-56.0346
-56.0147
-55.9949
-55.975
-55.9551
-55.9351
-55.9152
-55.8952
-55.8752
-55.8552
-55.8352
-55.8152
-55.7951
-55.775
-55.7549
-55.7348
-55.7147
-55.6945
-55.6743
-55.6541
-55.6339
-55.6137
-55.5934
-55.5732
-55.5529
-55.5326
-55.5123
-55.4919
-55.4716
-55.4512
-55.4308
-55.4104
-55.3899
-55.3695
-55.349
-55.3285
-55.308
-55.2875
-55.267
-55.2464
-55.2259
-55.2053
-55.1847
-55.164
-55.1434
-55.1228
-55.1021
-55.0814
-55.0607
-55.04
-55.0192
-54.9985
-54.9777
-54.9569
-54.9361
-54.9153
-54.8945
-54.8736
-54.8528
-54.8319
-54.811
-54.7901
-54.7692
-54.7482
-54.7273
-54.7063
-54.6853
-54.6643
-54.6433
-54.6222
-54.6012
-54.5801
-54.5591
-54.538
-54.5169
-54.4957
-54.4746
-54.4534
-54.4323
-54.4111
-54.3899
-54.3687
-54.3475
-54.3262
-54.305
-54.2837
-54.2625
-54.2412
-54.2199
-54.1985
-54.1772
-54.1559
-54.1345
-54.1131
-54.0917
-54.0703
-54.0489
-54.0275
-54.006
-53.9846
-53.9631
-53.9416
-53.9201
-53.8986
-53.8771
-53.8556
-53.834
-53.8125
-53.7909
-53.7693
-53.7477
-53.7261
-53.7045
-53.6828
-53.6612
-53.6395
-53.6178
-53.5962
-53.5745
-53.5527
-53.531
-53.5093
-53.4875
-53.4658
-53.444
-53.4222
-53.4004
-53.3786
-53.3567
-53.3349
-53.313
-53.2912
-53.2693
-53.2474
-53.2255
-53.2036
-53.1817
-53.1597
-53.1378
-53.1158
-53.0938
-53.0718
-53.0498
-53.0278
-53.0058
-52.9837
-52.9617
-52.9396
-52.9175
-52.8954
-52.8733
-52.8512
-52.8291
-52.8069
-52.7848
-52.7626
-52.7404
-52.7182
-52.696
-52.6738
-52.6516
-52.6293
-52.6071
-52.5848
-52.5625
-52.5402
-52.5179
-52.4956
-52.4732
-52.4509
-52.4285
-52.4061
-52.3838
-52.3613
-52.3389
-52.3165
-52.294
-52.2716
-52.2491
-52.2266
-52.2041
-52.1816
-52.1591
-52.1365
-52.114
-52.0914
-52.0688
-52.0462
-52.0236
-52.0009
-51.9783
-51.9556
-51.9329
-51.9102
-51.8875
-51.8648
-51.8421
-51.8193
-51.7965
-51.7737
-51.7509
-51.7281
-51.7053
-51.6824
-51.6595
-51.6366
-51.6137
-51.5908
-51.5679
-51.5449
-51.5219
-51.4989
-51.4759
-51.4529
-51.4299
-51.4068
-51.3837
-51.3606
-51.3375
-51.3143
-51.2912
-51.268
-51.2448
-51.2216
-51.1983
-51.1751
-51.1518
-51.1285
-51.1051
-51.0818
-51.0584
-51.035
-51.0116
-50.9882
-50.9647
-50.9413
-50.9178
-50.8942
-50.8707
-50.8471
-50.8235
-50.7999
-50.7762
-50.7526
-50.7289
-50.7052
-50.6814
-50.6576
-50.6338
-50.61
-50.5862
-50.5623
-50.5384
-50.5144
-50.4905
-50.4665
-50.4424
-50.4184
-50.3943
-50.3702
-50.3461
-50.3219
-50.2977
-50.2734
-50.2492
-50.2249
-50.2005
-50.1762
-50.1518
-50.1273
-50.1028
-50.0783
-50.0538
-50.0292
-50.0046
-49.9799
-49.9553
-49.9305
-49.9058
-49.8809
-49.8561
-49.8312
-49.8063
-49.7813
-49.7563
-49.7312
-49.7061
-49.681
-49.6558
-49.6306
-49.6053
-49.58
-49.5546
-49.5292
-49.5037
-49.4782
-49.4527
-49.427
-49.4014
-49.3757
-49.3499
-49.3241
-49.2982
-49.2722
-49.2463
-49.2202
-49.1941
-49.1679
-49.1417
-49.1154
-49.0891
-49.0627
-49.0362
-49.0097
-48.9831
-48.9565
-48.9297
-48.9029
-48.8761
-48.8491
-48.8221
-48.7951
-48.7679
-48.7407
-48.7134
-48.686
-48.6586
-48.631
-48.6034
-48.5757
-48.548
-48.5201
-48.4922
-48.4641
-48.436
-48.4078
-48.3795
-48.3511
-48.3226
-48.2941
-48.2654
-48.2366
-48.2077
-48.1788
-48.1497
-48.1205
-48.0912
-48.0618
-48.0323
-48.0027
-47.9729
-47.9431
-47.9131
-47.883
-47.8528
-47.8224
-47.792
-47.7614
-47.7306
-47.6998
-47.6688
-47.6376
-47.6064
-47.5749
-47.5434
-47.5116
-47.4798
-47.4477
-47.4156
-47.3832
-47.3507
-47.318
-47.2852
-47.2522
-47.219
-47.1856
-47.152
-47.1183
-47.0844
-47.0502
-47.0159
-46.9814
-46.9467
-46.9117
-46.8766
-46.8412
-46.8056
-46.7698
-46.7337
-46.6974
-46.6609
-46.6241
-46.587
-46.5497
-46.5122
-46.4743
-46.4362
-46.3979
-46.3592
-46.3202
-46.2809
-46.2414
-46.2015
-46.1612
-46.1207
-46.0798
-46.0386
-45.997
-45.9551
-45.9127
-45.8701
-45.827
-45.7835
-45.7396
-45.6953
-45.6506
-45.6054
-45.5597
-45.5136
-45.4671
-45.42
-45.3725
-45.3244
-45.2758
-45.2266
-45.1769
-45.1266
-45.0757
-45.0243
-44.9722
-44.9194
-44.866
-44.8119
-44.7571
-44.7015
-44.6453
-44.5882
-44.5304
-44.4717
-44.4122
-44.3518
-44.2905
-44.2283
-44.1651
-44.1009
-44.0356
-43.9693
-43.9019
-43.8333
-43.7635
-43.6925
-43.6202
-43.5466
-43.4716
-43.3951
-43.3172
-43.2377
-43.1565
-43.0737
-42.9891
-42.9026
-42.8142
-42.7238
-42.6313
-42.5366
-42.4395
-42.3401
-42.2381
-42.1334
-42.0259
-41.9155
-41.802
-41.6853
-41.5651
-41.4413
-41.3136
-41.1819
-41.0459
-40.9053
-40.7599
-40.6093
-40.4531
-40.2911
-40.1227
-39.9475
-39.7651
-39.5747
-39.3758
-39.1677
-38.9495
-38.7204
-38.4794
-38.2252
-37.9565
-37.6719
-37.3695
-37.0473
-36.7028
-36.3333
-35.9352
-35.5046
-35.0364
-34.5247
-33.9617
-33.338
-32.6414
-31.8561
-30.9609
-29.9277
-28.717
-27.2734
-25.5159
-23.3239
-20.5121
-16.792
-11.715
-4.63013
5.15397
17.4839
30.3985
41.2562
48.7536
53.2235
55.6293
56.8271
57.3717
57.5724
57.5893
57.5029
57.3546
57.1672
56.9561
56.7335
56.5058
56.2686
56.0083
55.7121
55.3732
54.9902
54.5646
54.0986
53.5942
53.0528
52.4755
51.8631
51.2161
50.5351
49.821
49.0752
48.2994
47.4966
46.6715
45.8314
44.9875
44.1556
43.3486
42.564
41.7826
40.9817
40.1447
39.2636
38.3366
37.365
36.3519
35.3006
34.2146
33.0972
31.9515
30.7805
29.5868
28.373
27.1417
25.8952
24.6357
23.3655
22.0867
20.8013
19.5114
18.219
16.926
15.6345
14.3464
13.0637
11.7882
10.5221
9.26711
8.02525
6.7983
5.58801
4.396
3.22376
2.07264
0.943836
-0.161581
-1.24262
-2.29838
-3.32809
-4.33127
-5.30772
-6.25752
-7.18094
-8.07836
-8.95025
-9.79713
-10.6195
-11.4181
-12.1933
-12.946
-13.6767
-14.3861
-15.075
-15.7441
-16.394
-17.0256
-17.6396
-18.2368
-18.818
-19.3841
-19.9359
-20.4743
-21.0003
-21.5147
-22.0186
-22.5128
-22.9986
-23.4767
-23.9483
-24.4142
-24.8756
-25.3333
-25.7883
-26.2413
-26.6931
-27.1446
-27.5961
-28.0485
-28.5019
-28.9568
-29.4135
-29.8719
-30.3321
-30.794
-31.2574
-31.7219
-32.1873
-32.6529
-33.1184
-33.5832
-34.0467
-34.5083
-34.9675
-35.4237
-35.8766
-36.3256
-36.7704
-37.2106
-37.6459
-38.0762
-38.5013
-38.921
-39.3352
-39.7439
-40.1471
-40.5447
-40.9367
-41.3232
-41.7042
-42.0798
-42.45
-42.8149
-43.1745
-43.529
-43.8784
-44.2226
-44.5619
-44.8961
-45.2254
-45.5498
-45.8694
-46.1842
-46.4942
-46.7996
-47.1003
-47.3964
-47.688
-47.975
-48.2577
-48.536
-48.8099
-49.0796
-49.345
-49.6063
-49.8634
-50.1164
-50.3654
-50.6103
-50.8513
-51.0884
-51.3216
-51.5509
-51.7764
-51.9981
-52.216
-52.4302
-52.6406
-52.8474
-53.0505
-53.2499
-53.4457
-53.6379
-53.8265
-54.0115
-54.1929
-54.3708
-54.5452
-54.716
-54.8834
-55.0473
-55.2077
-55.3647
-55.5183
-55.6685
-55.8153
-55.9587
-56.0989
-56.2358
-56.3694
-56.4997
-56.6269
-56.7509
-56.8718
-56.9895
-57.1042
-57.2159
-57.3246
-57.4304
-57.5332
-57.6332
-57.7304
-57.8248
-57.9165
-58.0055
-58.0919
-58.1757
-58.257
-58.3357
-58.4121
-58.486
-58.5576
-58.6269
-58.6939
-58.7587
-58.8214
-58.882
-58.9405
-58.997
-59.0516
-59.1042
-59.155
-59.2039
-59.2511
-59.2965
-59.3402
-59.3823
-59.4228
-59.4617
-59.4991
-59.535
-59.5694
-59.6024
-59.6341
-59.6645
-59.6935
-59.7213
-59.7478
-59.7732
-59.7974
-59.8204
-59.8424
-59.8633
-59.8832
-59.902
-59.9199
-59.9368
-59.9528
-59.9679
-59.9821
-59.9955
-60.0081
-60.0198
-60.0308
-60.041
-60.0504
-60.0592
-60.0672
-60.0746
-60.0813
-60.0874
-60.0928
-60.0977
-60.1019
-60.1056
-60.1087
-60.1113
-60.1134
-60.1149
-60.1159
-60.1165
-60.1166
-60.1162
-60.1154
-60.1142
-60.1125
-60.1104
-60.1079
-60.105
-60.1018
-60.0981
-60.0942
-60.0898
-60.0851
-60.0801
-60.0748
-60.0691
-60.0631
-60.0569
-60.0503
-60.0435
-60.0363
-60.0289
-60.0213
-60.0133
-60.0051
-59.9967
-59.9881
-59.9792
-59.97
-59.9607
-59.9511
-59.9413
-59.9313
-59.9211
-59.9107
-59.9001
-59.8894
-59.8784
-59.8672
-59.8559
-59.8444
-59.8328
-59.8209
-59.8089
-59.7968
-59.7845
-59.7721
-59.7595
-59.7467
-59.7338
-59.7208
-59.7077
-59.6944
-59.681
-59.6674
-59.6538
-59.64
-59.6261
-59.6121
-59.5979
-59.5837
-59.5694
-59.5549
-59.5403
-59.5257
-59.5109
-59.4961
-59.4811
-59.4661
-59.451
-59.4358
-59.4205
-59.4051
-59.3896
-59.3741
-59.3584
-59.3427
-59.3269
-59.3111
-59.2952
-59.2792
-59.2631
-59.247
-59.2308
-59.2145
-59.1982
-59.1818
-59.1653
-59.1488
-59.1322
-59.1156
-59.0989
-59.0822
-59.0654
-59.0485
-59.0316
-59.0147
-58.9977
-58.9807
-58.9636
-58.9465
-58.9293
-58.9121
-58.8948
-58.8775
-58.8602
-58.8428
-58.8254
-58.8079
-58.7904
-58.7729
-58.7554
-58.7378
-58.7202
-58.7025
-58.6848
-58.6671
-58.6494
-58.6316
-58.6138
-58.596
-58.5781
-58.5602
-58.5423
-58.5244
-58.5064
-58.4885
-58.4705
-58.4525
-58.4344
-58.4164
-58.3983
-58.3802
-58.3621
-58.344
-58.3258
-58.3076
-58.2895
-58.2713
-58.2531
-58.2348
-58.2166
-58.1984
-58.1801
-58.1618
-58.1436
-58.1253
-58.107
-58.0886
-58.0703
-58.052
-58.0337
-58.0153
-57.997
-57.9786
-57.9602
-57.9419
-57.9235
-57.9051
-57.8867
-57.8683
-57.8499
-57.8315
-57.8131
-57.7947
-57.7763
-57.7579
-57.7395
-57.7211
-57.7026
-57.6842
-57.6658
-57.6474
-57.629
-57.6106
-57.5922
-57.5738
-57.5554
-57.5369
-57.5185
-57.5001
-57.4817
-57.4634
-57.445
-57.4266
-57.4082
-57.3898
-57.3714
-57.3531
-57.3347
-57.3164
-57.298
-57.2797
-57.2613
-57.243
-57.2247
-57.2064
-57.188
-57.1697
-57.1515
-57.1332
-57.1149
-57.0966
-57.0784
-57.0601
-57.0419
-57.0236
-57.0054
-56.9872
-56.969
-56.9508
-56.9326
-56.9145
-56.8963
-56.8782
-56.86
-56.8419
-56.8238
-56.8057
-56.7876
-56.7695
-56.7514
-56.7334
-56.7153
-56.6973
-56.6793
-56.6613
-56.6433
-56.6253
-56.6074
-56.5894
-56.5715
-56.5536
-56.5357
-56.5178
-56.4999
-56.482
-56.4642
-56.4464
-56.4286
-56.4108
-56.393
-56.3752
-56.3574
-56.3397
-56.322
-56.3043
-56.2866
-56.2689
-56.2512
-56.2336
-56.216
-56.1984
-56.1808
-56.1632
-56.1456
-56.1281
-56.1106
-56.0931
-56.0756
-56.0581
-56.0406
-56.0232
-56.0058
-55.9884
-55.971
-55.9536
-55.9363
-55.9189
-55.9016
-55.8843
-55.867
-55.8498
-55.8325
-55.8153
-55.7981
-55.7809
-55.7638
-55.7466
-55.7295
-55.7124
-55.6953
-55.6782
-55.6612
-55.6441
-55.6271
-55.6101
-55.5932
-55.5762
-55.5593
-55.5424
-55.5255
-55.5086
-55.4917
-55.4749
-55.4581
-55.4413
-55.4245
-55.4078
-55.391
-55.3743
-55.3576
-55.3409
-55.3243
-55.3076
-55.291
-55.2744
-55.2579
-55.2413
-55.2248
-55.2083
-55.1918
-55.1753
-55.1588
-55.1424
-55.126
-55.1096
-55.0932
-55.0769
-55.0606
-55.0443
-55.028
-55.0117
-54.9955
-54.9793
-54.9631
-54.9469
-54.9307
-54.9146
-54.8985
-54.8824
-54.8663
-54.8502
-54.8342
-54.8182
-54.8022
-54.7863
-54.7703
-54.7544
-54.7385
-54.7226
-54.7067
-54.6909
-54.6751
-54.6593
-54.6435
-54.6278
-54.612
-54.5963
-54.5806
-54.565
-54.5493
-54.5337
-54.5181
-54.5025
-54.487
-54.4714
-54.4559
-54.4404
-54.4249
-54.4095
-54.3941
-54.3786
-54.3633
-54.3479
-54.3326
-54.3172
-54.3019
-54.2867
-54.2714
-54.2562
-54.2409
-54.2258
-54.2106
-54.1954
-54.1803
-54.1652
-54.1501
-54.1351
-54.12
-54.105
-54.09
-54.075
-54.0601
-54.0451
-54.0302
-54.0154
-54.0005
-53.9856
-53.9708
-53.956
-53.9412
-53.9265
-53.9117
-53.897
-53.8823
-53.8677
-53.853
-53.8384
-53.8238
-53.8092
-53.7946
-53.7801
-53.7656
-53.7511
-53.7366
-53.7221
-53.7077
-53.6933
-53.6789
-53.6645
-53.6502
-53.6358
-53.6215
-53.6072
-53.593
-53.5787
-53.5645
-53.5503
-53.5361
-53.522
-53.5078
-53.4937
-53.4796
-53.4656
-53.4515
-53.4375
-53.4235
-53.4095
-53.3955
-53.3816
-53.3677
-53.3537
-53.3399
-53.326
-53.3122
-53.2983
-53.2846
-53.2708
-53.257
-53.2433
-53.2296
-53.2159
-53.2022
-53.1886
-53.1749
-53.1613
-53.1477
-53.1342
-53.1206
-53.1071
-53.0936
-53.0801
-53.0666
-53.0532
-53.0398
-53.0264
-53.013
-52.9996
-52.9863
-52.973
-52.9597
-52.9464
-52.9331
-52.9199
-52.9067
-52.8935
-52.8803
-52.8672
-52.854
-52.8409
-52.8278
-52.8147
-52.8017
-52.7887
-52.7756
-52.7626
-52.7497
-52.7367
-52.7238
-52.7109
-52.698
-52.6851
-52.6723
-52.6594
-52.6466
-52.6338
-52.621
-52.6083
-52.5956
-52.5828
-52.5701
-52.5575
-52.5448
-52.5322
-52.5196
-52.507
-52.4944
-52.4818
-52.4693
-52.4568
-52.4443
-52.4318
-52.4193
-52.4069
-52.3945
-52.3821
-52.3697
-52.3573
-52.345
-52.3327
-52.3204
-52.3081
-52.2958
-52.2836
-52.2713
-52.2591
-52.2469
-52.2348
-52.2226
-52.2105
-52.1984
-52.1863
-52.1742
-52.1621
-52.1501
-52.1381
-52.1261
-52.1141
-52.1021
-52.0902
-52.0782
-52.0663
-52.0544
-52.0426
-52.0307
-52.0189
-52.0071
-51.9953
-51.9835
-51.9717
-51.96
-51.9482
-51.9365
-51.9249
-51.9132
-51.9015
-51.8899
-51.8783
-51.8667
-51.8551
-51.8435
-51.832
-51.8205
-51.8089
-51.7974
-51.786
-51.7745
-51.7631
-51.7517
-51.7402
-51.7289
-51.7175
-51.7061
-51.6948
-51.6835
-51.6722
-51.6609
-51.6496
-51.6384
-51.6272
-51.616
-51.6048
-51.5936
-51.5824
-51.5713
-51.5601
-51.549
-51.5379
-51.5269
-51.5158
-51.5048
-51.4937
-51.4827
-51.4717
-51.4607
-51.4498
-51.4388
-51.4279
-51.417
-51.4061
-51.3952
-51.3844
-51.3735
-51.3627
-51.3519
-51.3411
-51.3303
-51.3196
-51.3088
-51.2981
-51.2874
-51.2767
-51.266
-51.2553
-51.2447
-51.234
-51.2234
-51.2128
-51.2022
-51.1917
-51.1811
-51.1706
-51.16
-51.1495
-51.139
-51.1286
-51.1181
-51.1077
-51.0972
-51.0868
-51.0764
-51.066
-51.0557
-51.0453
-51.035
-51.0246
-51.0143
-51.004
-50.9938
-50.9835
-50.9732
-50.963
-50.9528
-50.9426
-50.9324
-50.9222
-50.9121
-50.9019
-50.8918
-50.8817
-50.8716
-50.8615
-50.8514
-50.8414
-50.8313
-50.8213
-50.8113
-50.8013
-50.7913
-50.7813
-50.7714
-50.7614
-50.7515
-50.7416
-50.7317
-50.7218
-50.7119
-50.7021
-50.6922
-50.6824
-50.6726
-50.6628
-50.653
-50.6432
-50.6334
-50.6237
-50.614
-50.6042
-50.5945
-50.5848
-50.5751
-50.5655
-50.5558
-50.5462
-50.5366
-50.5269
-50.5173
-50.5078
-50.4982
-50.4886
-50.4791
-50.4695
-50.46
-50.4505
-50.441
-50.4315
-50.422
-50.4126
-50.4031
-50.3937
-50.3843
-50.3749
-50.3655
-50.3561
-50.3467
-50.3374
-50.328
-50.3187
-50.3093
-50.3
-50.2907
-50.2815
-50.2722
-50.2629
-50.2537
-50.2444
-50.2352
-50.226
-50.2168
-50.2076
-50.1984
-50.1892
-50.1801
-50.1709
-50.1618
-50.1527
-50.1436
-50.1345
-50.1254
-50.1163
-50.1073
-50.0982
-50.0892
-50.0801
-50.0711
-50.0621
-50.0531
-50.0441
-50.0352
-50.0262
-50.0172
-50.0083
-49.9994
-49.9904
-49.9815
-49.9726
-49.9637
-49.9549
-49.946
-49.9371
-49.9283
-49.9195
-49.9106
-49.9018
-49.893
-49.8842
-49.8754
-49.8667
-49.8579
-49.8491
-49.8404
-49.8317
-49.8229
-49.8142
-49.8055
-49.7968
-49.7881
-49.7795
-49.7708
-49.7621
-49.7535
-49.7449
-49.7362
-49.7276
-49.719
-49.7104
-49.7018
-49.6932
-49.6847
-49.6761
-49.6676
-49.659
-49.6505
-49.6419
-49.6334
-49.6249
-49.6164
-49.6079
-49.5994
-49.591
-49.5825
-49.5741
-49.5656
-49.5572
-49.5487
-49.5403
-49.5319
-49.5235
-49.5151
-49.5067
-49.4983
-49.49
-49.4816
-49.4732
-49.4649
-49.4565
-49.4482
-49.4399
-49.4316
-49.4233
-49.415
-49.4067
-49.3984
-49.3901
-49.3818
-49.3736
-49.3653
-49.357
-49.3488
-49.3406
-49.3323
-49.3241
-49.3159
-49.3077
-49.2995
-49.2913
-49.2831
-49.2749
-49.2668
-49.2586
-49.2504
-49.2423
-49.2341
-49.226
-49.2179
-49.2097
-49.2016
-49.1935
-49.1854
-49.1773
-49.1692
-49.1611
-49.153
-49.1449
-49.1369
-49.1288
-49.1207
-49.1127
-49.1046
-49.0966
-49.0886
-49.0805
-49.0725
-49.0645
-49.0565
-49.0485
-49.0404
-49.0324
-49.0245
-49.0165
-49.0085
-49.0005
-48.9925
-48.9845
-48.9766
-48.9686
-48.9607
-48.9527
-48.9448
-48.9368
-48.9289
-48.921
-48.913
-48.9051
-48.8972
-48.8893
-48.8813
-48.8734
-48.8655
-48.8576
-48.8497
-48.8418
-48.8339
-48.8261
-48.8182
-48.8103
-48.8024
-48.7945
-48.7867
-48.7788
-48.7709
-48.7631
-48.7552
-48.7474
-48.7395
-48.7317
-48.7238
-48.716
-48.7081
-48.7003
-48.6925
-48.6846
-48.6768
-48.669
-48.6611
-48.6533
-48.6455
-48.6377
-48.6299
-48.622
-48.6142
-48.6064
-48.5986
-48.5908
-48.583
-48.5752
-48.5674
-48.5596
-48.5518
-48.544
-48.5362
-48.5284
-48.5206
-48.5128
-48.505
-48.4972
-48.4894
-48.4816
-48.4738
-48.466
-48.4582
-48.4504
-48.4426
-48.4348
-48.427
-48.4192
-48.4114
-48.4036
-48.3958
-48.388
-48.3802
-48.3724
-48.3646
-48.3568
-48.349
-48.3412
-48.3334
-48.3256
-48.3178
-48.31
-48.3022
-48.2944
-48.2866
-48.2788
-48.271
-48.2631
-48.2553
-48.2475
-48.2397
-48.2319
-48.224
-48.2162
-48.2084
-48.2005
-48.1927
-48.1848
-48.177
-48.1692
-48.1613
-48.1534
-48.1456
-48.1377
-48.1299
-48.122
-48.1141
-48.1062
-48.0984
-48.0905
-48.0826
-48.0747
-48.0668
-48.0589
-48.051
-48.0431
-48.0352
-48.0272
-48.0193
-48.0114
-48.0034
-47.9955
-47.9875
-47.9796
-47.9716
-47.9636
-47.9557
-47.9477
-47.9397
-47.9317
-47.9237
-47.9157
-47.9077
-47.8997
-47.8916
-47.8836
-47.8756
-47.8675
-47.8594
-47.8514
-47.8433
-47.8352
-47.8271
-47.819
-47.8109
-47.8028
-47.7947
-47.7865
-47.7784
-47.7702
-47.7621
-47.7539
-47.7457
-47.7375
-47.7293
-47.7211
-47.7129
-47.7046
-47.6964
-47.6881
-47.6798
-47.6716
-47.6633
-47.655
-47.6466
-47.6383
-47.63
-47.6216
-47.6133
-47.6049
-47.5965
-47.5881
-47.5796
-47.5712
-47.5628
-47.5543
-47.5458
-47.5373
-47.5288
-47.5203
-47.5118
-47.5032
-47.4947
-47.4861
-47.4775
-47.4689
-47.4602
-47.4516
-47.4429
-47.4342
-47.4255
-47.4168
-47.4081
-47.3993
-47.3906
-47.3818
-47.373
-47.3641
-47.3553
-47.3464
-47.3375
-47.3286
-47.3197
-47.3108
-47.3018
-47.2928
-47.2838
-47.2748
-47.2657
-47.2566
-47.2475
-47.2384
-47.2293
-47.2201
-47.2109
-47.2017
-47.1924
-47.1832
-47.1739
-47.1646
-47.1552
-47.1459
-47.1365
-47.127
-47.1176
-47.1081
-47.0986
-47.0891
-47.0795
-47.0699
-47.0603
-47.0506
-47.041
-47.0313
-47.0215
-47.0117
-47.0019
-46.9921
-46.9822
-46.9723
-46.9624
-46.9524
-46.9424
-46.9324
-46.9223
-46.9122
-46.902
-46.8919
-46.8816
-46.8714
-46.8611
-46.8507
-46.8404
-46.8299
-46.8195
-46.809
-46.7985
-46.7879
-46.7773
-46.7666
-46.7559
-46.7451
-46.7343
-46.7235
-46.7126
-46.7017
-46.6907
-46.6797
-46.6686
-46.6575
-46.6463
-46.635
-46.6238
-46.6124
-46.6011
-46.5896
-46.5781
-46.5666
-46.555
-46.5433
-46.5316
-46.5198
-46.508
-46.4961
-46.4842
-46.4721
-46.4601
-46.4479
-46.4357
-46.4235
-46.4111
-46.3987
-46.3862
-46.3737
-46.3611
-46.3484
-46.3357
-46.3229
-46.31
-46.297
-46.2839
-46.2708
-46.2576
-46.2443
-46.231
-46.2175
-46.204
-46.1904
-46.1767
-46.1629
-46.149
-46.1351
-46.121
-46.1069
-46.0926
-46.0783
-46.0639
-46.0493
-46.0347
-46.02
-46.0051
-45.9902
-45.9752
-45.96
-45.9447
-45.9294
-45.9139
-45.8983
-45.8825
-45.8667
-45.8507
-45.8347
-45.8184
-45.8021
-45.7856
-45.769
-45.7523
-45.7354
-45.7184
-45.7013
-45.684
-45.6665
-45.6489
-45.6312
-45.6133
-45.5952
-45.577
-45.5587
-45.5401
-45.5214
-45.5025
-45.4835
-45.4642
-45.4448
-45.4252
-45.4054
-45.3855
-45.3653
-45.3449
-45.3243
-45.3036
-45.2826
-45.2613
-45.2399
-45.2182
-45.1964
-45.1742
-45.1519
-45.1293
-45.1064
-45.0833
-45.06
-45.0363
-45.0124
-44.9883
-44.9638
-44.9391
-44.914
-44.8887
-44.8631
-44.8371
-44.8108
-44.7842
-44.7573
-44.73
-44.7023
-44.6743
-44.646
-44.6172
-44.5881
-44.5585
-44.5286
-44.4983
-44.4675
-44.4362
-44.4046
-44.3725
-44.3399
-44.3068
-44.2732
-44.2391
-44.2045
-44.1693
-44.1336
-44.0973
-44.0605
-44.023
-43.9849
-43.9462
-43.9068
-43.8668
-43.8261
-43.7846
-43.7424
-43.6995
-43.6557
-43.6112
-43.5658
-43.5196
-43.4725
-43.4244
-43.3755
-43.3255
-43.2745
-43.2225
-43.1694
-43.1151
-43.0597
-43.0031
-42.9453
-42.8861
-42.8256
-42.7637
-42.7003
-42.6354
-42.5689
-42.5008
-42.431
-42.3594
-42.2859
-42.2105
-42.1331
-42.0536
-41.9718
-41.8878
-41.8013
-41.7123
-41.6207
-41.5262
-41.4289
-41.3285
-41.2248
-41.1178
-41.0071
-40.8926
-40.7742
-40.6514
-40.5241
-40.392
-40.2549
-40.1122
-39.9637
-39.8091
-39.6477
-39.4792
-39.3029
-39.1184
-38.9248
-38.7215
-38.5076
-38.2821
-38.0439
-37.7919
-37.5245
-37.2402
-36.9371
-36.6129
-36.2652
-35.8907
-35.486
-35.0466
-34.5672
-34.0413
-33.4607
-32.8151
-32.0914
-31.2724
-30.3354
-29.2495
-27.9723
-26.4433
-24.575
-22.2371
-19.2321
-15.2573
-9.85867
-2.42547
7.54921
19.5659
31.6317
41.5066
48.2741
52.3439
54.5785
55.7228
56.263
56.4773
56.5154
56.457
56.3468
56.21
56.0556
55.8793
55.6713
55.4246
55.1374
54.8108
54.4474
54.0495
53.6188
53.1568
52.6643
52.1422
51.5915
51.0133
50.4095
49.7833
49.1393
48.4855
47.8332
47.1958
46.5786
45.9715
45.3536
44.7055
44.0154
43.2784
42.4943
41.6653
40.794
39.8835
38.9367
37.9563
36.9449
35.9048
34.8383
33.7473
32.6341
31.5004
30.3483
29.1795
27.9958
26.799
25.5909
24.3731
23.1474
21.9153
20.6786
19.4388
18.1975
16.9565
15.7172
14.4814
13.2508
12.027
10.8117
9.60678
8.41412
7.23554
6.07276
4.92722
3.80014
2.69251
1.60518
0.538849
-0.505895
-1.52857
-2.52879
-3.50627
-4.46081
-5.39229
-6.30069
-7.18602
-8.04837
-8.88791
-9.70483
-10.4994
-11.2719
-12.0226
-12.752
-13.4604
-14.1484
-14.8162
-15.4645
-16.0938
-16.7046
-17.2976
-17.8733
-18.4326
-18.976
-19.5043
-20.0184
-20.519
-21.0071
-21.4835
-21.9492
-22.405
-22.8519
-23.2908
-23.7228
-24.1486
-24.5692
-24.9854
-25.3981
-25.8081
-26.2161
-26.6228
-27.0287
-27.4345
-27.8406
-28.2474
-28.6553
-29.0644
-29.475
-29.8871
-30.3008
-30.7159
-31.1324
-31.5501
-31.9687
-32.3879
-32.8074
-33.2269
-33.646
-34.0643
-34.4814
-34.8969
-35.3106
-35.722
-36.1309
-36.5369
-36.9399
-37.3396
-37.7358
-38.1284
-38.5172
-38.902
-39.2829
-39.6597
-40.0323
-40.4008
-40.7651
-41.1252
-41.4811
-41.8329
-42.1805
-42.5241
-42.8637
-43.1993
-43.531
-43.8587
-44.1825
-44.5024
-44.8183
-45.1304
-45.4387
-45.7431
-46.0437
-46.3405
-46.6335
-46.9228
-47.2083
-47.4901
-47.7682
-48.0427
-48.3134
-48.5805
-48.844
-49.1039
-49.3601
-49.6127
-49.8618
-50.1072
-50.349
-50.5873
-50.822
-51.0531
-51.2807
-51.5046
-51.725
-51.9418
-52.155
-52.3646
-52.5707
-52.7731
-52.972
-53.1673
-53.359
-53.5471
-53.7316
-53.9126
-54.0899
-54.2637
-54.434
-54.6007
-54.7639
-54.9235
-55.0797
-55.2324
-55.3816
-55.5274
-55.6697
-55.8087
-55.9443
-56.0766
-56.2056
-56.3313
-56.4538
-56.5731
-56.6893
-56.8023
-56.9123
-57.0193
-57.1233
-57.2244
-57.3226
-57.418
-57.5106
-57.6005
-57.6877
-57.7723
-57.8544
-57.9339
-58.0109
-58.0856
-58.1578
-58.2278
-58.2956
-58.3611
-58.4245
-58.4858
-58.5451
-58.6023
-58.6577
-58.7112
-58.7628
-58.8126
-58.8607
-58.9072
-58.9519
-58.9951
-59.0367
-59.0769
-59.1155
-59.1528
-59.1886
-59.2232
-59.2564
-59.2884
-59.3191
-59.3487
-59.3771
-59.4044
-59.4307
-59.4559
-59.48
-59.5032
-59.5255
-59.5468
-59.5673
-59.5868
-59.6056
-59.6235
-59.6406
-59.657
-59.6727
-59.6876
-59.7018
-59.7154
-59.7283
-59.7406
-59.7523
-59.7634
-59.7739
-59.7839
-59.7933
-59.8023
-59.8107
-59.8186
-59.826
-59.833
-59.8396
-59.8457
-59.8514
-59.8567
-59.8616
-59.8661
-59.8703
-59.874
-59.8775
-59.8806
-59.8834
-59.8858
-59.888
-59.8898
-59.8913
-59.8926
-59.8936
-59.8943
-59.8948
-59.895
-59.8949
-59.8947
-59.8941
-59.8934
-59.8924
-59.8912
-59.8899
-59.8883
-59.8865
-59.8845
-59.8823
-59.8799
-59.8774
-59.8747
-59.8718
-59.8688
-59.8655
-59.8622
-59.8587
-59.855
-59.8512
-59.8472
-59.8431
-59.8389
-59.8345
-59.83
-59.8254
-59.8206
-59.8157
-59.8108
-59.8056
-59.8004
-59.7951
-59.7897
-59.7841
-59.7785
-59.7727
-59.7669
-59.7609
-59.7549
-59.7488
-59.7426
-59.7362
-59.7299
-59.7234
-59.7168
-59.7102
-59.7035
-59.6966
-59.6898
-59.6828
-59.6758
-59.6687
-59.6615
-59.6543
-59.647
-59.6396
-59.6322
-59.6247
-59.6171
-59.6095
-59.6018
-59.5941
-59.5863
-59.5785
-59.5706
-59.5626
-59.5546
-59.5465
-59.5384
-59.5302
-59.522
-59.5138
-59.5055
-59.4971
-59.4887
-59.4803
-59.4718
-59.4632
-59.4547
-59.4461
-59.4374
-59.4287
-59.42
-59.4112
-59.4024
-59.3936
-59.3847
-59.3758
-59.3668
-59.3578
-59.3488
-59.3398
-59.3307
-59.3216
-59.3124
-59.3033
-59.2941
-59.2848
-59.2756
-59.2663
-59.257
-59.2476
-59.2383
-59.2289
-59.2195
-59.21
-59.2006
-59.1911
-59.1816
-59.172
-59.1625
-59.1529
-59.1433
-59.1337
-59.124
-59.1144
-59.1047
-59.095
-59.0853
-59.0756
-59.0658
-59.056
-59.0463
-59.0365
-59.0266
-59.0168
-59.007
-58.9971
-58.9872
-58.9773
-58.9674
-58.9575
-58.9476
-58.9376
-58.9276
-58.9177
-58.9077
-58.8977
-58.8877
-58.8777
-58.8676
-58.8576
-58.8475
-58.8375
-58.8274
-58.8173
-58.8072
-58.7971
-58.787
-58.7769
-58.7668
-58.7567
-58.7465
-58.7364
-58.7262
-58.716
-58.7059
-58.6957
-58.6855
-58.6753
-58.6651
-58.6549
-58.6447
-58.6345
-58.6243
-58.6141
-58.6039
-58.5936
-58.5834
-58.5732
-58.5629
-58.5527
-58.5424
-58.5322
-58.5219
-58.5117
-58.5014
-58.4912
-58.4809
-58.4706
-58.4604
-58.4501
-58.4398
-58.4295
-58.4193
-58.409
-58.3987
-58.3884
-58.3782
-58.3679
-58.3576
-58.3473
-58.337
-58.3268
-58.3165
-58.3062
-58.2959
-58.2857
-58.2754
-58.2651
-58.2548
-58.2446
-58.2343
-58.224
-58.2137
-58.2035
-58.1932
-58.1829
-58.1727
-58.1624
-58.1521
-58.1419
-58.1316
-58.1214
-58.1111
-58.1009
-58.0906
-58.0804
-58.0702
-58.0599
-58.0497
-58.0395
-58.0292
-58.019
-58.0088
-57.9986
-57.9884
-57.9782
-57.968
-57.9578
-57.9476
-57.9374
-57.9272
-57.917
-57.9068
-57.8966
-57.8865
-57.8763
-57.8662
-57.856
-57.8458
-57.8357
-57.8256
-57.8154
-57.8053
-57.7952
-57.785
-57.7749
-57.7648
-57.7547
-57.7446
-57.7345
-57.7244
-57.7143
-57.7043
-57.6942
-57.6841
-57.6741
-57.664
-57.654
-57.6439
-57.6339
-57.6239
-57.6138
-57.6038
-57.5938
-57.5838
-57.5738
-57.5638
-57.5538
-57.5438
-57.5339
-57.5239
-57.514
-57.504
-57.4941
-57.4841
-57.4742
-57.4643
-57.4543
-57.4444
-57.4345
-57.4246
-57.4147
-57.4048
-57.395
-57.3851
-57.3752
-57.3654
-57.3555
-57.3457
-57.3359
-57.326
-57.3162
-57.3064
-57.2966
-57.2868
-57.277
-57.2672
-57.2575
-57.2477
-57.2379
-57.2282
-57.2184
-57.2087
-57.199
-57.1892
-57.1795
-57.1698
-57.1601
-57.1504
-57.1408
-57.1311
-57.1214
-57.1118
-57.1021
-57.0925
-57.0828
-57.0732
-57.0636
-57.054
-57.0444
-57.0348
-57.0252
-57.0156
-57.006
-56.9965
-56.9869
-56.9774
-56.9678
-56.9583
-56.9488
-56.9393
-56.9297
-56.9203
-56.9108
-56.9013
-56.8918
-56.8823
-56.8729
-56.8634
-56.854
-56.8446
-56.8351
-56.8257
-56.8163
-56.8069
-56.7975
-56.7881
-56.7788
-56.7694
-56.76
-56.7507
-56.7413
-56.732
-56.7227
-56.7134
-56.7041
-56.6948
-56.6855
-56.6762
-56.6669
-56.6576
-56.6484
-56.6391
-56.6299
-56.6207
-56.6114
-56.6022
-56.593
-56.5838
-56.5746
-56.5654
-56.5563
-56.5471
-56.5379
-56.5288
-56.5196
-56.5105
-56.5014
-56.4923
-56.4832
-56.4741
-56.465
-56.4559
-56.4468
-56.4378
-56.4287
-56.4197
-56.4106
-56.4016
-56.3926
-56.3835
-56.3745
-56.3655
-56.3566
-56.3476
-56.3386
-56.3296
-56.3207
-56.3117
-56.3028
-56.2939
-56.2849
-56.276
-56.2671
-56.2582
-56.2493
-56.2405
-56.2316
-56.2227
-56.2139
-56.205
-56.1962
-56.1874
-56.1785
-56.1697
-56.1609
-56.1521
-56.1433
-56.1346
-56.1258
-56.117
-56.1083
-56.0995
-56.0908
-56.0821
-56.0734
-56.0646
-56.0559
-56.0472
-56.0386
-56.0299
-56.0212
-56.0125
-56.0039
-55.9952
-55.9866
-55.978
-55.9694
-55.9607
-55.9521
-55.9435
-55.935
-55.9264
-55.9178
-55.9092
-55.9007
-55.8921
-55.8836
-55.8751
-55.8666
-55.858
-55.8495
-55.841
-55.8325
-55.8241
-55.8156
-55.8071
-55.7987
-55.7902
-55.7818
-55.7734
-55.7649
-55.7565
-55.7481
-55.7397
-55.7313
-55.7229
-55.7146
-55.7062
-55.6978
-55.6895
-55.6811
-55.6728
-55.6645
-55.6562
-55.6478
-55.6395
-55.6313
-55.623
-55.6147
-55.6064
-55.5982
-55.5899
-55.5817
-55.5734
-55.5652
-55.557
-55.5487
-55.5405
-55.5323
-55.5242
-55.516
-55.5078
-55.4996
-55.4915
-55.4833
-55.4752
-55.467
-55.4589
-55.4508
-55.4427
-55.4346
-55.4265
-55.4184
-55.4103
-55.4022
-55.3942
-55.3861
-55.3781
-55.37
-55.362
-55.354
-55.3459
-55.3379
-55.3299
-55.3219
-55.314
-55.306
-55.298
-55.29
-55.2821
-55.2741
-55.2662
-55.2583
-55.2503
-55.2424
-55.2345
-55.2266
-55.2187
-55.2108
-55.2029
-55.1951
-55.1872
-55.1793
-55.1715
-55.1637
-55.1558
-55.148
-55.1402
-55.1324
-55.1246
-55.1168
-55.109
-55.1012
-55.0934
-55.0857
-55.0779
-55.0701
-55.0624
-55.0547
-55.0469
-55.0392
-55.0315
-55.0238
-55.0161
-55.0084
-55.0007
-54.993
-54.9854
-54.9777
-54.9701
-54.9624
-54.9548
-54.9471
-54.9395
-54.9319
-54.9243
-54.9167
-54.9091
-54.9015
-54.8939
-54.8863
-54.8788
-54.8712
-54.8637
-54.8561
-54.8486
-54.841
-54.8335
-54.826
-54.8185
-54.811
-54.8035
-54.796
-54.7885
-54.7811
-54.7736
-54.7661
-54.7587
-54.7512
-54.7438
-54.7364
-54.729
-54.7215
-54.7141
-54.7067
-54.6993
-54.692
-54.6846
-54.6772
-54.6698
-54.6625
-54.6551
-54.6478
-54.6404
-54.6331
-54.6258
-54.6185
-54.6112
-54.6039
-54.5966
-54.5893
-54.582
-54.5747
-54.5674
-54.5602
-54.5529
-54.5457
-54.5384
-54.5312
-54.524
-54.5168
-54.5096
-54.5023
-54.4951
-54.488
-54.4808
-54.4736
-54.4664
-54.4593
-54.4521
-54.4449
-54.4378
-54.4307
-54.4235
-54.4164
-54.4093
-54.4022
-54.3951
-54.388
-54.3809
-54.3738
-54.3667
-54.3597
-54.3526
-54.3455
-54.3385
-54.3315
-54.3244
-54.3174
-54.3104
-54.3034
-54.2963
-54.2893
-54.2823
-54.2754
-54.2684
-54.2614
-54.2544
-54.2475
-54.2405
-54.2336
-54.2266
-54.2197
-54.2127
-54.2058
-54.1989
-54.192
-54.1851
-54.1782
-54.1713
-54.1644
-54.1575
-54.1507
-54.1438
-54.1369
-54.1301
-54.1232
-54.1164
-54.1096
-54.1027
-54.0959
-54.0891
-54.0823
-54.0755
-54.0687
-54.0619
-54.0551
-54.0484
-54.0416
-54.0348
-54.0281
-54.0213
-54.0146
-54.0078
-54.0011
-53.9944
-53.9877
-53.981
-53.9742
-53.9675
-53.9609
-53.9542
-53.9475
-53.9408
-53.9341
-53.9275
-53.9208
-53.9142
-53.9075
-53.9009
-53.8943
-53.8876
-53.881
-53.8744
-53.8678
-53.8612
-53.8546
-53.848
-53.8414
-53.8349
-53.8283
-53.8217
-53.8152
-53.8086
-53.8021
-53.7955
-53.789
-53.7825
-53.776
-53.7694
-53.7629
-53.7564
-53.7499
-53.7434
-53.737
-53.7305
-53.724
-53.7175
-53.7111
-53.7046
-53.6982
-53.6917
-53.6853
-53.6789
-53.6724
-53.666
-53.6596
-53.6532
-53.6468
-53.6404
-53.634
-53.6276
-53.6213
-53.6149
-53.6085
-53.6022
-53.5958
-53.5894
-53.5831
-53.5768
-53.5704
-53.5641
-53.5578
-53.5515
-53.5452
-53.5389
-53.5326
-53.5263
-53.52
-53.5137
-53.5074
-53.5012
-53.4949
-53.4887
-53.4824
-53.4762
-53.4699
-53.4637
-53.4575
-53.4512
-53.445
-53.4388
-53.4326
-53.4264
-53.4202
-53.414
-53.4078
-53.4017
-53.3955
-53.3893
-53.3832
-53.377
-53.3709
-53.3647
-53.3586
-53.3524
-53.3463
-53.3402
-53.3341
-53.328
-53.3219
-53.3158
-53.3097
-53.3036
-53.2975
-53.2914
-53.2853
-53.2793
-53.2732
-53.2672
-53.2611
-53.2551
-53.249
-53.243
-53.237
-53.2309
-53.2249
-53.2189
-53.2129
-53.2069
-53.2009
-53.1949
-53.1889
-53.1829
-53.177
-53.171
-53.165
-53.1591
-53.1531
-53.1472
-53.1412
-53.1353
-53.1293
-53.1234
-53.1175
-53.1116
-53.1057
-53.0998
-53.0939
-53.088
-53.0821
-53.0762
-53.0703
-53.0644
-53.0585
-53.0527
-53.0468
-53.041
-53.0351
-53.0293
-53.0234
-53.0176
-53.0118
-53.0059
-53.0001
-52.9943
-52.9885
-52.9827
-52.9769
-52.9711
-52.9653
-52.9595
-52.9537
-52.948
-52.9422
-52.9364
-52.9307
-52.9249
-52.9192
-52.9134
-52.9077
-52.9019
-52.8962
-52.8905
-52.8848
-52.879
-52.8733
-52.8676
-52.8619
-52.8562
-52.8505
-52.8449
-52.8392
-52.8335
-52.8278
-52.8222
-52.8165
-52.8108
-52.8052
-52.7995
-52.7939
-52.7883
-52.7826
-52.777
-52.7714
-52.7658
-52.7601
-52.7545
-52.7489
-52.7433
-52.7377
-52.7321
-52.7266
-52.721
-52.7154
-52.7098
-52.7043
-52.6987
-52.6931
-52.6876
-52.682
-52.6765
-52.6709
-52.6654
-52.6599
-52.6544
-52.6488
-52.6433
-52.6378
-52.6323
-52.6268
-52.6213
-52.6158
-52.6103
-52.6048
-52.5993
-52.5939
-52.5884
-52.5829
-52.5775
-52.572
-52.5666
-52.5611
-52.5557
-52.5502
-52.5448
-52.5394
-52.5339
-52.5285
-52.5231
-52.5177
-52.5123
-52.5069
-52.5014
-52.4961
-52.4907
-52.4853
-52.4799
-52.4745
-52.4691
-52.4638
-52.4584
-52.453
-52.4477
-52.4423
-52.437
-52.4316
-52.4263
-52.4209
-52.4156
-52.4103
-52.405
-52.3996
-52.3943
-52.389
-52.3837
-52.3784
-52.3731
-52.3678
-52.3625
-52.3572
-52.3519
-52.3467
-52.3414
-52.3361
-52.3309
-52.3256
-52.3203
-52.3151
-52.3098
-52.3046
-52.2993
-52.2941
-52.2889
-52.2836
-52.2784
-52.2732
-52.268
-52.2627
-52.2575
-52.2523
-52.2471
-52.2419
-52.2367
-52.2315
-52.2264
-52.2212
-52.216
-52.2108
-52.2056
-52.2005
-52.1953
-52.1902
-52.185
-52.1798
-52.1747
-52.1696
-52.1644
-52.1593
-52.1541
-52.149
-52.1439
-52.1388
-52.1336
-52.1285
-52.1234
-52.1183
-52.1132
-52.1081
-52.103
-52.0979
-52.0928
-52.0877
-52.0827
-52.0776
-52.0725
-52.0674
-52.0624
-52.0573
-52.0522
-52.0472
-52.0421
-52.0371
-52.032
-52.027
-52.022
-52.0169
-52.0119
-52.0069
-52.0018
-51.9968
-51.9918
-51.9868
-51.9818
-51.9768
-51.9718
-51.9668
-51.9618
-51.9568
-51.9518
-51.9468
-51.9418
-51.9368
-51.9319
-51.9269
-51.9219
-51.9169
-51.912
-51.907
-51.9021
-51.8971
-51.8922
-51.8872
-51.8823
-51.8773
-51.8724
-51.8675
-51.8625
-51.8576
-51.8527
-51.8478
-51.8428
-51.8379
-51.833
-51.8281
-51.8232
-51.8183
-51.8134
-51.8085
-51.8036
-51.7987
-51.7938
-51.7889
-51.7841
-51.7792
-51.7743
-51.7694
-51.7646
-51.7597
-51.7548
-51.75
-51.7451
-51.7403
-51.7354
-51.7306
-51.7257
-51.7209
-51.7161
-51.7112
-51.7064
-51.7016
-51.6967
-51.6919
-51.6871
-51.6823
-51.6775
-51.6726
-51.6678
-51.663
-51.6582
-51.6534
-51.6486
-51.6438
-51.639
-51.6342
-51.6295
-51.6247
-51.6199
-51.6151
-51.6103
-51.6056
-51.6008
-51.596
-51.5913
-51.5865
-51.5817
-51.577
-51.5722
-51.5675
-51.5627
-51.558
-51.5532
-51.5485
-51.5438
-51.539
-51.5343
-51.5296
-51.5248
-51.5201
-51.5154
-51.5107
-51.5059
-51.5012
-51.4965
-51.4918
-51.4871
-51.4824
-51.4777
-51.473
-51.4683
-51.4636
-51.4589
-51.4542
-51.4495
-51.4448
-51.4401
-51.4354
-51.4308
-51.4261
-51.4214
-51.4167
-51.4121
-51.4074
-51.4027
-51.3981
-51.3934
-51.3887
-51.3841
-51.3794
-51.3748
-51.3701
-51.3655
-51.3608
-51.3562
-51.3515
-51.3469
-51.3423
-51.3376
-51.333
-51.3284
-51.3237
-51.3191
-51.3145
-51.3098
-51.3052
-51.3006
-51.296
-51.2914
-51.2868
-51.2821
-51.2775
-51.2729
-51.2683
-51.2637
-51.2591
-51.2545
-51.2499
-51.2453
-51.2407
-51.2361
-51.2315
-51.2269
-51.2223
-51.2178
-51.2132
-51.2086
-51.204
-51.1994
-51.1949
-51.1903
-51.1857
-51.1811
-51.1766
-51.172
-51.1674
-51.1629
-51.1583
-51.1537
-51.1492
-51.1446
-51.1401
-51.1355
-51.1309
-51.1264
-51.1218
-51.1173
-51.1127
-51.1082
-51.1036
-51.0991
-51.0946
-51.09
-51.0855
-51.0809
-51.0764
-51.0719
-51.0673
-51.0628
-51.0583
-51.0537
-51.0492
-51.0447
-51.0402
-51.0356
-51.0311
-51.0266
-51.0221
-51.0175
-51.013
-51.0085
-51.004
-50.9995
-50.995
-50.9904
-50.9859
-50.9814
-50.9769
-50.9724
-50.9679
-50.9634
-50.9589
-50.9544
-50.9499
-50.9454
-50.9409
-50.9364
-50.9319
-50.9274
-50.9229
-50.9184
-50.9139
-50.9094
-50.9049
-50.9004
-50.8959
-50.8914
-50.8869
-50.8824
-50.878
-50.8735
-50.869
-50.8645
-50.86
-50.8555
-50.851
-50.8466
-50.8421
-50.8376
-50.8331
-50.8286
-50.8241
-50.8197
-50.8152
-50.8107
-50.8062
-50.8017
-50.7973
-50.7928
-50.7883
-50.7838
-50.7794
-50.7749
-50.7704
-50.7659
-50.7615
-50.757
-50.7525
-50.748
-50.7436
-50.7391
-50.7346
-50.7302
-50.7257
-50.7212
-50.7167
-50.7123
-50.7078
-50.7033
-50.6989
-50.6944
-50.6899
-50.6855
-50.681
-50.6765
-50.672
-50.6676
-50.6631
-50.6586
-50.6542
-50.6497
-50.6452
-50.6408
-50.6363
-50.6318
-50.6274
-50.6229
-50.6184
-50.6139
-50.6095
-50.605
-50.6005
-50.5961
-50.5916
-50.5871
-50.5826
-50.5782
-50.5737
-50.5692
-50.5648
-50.5603
-50.5558
-50.5513
-50.5469
-50.5424
-50.5379
-50.5334
-50.529
-50.5245
-50.52
-50.5155
-50.511
-50.5066
-50.5021
-50.4976
-50.4931
-50.4886
-50.4842
-50.4797
-50.4752
-50.4707
-50.4662
-50.4617
-50.4572
-50.4527
-50.4483
-50.4438
-50.4393
-50.4348
-50.4303
-50.4258
-50.4213
-50.4168
-50.4123
-50.4078
-50.4033
-50.3988
-50.3943
-50.3898
-50.3853
-50.3808
-50.3763
-50.3718
-50.3673
-50.3627
-50.3582
-50.3537
-50.3492
-50.3447
-50.3402
-50.3357
-50.3311
-50.3266
-50.3221
-50.3176
-50.313
-50.3085
-50.304
-50.2994
-50.2949
-50.2904
-50.2858
-50.2813
-50.2768
-50.2722
-50.2677
-50.2631
-50.2586
-50.254
-50.2495
-50.2449
-50.2404
-50.2358
-50.2313
-50.2267
-50.2221
-50.2176
-50.213
-50.2084
-50.2038
-50.1993
-50.1947
-50.1901
-50.1855
-50.181
-50.1764
-50.1718
-50.1672
-50.1626
-50.158
-50.1534
-50.1488
-50.1442
-50.1396
-50.135
-50.1304
-50.1258
-50.1211
-50.1165
-50.1119
-50.1073
-50.1026
-50.098
-50.0934
-50.0887
-50.0841
-50.0795
-50.0748
-50.0702
-50.0655
-50.0609
-50.0562
-50.0515
-50.0469
-50.0422
-50.0375
-50.0329
-50.0282
-50.0235
-50.0188
-50.0141
-50.0094
-50.0047
-50.0001
-49.9953
-49.9906
-49.9859
-49.9812
-49.9765
-49.9718
-49.9671
-49.9623
-49.9576
-49.9529
-49.9481
-49.9434
-49.9386
-49.9339
-49.9291
-49.9244
-49.9196
-49.9148
-49.9101
-49.9053
-49.9005
-49.8957
-49.8909
-49.8861
-49.8813
-49.8765
-49.8717
-49.8669
-49.8621
-49.8573
-49.8524
-49.8476
-49.8428
-49.8379
-49.8331
-49.8282
-49.8234
-49.8185
-49.8136
-49.8088
-49.8039
-49.799
-49.7941
-49.7892
-49.7843
-49.7794
-49.7745
-49.7696
-49.7647
-49.7597
-49.7548
-49.7499
-49.7449
-49.74
-49.735
-49.73
-49.7251
-49.7201
-49.7151
-49.7101
-49.7051
-49.7001
-49.6951
-49.6901
-49.6851
-49.6801
-49.6751
-49.67
-49.665
-49.6599
-49.6549
-49.6498
-49.6447
-49.6397
-49.6346
-49.6295
-49.6244
-49.6193
-49.6142
-49.609
-49.6039
-49.5988
-49.5936
-49.5885
-49.5833
-49.5781
-49.573
-49.5678
-49.5626
-49.5574
-49.5522
-49.547
-49.5418
-49.5365
-49.5313
-49.526
-49.5208
-49.5155
-49.5102
-49.505
-49.4997
-49.4944
-49.4891
-49.4838
-49.4784
-49.4731
-49.4677
-49.4624
-49.457
-49.4517
-49.4463
-49.4409
-49.4355
-49.4301
-49.4247
-49.4192
-49.4138
-49.4083
-49.4029
-49.3974
-49.3919
-49.3864
-49.3809
-49.3754
-49.3699
-49.3644
-49.3588
-49.3533
-49.3477
-49.3421
-49.3365
-49.3309
-49.3253
-49.3197
-49.3141
-49.3084
-49.3028
-49.2971
-49.2914
-49.2857
-49.28
-49.2743
-49.2686
-49.2628
-49.2571
-49.2513
-49.2455
-49.2397
-49.2339
-49.2281
-49.2223
-49.2164
-49.2106
-49.2047
-49.1988
-49.1929
-49.187
-49.1811
-49.1751
-49.1692
-49.1632
-49.1572
-49.1512
-49.1452
-49.1391
-49.1331
-49.127
-49.121
-49.1149
-49.1088
-49.1026
-49.0965
-49.0903
-49.0842
-49.078
-49.0718
-49.0656
-49.0593
-49.0531
-49.0468
-49.0405
-49.0342
-49.0279
-49.0215
-49.0152
-49.0088
-49.0024
-48.996
-48.9895
-48.9831
-48.9766
-48.9701
-48.9636
-48.9571
-48.9506
-48.944
-48.9374
-48.9308
-48.9242
-48.9175
-48.9109
-48.9042
-48.8975
-48.8907
-48.884
-48.8772
-48.8704
-48.8636
-48.8568
-48.8499
-48.843
-48.8361
-48.8292
-48.8222
-48.8152
-48.8082

