-55
-55
-55
-55
-55
-55
-55
-55
-55
-55
-55
-55
-55
-55
-55
-55
-55
-55
-55
-55
-55
-55
-55
-55
-55
-55
-55
-55
-55
-55
-55
-55
-55
-55
-55
-55
-55
-55
-55
-55
-55
-55
-55
-55
-55
-55
-55
-55
-55
-55
-55
-55
-55
-55
-55
-55
-55
-55
-55
-55
-55
-55
-55
-55
-55
-55
-55
-55
-55
-55
-55
-55
-55
-55
-55
-55
-55
-55
-55
-55
-55
-55
-55
-55
-55
-55
-55
-55
-55
-55
-55
-55
-55
-55
-55
-55
-55
-55
-55
-55
-55
-55
-55
-55
-55
-55
-55
-55
-55
-55
-55
-55
-55
-55
-55
-55
-55
-55
-55
-55
-55
-55
-55
-55
-55
-55
-55
-55
-55
-55
-55
-55
-55
-55
-55
-55
-55
-55
-55
-55
-55
-55
-55
-55
-55
-55
-55
-55
-55
-55
-55
-55
-55
-55
-55
-55
-55
-55
-55
-55
-55
-55
-55
-55
-55
-55
-55
-55
-55
-55
-55
-55
-55
-55
-55
-55
-55
-55
-55
-55
-55
-55
-55
-55
-55
-55
-55
-55
-55
-55
-55
-55
-55
-55
-55
-55
-55
-55
-55
-55
-55
-55
-55
-55
-55
-55
-55
-55
-55
-55
-55
-55
-55
-55
-55
-55
-55
-55
-55
-55
-55
-55
-55
-55
-55
-55
-55
-55
-55
-55
-55
-55
-55
-55
-55
-55
-55
-55
-55
-55
-55
-55
-55
-55
-55
-55
-55
-55
-55
-55
-55
-55
-55
-55
-55
-55
-55
-55
-55
-55
-55
-55
-55
-55
-55
-55
-55
-55
-55
-55
-55
-55
-55
-55
-55
-55
-55
-55
-55
-55
-55
-55
-55
-55
-55
-55
-55
-55
-55
-55
-55
-55
-55
-55
-55
-55
-55
-55
-55
-55
-55
-55
-55
-55
-55
-55
-55
-55
-55
-55
-55
-55
-55
-55
-55
-55
-55
-55
-55
-55
-55
-55
-55
-55
-55
-55
-55
-55
-55
-55
-55
-55
-55
-55
-55
-55
-55
-55
-55
-55
-55
-55
-55
-55
-55
-55
-55
-55
-55
-55
-55
-55
-55
-55
-55
-55
-55
-55
-55
-55
-55
-55
-55
-55
-55
-55
-55
-55
-55
-55
-55
-55
-55
-55
-55
-55
-55
-55
-55
-55
-55
-55
-55
-55
-55
-55
-55
-55
-55
-55
-55
-55
-55
-55
-55
-55
-55
-55
-55
-55
-55
-55
-55
-55
-55
-55
-55
-55
-55
-55
-55
-55
-55
-55
-55
-55
-55
-55
-55
-55
-55
-55
-55
-55
-55
-55
-55
-55
-55
-55
-55
-55
-55
-55
-55
-55
-55
-55
-55
-55
-55
-55
-55
-55
-55
-55
-55
-55
-55
-55
-55
-55
-55
-55
-55
-55
-55
-55
-55
-55
-55
-55
-55
-55
-55
-55
-55
-55
-55
-55
-55
-55
-55
-55
-55
-55
-55
-55
-55
-55
-55
-55
-55
-55
-55
-55
-55
-55
-55
-55
-55
-55
-55
-55
-55
-55
-55
-55
-55
-55
-55
-55
-55
-55
-55
-55
-55
-55
-55
-55
-55
-55
-55
-55
-55
-55
-55
-55
-55
-55
-55
-55
-55
-55
-55
-55
-55
-55
-55
-55
-55
-55
-55
-55
-55
-55
-55
-55
-55
-55
-55
-55
-55
-55
-55
-55
-55
-55
-55
-55
-55
-55
-55
-55
-55
-55
-55
-55
-55
-55
-55
-55
-55
-55
-55
-55
-55
-55
-55
-55
-55
-55
-55
-55
-55
-55
-55
-55
-55
-55
-55
-55
-55
-55
-55
-55
-55
-55
-55
-55
-55
-55
-55
-55
-55
-55
-55
-55
-55
-55
-55
-55
-55
-55
-55
-55
-55
-55
-55
-55
-55
-55
-55
-55
-55
-55
-55
-55
-55
-55
-55
-55
-55
-55
-55
-55
-55
-55
-55
-55
-55
-55
-55
-55
-55
-55
-55
-55
-55
-55
-55
-55
-55
-55
-55
-55
-55
-55
-55
-55
-55
-55
-55
-55
-55
-55
-55
-55
-55
-55
-55
-55
-55
-55
-55
-55
-55
-55
-55
-55
-55
-55
-55
-55
-55
-55
-55
-55
-55
-55
-55
-55
-55
-55
-55
-55
-55
-55
-55
-55
-55
-55
-55
-55
-55
-55
-55
-55
-55
-55
-55
-55
-55
-55
-55
-55
-55
-55
-55
-55
-55
-55
-55
-55
-55
-55
-55
-55
-55
-55
-55
-55
-55
-55
-55
-55
-55
-55
-55
-55
-55
-55
-55
-55
-55
-55
-55
-55
-55
-55
-55
-55
-55
-55
-55
-55
-55
-55
-55
-55
-55
-55
-55
-55
-55
-55
-55
-55
-55
-55
-55
-55
-55
-55
-55
-55
-55
-55
-55
-55
-55
-55
-55
-55
-55
-55
-55
-55
-55
-55
-55
-55
-55
-55
-55
-55
-55
-55
-55
-55
-55
-55
-55
-55
-55
-55
-55
-55
-55
-55
-55
-55
-54.9971
-54.9914
-54.983
-54.972
-54.9586
-54.9428
-54.9246
-54.9042
-54.8814
-54.8564
-54.829
-54.7991
-54.7666
-54.7313
-54.6929
-54.6514
-54.6067
-54.5587
-54.5073
-54.4525
-54.3943
-54.3327
-54.2678
-54.1995
-54.1277
-54.0526
-53.974
-53.8918
-53.806
-53.7163
-53.6225
-53.5244
-53.4215
-53.3134
-53.1995
-53.0788
-52.9503
-52.8126
-52.6636
-52.5004
-52.3189
-52.1126
-51.8716
-51.5796
-51.2129
-50.7487
-50.1868
-49.5529
-48.8798
-48.1916
-47.5013
-46.8142
-46.1317
-45.4533
-44.7775
-44.1023
-43.4249
-42.7425
-42.0515
-41.3478
-40.6263
-39.8814
-39.1059
-38.2911
-37.4263
-36.4979
-35.4885
-34.3752
-33.1275
-31.7031
-30.0421
-28.0563
-25.611
-22.4921
-18.3461
-12.5767
-4.22595
7.79874
22.9682
37.7034
48.5543
54.9014
58.0298
59.387
59.8995
60.0321
59.9902
59.8593
59.6743
59.4492
59.1896
58.8975
58.5733
58.2168
57.8272
57.4036
56.945
56.4504
55.9185
55.3485
54.7394
54.0905
53.4012
52.6712
51.9009
51.0912
50.244
49.363
48.455
47.5311
46.6062
45.687
44.7592
43.7965
42.778
41.6946
40.546
39.3364
38.0707
36.7542
35.3914
33.9867
32.5438
31.0663
29.5575
28.0208
26.4593
24.8762
23.2747
21.6581
20.0298
18.3931
16.7518
15.1095
13.4703
11.8385
10.2185
8.61494
7.03238
5.47535
3.94809
2.45439
0.997491
-0.42
-1.79622
-3.13017
-4.42169
-5.67134
-6.88021
-8.04981
-9.18194
-10.2786
-11.3422
-12.3748
-13.3792
-14.3576
-15.3127
-16.247
-17.1631
-18.0633
-18.9501
-19.8259
-20.693
-21.5535
-22.4097
-23.2637
-24.1175
-24.9731
-25.8324
-26.6971
-27.569
-28.4494
-29.3394
-30.2397
-31.1506
-32.0714
-33.0009
-33.9371
-34.8772
-35.8176
-36.7546
-37.6841
-38.6022
-39.5055
-40.3909
-41.2559
-42.0987
-42.9178
-43.713
-44.4841
-45.2313
-45.9547
-46.6547
-47.3317
-47.986
-48.618
-49.2283
-49.8174
-50.3859
-50.9343
-51.4633
-51.9735
-52.4656
-52.9404
-53.3985
-53.8406
-54.2675
-54.6797
-55.0781
-55.4632
-55.8357
-56.1961
-56.5449
-56.8826
-57.2097
-57.5265
-57.8334
-58.1307
-58.4187
-58.6976
-58.9678
-59.2293
-59.4825
-59.7276
-59.9647
-60.1941
-60.4159
-60.6304
-60.8377
-61.038
-61.2315
-61.4184
-61.5988
-61.7729
-61.9409
-62.103
-62.2592
-62.4098
-62.555
-62.6949
-62.8296
-62.9593
-63.0842
-63.2045
-63.3202
-63.4316
-63.5387
-63.6418
-63.7409
-63.8362
-63.9278
-64.0159
-64.1005
-64.1819
-64.26
-64.3351
-64.4072
-64.4765
-64.543
-64.6068
-64.668
-64.7268
-64.7832
-64.8372
-64.889
-64.9387
-64.9863
-65.0319
-65.0756
-65.1174
-65.1574
-65.1956
-65.2322
-65.2672
-65.3006
-65.3324
-65.3629
-65.3919
-65.4196
-65.4459
-65.471
-65.4949
-65.5176
-65.5392
-65.5597
-65.5791
-65.5975
-65.6149
-65.6313
-65.6468
-65.6615
-65.6753
-65.6882
-65.7004
-65.7117
-65.7224
-65.7323
-65.7415
-65.75
-65.7579
-65.7652
-65.7718
-65.7779
-65.7834
-65.7884
-65.7928
-65.7967
-65.8001
-65.8031
-65.8055
-65.8076
-65.8092
-65.8103
-65.8111
-65.8115
-65.8115
-65.8111
-65.8104
-65.8093
-65.8079
-65.8062
-65.8041
-65.8018
-65.7991
-65.7962
-65.793
-65.7896
-65.7859
-65.7819
-65.7777
-65.7732
-65.7685
-65.7637
-65.7585
-65.7532
-65.7477
-65.742
-65.7361
-65.73
-65.7238
-65.7173
-65.7107
-65.704
-65.6971
-65.69
-65.6828
-65.6754
-65.6679
-65.6603
-65.6525
-65.6446
-65.6366
-65.6285
-65.6202
-65.6118
-65.6034
-65.5948
-65.5861
-65.5773
-65.5684
-65.5595
-65.5504
-65.5413
-65.532
-65.5227
-65.5133
-65.5038
-65.4942
-65.4846
-65.4749
-65.4651
-65.4553
-65.4454
-65.4354
-65.4254
-65.4153
-65.4051
-65.3949
-65.3847
-65.3744
-65.364
-65.3536
-65.3431
-65.3326
-65.322
-65.3114
-65.3008
-65.2901
-65.2794
-65.2686
-65.2578
-65.247
-65.2361
-65.2252
-65.2142
-65.2033
-65.1922
-65.1812
-65.1701
-65.1591
-65.1479
-65.1368
-65.1256
-65.1144
-65.1032
-65.0919
-65.0807
-65.0694
-65.0581
-65.0467
-65.0354
-65.024
-65.0126
-65.0012
-64.9898
-64.9784
-64.9669
-64.9555
-64.944
-64.9325
-64.921
-64.9095
-64.8979
-64.8864
-64.8748
-64.8633
-64.8517
-64.8401
-64.8285
-64.8169
-64.8053
-64.7937
-64.7821
-64.7704
-64.7588
-64.7472
-64.7355
-64.7238
-64.7122
-64.7005
-64.6888
-64.6772
-64.6655
-64.6538
-64.6421
-64.6304
-64.6187
-64.607
-64.5953
-64.5836
-64.5719
-64.5602
-64.5485
-64.5368
-64.5251
-64.5134
-64.5017
-64.49
-64.4783
-64.4666
-64.4549
-64.4432
-64.4315
-64.4197
-64.408
-64.3963
-64.3846
-64.3729
-64.3612
-64.3495
-64.3379
-64.3262
-64.3145
-64.3028
-64.2911
-64.2794
-64.2677
-64.2561
-64.2444
-64.2327
-64.2211
-64.2094
-64.1977
-64.1861
-64.1744
-64.1628
-64.1511
-64.1395
-64.1279
-64.1162
-64.1046
-64.093
-64.0813
-64.0697
-64.0581
-64.0465
-64.0349
-64.0233
-64.0117
-64.0001
-63.9886
-63.977
-63.9654
-63.9538
-63.9423
-63.9307
-63.9192
-63.9076
-63.8961
-63.8845
-63.873
-63.8615
-63.85
-63.8384
-63.8269
-63.8154
-63.8039
-63.7924
-63.7809
-63.7695
-63.758
-63.7465
-63.735
-63.7236
-63.7121
-63.7007
-63.6892
-63.6778
-63.6663
-63.6549
-63.6435
-63.6321
-63.6207
-63.6093
-63.5979
-63.5865
-63.5751
-63.5637
-63.5523
-63.541
-63.5296
-63.5182
-63.5069
-63.4955
-63.4842
-63.4728
-63.4615
-63.4502
-63.4389
-63.4275
-63.4162
-63.4049
-63.3936
-63.3823
-63.3711
-63.3598
-63.3485
-63.3372
-63.326
-63.3147
-63.3035
-63.2922
-63.281
-63.2697
-63.2585
-63.2473
-63.236
-63.2248
-63.2136
-63.2024
-63.1912
-63.18
-63.1688
-63.1576
-63.1465
-63.1353
-63.1241
-63.113
-63.1018
-63.0907
-63.0795
-63.0684
-63.0572
-63.0461
-63.035
-63.0238
-63.0127
-63.0016
-62.9905
-62.9794
-62.9683
-62.9572
-62.9461
-62.935
-62.924
-62.9129
-62.9018
-62.8908
-62.8797
-62.8686
-62.8576
-62.8466
-62.8355
-62.8245
-62.8134
-62.8024
-62.7914
-62.7804
-62.7694
-62.7584
-62.7473
-62.7363
-62.7253
-62.7144
-62.7034
-62.6924
-62.6814
-62.6704
-62.6595
-62.6485
-62.6375
-62.6266
-62.6156
-62.6047
-62.5937
-62.5828
-62.5718
-62.5609
-62.55
-62.539
-62.5281
-62.5172
-62.5063
-62.4954
-62.4845
-62.4735
-62.4626
-62.4517
-62.4408
-62.43
-62.4191
-62.4082
-62.3973
-62.3864
-62.3755
-62.3647
-62.3538
-62.3429
-62.3321
-62.3212
-62.3104
-62.2995
-62.2887
-62.2778
-62.267
-62.2561
-62.2453
-62.2345
-62.2236
-62.2128
-62.202
-62.1911
-62.1803
-62.1695
-62.1587
-62.1479
-62.1371
-62.1263
-62.1154
-62.1046
-62.0938
-62.083
-62.0723
-62.0615
-62.0507
-62.0399
-62.0291
-62.0183
-62.0075
-61.9967
-61.986
-61.9752
-61.9644
-61.9536
-61.9429
-61.9321
-61.9213
-61.9106
-61.8998
-61.8891
-61.8783
-61.8675
-61.8568
-61.846
-61.8353
-61.8245
-61.8138
-61.803
-61.7923
-61.7815
-61.7708
-61.7601
-61.7493
-61.7386
-61.7278
-61.7171
-61.7064
-61.6956
-61.6849
-61.6742
-61.6634
-61.6527
-61.642
-61.6313
-61.6205
-61.6098
-61.5991
-61.5884
-61.5776
-61.5669
-61.5562
-61.5455
-61.5348
-61.524
-61.5133
-61.5026
-61.4919
-61.4812
-61.4704
-61.4597
-61.449
-61.4383
-61.4276
-61.4169
-61.4062
-61.3954
-61.3847
-61.374
-61.3633
-61.3526
-61.3419
-61.3312
-61.3204
-61.3097
-61.299
-61.2883
-61.2776
-61.2669
-61.2562
-61.2455
-61.2347
-61.224
-61.2133
-61.2026
-61.1919
-61.1812
-61.1704
-61.1597
-61.149
-61.1383
-61.1276
-61.1169
-61.1061
-61.0954
-61.0847
-61.074
-61.0632
-61.0525
-61.0418
-61.0311
-61.0203
-61.0096
-60.9989
-60.9882
-60.9774
-60.9667
-60.956
-60.9452
-60.9345
-60.9238
-60.913
-60.9023
-60.8916
-60.8808
-60.8701
-60.8593
-60.8486
-60.8378
-60.8271
-60.8163
-60.8056
-60.7948
-60.7841
-60.7733
-60.7626
-60.7518
-60.7411
-60.7303
-60.7195
-60.7088
-60.698
-60.6872
-60.6765
-60.6657
-60.6549
-60.6441
-60.6334
-60.6226
-60.6118
-60.601
-60.5902
-60.5794
-60.5686
-60.5579
-60.5471
-60.5363
-60.5255
-60.5147
-60.5039
-60.4931
-60.4822
-60.4714
-60.4606
-60.4498
-60.439
-60.4282
-60.4173
-60.4065
-60.3957
-60.3849
-60.374
-60.3632
-60.3524
-60.3415
-60.3307
-60.3198
-60.309
-60.2981
-60.2873
-60.2764
-60.2655
-60.2547
-60.2438
-60.233
-60.2221
-60.2112
-60.2003
-60.1895
-60.1786
-60.1677
-60.1568
-60.1459
-60.135
-60.1241
-60.1132
-60.1023
-60.0914
-60.0805
-60.0696
-60.0587
-60.0477
-60.0368
-60.0259
-60.015
-60.004
-59.9931
-59.9821
-59.9712
-59.9603
-59.9493
-59.9384
-59.9274
-59.9164
-59.9055
-59.8945
-59.8835
-59.8726
-59.8616
-59.8506
-59.8396
-59.8286
-59.8176
-59.8067
-59.7957
-59.7847
-59.7737
-59.7626
-59.7516
-59.7406
-59.7296
-59.7186
-59.7075
-59.6965
-59.6855
-59.6744
-59.6634
-59.6524
-59.6413
-59.6303
-59.6192
-59.6081
-59.5971
-59.586
-59.5749
-59.5639
-59.5528
-59.5417
-59.5306
-59.5195
-59.5084
-59.4973
-59.4862
-59.4751
-59.464
-59.4529
-59.4418
-59.4307
-59.4195
-59.4084
-59.3973
-59.3862
-59.375
-59.3639
-59.3527
-59.3416
-59.3304
-59.3193
-59.3081
-59.2969
-59.2858
-59.2746
-59.2634
-59.2522
-59.241
-59.2298
-59.2186
-59.2074
-59.1962
-59.185
-59.1738
-59.1626
-59.1514
-59.1402
-59.1289
-59.1177
-59.1065
-59.0952
-59.084
-59.0728
-59.0615
-59.0503
-59.039
-59.0277
-59.0165
-59.0052
-58.9939
-58.9827
-58.9714
-58.9601
-58.9488
-58.9375
-58.9262
-58.9149
-58.9036
-58.8923
-58.881
-58.8697
-58.8584
-58.847
-58.8357
-58.8244
-58.813
-58.8017
-58.7904
-58.779
-58.7677
-58.7563
-58.745
-58.7336
-58.7222
-58.7109
-58.6995
-58.6881
-58.6767
-58.6654
-58.654
-58.6426
-58.6312
-58.6198
-58.6084
-58.597
-58.5856
-58.5741
-58.5627
-58.5513
-58.5399
-58.5285
-58.517
-58.5056
-58.4942
-58.4827
-58.4713
-58.4598
-58.4484
-58.4369
-58.4255
-58.414
-58.4025
-58.3911
-58.3796
-58.3681
-58.3566
-58.3451
-58.3337
-58.3222
-58.3107
-58.2992
-58.2877
-58.2762
-58.2647
-58.2531
-58.2416
-58.2301
-58.2186
-58.2071
-58.1955
-58.184
-58.1725
-58.1609
-58.1494
-58.1379
-58.1263
-58.1148
-58.1032
-58.0917
-58.0801
-58.0685
-58.057
-58.0454
-58.0338
-58.0223
-58.0107
-57.9991
-57.9875
-57.9759
-57.9643
-57.9528
-57.9412
-57.9296
-57.918
-57.9064
-57.8947
-57.8831
-57.8715
-57.8599
-57.8483
-57.8367
-57.8251
-57.8134
-57.8018
-57.7902
-57.7785
-57.7669
-57.7553
-57.7436
-57.732
-57.7203
-57.7087
-57.697
-57.6854
-57.6737
-57.6621
-57.6504
-57.6387
-57.6271
-57.6154
-57.6037
-57.592
-57.5804
-57.5687
-57.557
-57.5453
-57.5336
-57.522
-57.5103
-57.4986
-57.4869
-57.4752
-57.4635
-57.4518
-57.4401
-57.4284
-57.4167
-57.405
-57.3932
-57.3815
-57.3698
-57.3581
-57.3464
-57.3346
-57.3229
-57.3112
-57.2995
-57.2877
-57.276
-57.2643
-57.2525
-57.2408
-57.2291
-57.2173
-57.2056
-57.1938
-57.1821
-57.1703
-57.1586
-57.1468
-57.1351
-57.1233
-57.1115
-57.0998
-57.088
-57.0763
-57.0645
-57.0527
-57.041
-57.0292
-57.0174
-57.0056
-56.9939
-56.9821
-56.9703
-56.9585
-56.9467
-56.935
-56.9232
-56.9114
-56.8996
-56.8878
-56.876
-56.8642
-56.8524
-56.8406
-56.8288
-56.817
-56.8052
-56.7934
-56.7816
-56.7698
-56.758
-56.7462
-56.7344
-56.7226
-56.7108
-56.699
-56.6872
-56.6753
-56.6635
-56.6517
-56.6399
-56.6281
-56.6162
-56.6044
-56.5926
-56.5808
-56.5689
-56.5571
-56.5453
-56.5334
-56.5216
-56.5098
-56.4979
-56.4861
-56.4743
-56.4624
-56.4506
-56.4387
-56.4269
-56.415
-56.4032
-56.3913
-56.3795
-56.3676
-56.3558
-56.3439
-56.3321
-56.3202
-56.3084
-56.2965
-56.2846
-56.2728
-56.2609
-56.249
-56.2372
-56.2253
-56.2134
-56.2016
-56.1897
-56.1778
-56.1659
-56.1541
-56.1422
-56.1303
-56.1184
-56.1065
-56.0947
-56.0828
-56.0709
-56.059
-56.0471
-56.0352
-56.0233
-56.0114
-55.9995
-55.9876
-55.9757
-55.9638
-55.9519
-55.94
-55.9281
-55.9162
-55.9043
-55.8924
-55.8804
-55.8685
-55.8566
-55.8447
-55.8328
-55.8208
-55.8089
-55.797
-55.785
-55.7731
-55.7612
-55.7492
-55.7373
-55.7253
-55.7134
-55.7014
-55.6895
-55.6775
-55.6656
-55.6536
-55.6417
-55.6297
-55.6177
-55.6058
-55.5938
-55.5818
-55.5698
-55.5579
-55.5459
-55.5339
-55.5219
-55.5099
-55.4979
-55.4859
-55.4739
-55.4619
-55.4499
-55.4379
-55.4259
-55.4139
-55.4018
-55.3898
-55.3778
-55.3658
-55.3537
-55.3417
-55.3296
-55.3176
-55.3055
-55.2935
-55.2814
-55.2694
-55.2573
-55.2452
-55.2331
-55.2211
-55.209
-55.1969
-55.1848
-55.1727
-55.1606
-55.1485
-55.1363
-55.1242
-55.1121
-55.1
-55.0878
-55.0757
-55.0635
-55.0514
-55.0392
-55.0271
-55.0149
-55.0027
-54.9905
-54.9783
-54.9661
-54.9539
-54.9417
-54.9295
-54.9173
-54.9051
-54.8928
-54.8806
-54.8683
-54.8561
-54.8438
-54.8315
-54.8192
-54.8069
-54.7946
-54.7823
-54.77
-54.7577
-54.7454
-54.733
-54.7207
-54.7083
-54.6959
-54.6836
-54.6712
-54.6588
-54.6464
-54.634
-54.6215
-54.6091
-54.5966
-54.5842
-54.5717
-54.5592
-54.5467
-54.5342
-54.5217
-54.5092
-54.4966
-54.4841
-54.4715
-54.459
-54.4464
-54.4338
-54.4211
-54.4085
-54.3959
-54.3832
-54.3705
-54.3578
-54.3451
-54.3324
-54.3197
-54.307
-54.2942
-54.2814
-54.2686
-54.2558
-54.243
-54.2301
-54.2173
-54.2044
-54.1915
-54.1786
-54.1656
-54.1527
-54.1397
-54.1267
-54.1137
-54.1007
-54.0876
-54.0746
-54.0615
-54.0483
-54.0352
-54.022
-54.0089
-53.9957
-53.9824
-53.9692
-53.9559
-53.9426
-53.9293
-53.9159
-53.9025
-53.8891
-53.8757
-53.8623
-53.8488
-53.8353
-53.8217
-53.8081
-53.7945
-53.7809
-53.7672
-53.7536
-53.7398
-53.7261
-53.7123
-53.6985
-53.6846
-53.6707
-53.6568
-53.6428
-53.6288
-53.6148
-53.6007
-53.5866
-53.5724
-53.5582
-53.544
-53.5297
-53.5154
-53.501
-53.4866
-53.4722
-53.4577
-53.4431
-53.4285
-53.4139
-53.3992
-53.3845
-53.3697
-53.3549
-53.34
-53.325
-53.31
-53.2949
-53.2798
-53.2646
-53.2494
-53.2341
-53.2188
-53.2033
-53.1878
-53.1723
-53.1567
-53.141
-53.1252
-53.1094
-53.0935
-53.0775
-53.0614
-53.0453
-53.0291
-53.0128
-52.9964
-52.98
-52.9634
-52.9468
-52.93
-52.9132
-52.8963
-52.8793
-52.8622
-52.8449
-52.8276
-52.8102
-52.7927
-52.775
-52.7572
-52.7393
-52.7213
-52.7032
-52.685
-52.6666
-52.6481
-52.6294
-52.6106
-52.5917
-52.5726
-52.5533
-52.5339
-52.5144
-52.4947
-52.4748
-52.4547
-52.4345
-52.414
-52.3934
-52.3726
-52.3516
-52.3304
-52.3089
-52.2873
-52.2654
-52.2432
-52.2209
-52.1983
-52.1754
-52.1522
-52.1288
-52.1051
-52.0811
-52.0568
-52.0322
-52.0072
-51.9819
-51.9562
-51.9302
-51.9038
-51.8769
-51.8497
-51.822
-51.7939
-51.7653
-51.7362
-51.7066
-51.6765
-51.6457
-51.6144
-51.5825
-51.5499
-51.5167
-51.4827
-51.4479
-51.4124
-51.376
-51.3387
-51.3004
-51.2611
-51.2208
-51.1792
-51.1365
-51.0924
-51.0468
-50.9998
-50.951
-50.9004
-50.8478
-50.793
-50.7359
-50.676
-50.6132
-50.5469
-50.4769
-50.4025
-50.3231
-50.2377
-50.1453
-50.0443
-49.9327
-49.8077
-49.6652
-49.4992
-49.3006
-49.0562
-48.748
-48.3594
-47.8879
-47.3494
-46.7684
-46.1664
-45.5574
-44.9493
-44.3458
-43.7481
-43.1562
-42.5695
-41.9867
-41.4065
-40.8271
-40.2465
-39.6623
-39.0716
-38.4716
-37.8586
-37.2285
-36.5763
-35.896
-35.18
-34.4189
-33.6005
-32.7094
-31.7248
-30.6189
-29.3528
-27.8714
-26.0934
-23.8955
-21.085
-17.3516
-12.1942
-4.85016
5.51968
18.6644
32.1182
43.0212
50.2713
54.4296
56.5714
57.5761
57.9846
58.086
58.0234
57.8652
57.6435
57.3733
57.0615
56.711
56.3228
55.8969
55.4328
54.9296
54.3865
53.8023
53.1761
52.5069
51.7939
51.0362
50.2332
49.3845
48.4898
47.549
46.5625
45.5307
44.4546
43.3355
42.1752
40.9763
39.7425
38.4788
37.1928
35.8957
34.6036
33.3344
32.0947
30.8714
29.6423
28.388
27.0982
25.7699
24.4048
23.0066
21.5801
20.1304
18.6622
17.1806
15.6904
14.1963
12.7031
11.2156
9.73848
8.27652
6.83427
5.41603
4.02573
2.66678
1.34202
0.053622
-1.19688
-2.40857
-3.58113
-4.71472
-5.80995
-6.86781
-7.88957
-8.87672
-9.83096
-10.7541
-11.648
-12.5147
-13.3561
-14.1741
-14.9705
-15.7471
-16.5055
-17.2473
-17.9738
-18.687
-19.3884
-20.0799
-20.7632
-21.44
-22.1118
-22.7801
-23.4464
-24.1119
-24.7779
-25.4455
-26.1157
-26.7894
-27.4672
-28.1498
-28.8374
-29.5301
-30.2277
-30.9297
-31.6351
-32.3429
-33.0516
-33.7594
-34.4645
-35.1649
-35.8584
-36.5432
-37.2175
-37.8797
-38.5285
-39.163
-39.7823
-40.386
-40.9737
-41.5454
-42.1011
-42.6408
-43.1651
-43.6743
-44.1691
-44.6498
-45.1171
-45.5713
-46.0131
-46.4428
-46.861
-47.2681
-47.6645
-48.0508
-48.4274
-48.7947
-49.1532
-49.5031
-49.845
-50.1792
-50.506
-50.8258
-51.1387
-51.4452
-51.7454
-52.0395
-52.3277
-52.6101
-52.8868
-53.158
-53.4238
-53.6841
-53.9391
-54.1889
-54.4334
-54.6727
-54.907
-55.1361
-55.3602
-55.5794
-55.7936
-56.003
-56.2075
-56.4073
-56.6024
-56.7928
-56.9786
-57.1599
-57.3367
-57.5091
-57.6771
-57.8408
-58.0004
-58.1557
-58.307
-58.4543
-58.5976
-58.7371
-58.8727
-59.0047
-59.133
-59.2577
-59.3789
-59.4968
-59.6112
-59.7224
-59.8304
-59.9353
-60.0372
-60.136
-60.232
-60.3251
-60.4154
-60.5031
-60.5881
-60.6705
-60.7504
-60.8278
-60.9029
-60.9756
-61.0461
-61.1143
-61.1803
-61.2443
-61.3061
-61.366
-61.4239
-61.4799
-61.5341
-61.5864
-61.637
-61.6859
-61.7331
-61.7786
-61.8226
-61.865
-61.906
-61.9455
-61.9835
-62.0202
-62.0555
-62.0895
-62.1223
-62.1538
-62.1841
-62.2133
-62.2413
-62.2682
-62.294
-62.3188
-62.3426
-62.3654
-62.3873
-62.4082
-62.4282
-62.4474
-62.4657
-62.4831
-62.4998
-62.5157
-62.5308
-62.5453
-62.5589
-62.5719
-62.5843
-62.5959
-62.607
-62.6174
-62.6272
-62.6365
-62.6451
-62.6533
-62.6609
-62.6679
-62.6745
-62.6806
-62.6862
-62.6913
-62.696
-62.7003
-62.7041
-62.7075
-62.7105
-62.7131
-62.7154
-62.7172
-62.7188
-62.7199
-62.7207
-62.7212
-62.7214
-62.7212
-62.7207
-62.72
-62.7189
-62.7176
-62.716
-62.7141
-62.7119
-62.7095
-62.7069
-62.704
-62.7008
-62.6975
-62.6939
-62.6901
-62.6861
-62.6819
-62.6774
-62.6728
-62.668
-62.663
-62.6578
-62.6524
-62.6469
-62.6412
-62.6353
-62.6292
-62.623
-62.6167
-62.6101
-62.6035
-62.5967
-62.5897
-62.5827
-62.5754
-62.5681
-62.5606
-62.553
-62.5453
-62.5374
-62.5295
-62.5214
-62.5132
-62.5049
-62.4965
-62.488
-62.4793
-62.4706
-62.4618
-62.4529
-62.4439
-62.4348
-62.4256
-62.4163
-62.4069
-62.3975
-62.388
-62.3784
-62.3687
-62.3589
-62.349
-62.3391
-62.3291
-62.3191
-62.3089
-62.2987
-62.2885
-62.2781
-62.2677
-62.2573
-62.2467
-62.2362
-62.2255
-62.2148
-62.204
-62.1932
-62.1824
-62.1714
-62.1605
-62.1494
-62.1384
-62.1272
-62.1161
-62.1048
-62.0936
-62.0823
-62.0709
-62.0595
-62.048
-62.0366
-62.025
-62.0135
-62.0019
-61.9902
-61.9785
-61.9668
-61.955
-61.9432
-61.9314
-61.9196
-61.9077
-61.8957
-61.8838
-61.8718
-61.8597
-61.8477
-61.8356
-61.8235
-61.8114
-61.7992
-61.787
-61.7748
-61.7625
-61.7502
-61.7379
-61.7256
-61.7133
-61.7009
-61.6885
-61.6761
-61.6636
-61.6512
-61.6387
-61.6262
-61.6136
-61.6011
-61.5885
-61.5759
-61.5633
-61.5507
-61.5381
-61.5254
-61.5127
-61.5001
-61.4874
-61.4746
-61.4619
-61.4491
-61.4364
-61.4236
-61.4108
-61.398
-61.3852
-61.3723
-61.3595
-61.3466
-61.3337
-61.3208
-61.3079
-61.295
-61.2821
-61.2692
-61.2562
-61.2433
-61.2303
-61.2174
-61.2044
-61.1914
-61.1784
-61.1654
-61.1524
-61.1393
-61.1263
-61.1133
-61.1002
-61.0872
-61.0741
-61.061
-61.048
-61.0349
-61.0218
-61.0087
-60.9956
-60.9825
-60.9694
-60.9563
-60.9432
-60.93
-60.9169
-60.9038
-60.8906
-60.8775
-60.8644
-60.8512
-60.8381
-60.8249
-60.8117
-60.7986
-60.7854
-60.7723
-60.7591
-60.7459
-60.7327
-60.7196
-60.7064
-60.6932
-60.68
-60.6669
-60.6537
-60.6405
-60.6273
-60.6141
-60.6009
-60.5878
-60.5746
-60.5614
-60.5482
-60.535
-60.5218
-60.5087
-60.4955
-60.4823
-60.4691
-60.4559
-60.4427
-60.4296
-60.4164
-60.4032
-60.39
-60.3769
-60.3637
-60.3505
-60.3373
-60.3242
-60.311
-60.2978
-60.2847
-60.2715
-60.2584
-60.2452
-60.232
-60.2189
-60.2057
-60.1926
-60.1795
-60.1663
-60.1532
-60.14
-60.1269
-60.1138
-60.1007
-60.0876
-60.0744
-60.0613
-60.0482
-60.0351
-60.022
-60.0089
-59.9958
-59.9827
-59.9696
-59.9566
-59.9435
-59.9304
-59.9173
-59.9043
-59.8912
-59.8782
-59.8651
-59.8521
-59.839
-59.826
-59.813
-59.7999
-59.7869
-59.7739
-59.7609
-59.7479
-59.7349
-59.7219
-59.7089
-59.6959
-59.6829
-59.67
-59.657
-59.644
-59.6311
-59.6181
-59.6052
-59.5923
-59.5793
-59.5664
-59.5535
-59.5406
-59.5277
-59.5148
-59.5019
-59.489
-59.4761
-59.4632
-59.4504
-59.4375
-59.4246
-59.4118
-59.3989
-59.3861
-59.3733
-59.3604
-59.3476
-59.3348
-59.322
-59.3092
-59.2964
-59.2836
-59.2709
-59.2581
-59.2453
-59.2326
-59.2198
-59.2071
-59.1944
-59.1816
-59.1689
-59.1562
-59.1435
-59.1308
-59.1181
-59.1054
-59.0927
-59.0801
-59.0674
-59.0548
-59.0421
-59.0295
-59.0169
-59.0042
-58.9916
-58.979
-58.9664
-58.9538
-58.9412
-58.9287
-58.9161
-58.9035
-58.891
-58.8784
-58.8659
-58.8534
-58.8409
-58.8283
-58.8158
-58.8033
-58.7909
-58.7784
-58.7659
-58.7534
-58.741
-58.7285
-58.7161
-58.7037
-58.6913
-58.6788
-58.6664
-58.654
-58.6416
-58.6293
-58.6169
-58.6045
-58.5922
-58.5798
-58.5675
-58.5552
-58.5428
-58.5305
-58.5182
-58.5059
-58.4937
-58.4814
-58.4691
-58.4569
-58.4446
-58.4324
-58.4201
-58.4079
-58.3957
-58.3835
-58.3713
-58.3591
-58.3469
-58.3347
-58.3226
-58.3104
-58.2983
-58.2861
-58.274
-58.2619
-58.2498
-58.2377
-58.2256
-58.2135
-58.2015
-58.1894
-58.1773
-58.1653
-58.1533
-58.1412
-58.1292
-58.1172
-58.1052
-58.0932
-58.0812
-58.0693
-58.0573
-58.0454
-58.0334
-58.0215
-58.0096
-57.9976
-57.9857
-57.9738
-57.9619
-57.9501
-57.9382
-57.9263
-57.9145
-57.9027
-57.8908
-57.879
-57.8672
-57.8554
-57.8436
-57.8318
-57.82
-57.8083
-57.7965
-57.7848
-57.773
-57.7613
-57.7496
-57.7379
-57.7262
-57.7145
-57.7028
-57.6912
-57.6795
-57.6679
-57.6562
-57.6446
-57.633
-57.6214
-57.6098
-57.5982
-57.5866
-57.575
-57.5635
-57.5519
-57.5404
-57.5288
-57.5173
-57.5058
-57.4943
-57.4828
-57.4713
-57.4598
-57.4484
-57.4369
-57.4255
-57.4141
-57.4026
-57.3912
-57.3798
-57.3684
-57.357
-57.3457
-57.3343
-57.3229
-57.3116
-57.3003
-57.2889
-57.2776
-57.2663
-57.255
-57.2437
-57.2325
-57.2212
-57.2099
-57.1987
-57.1875
-57.1762
-57.165
-57.1538
-57.1426
-57.1314
-57.1203
-57.1091
-57.0979
-57.0868
-57.0757
-57.0645
-57.0534
-57.0423
-57.0312
-57.0201
-57.0091
-56.998
-56.9869
-56.9759
-56.9649
-56.9538
-56.9428
-56.9318
-56.9208
-56.9098
-56.8989
-56.8879
-56.8769
-56.866
-56.8551
-56.8441
-56.8332
-56.8223
-56.8114
-56.8006
-56.7897
-56.7788
-56.768
-56.7571
-56.7463
-56.7355
-56.7247
-56.7139
-56.7031
-56.6923
-56.6815
-56.6708
-56.66
-56.6493
-56.6385
-56.6278
-56.6171
-56.6064
-56.5957
-56.585
-56.5744
-56.5637
-56.553
-56.5424
-56.5318
-56.5212
-56.5106
-56.5
-56.4894
-56.4788
-56.4682
-56.4577
-56.4471
-56.4366
-56.426
-56.4155
-56.405
-56.3945
-56.384
-56.3736
-56.3631
-56.3526
-56.3422
-56.3318
-56.3213
-56.3109
-56.3005
-56.2901
-56.2797
-56.2694
-56.259
-56.2486
-56.2383
-56.2279
-56.2176
-56.2073
-56.197
-56.1867
-56.1764
-56.1662
-56.1559
-56.1456
-56.1354
-56.1252
-56.1149
-56.1047
-56.0945
-56.0843
-56.0741
-56.064
-56.0538
-56.0437
-56.0335
-56.0234
-56.0133
-56.0031
-55.993
-55.9829
-55.9729
-55.9628
-55.9527
-55.9427
-55.9326
-55.9226
-55.9126
-55.9026
-55.8926
-55.8826
-55.8726
-55.8626
-55.8527
-55.8427
-55.8328
-55.8228
-55.8129
-55.803
-55.7931
-55.7832
-55.7733
-55.7635
-55.7536
-55.7437
-55.7339
-55.7241
-55.7142
-55.7044
-55.6946
-55.6848
-55.6751
-55.6653
-55.6555
-55.6458
-55.636
-55.6263
-55.6166
-55.6068
-55.5971
-55.5874
-55.5778
-55.5681
-55.5584
-55.5488
-55.5391
-55.5295
-55.5199
-55.5103
-55.5006
-55.4911
-55.4815
-55.4719
-55.4623
-55.4528
-55.4432
-55.4337
-55.4242
-55.4146
-55.4051
-55.3956
-55.3861
-55.3767
-55.3672
-55.3577
-55.3483
-55.3388
-55.3294
-55.32
-55.3106
-55.3012
-55.2918
-55.2824
-55.273
-55.2637
-55.2543
-55.245
-55.2356
-55.2263
-55.217
-55.2077
-55.1984
-55.1891
-55.1798
-55.1705
-55.1613
-55.152
-55.1428
-55.1336
-55.1243
-55.1151
-55.1059
-55.0967
-55.0876
-55.0784
-55.0692
-55.0601
-55.0509
-55.0418
-55.0327
-55.0235
-55.0144
-55.0053
-54.9962
-54.9872
-54.9781
-54.969
-54.96
-54.9509
-54.9419
-54.9329
-54.9238
-54.9148
-54.9058
-54.8968
-54.8879
-54.8789
-54.8699
-54.861
-54.852
-54.8431
-54.8342
-54.8253
-54.8164
-54.8075
-54.7986
-54.7897
-54.7808
-54.7719
-54.7631
-54.7542
-54.7454
-54.7366
-54.7278
-54.719
-54.7102
-54.7014
-54.6926
-54.6838
-54.675
-54.6663
-54.6575
-54.6488
-54.6401
-54.6314
-54.6226
-54.6139
-54.6052
-54.5966
-54.5879
-54.5792
-54.5705
-54.5619
-54.5533
-54.5446
-54.536
-54.5274
-54.5188
-54.5102
-54.5016
-54.493
-54.4844
-54.4758
-54.4673
-54.4587
-54.4502
-54.4417
-54.4331
-54.4246
-54.4161
-54.4076
-54.3991
-54.3906
-54.3822
-54.3737
-54.3653
-54.3568
-54.3484
-54.3399
-54.3315
-54.3231
-54.3147
-54.3063
-54.2979
-54.2895
-54.2811
-54.2728
-54.2644
-54.256
-54.2477
-54.2394
-54.231
-54.2227
-54.2144
-54.2061
-54.1978
-54.1895
-54.1812
-54.173
-54.1647
-54.1564
-54.1482
-54.14
-54.1317
-54.1235
-54.1153
-54.1071
-54.0989
-54.0907
-54.0825
-54.0743
-54.0661
-54.058
-54.0498
-54.0417
-54.0335
-54.0254
-54.0173
-54.0091
-54.001
-53.9929
-53.9848
-53.9767
-53.9687
-53.9606
-53.9525
-53.9445
-53.9364
-53.9284
-53.9203
-53.9123
-53.9043
-53.8962
-53.8882
-53.8802
-53.8722
-53.8642
-53.8563
-53.8483
-53.8403
-53.8324
-53.8244
-53.8165
-53.8085
-53.8006
-53.7927
-53.7847
-53.7768
-53.7689
-53.761
-53.7531
-53.7453
-53.7374
-53.7295
-53.7216
-53.7138
-53.7059
-53.6981
-53.6903
-53.6824
-53.6746
-53.6668
-53.659
-53.6512
-53.6434
-53.6356
-53.6278
-53.62
-53.6122
-53.6045
-53.5967
-53.589
-53.5812
-53.5735
-53.5657
-53.558
-53.5503
-53.5426
-53.5348
-53.5271
-53.5194
-53.5117
-53.5041
-53.4964
-53.4887
-53.481
-53.4734
-53.4657
-53.4581
-53.4504
-53.4428
-53.4351
-53.4275
-53.4199
-53.4123
-53.4047
-53.3971
-53.3895
-53.3819
-53.3743
-53.3667
-53.3591
-53.3515
-53.344
-53.3364
-53.3289
-53.3213
-53.3138
-53.3062
-53.2987
-53.2911
-53.2836
-53.2761
-53.2686
-53.2611
-53.2536
-53.2461
-53.2386
-53.2311
-53.2236
-53.2161
-53.2086
-53.2012
-53.1937
-53.1862
-53.1788
-53.1713
-53.1639
-53.1564
-53.149
-53.1416
-53.1341
-53.1267
-53.1193
-53.1119
-53.1045
-53.0971
-53.0897
-53.0823
-53.0749
-53.0675
-53.0601
-53.0527
-53.0453
-53.0379
-53.0306
-53.0232
-53.0158
-53.0085
-53.0011
-52.9938
-52.9864
-52.9791
-52.9718
-52.9644
-52.9571
-52.9498
-52.9424
-52.9351
-52.9278
-52.9205
-52.9132
-52.9059
-52.8985
-52.8912
-52.8839
-52.8767
-52.8694
-52.8621
-52.8548
-52.8475
-52.8402
-52.8329
-52.8257
-52.8184
-52.8111
-52.8039
-52.7966
-52.7893
-52.7821
-52.7748
-52.7676
-52.7603
-52.7531
-52.7458
-52.7386
-52.7313
-52.7241
-52.7169
-52.7096
-52.7024
-52.6952
-52.6879
-52.6807
-52.6735
-52.6663
-52.659
-52.6518
-52.6446
-52.6374
-52.6302
-52.6229
-52.6157
-52.6085
-52.6013
-52.5941
-52.5869
-52.5797
-52.5725
-52.5653
-52.5581
-52.5509
-52.5437
-52.5365
-52.5293
-52.5221
-52.5149
-52.5077
-52.5005
-52.4933
-52.4861
-52.4789
-52.4717
-52.4645
-52.4573
-52.4501
-52.4429
-52.4357
-52.4285
-52.4213
-52.4141
-52.4069
-52.3997
-52.3925
-52.3853
-52.3781
-52.3709
-52.3637
-52.3565
-52.3493
-52.3421
-52.3349
-52.3277
-52.3205
-52.3132
-52.306
-52.2988
-52.2916
-52.2844
-52.2772
-52.2699
-52.2627
-52.2555
-52.2483
-52.241
-52.2338
-52.2266
-52.2193
-52.2121
-52.2049
-52.1976
-52.1904
-52.1831
-52.1759
-52.1686
-52.1614
-52.1541
-52.1468
-52.1396
-52.1323
-52.125
-52.1177
-52.1105
-52.1032
-52.0959
-52.0886
-52.0813
-52.074
-52.0667
-52.0593
-52.052
-52.0447
-52.0374
-52.03
-52.0227
-52.0154
-52.008
-52.0007
-51.9933
-51.9859
-51.9786
-51.9712
-51.9638
-51.9564
-51.949
-51.9416
-51.9342
-51.9268
-51.9193
-51.9119
-51.9045
-51.897
-51.8896
-51.8821
-51.8746
-51.8672
-51.8597
-51.8522
-51.8447
-51.8372
-51.8296
-51.8221
-51.8146
-51.807
-51.7995
-51.7919
-51.7843
-51.7767
-51.7691
-51.7615
-51.7539
-51.7463
-51.7386
-51.731
-51.7233
-51.7157
-51.708
-51.7003
-51.6926
-51.6848
-51.6771
-51.6694
-51.6616
-51.6538
-51.646
-51.6382
-51.6304
-51.6226
-51.6148
-51.6069
-51.599
-51.5911
-51.5832
-51.5753
-51.5674
-51.5594
-51.5515
-51.5435
-51.5355
-51.5275
-51.5195
-51.5114
-51.5033
-51.4953
-51.4871
-51.479
-51.4709
-51.4627
-51.4545
-51.4463
-51.4381
-51.4299
-51.4216
-51.4133
-51.405
-51.3967
-51.3883
-51.38
-51.3716
-51.3632
-51.3547
-51.3462
-51.3377
-51.3292
-51.3207
-51.3121
-51.3035
-51.2949
-51.2863
-51.2776
-51.2689
-51.2601
-51.2514
-51.2426
-51.2338
-51.2249
-51.216
-51.2071
-51.1982
-51.1892
-51.1802
-51.1711
-51.162
-51.1529
-51.1438
-51.1346
-51.1254
-51.1161
-51.1068
-51.0975
-51.0881
-51.0787
-51.0692
-51.0597
-51.0502
-51.0406
-51.031
-51.0213
-51.0116
-51.0018
-50.992
-50.9822
-50.9723
-50.9623
-50.9523
-50.9423
-50.9322
-50.922
-50.9118
-50.9015
-50.8912
-50.8808
-50.8704
-50.8599
-50.8494
-50.8387
-50.8281
-50.8173
-50.8065
-50.7957
-50.7847
-50.7737
-50.7626
-50.7515
-50.7403
-50.729
-50.7176
-50.7062
-50.6946
-50.683
-50.6713
-50.6596
-50.6477
-50.6358
-50.6237
-50.6116
-50.5994
-50.5871
-50.5747
-50.5622
-50.5496
-50.5368
-50.524
-50.5111
-50.4981
-50.4849
-50.4717
-50.4583
-50.4448
-50.4312
-50.4174
-50.4035
-50.3895
-50.3753
-50.3611
-50.3466
-50.332
-50.3173
-50.3024
-50.2874
-50.2722
-50.2568
-50.2413
-50.2255
-50.2096
-50.1936
-50.1773
-50.1608
-50.1441
-50.1273
-50.1102
-50.0929
-50.0753
-50.0576
-50.0396
-50.0213
-50.0028
-49.9841
-49.965
-49.9457
-49.9261
-49.9062
-49.886
-49.8655
-49.8446
-49.8234
-49.8019
-49.7799
-49.7577
-49.735
-49.7119
-49.6884
-49.6644
-49.64
-49.6151
-49.5897
-49.5638
-49.5374
-49.5104
-49.4828
-49.4546
-49.4258
-49.3963
-49.3661
-49.3351
-49.3034
-49.2709
-49.2375
-49.2032
-49.1679
-49.1316
-49.0942
-49.0557
-49.016
-48.9749
-48.9325
-48.8886
-48.8431
-48.7958
-48.7467
-48.6955
-48.6421
-48.5862
-48.5277
-48.4662
-48.4014
-48.3328
-48.2601
-48.1825
-48.0993
-48.0096
-47.9121
-47.8052
-47.6866
-47.5534
-47.4009
-47.2229
-47.0099
-46.7481
-46.4208
-46.0149
-45.5314
-44.9865
-44.4024
-43.7978
-43.1847
-42.5694
-41.9545
-41.3404
-40.7263
-40.1105
-39.4906
-38.8638
-38.2266
-37.5749
-36.9041
-36.2083
-35.4809
-34.713
-33.894
-33.0099
-32.0425
-30.9677
-29.7524
-28.3505
-26.6955
-24.6891
-22.1814
-18.9383
-14.5883
-8.55743
-0.0821853
11.292
24.403
36.5647
45.6578
51.3735
54.5419
56.1425
56.8802
57.1662
57.2156
57.1348
56.9752
56.7612
56.5046
56.2108
55.8822
55.5195
55.1228
54.6916
54.2251
53.7227
53.1834
52.6063
51.9907
51.3358
50.641
49.906
49.1305
48.3145
47.4585
46.5634
45.6305
44.6623
43.6624
42.6365
41.5934
40.546
39.5099
38.4931
37.4866
36.4699
35.423
34.3339
33.1982
32.0163
30.7913
29.5272
28.2282
26.8985
25.5424
24.1635
22.7657
21.3525
19.9274
18.4938
17.0552
15.6148
14.1762
12.7427
11.3178
9.90511
8.50795
7.12977
5.77377
4.44291
3.13983
1.86678
0.625549
-0.582481
-1.75638
-2.89563
-4.00004
-5.06975
-6.10512
-7.1067
-8.07512
-9.01118
-9.91585
-10.7904
-11.6363
-12.4551
-13.2485
-14.0182
-14.7657
-15.4929
-16.2011
-16.892
-17.5669
-18.2274
-18.8747
-19.5103
-20.1354
-20.7512
-21.359
-21.9599
-22.5551
-23.1457
-23.7326
-24.3168
-24.8994
-25.4812
-26.063
-26.6455
-27.2293
-27.815
-28.4029
-28.9932
-29.586
-30.1811
-30.7782
-31.3768
-31.9762
-32.5755
-33.1737
-33.7696
-34.3621
-34.9499
-35.5318
-36.1068
-36.6737
-37.2318
-37.7803
-38.3185
-38.8461
-39.3627
-39.8681
-40.3622
-40.8451
-41.3167
-41.7773
-42.2271
-42.6662
-43.0951
-43.514
-43.9234
-44.3237
-44.7151
-45.0981
-45.4728
-45.8398
-46.1992
-46.5513
-46.8964
-47.2348
-47.5666
-47.8921
-48.2115
-48.5249
-48.8325
-49.1343
-49.4306
-49.7214
-50.0068
-50.2869
-50.5618
-50.8315
-51.0961
-51.3557
-51.6103
-51.86
-52.1048
-52.3448
-52.5801
-52.8107
-53.0367
-53.258
-53.4748
-53.6872
-53.8951
-54.0986
-54.2978
-54.4927
-54.6834
-54.8699
-55.0523
-55.2307
-55.405
-55.5754
-55.7418
-55.9044
-56.0633
-56.2183
-56.3697
-56.5175
-56.6617
-56.8024
-56.9396
-57.0734
-57.2038
-57.3309
-57.4548
-57.5755
-57.6931
-57.8076
-57.919
-58.0275
-58.1331
-58.2357
-58.3356
-58.4327
-58.5271
-58.6189
-58.708
-58.7946
-58.8787
-58.9604
-59.0396
-59.1166
-59.1912
-59.2636
-59.3338
-59.4018
-59.4678
-59.5317
-59.5937
-59.6536
-59.7117
-59.768
-59.8224
-59.8751
-59.926
-59.9753
-60.023
-60.0691
-60.1136
-60.1566
-60.1982
-60.2383
-60.2771
-60.3145
-60.3506
-60.3855
-60.4191
-60.4515
-60.4827
-60.5128
-60.5418
-60.5697
-60.5966
-60.6225
-60.6473
-60.6713
-60.6943
-60.7164
-60.7376
-60.758
-60.7776
-60.7964
-60.8144
-60.8316
-60.8482
-60.864
-60.8791
-60.8935
-60.9074
-60.9205
-60.9331
-60.9451
-60.9565
-60.9673
-60.9776
-60.9874
-60.9966
-61.0054
-61.0137
-61.0215
-61.0289
-61.0358
-61.0423
-61.0483
-61.054
-61.0593
-61.0642
-61.0687
-61.0729
-61.0767
-61.0801
-61.0833
-61.0861
-61.0886
-61.0908
-61.0927
-61.0943
-61.0957
-61.0967
-61.0975
-61.0981
-61.0984
-61.0984
-61.0982
-61.0978
-61.0971
-61.0963
-61.0952
-61.0939
-61.0924
-61.0907
-61.0889
-61.0868
-61.0845
-61.0821
-61.0795
-61.0767
-61.0738
-61.0707
-61.0675
-61.0641
-61.0605
-61.0568
-61.053
-61.049
-61.0449
-61.0406
-61.0362
-61.0317
-61.0271
-61.0224
-61.0175
-61.0125
-61.0074
-61.0022
-60.9969
-60.9915
-60.986
-60.9804
-60.9747
-60.9689
-60.963
-60.957
-60.9509
-60.9448
-60.9385
-60.9322
-60.9258
-60.9193
-60.9127
-60.9061
-60.8993
-60.8925
-60.8857
-60.8787
-60.8717
-60.8646
-60.8575
-60.8503
-60.843
-60.8357
-60.8283
-60.8208
-60.8133
-60.8058
-60.7981
-60.7905
-60.7827
-60.7749
-60.7671
-60.7592
-60.7513
-60.7433
-60.7353
-60.7272
-60.7191
-60.7109
-60.7027
-60.6944
-60.6861
-60.6778
-60.6694
-60.661
-60.6525
-60.644
-60.6355
-60.6269
-60.6183
-60.6097
-60.601
-60.5923
-60.5836
-60.5748
-60.566
-60.5571
-60.5483
-60.5394
-60.5304
-60.5215
-60.5125
-60.5035
-60.4944
-60.4854
-60.4763
-60.4671
-60.458
-60.4488
-60.4396
-60.4304
-60.4212
-60.4119
-60.4026
-60.3933
-60.384
-60.3746
-60.3652
-60.3559
-60.3464
-60.337
-60.3276
-60.3181
-60.3086
-60.2991
-60.2896
-60.28
-60.2705
-60.2609
-60.2513
-60.2417
-60.2321
-60.2225
-60.2128
-60.2032
-60.1935
-60.1838
-60.1741
-60.1644
-60.1547
-60.1449
-60.1352
-60.1254
-60.1156
-60.1058
-60.096
-60.0862
-60.0764
-60.0666
-60.0567
-60.0469
-60.037
-60.0272
-60.0173
-60.0074
-59.9975
-59.9876
-59.9777
-59.9678
-59.9579
-59.9479
-59.938
-59.928
-59.9181
-59.9081
-59.8982
-59.8882
-59.8782
-59.8682
-59.8582
-59.8482
-59.8382
-59.8282
-59.8182
-59.8082
-59.7982
-59.7882
-59.7781
-59.7681
-59.7581
-59.748
-59.738
-59.728
-59.7179
-59.7079
-59.6978
-59.6878
-59.6777
-59.6676
-59.6576
-59.6475
-59.6374
-59.6274
-59.6173
-59.6072
-59.5972
-59.5871
-59.577
-59.5669
-59.5569
-59.5468
-59.5367
-59.5266
-59.5165
-59.5065
-59.4964
-59.4863
-59.4762
-59.4661
-59.4561
-59.446
-59.4359
-59.4258
-59.4157
-59.4057
-59.3956
-59.3855
-59.3754
-59.3654
-59.3553
-59.3452
-59.3352
-59.3251
-59.315
-59.305
-59.2949
-59.2849
-59.2748
-59.2647
-59.2547
-59.2446
-59.2346
-59.2245
-59.2145
-59.2045
-59.1944
-59.1844
-59.1744
-59.1643
-59.1543
-59.1443
-59.1343
-59.1242
-59.1142
-59.1042
-59.0942
-59.0842
-59.0742
-59.0642
-59.0542
-59.0442
-59.0342
-59.0243
-59.0143
-59.0043
-58.9943
-58.9844
-58.9744
-58.9645
-58.9545
-58.9445
-58.9346
-58.9247
-58.9147
-58.9048
-58.8949
-58.8849
-58.875
-58.8651
-58.8552
-58.8453
-58.8354
-58.8255
-58.8156
-58.8057
-58.7958
-58.786
-58.7761
-58.7662
-58.7564
-58.7465
-58.7367
-58.7268
-58.717
-58.7071
-58.6973
-58.6875
-58.6777
-58.6679
-58.6581
-58.6483
-58.6385
-58.6287
-58.6189
-58.6091
-58.5993
-58.5896
-58.5798
-58.57
-58.5603
-58.5505
-58.5408
-58.5311
-58.5213
-58.5116
-58.5019
-58.4922
-58.4825
-58.4728
-58.4631
-58.4534
-58.4437
-58.4341
-58.4244
-58.4147
-58.4051
-58.3954
-58.3858
-58.3761
-58.3665
-58.3569
-58.3473
-58.3377
-58.328
-58.3184
-58.3089
-58.2993
-58.2897
-58.2801
-58.2705
-58.261
-58.2514
-58.2419
-58.2323
-58.2228
-58.2133
-58.2038
-58.1942
-58.1847
-58.1752
-58.1657
-58.1562
-58.1468
-58.1373
-58.1278
-58.1184
-58.1089
-58.0995
-58.09
-58.0806
-58.0711
-58.0617
-58.0523
-58.0429
-58.0335
-58.0241
-58.0147
-58.0053
-57.996
-57.9866
-57.9772
-57.9679
-57.9585
-57.9492
-57.9399
-57.9305
-57.9212
-57.9119
-57.9026
-57.8933
-57.884
-57.8747
-57.8654
-57.8562
-57.8469
-57.8376
-57.8284
-57.8191
-57.8099
-57.8007
-57.7914
-57.7822
-57.773
-57.7638
-57.7546
-57.7454
-57.7363
-57.7271
-57.7179
-57.7088
-57.6996
-57.6905
-57.6813
-57.6722
-57.6631
-57.6539
-57.6448
-57.6357
-57.6266
-57.6175
-57.6085
-57.5994
-57.5903
-57.5813
-57.5722
-57.5632
-57.5541
-57.5451
-57.5361
-57.527
-57.518
-57.509
-57.5
-57.491
-57.4821
-57.4731
-57.4641
-57.4551
-57.4462
-57.4372
-57.4283
-57.4194
-57.4104
-57.4015
-57.3926
-57.3837
-57.3748
-57.3659
-57.357
-57.3482
-57.3393
-57.3304
-57.3216
-57.3127
-57.3039
-57.295
-57.2862
-57.2774
-57.2686
-57.2598
-57.251
-57.2422
-57.2334
-57.2246
-57.2159
-57.2071
-57.1983
-57.1896
-57.1809
-57.1721
-57.1634
-57.1547
-57.146
-57.1373
-57.1286
-57.1199
-57.1112
-57.1025
-57.0938
-57.0852
-57.0765
-57.0679
-57.0592
-57.0506
-57.042
-57.0333
-57.0247
-57.0161
-57.0075
-56.9989
-56.9903
-56.9818
-56.9732
-56.9646
-56.9561
-56.9475
-56.939
-56.9305
-56.9219
-56.9134
-56.9049
-56.8964
-56.8879
-56.8794
-56.8709
-56.8624
-56.854
-56.8455
-56.837
-56.8286
-56.8201
-56.8117
-56.8033
-56.7949
-56.7864
-56.778
-56.7696
-56.7612
-56.7529
-56.7445
-56.7361
-56.7277
-56.7194
-56.711
-56.7027
-56.6943
-56.686
-56.6777
-56.6694
-56.6611
-56.6528
-56.6445
-56.6362
-56.6279
-56.6196
-56.6114
-56.6031
-56.5948
-56.5866
-56.5784
-56.5701
-56.5619
-56.5537
-56.5455
-56.5373
-56.5291
-56.5209
-56.5127
-56.5045
-56.4963
-56.4882
-56.48
-56.4719
-56.4637
-56.4556
-56.4475
-56.4394
-56.4312
-56.4231
-56.415
-56.4069
-56.3989
-56.3908
-56.3827
-56.3746
-56.3666
-56.3585
-56.3505
-56.3424
-56.3344
-56.3264
-56.3184
-56.3104
-56.3024
-56.2944
-56.2864
-56.2784
-56.2704
-56.2624
-56.2545
-56.2465
-56.2386
-56.2306
-56.2227
-56.2148
-56.2069
-56.1989
-56.191
-56.1831
-56.1752
-56.1673
-56.1595
-56.1516
-56.1437
-56.1359
-56.128
-56.1202
-56.1123
-56.1045
-56.0967
-56.0889
-56.081
-56.0732
-56.0654
-56.0576
-56.0499
-56.0421
-56.0343
-56.0265
-56.0188
-56.011
-56.0033
-55.9956
-55.9878
-55.9801
-55.9724
-55.9647
-55.957
-55.9493
-55.9416
-55.9339
-55.9262
-55.9186
-55.9109
-55.9032
-55.8956
-55.8879
-55.8803
-55.8727
-55.8651
-55.8574
-55.8498
-55.8422
-55.8346
-55.827
-55.8195
-55.8119
-55.8043
-55.7967
-55.7892
-55.7816
-55.7741
-55.7666
-55.759
-55.7515
-55.744
-55.7365
-55.729
-55.7215
-55.714
-55.7065
-55.699
-55.6916
-55.6841
-55.6766
-55.6692
-55.6617
-55.6543
-55.6469
-55.6394
-55.632
-55.6246
-55.6172
-55.6098
-55.6024
-55.595
-55.5877
-55.5803
-55.5729
-55.5656
-55.5582
-55.5509
-55.5435
-55.5362
-55.5289
-55.5215
-55.5142
-55.5069
-55.4996
-55.4923
-55.485
-55.4778
-55.4705
-55.4632
-55.456
-55.4487
-55.4415
-55.4342
-55.427
-55.4198
-55.4125
-55.4053
-55.3981
-55.3909
-55.3837
-55.3765
-55.3693
-55.3622
-55.355
-55.3478
-55.3407
-55.3335
-55.3264
-55.3192
-55.3121
-55.305
-55.2978
-55.2907
-55.2836
-55.2765
-55.2694
-55.2623
-55.2553
-55.2482
-55.2411
-55.2341
-55.227
-55.2199
-55.2129
-55.2059
-55.1988
-55.1918
-55.1848
-55.1778
-55.1708
-55.1638
-55.1568
-55.1498
-55.1428
-55.1358
-55.1289
-55.1219
-55.1149
-55.108
-55.1011
-55.0941
-55.0872
-55.0803
-55.0733
-55.0664
-55.0595
-55.0526
-55.0457
-55.0388
-55.032
-55.0251
-55.0182
-55.0114
-55.0045
-54.9977
-54.9908
-54.984
-54.9771
-54.9703
-54.9635
-54.9567
-54.9499
-54.9431
-54.9363
-54.9295
-54.9227
-54.9159
-54.9092
-54.9024
-54.8956
-54.8889
-54.8821
-54.8754
-54.8687
-54.8619
-54.8552
-54.8485
-54.8418
-54.8351
-54.8284
-54.8217
-54.815
-54.8083
-54.8017
-54.795
-54.7883
-54.7817
-54.775
-54.7684
-54.7618
-54.7551
-54.7485
-54.7419
-54.7353
-54.7287
-54.7221
-54.7155
-54.7089
-54.7023
-54.6957
-54.6892
-54.6826
-54.676
-54.6695
-54.6629
-54.6564
-54.6499
-54.6433
-54.6368
-54.6303
-54.6238
-54.6173
-54.6108
-54.6043
-54.5978
-54.5913
-54.5848
-54.5784
-54.5719
-54.5654
-54.559
-54.5525
-54.5461
-54.5397
-54.5332
-54.5268
-54.5204
-54.514
-54.5076
-54.5012
-54.4948
-54.4884
-54.482
-54.4756
-54.4692
-54.4629
-54.4565
-54.4502
-54.4438
-54.4375
-54.4311
-54.4248
-54.4185
-54.4122
-54.4058
-54.3995
-54.3932
-54.3869
-54.3806
-54.3744
-54.3681
-54.3618
-54.3555
-54.3493
-54.343
-54.3368
-54.3305
-54.3243
-54.318
-54.3118
-54.3056
-54.2994
-54.2932
-54.2869
-54.2807
-54.2746
-54.2684
-54.2622
-54.256
-54.2498
-54.2437
-54.2375
-54.2313
-54.2252
-54.219
-54.2129
-54.2068
-54.2006
-54.1945
-54.1884
-54.1823
-54.1762
-54.1701
-54.164
-54.1579
-54.1518
-54.1457
-54.1397
-54.1336
-54.1275
-54.1215
-54.1154
-54.1094
-54.1033
-54.0973
-54.0913
-54.0852
-54.0792
-54.0732
-54.0672
-54.0612
-54.0552
-54.0492
-54.0432
-54.0372
-54.0312
-54.0253
-54.0193
-54.0133
-54.0074
-54.0014
-53.9955
-53.9896
-53.9836
-53.9777
-53.9718
-53.9659
-53.9599
-53.954
-53.9481
-53.9422
-53.9363
-53.9305
-53.9246
-53.9187
-53.9128
-53.907
-53.9011
-53.8952
-53.8894
-53.8835
-53.8777
-53.8719
-53.866
-53.8602
-53.8544
-53.8486
-53.8428
-53.837
-53.8312
-53.8254
-53.8196
-53.8138
-53.808
-53.8023
-53.7965
-53.7907
-53.785
-53.7792
-53.7735
-53.7677
-53.762
-53.7563
-53.7505
-53.7448
-53.7391
-53.7334
-53.7277
-53.722
-53.7163
-53.7106
-53.7049
-53.6992
-53.6935
-53.6879
-53.6822
-53.6765
-53.6709
-53.6652
-53.6596
-53.6539
-53.6483
-53.6427
-53.637
-53.6314
-53.6258
-53.6202
-53.6146
-53.609
-53.6034
-53.5978
-53.5922
-53.5866
-53.581
-53.5754
-53.5699
-53.5643
-53.5588
-53.5532
-53.5476
-53.5421
-53.5366
-53.531
-53.5255
-53.52
-53.5144
-53.5089
-53.5034
-53.4979
-53.4924
-53.4869
-53.4814
-53.4759
-53.4704
-53.465
-53.4595
-53.454
-53.4485
-53.4431
-53.4376
-53.4322
-53.4267
-53.4213
-53.4159
-53.4104
-53.405
-53.3996
-53.3942
-53.3887
-53.3833
-53.3779
-53.3725
-53.3671
-53.3617
-53.3563
-53.351
-53.3456
-53.3402
-53.3348
-53.3295
-53.3241
-53.3188
-53.3134
-53.3081
-53.3027
-53.2974
-53.292
-53.2867
-53.2814
-53.2761
-53.2708
-53.2654
-53.2601
-53.2548
-53.2495
-53.2442
-53.239
-53.2337
-53.2284
-53.2231
-53.2178
-53.2126
-53.2073
-53.2021
-53.1968
-53.1916
-53.1863
-53.1811
-53.1758
-53.1706
-53.1654
-53.1601
-53.1549
-53.1497
-53.1445
-53.1393
-53.1341
-53.1289
-53.1237
-53.1185
-53.1133
-53.1081
-53.103
-53.0978
-53.0926
-53.0874
-53.0823
-53.0771
-53.072
-53.0668
-53.0617
-53.0565
-53.0514
-53.0463
-53.0411
-53.036
-53.0309
-53.0258
-53.0207
-53.0156
-53.0105
-53.0054
-53.0003
-52.9952
-52.9901
-52.985
-52.9799
-52.9748
-52.9698
-52.9647
-52.9596
-52.9546
-52.9495
-52.9445
-52.9394
-52.9344
-52.9293
-52.9243
-52.9193
-52.9142
-52.9092
-52.9042
-52.8992
-52.8941
-52.8891
-52.8841
-52.8791
-52.8741
-52.8691
-52.8641
-52.8592
-52.8542
-52.8492
-52.8442
-52.8392
-52.8343
-52.8293
-52.8244
-52.8194
-52.8144
-52.8095
-52.8045
-52.7996
-52.7947
-52.7897
-52.7848
-52.7799
-52.7749
-52.77
-52.7651
-52.7602
-52.7553
-52.7504
-52.7455
-52.7406
-52.7357
-52.7308
-52.7259
-52.721
-52.7161
-52.7113
-52.7064
-52.7015
-52.6967
-52.6918
-52.6869
-52.6821
-52.6772
-52.6724
-52.6675
-52.6627
-52.6578
-52.653
-52.6482
-52.6433
-52.6385
-52.6337
-52.6289
-52.6241
-52.6193
-52.6144
-52.6096
-52.6048
-52.6
-52.5952
-52.5905
-52.5857
-52.5809
-52.5761
-52.5713
-52.5665
-52.5618
-52.557
-52.5522
-52.5475
-52.5427
-52.538
-52.5332
-52.5285
-52.5237
-52.519
-52.5142
-52.5095
-52.5048
-52.5
-52.4953
-52.4906
-52.4859
-52.4811
-52.4764
-52.4717
-52.467
-52.4623
-52.4576
-52.4529
-52.4482
-52.4435
-52.4388
-52.4341
-52.4294
-52.4248
-52.4201
-52.4154
-52.4107
-52.4061
-52.4014
-52.3967
-52.3921
-52.3874
-52.3828
-52.3781
-52.3735
-52.3688
-52.3642
-52.3595
-52.3549
-52.3502
-52.3456
-52.341
-52.3364
-52.3317
-52.3271
-52.3225
-52.3179
-52.3133
-52.3087
-52.3041
-52.2994
-52.2948
-52.2902
-52.2857
-52.2811
-52.2765
-52.2719
-52.2673
-52.2627
-52.2581
-52.2536
-52.249
-52.2444
-52.2398
-52.2353
-52.2307
-52.2261
-52.2216
-52.217
-52.2125
-52.2079
-52.2034
-52.1988
-52.1943
-52.1897
-52.1852
-52.1807
-52.1761
-52.1716
-52.1671
-52.1625
-52.158
-52.1535
-52.149
-52.1445
-52.1399
-52.1354
-52.1309
-52.1264
-52.1219
-52.1174
-52.1129
-52.1084
-52.1039
-52.0994
-52.0949
-52.0904
-52.0859
-52.0815
-52.077
-52.0725
-52.068
-52.0635
-52.0591
-52.0546
-52.0501
-52.0457
-52.0412
-52.0367
-52.0323
-52.0278
-52.0233
-52.0189
-52.0144
-52.01
-52.0055
-52.0011
-51.9967
-51.9922
-51.9878
-51.9833
-51.9789
-51.9745
-51.97
-51.9656
-51.9612
-51.9567
-51.9523
-51.9479
-51.9435
-51.9391
-51.9346
-51.9302
-51.9258
-51.9214
-51.917
-51.9126
-51.9082
-51.9038
-51.8994
-51.895
-51.8906
-51.8862
-51.8818
-51.8774
-51.873
-51.8686
-51.8642
-51.8598
-51.8554
-51.851
-51.8467
-51.8423
-51.8379
-51.8335
-51.8291
-51.8248
-51.8204
-51.816
-51.8117
-51.8073
-51.8029
-51.7986
-51.7942
-51.7898
-51.7855
-51.7811
-51.7768
-51.7724
-51.768
-51.7637
-51.7593
-51.755
-51.7506
-51.7463
-51.7419
-51.7376
-51.7332
-51.7289
-51.7246
-51.7202
-51.7159
-51.7115
-51.7072
-51.7029
-51.6985
-51.6942
-51.6899
-51.6855
-51.6812
-51.6769
-51.6726
-51.6682
-51.6639
-51.6596
-51.6553
-51.6509
-51.6466
-51.6423
-51.638
-51.6337
-51.6293
-51.625
-51.6207
-51.6164
-51.6121
-51.6078
-51.6035
-51.5991
-51.5948
-51.5905
-51.5862
-51.5819
-51.5776
-51.5733
-51.569
-51.5647
-51.5604
-51.5561
-51.5518
-51.5475
-51.5432
-51.5389
-51.5346
-51.5303
-51.526
-51.5217
-51.5174
-51.5131
-51.5088
-51.5045
-51.5002
-51.4959
-51.4916
-51.4873
-51.483
-51.4787
-51.4744
-51.4702
-51.4659
-51.4616
-51.4573
-51.453
-51.4487
-51.4444
-51.4401
-51.4358
-51.4315
-51.4273
-51.423
-51.4187
-51.4144
-51.4101
-51.4058
-51.4015
-51.3972
-51.393
-51.3887
-51.3844
-51.3801
-51.3758
-51.3715
-51.3672
-51.3629
-51.3587
-51.3544
-51.3501
-51.3458
-51.3415
-51.3372
-51.3329
-51.3287
-51.3244
-51.3201
-51.3158
-51.3115
-51.3072
-51.3029
-51.2986
-51.2943
-51.2901
-51.2858
-51.2815
-51.2772
-51.2729
-51.2686
-51.2643
-51.26
-51.2557
-51.2514
-51.2471
-51.2428
-51.2385
-51.2342
-51.23
-51.2257
-51.2214
-51.2171
-51.2128
-51.2085
-51.2042
-51.1999
-51.1956
-51.1913
-51.1869
-51.1826
-51.1783
-51.174
-51.1697
-51.1654
-51.1611
-51.1568
-51.1525
-51.1482
-51.1439
-51.1395
-51.1352
-51.1309
-51.1266
-51.1223
-51.118
-51.1136
-51.1093
-51.105
-51.1007
-51.0963
-51.092
-51.0877
-51.0834
-51.079
-51.0747
-51.0704
-51.066
-51.0617
-51.0573
-51.053
-51.0487
-51.0443
-51.04
-51.0356
-51.0313
-51.0269
-51.0226
-51.0182
-51.0139
-51.0095
-51.0051
-51.0008
-50.9964
-50.992
-50.9877
-50.9833
-50.9789
-50.9746
-50.9702
-50.9658
-50.9614
-50.9571
-50.9527
-50.9483
-50.9439
-50.9395
-50.9351
-50.9307
-50.9263
-50.9219
-50.9175
-50.9131
-50.9087
-50.9043
-50.8999
-50.8955
-50.891
-50.8866
-50.8822
-50.8778
-50.8734
-50.8689
-50.8645
-50.86
-50.8556
-50.8512
-50.8467
-50.8423
-50.8378
-50.8334
-50.8289
-50.8244
-50.82
-50.8155
-50.811
-50.8066
-50.8021
-50.7976
-50.7931
-50.7886
-50.7842
-50.7797
-50.7752
-50.7707
-50.7662
-50.7616
-50.7571
-50.7526
-50.7481
-50.7436
-50.7391
-50.7345
-50.73
-50.7254
-50.7209
-50.7164
-50.7118
-50.7073
-50.7027
-50.6981
-50.6936
-50.689
-50.6844
-50.6798
-50.6752
-50.6707
-50.6661
-50.6615
-50.6569
-50.6523
-50.6476
-50.643
-50.6384
-50.6338
-50.6291
-50.6245
-50.6199
-50.6152
-50.6106
-50.6059
-50.6012
-50.5966
-50.5919
-50.5872
-50.5825
-50.5779
-50.5732
-50.5685
-50.5638
-50.559
-50.5543
-50.5496
-50.5449
-50.5401
-50.5354
-50.5307
-50.5259
-50.5212
-50.5164
-50.5116
-50.5068
-50.5021
-50.4973
-50.4925
-50.4877
-50.4829
-50.478
-50.4732
-50.4684
-50.4636
-50.4587
-50.4539
-50.449
-50.4441
-50.4393
-50.4344
-50.4295
-50.4246
-50.4197
-50.4148
-50.4099
-50.405
-50.4
-50.3951
-50.3902
-50.3852
-50.3802
-50.3753
-50.3703
-50.3653
-50.3603
-50.3553
-50.3503
-50.3453
-50.3403
-50.3352
-50.3302
-50.3251
-50.3201
-50.315
-50.3099
-50.3048
-50.2997
-50.2946
-50.2895
-50.2844
-50.2792
-50.2741
-50.2689
-50.2637
-50.2586
-50.2534
-50.2482
-50.243
-50.2378
-50.2325
-50.2273
-50.222
-50.2168
-50.2115
-50.2062
-50.2009
-50.1956
-50.1903
-50.185
-50.1797
-50.1743
-50.1689
-50.1636
-50.1582
-50.1528
-50.1474

